0.0000	0.0261	0.0000	0.0000
0.0010	0.0268	0.0000	0.0000
0.0020	0.0275	0.0000	0.0000
0.0030	0.0282	0.0000	0.0000
0.0040	0.0290	0.0000	0.0000
0.0050	0.0297	0.0000	0.0000
0.0060	0.0304	0.0000	0.0000
0.0070	0.0312	0.0000	0.0000
0.0080	0.0319	0.0000	0.0000
0.0090	0.0326	0.0000	0.0000
0.0100	0.0333	0.0000	0.0000
0.0110	0.0341	0.0000	0.0000
0.0120	0.0348	0.0000	0.0000
0.0130	0.0355	0.0000	0.0000
0.0140	0.0362	0.0000	0.0000
0.0150	0.0370	0.0000	0.0000
0.0160	0.0377	0.0000	0.0000
0.0170	0.0384	0.0000	0.0000
0.0180	0.0392	0.0000	0.0000
0.0190	0.0399	0.0000	0.0000
0.0200	0.0406	0.0000	0.0000
0.0210	0.0413	0.0000	0.0000
0.0220	0.0421	0.0000	0.0000
0.0230	0.0428	0.0000	0.0000
0.0240	0.0435	0.0000	0.0000
0.0250	0.0443	0.0000	0.0000
0.0260	0.0450	0.0000	0.0000
0.0270	0.0457	0.0000	0.0000
0.0280	0.0465	0.0000	0.0000
0.0290	0.0472	0.0000	0.0000
0.0300	0.0479	0.0000	0.0000
0.0310	0.0487	0.0000	0.0000
0.0320	0.0494	0.0000	0.0000
0.0330	0.0501	0.0000	0.0000
0.0340	0.0509	0.0000	0.0000
0.0350	0.0516	0.0000	0.0000
0.0360	0.0523	0.0000	0.0000
0.0370	0.0531	0.0000	0.0000
0.0380	0.0538	0.0000	0.0000
0.0390	0.0545	0.0000	0.0000
0.0400	0.0553	0.0000	0.0000
0.0410	0.0560	0.0000	0.0000
0.0420	0.0568	0.0000	0.0000
0.0430	0.0575	0.0000	0.0000
0.0440	0.0582	0.0000	0.0000
0.0450	0.0590	0.0000	0.0000
0.0460	0.0597	0.0000	0.0000
0.0470	0.0604	0.0000	0.0000
0.0480	0.0612	0.0000	0.0000
0.0490	0.0619	0.0000	0.0000
0.0501	0.0627	0.0000	0.0000
0.0511	0.0634	0.0000	0.0000
0.0521	0.0641	0.0000	0.0000
0.0531	0.0649	0.0000	0.0000
0.0541	0.0656	0.0000	0.0000
0.0551	0.0664	0.0000	0.0000
0.0561	0.0671	0.0000	0.0000
0.0571	0.0679	0.0000	0.0000
0.0581	0.0686	0.0000	0.0000
0.0591	0.0693	0.0000	0.0000
0.0601	0.0701	0.0000	0.0000
0.0611	0.0708	0.0000	0.0000
0.0621	0.0716	0.0000	0.0000
0.0631	0.0723	0.0000	0.0000
0.0641	0.0731	0.0000	0.0000
0.0651	0.0738	0.0000	0.0000
0.0661	0.0746	0.0000	0.0000
0.0671	0.0753	0.0000	0.0000
0.0681	0.0761	0.0000	0.0000
0.0691	0.0768	0.0000	0.0000
0.0701	0.0776	0.0000	0.0000
0.0711	0.0783	0.0000	0.0000
0.0721	0.0790	0.0000	0.0000
0.0731	0.0798	0.0000	0.0000
0.0741	0.0805	0.0000	0.0000
0.0751	0.0813	0.0000	0.0000
0.0761	0.0821	0.0000	0.0000
0.0771	0.0828	0.0000	0.0000
0.0781	0.0836	0.0000	0.0000
0.0791	0.0843	0.0000	0.0000
0.0801	0.0851	0.0000	0.0000
0.0811	0.0858	0.0000	0.0000
0.0821	0.0866	0.0000	0.0000
0.0831	0.0873	0.0000	0.0000
0.0841	0.0881	0.0000	0.0000
0.0851	0.0888	0.0000	0.0000
0.0861	0.0896	0.0000	0.0000
0.0871	0.0904	0.0000	0.0000
0.0881	0.0911	0.0000	0.0000
0.0891	0.0919	0.0000	0.0000
0.0901	0.0926	0.0000	0.0000
0.0911	0.0934	0.0000	0.0000
0.0921	0.0941	0.0000	0.0000
0.0931	0.0949	0.0000	0.0000
0.0941	0.0957	0.0000	0.0000
0.0951	0.0964	0.0000	0.0000
0.0961	0.0972	0.0000	0.0000
0.0971	0.0980	0.0000	0.0000
0.0981	0.0987	0.0000	0.0000
0.0991	0.0995	0.0000	0.0000
0.1001	0.1002	0.0000	0.0000
0.1011	0.1010	0.0000	0.0000
0.1021	0.1018	0.0000	0.0000
0.1031	0.1025	0.0000	0.0000
0.1041	0.1033	0.0000	0.0000
0.1051	0.1041	0.0000	0.0000
0.1061	0.1048	0.0000	0.0000
0.1071	0.1056	0.0000	0.0000
0.1081	0.1064	0.0000	0.0000
0.1091	0.1071	0.0000	0.0000
0.1101	0.1079	0.0000	0.0000
0.1111	0.1087	0.0000	0.0000
0.1121	0.1095	0.0000	0.0000
0.1131	0.1102	0.0000	0.0000
0.1141	0.1110	0.0000	0.0000
0.1151	0.1118	0.0000	0.0000
0.1161	0.1125	0.0000	0.0000
0.1171	0.1133	0.0000	0.0000
0.1181	0.1141	0.0000	0.0000
0.1191	0.1149	0.0000	0.0000
0.1201	0.1156	0.0000	0.0000
0.1211	0.1164	0.0000	0.0000
0.1221	0.1172	0.0000	0.0000
0.1231	0.1180	0.0000	0.0000
0.1241	0.1187	0.0000	0.0000
0.1251	0.1195	0.0000	0.0000
0.1261	0.1203	0.0000	0.0000
0.1271	0.1211	0.0000	0.0000
0.1281	0.1219	0.0000	0.0000
0.1291	0.1226	0.0000	0.0000
0.1301	0.1234	0.0000	0.0000
0.1311	0.1242	0.0000	0.0000
0.1321	0.1250	0.0000	0.0000
0.1331	0.1258	0.0000	0.0000
0.1341	0.1266	0.0000	0.0000
0.1351	0.1274	0.0000	0.0000
0.1361	0.1281	0.0000	0.0000
0.1371	0.1289	0.0000	0.0000
0.1381	0.1297	0.0000	0.0000
0.1391	0.1305	0.0000	0.0000
0.1401	0.1313	0.0000	0.0000
0.1411	0.1321	0.0000	0.0000
0.1421	0.1329	0.0000	0.0000
0.1431	0.1337	0.0000	0.0000
0.1441	0.1344	0.0000	0.0000
0.1451	0.1352	0.0000	0.0000
0.1461	0.1360	0.0000	0.0000
0.1471	0.1368	0.0000	0.0000
0.1481	0.1376	0.0000	0.0000
0.1491	0.1384	0.0000	0.0000
0.1502	0.1392	0.0000	0.0000
0.1512	0.1400	0.0000	0.0000
0.1522	0.1408	0.0000	0.0000
0.1532	0.1416	0.0000	0.0000
0.1542	0.1424	0.0000	0.0000
0.1552	0.1432	0.0000	0.0000
0.1562	0.1440	0.0000	0.0000
0.1572	0.1448	0.0000	0.0000
0.1582	0.1456	0.0000	0.0000
0.1592	0.1464	0.0000	0.0000
0.1602	0.1472	0.0000	0.0000
0.1612	0.1480	0.0000	0.0000
0.1622	0.1488	0.0000	0.0000
0.1632	0.1496	0.0000	0.0000
0.1642	0.1504	0.0000	0.0000
0.1652	0.1512	0.0000	0.0000
0.1662	0.1520	0.0000	0.0000
0.1672	0.1529	0.0000	0.0000
0.1682	0.1537	0.0000	0.0000
0.1692	0.1545	0.0000	0.0000
0.1702	0.1553	0.0000	0.0000
0.1712	0.1561	0.0000	0.0000
0.1722	0.1569	0.0000	0.0000
0.1732	0.1577	0.0000	0.0000
0.1742	0.1585	0.0000	0.0000
0.1752	0.1593	0.0000	0.0000
0.1762	0.1602	0.0000	0.0000
0.1772	0.1610	0.0000	0.0000
0.1782	0.1618	0.0000	0.0000
0.1792	0.1626	0.0000	0.0000
0.1802	0.1634	0.0000	0.0000
0.1812	0.1643	0.0000	0.0000
0.1822	0.1651	0.0000	0.0000
0.1832	0.1659	0.0000	0.0000
0.1842	0.1667	0.0000	0.0000
0.1852	0.1675	0.0000	0.0000
0.1862	0.1684	0.0000	0.0000
0.1872	0.1692	0.0000	0.0000
0.1882	0.1700	0.0000	0.0000
0.1892	0.1708	0.0000	0.0000
0.1902	0.1717	0.0000	0.0000
0.1912	0.1725	0.0000	0.0000
0.1922	0.1733	0.0000	0.0000
0.1932	0.1742	0.0000	0.0000
0.1942	0.1750	0.0000	0.0000
0.1952	0.1758	0.0000	0.0000
0.1962	0.1766	0.0000	0.0000
0.1972	0.1775	0.0000	0.0000
0.1982	0.1783	0.0000	0.0000
0.1992	0.1791	0.0000	0.0000
0.2002	0.1800	0.0000	0.0000
0.2012	0.1808	0.0000	0.0000
0.2022	0.1817	0.0000	0.0000
0.2032	0.1825	0.0000	0.0000
0.2042	0.1833	0.0000	0.0000
0.2052	0.1842	0.0000	0.0000
0.2062	0.1850	0.0000	0.0000
0.2072	0.1859	0.0000	0.0000
0.2082	0.1867	0.0000	0.0000
0.2092	0.1876	0.0000	0.0000
0.2102	0.1884	0.0000	0.0000
0.2112	0.1892	0.0000	0.0000
0.2122	0.1901	0.0000	0.0000
0.2132	0.1909	0.0000	0.0000
0.2142	0.1918	0.0000	0.0000
0.2152	0.1926	0.0000	0.0000
0.2162	0.1935	0.0000	0.0000
0.2172	0.1943	0.0000	0.0000
0.2182	0.1952	0.0000	0.0000
0.2192	0.1960	0.0000	0.0000
0.2202	0.1969	0.0000	0.0000
0.2212	0.1978	0.0000	0.0000
0.2222	0.1986	0.0000	0.0000
0.2232	0.1995	0.0000	0.0000
0.2242	0.2003	0.0000	0.0000
0.2252	0.2012	0.0000	0.0000
0.2262	0.2021	0.0000	0.0000
0.2272	0.2029	0.0000	0.0000
0.2282	0.2038	0.0000	0.0000
0.2292	0.2046	0.0000	0.0000
0.2302	0.2055	0.0000	0.0000
0.2312	0.2064	0.0000	0.0000
0.2322	0.2072	0.0000	0.0000
0.2332	0.2081	0.0000	0.0000
0.2342	0.2090	0.0000	0.0000
0.2352	0.2099	0.0000	0.0000
0.2362	0.2107	0.0000	0.0000
0.2372	0.2116	0.0000	0.0000
0.2382	0.2125	0.0000	0.0000
0.2392	0.2133	0.0000	0.0000
0.2402	0.2142	0.0000	0.0000
0.2412	0.2151	0.0000	0.0000
0.2422	0.2160	0.0000	0.0000
0.2432	0.2169	0.0000	0.0000
0.2442	0.2177	0.0000	0.0000
0.2452	0.2186	0.0000	0.0000
0.2462	0.2195	0.0000	0.0000
0.2472	0.2204	0.0000	0.0000
0.2482	0.2213	0.0000	0.0000
0.2492	0.2222	0.0000	0.0000
0.2503	0.2230	0.0000	0.0000
0.2513	0.2239	0.0000	0.0000
0.2523	0.2248	0.0000	0.0000
0.2533	0.2257	0.0000	0.0000
0.2543	0.2266	0.0000	0.0000
0.2553	0.2275	0.0000	0.0000
0.2563	0.2284	0.0000	0.0000
0.2573	0.2293	0.0000	0.0000
0.2583	0.2302	0.0000	0.0000
0.2593	0.2311	0.0000	0.0000
0.2603	0.2320	0.0000	0.0000
0.2613	0.2329	0.0000	0.0000
0.2623	0.2338	0.0000	0.0000
0.2633	0.2347	0.0000	0.0000
0.2643	0.2356	0.0000	0.0000
0.2653	0.2365	0.0000	0.0000
0.2663	0.2374	0.0000	0.0000
0.2673	0.2383	0.0000	0.0000
0.2683	0.2392	0.0000	0.0000
0.2693	0.2401	0.0000	0.0000
0.2703	0.2410	0.0000	0.0000
0.2713	0.2419	0.0000	0.0000
0.2723	0.2429	0.0000	0.0000
0.2733	0.2438	0.0000	0.0000
0.2743	0.2447	0.0000	0.0000
0.2753	0.2456	0.0000	0.0000
0.2763	0.2465	0.0000	0.0000
0.2773	0.2474	0.0000	0.0000
0.2783	0.2484	0.0000	0.0000
0.2793	0.2493	0.0000	0.0000
0.2803	0.2502	0.0000	0.0000
0.2813	0.2511	0.0000	0.0000
0.2823	0.2521	0.0000	0.0000
0.2833	0.2530	0.0000	0.0000
0.2843	0.2539	0.0000	0.0000
0.2853	0.2549	0.0000	0.0000
0.2863	0.2558	0.0000	0.0000
0.2873	0.2567	0.0000	0.0000
0.2883	0.2577	0.0000	0.0000
0.2893	0.2586	0.0000	0.0000
0.2903	0.2595	0.0000	0.0000
0.2913	0.2605	0.0000	0.0000
0.2923	0.2614	0.0000	0.0000
0.2933	0.2623	0.0000	0.0000
0.2943	0.2633	0.0000	0.0000
0.2953	0.2642	0.0000	0.0000
0.2963	0.2652	0.0000	0.0000
0.2973	0.2661	0.0000	0.0000
0.2983	0.2671	0.0000	0.0000
0.2993	0.2680	0.0000	0.0000
0.3003	0.2690	0.0000	0.0000
0.3013	0.2699	0.0000	0.0000
0.3023	0.2709	0.0000	0.0000
0.3033	0.2718	0.0000	0.0000
0.3043	0.2728	0.0000	0.0000
0.3053	0.2738	0.0000	0.0000
0.3063	0.2747	0.0000	0.0000
0.3073	0.2757	0.0000	0.0000
0.3083	0.2766	0.0000	0.0000
0.3093	0.2776	0.0000	0.0000
0.3103	0.2786	0.0000	0.0000
0.3113	0.2795	0.0000	0.0000
0.3123	0.2805	0.0000	0.0000
0.3133	0.2815	0.0000	0.0000
0.3143	0.2825	0.0000	0.0000
0.3153	0.2834	0.0000	0.0000
0.3163	0.2844	0.0000	0.0000
0.3173	0.2854	0.0000	0.0000
0.3183	0.2864	0.0000	0.0000
0.3193	0.2873	0.0000	0.0000
0.3203	0.2883	0.0000	0.0000
0.3213	0.2893	0.0000	0.0000
0.3223	0.2903	0.0000	0.0000
0.3233	0.2913	0.0000	0.0000
0.3243	0.2923	0.0000	0.0000
0.3253	0.2933	0.0000	0.0000
0.3263	0.2943	0.0000	0.0000
0.3273	0.2952	0.0000	0.0000
0.3283	0.2962	0.0000	0.0000
0.3293	0.2972	0.0000	0.0000
0.3303	0.2982	0.0000	0.0000
0.3313	0.2992	0.0000	0.0000
0.3323	0.3002	0.0000	0.0000
0.3333	0.3012	0.0000	0.0000
0.3343	0.3022	0.0000	0.0000
0.3353	0.3032	0.0000	0.0000
0.3363	0.3043	0.0000	0.0000
0.3373	0.3053	0.0000	0.0000
0.3383	0.3063	0.0000	0.0000
0.3393	0.3073	0.0000	0.0000
0.3403	0.3083	0.0000	0.0000
0.3413	0.3093	0.0000	0.0000
0.3423	0.3103	0.0000	0.0000
0.3433	0.3114	0.0000	0.0000
0.3443	0.3124	0.0000	0.0000
0.3453	0.3134	0.0000	0.0000
0.3463	0.3144	0.0000	0.0000
0.3473	0.3155	0.0000	0.0000
0.3483	0.3165	0.0000	0.0000
0.3493	0.3175	0.0000	0.0000
0.3504	0.3186	0.0000	0.0000
0.3514	0.3196	0.0000	0.0000
0.3524	0.3206	0.0000	0.0000
0.3534	0.3217	0.0000	0.0000
0.3544	0.3227	0.0000	0.0000
0.3554	0.3238	0.0000	0.0000
0.3564	0.3248	0.0000	0.0000
0.3574	0.3258	0.0000	0.0000
0.3584	0.3269	0.0000	0.0000
0.3594	0.3279	0.0000	0.0000
0.3604	0.3290	0.0000	0.0000
0.3614	0.3301	0.0000	0.0000
0.3624	0.3311	0.0000	0.0000
0.3634	0.3322	0.0000	0.0000
0.3644	0.3332	0.0000	0.0000
0.3654	0.3343	0.0000	0.0000
0.3664	0.3354	0.0000	0.0000
0.3674	0.3364	0.0000	0.0000
0.3684	0.3375	0.0000	0.0000
0.3694	0.3386	0.0000	0.0000
0.3704	0.3396	0.0000	0.0000
0.3714	0.3407	0.0000	0.0000
0.3724	0.3418	0.0000	0.0000
0.3734	0.3429	0.0000	0.0000
0.3744	0.3439	0.0000	0.0000
0.3754	0.3450	0.0000	0.0000
0.3764	0.3461	0.0000	0.0000
0.3774	0.3472	0.0000	0.0000
0.3784	0.3483	0.0000	0.0000
0.3794	0.3494	0.0000	0.0000
0.3804	0.3505	0.0000	0.0000
0.3814	0.3516	0.0000	0.0000
0.3824	0.3527	0.0000	0.0000
0.3834	0.3538	0.0000	0.0000
0.3844	0.3549	0.0000	0.0000
0.3854	0.3560	0.0000	0.0000
0.3864	0.3571	0.0000	0.0000
0.3874	0.3582	0.0000	0.0000
0.3884	0.3593	0.0000	0.0000
0.3894	0.3604	0.0000	0.0000
0.3904	0.3615	0.0000	0.0000
0.3914	0.3626	0.0000	0.0000
0.3924	0.3638	0.0000	0.0000
0.3934	0.3649	0.0000	0.0000
0.3944	0.3660	0.0000	0.0000
0.3954	0.3671	0.0000	0.0000
0.3964	0.3683	0.0000	0.0000
0.3974	0.3694	0.0000	0.0000
0.3984	0.3705	0.0000	0.0000
0.3994	0.3717	0.0000	0.0000
0.4004	0.3728	0.0000	0.0000
0.4014	0.3739	0.0000	0.0000
0.4024	0.3751	0.0000	0.0000
0.4034	0.3762	0.0000	0.0000
0.4044	0.3774	0.0000	0.0000
0.4054	0.3785	0.0000	0.0000
0.4064	0.3797	0.0000	0.0000
0.4074	0.3808	0.0000	0.0000
0.4084	0.3820	0.0000	0.0000
0.4094	0.3832	0.0000	0.0000
0.4104	0.3843	0.0000	0.0000
0.4114	0.3855	0.0000	0.0000
0.4124	0.3867	0.0000	0.0000
0.4134	0.3878	0.0000	0.0000
0.4144	0.3890	0.0000	0.0000
0.4154	0.3902	0.0000	0.0000
0.4164	0.3914	0.0000	0.0000
0.4174	0.3925	0.0000	0.0000
0.4184	0.3937	0.0000	0.0000
0.4194	0.3949	0.0000	0.0000
0.4204	0.3961	0.0000	0.0000
0.4214	0.3973	0.0000	0.0000
0.4224	0.3985	0.0000	0.0000
0.4234	0.3997	0.0000	0.0000
0.4244	0.4009	0.0000	0.0000
0.4254	0.4021	0.0000	0.0000
0.4264	0.4033	0.0000	0.0000
0.4274	0.4045	0.0000	0.0000
0.4284	0.4057	0.0000	0.0000
0.4294	0.4069	0.0000	0.0000
0.4304	0.4081	0.0000	0.0000
0.4314	0.4094	0.0000	0.0000
0.4324	0.4106	0.0000	0.0000
0.4334	0.4118	0.0000	0.0000
0.4344	0.4130	0.0000	0.0000
0.4354	0.4143	0.0000	0.0000
0.4364	0.4155	0.0000	0.0000
0.4374	0.4167	0.0000	0.0000
0.4384	0.4180	0.0000	0.0000
0.4394	0.4192	0.0000	0.0000
0.4404	0.4205	0.0000	0.0000
0.4414	0.4217	0.0000	0.0000
0.4424	0.4230	0.0000	0.0000
0.4434	0.4242	0.0000	0.0000
0.4444	0.4255	0.0000	0.0000
0.4454	0.4267	0.0000	0.0000
0.4464	0.4280	0.0000	0.0000
0.4474	0.4293	0.0000	0.0000
0.4484	0.4305	0.0000	0.0000
0.4494	0.4318	0.0000	0.0000
0.4505	0.4331	0.0000	0.0000
0.4515	0.4344	0.0000	0.0000
0.4525	0.4356	0.0000	0.0000
0.4535	0.4369	0.0000	0.0000
0.4545	0.4382	0.0000	0.0000
0.4555	0.4395	0.0000	0.0000
0.4565	0.4408	0.0000	0.0000
0.4575	0.4421	0.0000	0.0000
0.4585	0.4434	0.0000	0.0000
0.4595	0.4447	0.0000	0.0000
0.4605	0.4460	0.0000	0.0000
0.4615	0.4473	0.0000	0.0000
0.4625	0.4486	0.0000	0.0000
0.4635	0.4500	0.0000	0.0000
0.4645	0.4513	0.0000	0.0000
0.4655	0.4526	0.0000	0.0000
0.4665	0.4539	0.0000	0.0000
0.4675	0.4553	0.0000	0.0000
0.4685	0.4566	0.0000	0.0000
0.4695	0.4579	0.0000	0.0000
0.4705	0.4593	0.0000	0.0000
0.4715	0.4606	0.0000	0.0000
0.4725	0.4620	0.0000	0.0000
0.4735	0.4633	0.0000	0.0000
0.4745	0.4647	0.0000	0.0000
0.4755	0.4661	0.0000	0.0000
0.4765	0.4674	0.0000	0.0000
0.4775	0.4688	0.0000	0.0000
0.4785	0.4702	0.0000	0.0000
0.4795	0.4715	0.0000	0.0000
0.4805	0.4729	0.0000	0.0000
0.4815	0.4743	0.0000	0.0000
0.4825	0.4757	0.0000	0.0000
0.4835	0.4771	0.0000	0.0000
0.4845	0.4785	0.0000	0.0000
0.4855	0.4799	0.0000	0.0000
0.4865	0.4813	0.0000	0.0000
0.4875	0.4827	0.0000	0.0000
0.4885	0.4841	0.0000	0.0000
0.4895	0.4855	0.0000	0.0000
0.4905	0.4869	0.0000	0.0000
0.4915	0.4883	0.0000	0.0000
0.4925	0.4898	0.0000	0.0000
0.4935	0.4912	0.0000	0.0000
0.4945	0.4926	0.0000	0.0000
0.4955	0.4941	0.0000	0.0000
0.4965	0.4955	0.0000	0.0000
0.4975	0.4970	0.0000	0.0000
0.4985	0.4984	0.0000	0.0000
0.4995	0.4999	0.0000	0.0000
0.5005	0.5017	0.0000	0.0000
0.5015	0.5040	0.0000	0.0000
0.5025	0.5062	0.0000	0.0000
0.5035	0.5084	0.0000	0.0000
0.5045	0.5106	0.0000	0.0000
0.5055	0.5128	0.0000	0.0000
0.5065	0.5150	0.0000	0.0000
0.5075	0.5172	0.0000	0.0000
0.5085	0.5194	0.0000	0.0000
0.5095	0.5215	0.0000	0.0000
0.5105	0.5237	0.0000	0.0000
0.5115	0.5258	0.0000	0.0000
0.5125	0.5279	0.0000	0.0000
0.5135	0.5301	0.0000	0.0000
0.5145	0.5322	0.0000	0.0000
0.5155	0.5343	0.0000	0.0000
0.5165	0.5364	0.0000	0.0000
0.5175	0.5384	0.0000	0.0000
0.5185	0.5405	0.0000	0.0000
0.5195	0.5426	0.0000	0.0000
0.5205	0.5446	0.0000	0.0000
0.5215	0.5467	0.0000	0.0000
0.5225	0.5487	0.0000	0.0000
0.5235	0.5507	0.0000	0.0000
0.5245	0.5528	0.0000	0.0000
0.5255	0.5548	0.0000	0.0000
0.5265	0.5568	0.0000	0.0000
0.5275	0.5587	0.0000	0.0000
0.5285	0.5607	0.0000	0.0000
0.5295	0.5627	0.0000	0.0000
0.5305	0.5647	0.0000	0.0000
0.5315	0.5666	0.0000	0.0000
0.5325	0.5686	0.0000	0.0000
0.5335	0.5705	0.0000	0.0000
0.5345	0.5724	0.0000	0.0000
0.5355	0.5743	0.0000	0.0000
0.5365	0.5762	0.0000	0.0000
0.5375	0.5781	0.0000	0.0000
0.5385	0.5800	0.0000	0.0000
0.5395	0.5819	0.0000	0.0000
0.5405	0.5838	0.0000	0.0000
0.5415	0.5857	0.0000	0.0000
0.5425	0.5875	0.0000	0.0000
0.5435	0.5894	0.0000	0.0000
0.5445	0.5912	0.0000	0.0000
0.5455	0.5930	0.0000	0.0000
0.5465	0.5949	0.0000	0.0000
0.5475	0.5967	0.0000	0.0000
0.5485	0.5985	0.0000	0.0000
0.5495	0.6003	0.0000	0.0000
0.5506	0.6021	0.0000	0.0000
0.5516	0.6039	0.0000	0.0000
0.5526	0.6057	0.0000	0.0000
0.5536	0.6074	0.0000	0.0000
0.5546	0.6092	0.0000	0.0000
0.5556	0.6109	0.0000	0.0000
0.5566	0.6127	0.0000	0.0000
0.5576	0.6144	0.0000	0.0000
0.5586	0.6162	0.0000	0.0000
0.5596	0.6179	0.0000	0.0000
0.5606	0.6196	0.0000	0.0000
0.5616	0.6213	0.0000	0.0000
0.5626	0.6230	0.0000	0.0000
0.5636	0.6247	0.0000	0.0000
0.5646	0.6264	0.0000	0.0000
0.5656	0.6281	0.0000	0.0000
0.5666	0.6297	0.0000	0.0000
0.5676	0.6314	0.0000	0.0000
0.5686	0.6331	0.0000	0.0000
0.5696	0.6347	0.0000	0.0000
0.5706	0.6364	0.0000	0.0000
0.5716	0.6380	0.0000	0.0000
0.5726	0.6396	0.0000	0.0000
0.5736	0.6412	0.0000	0.0000
0.5746	0.6429	0.0000	0.0000
0.5756	0.6445	0.0000	0.0000
0.5766	0.6461	0.0000	0.0000
0.5776	0.6477	0.0000	0.0000
0.5786	0.6492	0.0000	0.0000
0.5796	0.6508	0.0000	0.0000
0.5806	0.6524	0.0000	0.0000
0.5816	0.6540	0.0000	0.0000
0.5826	0.6555	0.0000	0.0000
0.5836	0.6571	0.0000	0.0000
0.5846	0.6586	0.0000	0.0000
0.5856	0.6602	0.0000	0.0000
0.5866	0.6617	0.0000	0.0000
0.5876	0.6632	0.0000	0.0000
0.5886	0.6648	0.0000	0.0000
0.5896	0.6663	0.0000	0.0000
0.5906	0.6678	0.0000	0.0000
0.5916	0.6693	0.0000	0.0000
0.5926	0.6708	0.0000	0.0000
0.5936	0.6723	0.0000	0.0000
0.5946	0.6737	0.0000	0.0000
0.5956	0.6752	0.0000	0.0000
0.5966	0.6767	0.0000	0.0000
0.5976	0.6782	0.0000	0.0000
0.5986	0.6796	0.0000	0.0000
0.5996	0.6811	0.0000	0.0000
0.6006	0.6825	0.0000	0.0000
0.6016	0.6839	0.0000	0.0000
0.6026	0.6854	0.0000	0.0000
0.6036	0.6868	0.0000	0.0000
0.6046	0.6882	0.0000	0.0000
0.6056	0.6896	0.0000	0.0000
0.6066	0.6911	0.0000	0.0000
0.6076	0.6925	0.0000	0.0000
0.6086	0.6939	0.0000	0.0000
0.6096	0.6952	0.0000	0.0000
0.6106	0.6966	0.0000	0.0000
0.6116	0.6980	0.0000	0.0000
0.6126	0.6994	0.0000	0.0000
0.6136	0.7008	0.0000	0.0000
0.6146	0.7021	0.0000	0.0000
0.6156	0.7035	0.0000	0.0000
0.6166	0.7048	0.0000	0.0000
0.6176	0.7062	0.0000	0.0000
0.6186	0.7075	0.0000	0.0000
0.6196	0.7089	0.0000	0.0000
0.6206	0.7102	0.0000	0.0000
0.6216	0.7115	0.0000	0.0000
0.6226	0.7128	0.0000	0.0000
0.6236	0.7141	0.0000	0.0000
0.6246	0.7154	0.0000	0.0000
0.6256	0.7167	0.0000	0.0000
0.6266	0.7180	0.0000	0.0000
0.6276	0.7193	0.0000	0.0000
0.6286	0.7206	0.0000	0.0000
0.6296	0.7219	0.0000	0.0000
0.6306	0.7232	0.0000	0.0000
0.6316	0.7245	0.0000	0.0000
0.6326	0.7257	0.0000	0.0000
0.6336	0.7270	0.0000	0.0000
0.6346	0.7282	0.0000	0.0000
0.6356	0.7295	0.0000	0.0000
0.6366	0.7307	0.0000	0.0000
0.6376	0.7320	0.0000	0.0000
0.6386	0.7332	0.0000	0.0000
0.6396	0.7344	0.0000	0.0000
0.6406	0.7357	0.0000	0.0000
0.6416	0.7369	0.0000	0.0000
0.6426	0.7381	0.0000	0.0000
0.6436	0.7393	0.0000	0.0000
0.6446	0.7405	0.0000	0.0000
0.6456	0.7417	0.0000	0.0000
0.6466	0.7429	0.0000	0.0000
0.6476	0.7441	0.0000	0.0000
0.6486	0.7453	0.0000	0.0000
0.6496	0.7465	0.0000	0.0000
0.6507	0.7476	0.0000	0.0000
0.6517	0.7488	0.0000	0.0000
0.6527	0.7500	0.0000	0.0000
0.6537	0.7511	0.0000	0.0000
0.6547	0.7523	0.0000	0.0000
0.6557	0.7535	0.0000	0.0000
0.6567	0.7546	0.0000	0.0000
0.6577	0.7557	0.0000	0.0000
0.6587	0.7569	0.0000	0.0000
0.6597	0.7580	0.0000	0.0000
0.6607	0.7592	0.0000	0.0000
0.6617	0.7603	0.0000	0.0000
0.6627	0.7614	0.0000	0.0000
0.6637	0.7625	0.0000	0.0000
0.6647	0.7636	0.0000	0.0000
0.6657	0.7647	0.0000	0.0000
0.6667	0.7658	0.0000	0.0000
0.6677	0.7669	0.0000	0.0000
0.6687	0.7680	0.0000	0.0000
0.6697	0.7691	0.0000	0.0000
0.6707	0.7702	0.0000	0.0000
0.6717	0.7713	0.0000	0.0000
0.6727	0.7724	0.0000	0.0000
0.6737	0.7734	0.0000	0.0000
0.6747	0.7745	0.0000	0.0000
0.6757	0.7756	0.0000	0.0000
0.6767	0.7766	0.0000	0.0000
0.6777	0.7777	0.0000	0.0000
0.6787	0.7787	0.0000	0.0000
0.6797	0.7798	0.0000	0.0000
0.6807	0.7808	0.0000	0.0000
0.6817	0.7819	0.0000	0.0000
0.6827	0.7829	0.0000	0.0000
0.6837	0.7839	0.0000	0.0000
0.6847	0.7850	0.0000	0.0000
0.6857	0.7860	0.0000	0.0000
0.6867	0.7870	0.0000	0.0000
0.6877	0.7880	0.0000	0.0000
0.6887	0.7890	0.0000	0.0000
0.6897	0.7900	0.0000	0.0000
0.6907	0.7910	0.0000	0.0000
0.6917	0.7920	0.0000	0.0000
0.6927	0.7930	0.0000	0.0000
0.6937	0.7940	0.0000	0.0000
0.6947	0.7950	0.0000	0.0000
0.6957	0.7960	0.0000	0.0000
0.6967	0.7970	0.0000	0.0000
0.6977	0.7980	0.0000	0.0000
0.6987	0.7989	0.0000	0.0000
0.6997	0.7999	0.0000	0.0000
0.7007	0.8009	0.0000	0.0000
0.7017	0.8018	0.0000	0.0000
0.7027	0.8028	0.0000	0.0000
0.7037	0.8037	0.0000	0.0000
0.7047	0.8047	0.0000	0.0000
0.7057	0.8056	0.0000	0.0000
0.7067	0.8066	0.0000	0.0000
0.7077	0.8075	0.0000	0.0000
0.7087	0.8084	0.0000	0.0000
0.7097	0.8094	0.0000	0.0000
0.7107	0.8103	0.0000	0.0000
0.7117	0.8112	0.0000	0.0000
0.7127	0.8122	0.0000	0.0000
0.7137	0.8131	0.0000	0.0000
0.7147	0.8140	0.0000	0.0000
0.7157	0.8149	0.0000	0.0000
0.7167	0.8158	0.0000	0.0000
0.7177	0.8167	0.0000	0.0000
0.7187	0.8176	0.0000	0.0000
0.7197	0.8185	0.0000	0.0000
0.7207	0.8194	0.0000	0.0000
0.7217	0.8203	0.0000	0.0000
0.7227	0.8212	0.0000	0.0000
0.7237	0.8220	0.0000	0.0000
0.7247	0.8229	0.0000	0.0000
0.7257	0.8238	0.0000	0.0000
0.7267	0.8247	0.0000	0.0000
0.7277	0.8255	0.0000	0.0000
0.7287	0.8264	0.0000	0.0000
0.7297	0.8273	0.0000	0.0000
0.7307	0.8281	0.0000	0.0000
0.7317	0.8290	0.0000	0.0000
0.7327	0.8298	0.0000	0.0000
0.7337	0.8307	0.0000	0.0000
0.7347	0.8315	0.0000	0.0000
0.7357	0.8324	0.0000	0.0000
0.7367	0.8332	0.0000	0.0000
0.7377	0.8340	0.0000	0.0000
0.7387	0.8349	0.0000	0.0000
0.7397	0.8357	0.0000	0.0000
0.7407	0.8365	0.0000	0.0000
0.7417	0.8374	0.0000	0.0000
0.7427	0.8382	0.0000	0.0000
0.7437	0.8390	0.0000	0.0000
0.7447	0.8398	0.0000	0.0000
0.7457	0.8406	0.0000	0.0000
0.7467	0.8414	0.0000	0.0000
0.7477	0.8422	0.0000	0.0000
0.7487	0.8430	0.0000	0.0000
0.7497	0.8438	0.0000	0.0000
0.7508	0.8446	0.0000	0.0000
0.7518	0.8454	0.0000	0.0000
0.7528	0.8462	0.0000	0.0000
0.7538	0.8470	0.0000	0.0000
0.7548	0.8478	0.0000	0.0000
0.7558	0.8486	0.0000	0.0000
0.7568	0.8493	0.0000	0.0000
0.7578	0.8501	0.0000	0.0000
0.7588	0.8509	0.0000	0.0000
0.7598	0.8517	0.0000	0.0000
0.7608	0.8524	0.0000	0.0000
0.7618	0.8532	0.0000	0.0000
0.7628	0.8539	0.0000	0.0000
0.7638	0.8547	0.0000	0.0000
0.7648	0.8555	0.0000	0.0000
0.7658	0.8562	0.0000	0.0000
0.7668	0.8570	0.0000	0.0000
0.7678	0.8577	0.0000	0.0000
0.7688	0.8584	0.0000	0.0000
0.7698	0.8592	0.0000	0.0000
0.7708	0.8599	0.0000	0.0000
0.7718	0.8607	0.0000	0.0000
0.7728	0.8614	0.0000	0.0000
0.7738	0.8621	0.0000	0.0000
0.7748	0.8628	0.0000	0.0000
0.7758	0.8636	0.0000	0.0000
0.7768	0.8643	0.0000	0.0000
0.7778	0.8650	0.0000	0.0000
0.7788	0.8657	0.0000	0.0000
0.7798	0.8664	0.0000	0.0000
0.7808	0.8671	0.0000	0.0000
0.7818	0.8679	0.0000	0.0000
0.7828	0.8686	0.0000	0.0000
0.7838	0.8693	0.0000	0.0000
0.7848	0.8700	0.0000	0.0000
0.7858	0.8707	0.0000	0.0000
0.7868	0.8714	0.0000	0.0000
0.7878	0.8720	0.0000	0.0000
0.7888	0.8727	0.0000	0.0000
0.7898	0.8734	0.0000	0.0000
0.7908	0.8741	0.0000	0.0000
0.7918	0.8748	0.0000	0.0000
0.7928	0.8755	0.0000	0.0000
0.7938	0.8761	0.0000	0.0000
0.7948	0.8768	0.0000	0.0000
0.7958	0.8775	0.0000	0.0000
0.7968	0.8782	0.0000	0.0000
0.7978	0.8788	0.0000	0.0000
0.7988	0.8795	0.0000	0.0000
0.7998	0.8801	0.0000	0.0000
0.8008	0.8808	0.0000	0.0000
0.8018	0.8815	0.0000	0.0000
0.8028	0.8821	0.0000	0.0000
0.8038	0.8828	0.0000	0.0000
0.8048	0.8834	0.0000	0.0000
0.8058	0.8841	0.0000	0.0000
0.8068	0.8847	0.0000	0.0000
0.8078	0.8853	0.0000	0.0000
0.8088	0.8860	0.0000	0.0000
0.8098	0.8866	0.0000	0.0000
0.8108	0.8873	0.0000	0.0000
0.8118	0.8879	0.0000	0.0000
0.8128	0.8885	0.0000	0.0000
0.8138	0.8891	0.0000	0.0000
0.8148	0.8898	0.0000	0.0000
0.8158	0.8904	0.0000	0.0000
0.8168	0.8910	0.0000	0.0000
0.8178	0.8916	0.0000	0.0000
0.8188	0.8922	0.0000	0.0000
0.8198	0.8929	0.0000	0.0000
0.8208	0.8935	0.0000	0.0000
0.8218	0.8941	0.0000	0.0000
0.8228	0.8947	0.0000	0.0000
0.8238	0.8953	0.0000	0.0000
0.8248	0.8959	0.0000	0.0000
0.8258	0.8965	0.0000	0.0000
0.8268	0.8971	0.0000	0.0000
0.8278	0.8977	0.0000	0.0000
0.8288	0.8983	0.0000	0.0000
0.8298	0.8989	0.0000	0.0000
0.8308	0.8995	0.0000	0.0000
0.8318	0.9001	0.0000	0.0000
0.8328	0.9006	0.0000	0.0000
0.8338	0.9012	0.0000	0.0000
0.8348	0.9018	0.0000	0.0000
0.8358	0.9024	0.0000	0.0000
0.8368	0.9030	0.0000	0.0000
0.8378	0.9035	0.0000	0.0000
0.8388	0.9041	0.0000	0.0000
0.8398	0.9047	0.0000	0.0000
0.8408	0.9052	0.0000	0.0000
0.8418	0.9058	0.0000	0.0000
0.8428	0.9064	0.0000	0.0000
0.8438	0.9069	0.0000	0.0000
0.8448	0.9075	0.0000	0.0000
0.8458	0.9080	0.0000	0.0000
0.8468	0.9086	0.0000	0.0000
0.8478	0.9092	0.0000	0.0000
0.8488	0.9097	0.0000	0.0000
0.8498	0.9103	0.0000	0.0000
0.8509	0.9108	0.0000	0.0000
0.8519	0.9114	0.0000	0.0000
0.8529	0.9119	0.0000	0.0000
0.8539	0.9124	0.0000	0.0000
0.8549	0.9130	0.0000	0.0000
0.8559	0.9135	0.0000	0.0000
0.8569	0.9140	0.0000	0.0000
0.8579	0.9146	0.0000	0.0000
0.8589	0.9151	0.0000	0.0000
0.8599	0.9156	0.0000	0.0000
0.8609	0.9162	0.0000	0.0000
0.8619	0.9167	0.0000	0.0000
0.8629	0.9172	0.0000	0.0000
0.8639	0.9177	0.0000	0.0000
0.8649	0.9183	0.0000	0.0000
0.8659	0.9188	0.0000	0.0000
0.8669	0.9193	0.0000	0.0000
0.8679	0.9198	0.0000	0.0000
0.8689	0.9203	0.0000	0.0000
0.8699	0.9208	0.0000	0.0000
0.8709	0.9213	0.0000	0.0000
0.8719	0.9218	0.0000	0.0000
0.8729	0.9224	0.0000	0.0000
0.8739	0.9229	0.0000	0.0000
0.8749	0.9234	0.0000	0.0000
0.8759	0.9239	0.0000	0.0000
0.8769	0.9244	0.0000	0.0000
0.8779	0.9249	0.0000	0.0000
0.8789	0.9253	0.0000	0.0000
0.8799	0.9258	0.0000	0.0000
0.8809	0.9263	0.0000	0.0000
0.8819	0.9268	0.0000	0.0000
0.8829	0.9273	0.0000	0.0000
0.8839	0.9278	0.0000	0.0000
0.8849	0.9283	0.0000	0.0000
0.8859	0.9288	0.0000	0.0000
0.8869	0.9292	0.0000	0.0000
0.8879	0.9297	0.0000	0.0000
0.8889	0.9302	0.0000	0.0000
0.8899	0.9307	0.0000	0.0000
0.8909	0.9311	0.0000	0.0000
0.8919	0.9316	0.0000	0.0000
0.8929	0.9321	0.0000	0.0000
0.8939	0.9325	0.0000	0.0000
0.8949	0.9330	0.0000	0.0000
0.8959	0.9335	0.0000	0.0000
0.8969	0.9339	0.0000	0.0000
0.8979	0.9344	0.0000	0.0000
0.8989	0.9349	0.0000	0.0000
0.8999	0.9353	0.0000	0.0000
0.9009	0.9358	0.0000	0.0000
0.9019	0.9362	0.0000	0.0000
0.9029	0.9367	0.0000	0.0000
0.9039	0.9371	0.0000	0.0000
0.9049	0.9376	0.0000	0.0000
0.9059	0.9380	0.0000	0.0000
0.9069	0.9385	0.0000	0.0000
0.9079	0.9389	0.0000	0.0000
0.9089	0.9394	0.0000	0.0000
0.9099	0.9398	0.0000	0.0000
0.9109	0.9402	0.0000	0.0000
0.9119	0.9407	0.0000	0.0000
0.9129	0.9411	0.0000	0.0000
0.9139	0.9416	0.0000	0.0000
0.9149	0.9420	0.0000	0.0000
0.9159	0.9424	0.0000	0.0000
0.9169	0.9429	0.0000	0.0000
0.9179	0.9433	0.0000	0.0000
0.9189	0.9437	0.0000	0.0000
0.9199	0.9441	0.0000	0.0000
0.9209	0.9446	0.0000	0.0000
0.9219	0.9450	0.0000	0.0000
0.9229	0.9454	0.0000	0.0000
0.9239	0.9458	0.0000	0.0000
0.9249	0.9463	0.0000	0.0000
0.9259	0.9467	0.0000	0.0000
0.9269	0.9471	0.0000	0.0000
0.9279	0.9475	0.0000	0.0000
0.9289	0.9479	0.0000	0.0000
0.9299	0.9483	0.0000	0.0000
0.9309	0.9487	0.0000	0.0000
0.9319	0.9491	0.0000	0.0000
0.9329	0.9496	0.0000	0.0000
0.9339	0.9500	0.0000	0.0000
0.9349	0.9504	0.0000	0.0000
0.9359	0.9508	0.0000	0.0000
0.9369	0.9512	0.0000	0.0000
0.9379	0.9516	0.0000	0.0000
0.9389	0.9520	0.0000	0.0000
0.9399	0.9524	0.0000	0.0000
0.9409	0.9528	0.0000	0.0000
0.9419	0.9532	0.0000	0.0000
0.9429	0.9535	0.0000	0.0000
0.9439	0.9539	0.0000	0.0000
0.9449	0.9543	0.0000	0.0000
0.9459	0.9547	0.0000	0.0000
0.9469	0.9551	0.0000	0.0000
0.9479	0.9555	0.0000	0.0000
0.9489	0.9559	0.0000	0.0000
0.9499	0.9563	0.0000	0.0000
0.9510	0.9566	0.0000	0.0000
0.9520	0.9570	0.0000	0.0000
0.9530	0.9574	0.0000	0.0000
0.9540	0.9578	0.0000	0.0000
0.9550	0.9582	0.0000	0.0000
0.9560	0.9585	0.0000	0.0000
0.9570	0.9589	0.0000	0.0000
0.9580	0.9593	0.0000	0.0000
0.9590	0.9597	0.0000	0.0000
0.9600	0.9600	0.0000	0.0000
0.9610	0.9604	0.0000	0.0000
0.9620	0.9608	0.0000	0.0000
0.9630	0.9611	0.0000	0.0000
0.9640	0.9615	0.0000	0.0000
0.9650	0.9619	0.0000	0.0000
0.9660	0.9622	0.0000	0.0000
0.9670	0.9626	0.0000	0.0000
0.9680	0.9630	0.0000	0.0000
0.9690	0.9633	0.0000	0.0000
0.9700	0.9637	0.0000	0.0000
0.9710	0.9640	0.0000	0.0000
0.9720	0.9644	0.0000	0.0000
0.9730	0.9647	0.0000	0.0000
0.9740	0.9651	0.0000	0.0000
0.9750	0.9655	0.0000	0.0000
0.9760	0.9658	0.0000	0.0000
0.9770	0.9662	0.0000	0.0000
0.9780	0.9665	0.0000	0.0000
0.9790	0.9669	0.0000	0.0000
0.9800	0.9672	0.0000	0.0000
0.9810	0.9675	0.0000	0.0000
0.9820	0.9679	0.0000	0.0000
0.9830	0.9682	0.0000	0.0000
0.9840	0.9686	0.0000	0.0000
0.9850	0.9689	0.0000	0.0000
0.9860	0.9693	0.0000	0.0000
0.9870	0.9696	0.0000	0.0000
0.9880	0.9699	0.0000	0.0000
0.9890	0.9703	0.0000	0.0000
0.9900	0.9706	0.0000	0.0000
0.9910	0.9709	0.0000	0.0000
0.9920	0.9713	0.0000	0.0000
0.9930	0.9716	0.0000	0.0000
0.9940	0.9720	0.0000	0.0000
0.9950	0.9723	0.0000	0.0000
0.9960	0.9726	0.0000	0.0000
0.9970	0.9729	0.0000	0.0000
0.9980	0.9733	0.0000	0.0000
0.9990	0.9736	0.0000	0.0000
1.0000	0.9739	0.0000	0.0000
0.1011
0.4995
0.9610
