0.0000	0.0293	0.0000	0.0000
0.0010	0.0300	0.0000	0.0000
0.0020	0.0308	0.0000	0.0000
0.0030	0.0315	0.0000	0.0000
0.0040	0.0322	0.0000	0.0000
0.0050	0.0330	0.0000	0.0000
0.0060	0.0337	0.0000	0.0000
0.0070	0.0344	0.0000	0.0000
0.0080	0.0351	0.0000	0.0000
0.0090	0.0359	0.0000	0.0000
0.0100	0.0366	0.0000	0.0000
0.0110	0.0373	0.0000	0.0000
0.0120	0.0381	0.0000	0.0000
0.0130	0.0388	0.0000	0.0000
0.0140	0.0395	0.0000	0.0000
0.0150	0.0403	0.0000	0.0000
0.0160	0.0410	0.0000	0.0000
0.0170	0.0417	0.0000	0.0000
0.0180	0.0424	0.0000	0.0000
0.0190	0.0432	0.0000	0.0000
0.0200	0.0439	0.0000	0.0000
0.0210	0.0446	0.0000	0.0000
0.0220	0.0454	0.0000	0.0000
0.0230	0.0461	0.0000	0.0000
0.0240	0.0468	0.0000	0.0000
0.0250	0.0476	0.0000	0.0000
0.0260	0.0483	0.0000	0.0000
0.0270	0.0490	0.0000	0.0000
0.0280	0.0498	0.0000	0.0000
0.0290	0.0505	0.0000	0.0000
0.0300	0.0512	0.0000	0.0000
0.0310	0.0520	0.0000	0.0000
0.0320	0.0527	0.0000	0.0000
0.0330	0.0535	0.0000	0.0000
0.0340	0.0542	0.0000	0.0000
0.0350	0.0549	0.0000	0.0000
0.0360	0.0557	0.0000	0.0000
0.0370	0.0564	0.0000	0.0000
0.0380	0.0571	0.0000	0.0000
0.0390	0.0579	0.0000	0.0000
0.0400	0.0586	0.0000	0.0000
0.0410	0.0594	0.0000	0.0000
0.0420	0.0601	0.0000	0.0000
0.0430	0.0608	0.0000	0.0000
0.0440	0.0616	0.0000	0.0000
0.0450	0.0623	0.0000	0.0000
0.0460	0.0630	0.0000	0.0000
0.0470	0.0638	0.0000	0.0000
0.0480	0.0645	0.0000	0.0000
0.0490	0.0653	0.0000	0.0000
0.0501	0.0660	0.0000	0.0000
0.0511	0.0668	0.0000	0.0000
0.0521	0.0675	0.0000	0.0000
0.0531	0.0682	0.0000	0.0000
0.0541	0.0690	0.0000	0.0000
0.0551	0.0697	0.0000	0.0000
0.0561	0.0705	0.0000	0.0000
0.0571	0.0712	0.0000	0.0000
0.0581	0.0720	0.0000	0.0000
0.0591	0.0727	0.0000	0.0000
0.0601	0.0734	0.0000	0.0000
0.0611	0.0742	0.0000	0.0000
0.0621	0.0749	0.0000	0.0000
0.0631	0.0757	0.0000	0.0000
0.0641	0.0764	0.0000	0.0000
0.0651	0.0772	0.0000	0.0000
0.0661	0.0779	0.0000	0.0000
0.0671	0.0787	0.0000	0.0000
0.0681	0.0794	0.0000	0.0000
0.0691	0.0802	0.0000	0.0000
0.0701	0.0809	0.0000	0.0000
0.0711	0.0817	0.0000	0.0000
0.0721	0.0824	0.0000	0.0000
0.0731	0.0832	0.0000	0.0000
0.0741	0.0839	0.0000	0.0000
0.0751	0.0847	0.0000	0.0000
0.0761	0.0854	0.0000	0.0000
0.0771	0.0862	0.0000	0.0000
0.0781	0.0869	0.0000	0.0000
0.0791	0.0877	0.0000	0.0000
0.0801	0.0884	0.0000	0.0000
0.0811	0.0892	0.0000	0.0000
0.0821	0.0899	0.0000	0.0000
0.0831	0.0907	0.0000	0.0000
0.0841	0.0915	0.0000	0.0000
0.0851	0.0922	0.0000	0.0000
0.0861	0.0930	0.0000	0.0000
0.0871	0.0937	0.0000	0.0000
0.0881	0.0945	0.0000	0.0000
0.0891	0.0952	0.0000	0.0000
0.0901	0.0960	0.0000	0.0000
0.0911	0.0968	0.0000	0.0000
0.0921	0.0975	0.0000	0.0000
0.0931	0.0983	0.0000	0.0000
0.0941	0.0990	0.0000	0.0000
0.0951	0.0998	0.0000	0.0000
0.0961	0.1006	0.0000	0.0000
0.0971	0.1013	0.0000	0.0000
0.0981	0.1021	0.0000	0.0000
0.0991	0.1029	0.0000	0.0000
0.1001	0.1036	0.0000	0.0000
0.1011	0.1044	0.0000	0.0000
0.1021	0.1051	0.0000	0.0000
0.1031	0.1059	0.0000	0.0000
0.1041	0.1067	0.0000	0.0000
0.1051	0.1074	0.0000	0.0000
0.1061	0.1082	0.0000	0.0000
0.1071	0.1090	0.0000	0.0000
0.1081	0.1097	0.0000	0.0000
0.1091	0.1105	0.0000	0.0000
0.1101	0.1113	0.0000	0.0000
0.1111	0.1121	0.0000	0.0000
0.1121	0.1128	0.0000	0.0000
0.1131	0.1136	0.0000	0.0000
0.1141	0.1144	0.0000	0.0000
0.1151	0.1151	0.0000	0.0000
0.1161	0.1159	0.0000	0.0000
0.1171	0.1167	0.0000	0.0000
0.1181	0.1175	0.0000	0.0000
0.1191	0.1182	0.0000	0.0000
0.1201	0.1190	0.0000	0.0000
0.1211	0.1198	0.0000	0.0000
0.1221	0.1206	0.0000	0.0000
0.1231	0.1213	0.0000	0.0000
0.1241	0.1221	0.0000	0.0000
0.1251	0.1229	0.0000	0.0000
0.1261	0.1237	0.0000	0.0000
0.1271	0.1244	0.0000	0.0000
0.1281	0.1252	0.0000	0.0000
0.1291	0.1260	0.0000	0.0000
0.1301	0.1268	0.0000	0.0000
0.1311	0.1276	0.0000	0.0000
0.1321	0.1283	0.0000	0.0000
0.1331	0.1291	0.0000	0.0000
0.1341	0.1299	0.0000	0.0000
0.1351	0.1307	0.0000	0.0000
0.1361	0.1315	0.0000	0.0000
0.1371	0.1323	0.0000	0.0000
0.1381	0.1330	0.0000	0.0000
0.1391	0.1338	0.0000	0.0000
0.1401	0.1346	0.0000	0.0000
0.1411	0.1354	0.0000	0.0000
0.1421	0.1362	0.0000	0.0000
0.1431	0.1370	0.0000	0.0000
0.1441	0.1378	0.0000	0.0000
0.1451	0.1386	0.0000	0.0000
0.1461	0.1394	0.0000	0.0000
0.1471	0.1402	0.0000	0.0000
0.1481	0.1409	0.0000	0.0000
0.1491	0.1417	0.0000	0.0000
0.1502	0.1425	0.0000	0.0000
0.1512	0.1433	0.0000	0.0000
0.1522	0.1441	0.0000	0.0000
0.1532	0.1449	0.0000	0.0000
0.1542	0.1457	0.0000	0.0000
0.1552	0.1465	0.0000	0.0000
0.1562	0.1473	0.0000	0.0000
0.1572	0.1481	0.0000	0.0000
0.1582	0.1489	0.0000	0.0000
0.1592	0.1497	0.0000	0.0000
0.1602	0.1505	0.0000	0.0000
0.1612	0.1513	0.0000	0.0000
0.1622	0.1521	0.0000	0.0000
0.1632	0.1529	0.0000	0.0000
0.1642	0.1537	0.0000	0.0000
0.1652	0.1545	0.0000	0.0000
0.1662	0.1553	0.0000	0.0000
0.1672	0.1561	0.0000	0.0000
0.1682	0.1569	0.0000	0.0000
0.1692	0.1577	0.0000	0.0000
0.1702	0.1585	0.0000	0.0000
0.1712	0.1594	0.0000	0.0000
0.1722	0.1602	0.0000	0.0000
0.1732	0.1610	0.0000	0.0000
0.1742	0.1618	0.0000	0.0000
0.1752	0.1626	0.0000	0.0000
0.1762	0.1634	0.0000	0.0000
0.1772	0.1642	0.0000	0.0000
0.1782	0.1650	0.0000	0.0000
0.1792	0.1659	0.0000	0.0000
0.1802	0.1667	0.0000	0.0000
0.1812	0.1675	0.0000	0.0000
0.1822	0.1683	0.0000	0.0000
0.1832	0.1691	0.0000	0.0000
0.1842	0.1699	0.0000	0.0000
0.1852	0.1708	0.0000	0.0000
0.1862	0.1716	0.0000	0.0000
0.1872	0.1724	0.0000	0.0000
0.1882	0.1732	0.0000	0.0000
0.1892	0.1740	0.0000	0.0000
0.1902	0.1749	0.0000	0.0000
0.1912	0.1757	0.0000	0.0000
0.1922	0.1765	0.0000	0.0000
0.1932	0.1773	0.0000	0.0000
0.1942	0.1782	0.0000	0.0000
0.1952	0.1790	0.0000	0.0000
0.1962	0.1798	0.0000	0.0000
0.1972	0.1807	0.0000	0.0000
0.1982	0.1815	0.0000	0.0000
0.1992	0.1823	0.0000	0.0000
0.2002	0.1832	0.0000	0.0000
0.2012	0.1840	0.0000	0.0000
0.2022	0.1848	0.0000	0.0000
0.2032	0.1857	0.0000	0.0000
0.2042	0.1865	0.0000	0.0000
0.2052	0.1873	0.0000	0.0000
0.2062	0.1882	0.0000	0.0000
0.2072	0.1890	0.0000	0.0000
0.2082	0.1898	0.0000	0.0000
0.2092	0.1907	0.0000	0.0000
0.2102	0.1915	0.0000	0.0000
0.2112	0.1924	0.0000	0.0000
0.2122	0.1932	0.0000	0.0000
0.2132	0.1941	0.0000	0.0000
0.2142	0.1949	0.0000	0.0000
0.2152	0.1957	0.0000	0.0000
0.2162	0.1966	0.0000	0.0000
0.2172	0.1974	0.0000	0.0000
0.2182	0.1983	0.0000	0.0000
0.2192	0.1991	0.0000	0.0000
0.2202	0.2000	0.0000	0.0000
0.2212	0.2008	0.0000	0.0000
0.2222	0.2017	0.0000	0.0000
0.2232	0.2026	0.0000	0.0000
0.2242	0.2034	0.0000	0.0000
0.2252	0.2043	0.0000	0.0000
0.2262	0.2051	0.0000	0.0000
0.2272	0.2060	0.0000	0.0000
0.2282	0.2068	0.0000	0.0000
0.2292	0.2077	0.0000	0.0000
0.2302	0.2086	0.0000	0.0000
0.2312	0.2094	0.0000	0.0000
0.2322	0.2103	0.0000	0.0000
0.2332	0.2111	0.0000	0.0000
0.2342	0.2120	0.0000	0.0000
0.2352	0.2129	0.0000	0.0000
0.2362	0.2137	0.0000	0.0000
0.2372	0.2146	0.0000	0.0000
0.2382	0.2155	0.0000	0.0000
0.2392	0.2163	0.0000	0.0000
0.2402	0.2172	0.0000	0.0000
0.2412	0.2181	0.0000	0.0000
0.2422	0.2190	0.0000	0.0000
0.2432	0.2198	0.0000	0.0000
0.2442	0.2207	0.0000	0.0000
0.2452	0.2216	0.0000	0.0000
0.2462	0.2225	0.0000	0.0000
0.2472	0.2233	0.0000	0.0000
0.2482	0.2242	0.0000	0.0000
0.2492	0.2251	0.0000	0.0000
0.2503	0.2260	0.0000	0.0000
0.2513	0.2269	0.0000	0.0000
0.2523	0.2277	0.0000	0.0000
0.2533	0.2286	0.0000	0.0000
0.2543	0.2295	0.0000	0.0000
0.2553	0.2304	0.0000	0.0000
0.2563	0.2313	0.0000	0.0000
0.2573	0.2322	0.0000	0.0000
0.2583	0.2331	0.0000	0.0000
0.2593	0.2340	0.0000	0.0000
0.2603	0.2349	0.0000	0.0000
0.2613	0.2358	0.0000	0.0000
0.2623	0.2366	0.0000	0.0000
0.2633	0.2375	0.0000	0.0000
0.2643	0.2384	0.0000	0.0000
0.2653	0.2393	0.0000	0.0000
0.2663	0.2402	0.0000	0.0000
0.2673	0.2411	0.0000	0.0000
0.2683	0.2420	0.0000	0.0000
0.2693	0.2429	0.0000	0.0000
0.2703	0.2439	0.0000	0.0000
0.2713	0.2448	0.0000	0.0000
0.2723	0.2457	0.0000	0.0000
0.2733	0.2466	0.0000	0.0000
0.2743	0.2475	0.0000	0.0000
0.2753	0.2484	0.0000	0.0000
0.2763	0.2493	0.0000	0.0000
0.2773	0.2502	0.0000	0.0000
0.2783	0.2511	0.0000	0.0000
0.2793	0.2521	0.0000	0.0000
0.2803	0.2530	0.0000	0.0000
0.2813	0.2539	0.0000	0.0000
0.2823	0.2548	0.0000	0.0000
0.2833	0.2557	0.0000	0.0000
0.2843	0.2567	0.0000	0.0000
0.2853	0.2576	0.0000	0.0000
0.2863	0.2585	0.0000	0.0000
0.2873	0.2594	0.0000	0.0000
0.2883	0.2604	0.0000	0.0000
0.2893	0.2613	0.0000	0.0000
0.2903	0.2622	0.0000	0.0000
0.2913	0.2631	0.0000	0.0000
0.2923	0.2641	0.0000	0.0000
0.2933	0.2650	0.0000	0.0000
0.2943	0.2659	0.0000	0.0000
0.2953	0.2669	0.0000	0.0000
0.2963	0.2678	0.0000	0.0000
0.2973	0.2688	0.0000	0.0000
0.2983	0.2697	0.0000	0.0000
0.2993	0.2706	0.0000	0.0000
0.3003	0.2716	0.0000	0.0000
0.3013	0.2725	0.0000	0.0000
0.3023	0.2735	0.0000	0.0000
0.3033	0.2744	0.0000	0.0000
0.3043	0.2754	0.0000	0.0000
0.3053	0.2763	0.0000	0.0000
0.3063	0.2773	0.0000	0.0000
0.3073	0.2782	0.0000	0.0000
0.3083	0.2792	0.0000	0.0000
0.3093	0.2802	0.0000	0.0000
0.3103	0.2811	0.0000	0.0000
0.3113	0.2821	0.0000	0.0000
0.3123	0.2830	0.0000	0.0000
0.3133	0.2840	0.0000	0.0000
0.3143	0.2850	0.0000	0.0000
0.3153	0.2859	0.0000	0.0000
0.3163	0.2869	0.0000	0.0000
0.3173	0.2879	0.0000	0.0000
0.3183	0.2888	0.0000	0.0000
0.3193	0.2898	0.0000	0.0000
0.3203	0.2908	0.0000	0.0000
0.3213	0.2918	0.0000	0.0000
0.3223	0.2927	0.0000	0.0000
0.3233	0.2937	0.0000	0.0000
0.3243	0.2947	0.0000	0.0000
0.3253	0.2957	0.0000	0.0000
0.3263	0.2967	0.0000	0.0000
0.3273	0.2976	0.0000	0.0000
0.3283	0.2986	0.0000	0.0000
0.3293	0.2996	0.0000	0.0000
0.3303	0.3006	0.0000	0.0000
0.3313	0.3016	0.0000	0.0000
0.3323	0.3026	0.0000	0.0000
0.3333	0.3036	0.0000	0.0000
0.3343	0.3046	0.0000	0.0000
0.3353	0.3056	0.0000	0.0000
0.3363	0.3066	0.0000	0.0000
0.3373	0.3076	0.0000	0.0000
0.3383	0.3086	0.0000	0.0000
0.3393	0.3096	0.0000	0.0000
0.3403	0.3106	0.0000	0.0000
0.3413	0.3116	0.0000	0.0000
0.3423	0.3126	0.0000	0.0000
0.3433	0.3136	0.0000	0.0000
0.3443	0.3146	0.0000	0.0000
0.3453	0.3157	0.0000	0.0000
0.3463	0.3167	0.0000	0.0000
0.3473	0.3177	0.0000	0.0000
0.3483	0.3187	0.0000	0.0000
0.3493	0.3197	0.0000	0.0000
0.3504	0.3208	0.0000	0.0000
0.3514	0.3218	0.0000	0.0000
0.3524	0.3228	0.0000	0.0000
0.3534	0.3238	0.0000	0.0000
0.3544	0.3249	0.0000	0.0000
0.3554	0.3259	0.0000	0.0000
0.3564	0.3269	0.0000	0.0000
0.3574	0.3280	0.0000	0.0000
0.3584	0.3290	0.0000	0.0000
0.3594	0.3300	0.0000	0.0000
0.3604	0.3311	0.0000	0.0000
0.3614	0.3321	0.0000	0.0000
0.3624	0.3332	0.0000	0.0000
0.3634	0.3342	0.0000	0.0000
0.3644	0.3353	0.0000	0.0000
0.3654	0.3363	0.0000	0.0000
0.3664	0.3374	0.0000	0.0000
0.3674	0.3384	0.0000	0.0000
0.3684	0.3395	0.0000	0.0000
0.3694	0.3406	0.0000	0.0000
0.3704	0.3416	0.0000	0.0000
0.3714	0.3427	0.0000	0.0000
0.3724	0.3438	0.0000	0.0000
0.3734	0.3448	0.0000	0.0000
0.3744	0.3459	0.0000	0.0000
0.3754	0.3470	0.0000	0.0000
0.3764	0.3480	0.0000	0.0000
0.3774	0.3491	0.0000	0.0000
0.3784	0.3502	0.0000	0.0000
0.3794	0.3513	0.0000	0.0000
0.3804	0.3524	0.0000	0.0000
0.3814	0.3534	0.0000	0.0000
0.3824	0.3545	0.0000	0.0000
0.3834	0.3556	0.0000	0.0000
0.3844	0.3567	0.0000	0.0000
0.3854	0.3578	0.0000	0.0000
0.3864	0.3589	0.0000	0.0000
0.3874	0.3600	0.0000	0.0000
0.3884	0.3611	0.0000	0.0000
0.3894	0.3622	0.0000	0.0000
0.3904	0.3633	0.0000	0.0000
0.3914	0.3644	0.0000	0.0000
0.3924	0.3655	0.0000	0.0000
0.3934	0.3666	0.0000	0.0000
0.3944	0.3677	0.0000	0.0000
0.3954	0.3688	0.0000	0.0000
0.3964	0.3700	0.0000	0.0000
0.3974	0.3711	0.0000	0.0000
0.3984	0.3722	0.0000	0.0000
0.3994	0.3733	0.0000	0.0000
0.4004	0.3745	0.0000	0.0000
0.4014	0.3756	0.0000	0.0000
0.4024	0.3767	0.0000	0.0000
0.4034	0.3779	0.0000	0.0000
0.4044	0.3790	0.0000	0.0000
0.4054	0.3801	0.0000	0.0000
0.4064	0.3813	0.0000	0.0000
0.4074	0.3824	0.0000	0.0000
0.4084	0.3836	0.0000	0.0000
0.4094	0.3847	0.0000	0.0000
0.4104	0.3859	0.0000	0.0000
0.4114	0.3870	0.0000	0.0000
0.4124	0.3882	0.0000	0.0000
0.4134	0.3893	0.0000	0.0000
0.4144	0.3905	0.0000	0.0000
0.4154	0.3916	0.0000	0.0000
0.4164	0.3928	0.0000	0.0000
0.4174	0.3940	0.0000	0.0000
0.4184	0.3952	0.0000	0.0000
0.4194	0.3963	0.0000	0.0000
0.4204	0.3975	0.0000	0.0000
0.4214	0.3987	0.0000	0.0000
0.4224	0.3999	0.0000	0.0000
0.4234	0.4010	0.0000	0.0000
0.4244	0.4022	0.0000	0.0000
0.4254	0.4034	0.0000	0.0000
0.4264	0.4046	0.0000	0.0000
0.4274	0.4058	0.0000	0.0000
0.4284	0.4070	0.0000	0.0000
0.4294	0.4082	0.0000	0.0000
0.4304	0.4094	0.0000	0.0000
0.4314	0.4106	0.0000	0.0000
0.4324	0.4118	0.0000	0.0000
0.4334	0.4130	0.0000	0.0000
0.4344	0.4142	0.0000	0.0000
0.4354	0.4155	0.0000	0.0000
0.4364	0.4167	0.0000	0.0000
0.4374	0.4179	0.0000	0.0000
0.4384	0.4191	0.0000	0.0000
0.4394	0.4204	0.0000	0.0000
0.4404	0.4216	0.0000	0.0000
0.4414	0.4228	0.0000	0.0000
0.4424	0.4241	0.0000	0.0000
0.4434	0.4253	0.0000	0.0000
0.4444	0.4265	0.0000	0.0000
0.4454	0.4278	0.0000	0.0000
0.4464	0.4290	0.0000	0.0000
0.4474	0.4303	0.0000	0.0000
0.4484	0.4315	0.0000	0.0000
0.4494	0.4328	0.0000	0.0000
0.4505	0.4341	0.0000	0.0000
0.4515	0.4353	0.0000	0.0000
0.4525	0.4366	0.0000	0.0000
0.4535	0.4379	0.0000	0.0000
0.4545	0.4391	0.0000	0.0000
0.4555	0.4404	0.0000	0.0000
0.4565	0.4417	0.0000	0.0000
0.4575	0.4430	0.0000	0.0000
0.4585	0.4443	0.0000	0.0000
0.4595	0.4456	0.0000	0.0000
0.4605	0.4469	0.0000	0.0000
0.4615	0.4481	0.0000	0.0000
0.4625	0.4494	0.0000	0.0000
0.4635	0.4508	0.0000	0.0000
0.4645	0.4521	0.0000	0.0000
0.4655	0.4534	0.0000	0.0000
0.4665	0.4547	0.0000	0.0000
0.4675	0.4560	0.0000	0.0000
0.4685	0.4573	0.0000	0.0000
0.4695	0.4586	0.0000	0.0000
0.4705	0.4600	0.0000	0.0000
0.4715	0.4613	0.0000	0.0000
0.4725	0.4626	0.0000	0.0000
0.4735	0.4640	0.0000	0.0000
0.4745	0.4653	0.0000	0.0000
0.4755	0.4667	0.0000	0.0000
0.4765	0.4680	0.0000	0.0000
0.4775	0.4694	0.0000	0.0000
0.4785	0.4707	0.0000	0.0000
0.4795	0.4721	0.0000	0.0000
0.4805	0.4734	0.0000	0.0000
0.4815	0.4748	0.0000	0.0000
0.4825	0.4762	0.0000	0.0000
0.4835	0.4775	0.0000	0.0000
0.4845	0.4789	0.0000	0.0000
0.4855	0.4803	0.0000	0.0000
0.4865	0.4817	0.0000	0.0000
0.4875	0.4831	0.0000	0.0000
0.4885	0.4845	0.0000	0.0000
0.4895	0.4859	0.0000	0.0000
0.4905	0.4873	0.0000	0.0000
0.4915	0.4887	0.0000	0.0000
0.4925	0.4901	0.0000	0.0000
0.4935	0.4915	0.0000	0.0000
0.4945	0.4929	0.0000	0.0000
0.4955	0.4943	0.0000	0.0000
0.4965	0.4957	0.0000	0.0000
0.4975	0.4972	0.0000	0.0000
0.4985	0.4986	0.0000	0.0000
0.4995	0.5000	0.0000	0.0000
0.5005	0.5019	0.0000	0.0000
0.5015	0.5041	0.0000	0.0000
0.5025	0.5063	0.0000	0.0000
0.5035	0.5085	0.0000	0.0000
0.5045	0.5107	0.0000	0.0000
0.5055	0.5129	0.0000	0.0000
0.5065	0.5151	0.0000	0.0000
0.5075	0.5172	0.0000	0.0000
0.5085	0.5194	0.0000	0.0000
0.5095	0.5215	0.0000	0.0000
0.5105	0.5237	0.0000	0.0000
0.5115	0.5258	0.0000	0.0000
0.5125	0.5279	0.0000	0.0000
0.5135	0.5300	0.0000	0.0000
0.5145	0.5321	0.0000	0.0000
0.5155	0.5342	0.0000	0.0000
0.5165	0.5363	0.0000	0.0000
0.5175	0.5383	0.0000	0.0000
0.5185	0.5404	0.0000	0.0000
0.5195	0.5424	0.0000	0.0000
0.5205	0.5445	0.0000	0.0000
0.5215	0.5465	0.0000	0.0000
0.5225	0.5485	0.0000	0.0000
0.5235	0.5505	0.0000	0.0000
0.5245	0.5525	0.0000	0.0000
0.5255	0.5545	0.0000	0.0000
0.5265	0.5565	0.0000	0.0000
0.5275	0.5584	0.0000	0.0000
0.5285	0.5604	0.0000	0.0000
0.5295	0.5624	0.0000	0.0000
0.5305	0.5643	0.0000	0.0000
0.5315	0.5662	0.0000	0.0000
0.5325	0.5682	0.0000	0.0000
0.5335	0.5701	0.0000	0.0000
0.5345	0.5720	0.0000	0.0000
0.5355	0.5739	0.0000	0.0000
0.5365	0.5758	0.0000	0.0000
0.5375	0.5777	0.0000	0.0000
0.5385	0.5796	0.0000	0.0000
0.5395	0.5814	0.0000	0.0000
0.5405	0.5833	0.0000	0.0000
0.5415	0.5851	0.0000	0.0000
0.5425	0.5870	0.0000	0.0000
0.5435	0.5888	0.0000	0.0000
0.5445	0.5906	0.0000	0.0000
0.5455	0.5925	0.0000	0.0000
0.5465	0.5943	0.0000	0.0000
0.5475	0.5961	0.0000	0.0000
0.5485	0.5979	0.0000	0.0000
0.5495	0.5996	0.0000	0.0000
0.5506	0.6014	0.0000	0.0000
0.5516	0.6032	0.0000	0.0000
0.5526	0.6050	0.0000	0.0000
0.5536	0.6067	0.0000	0.0000
0.5546	0.6085	0.0000	0.0000
0.5556	0.6102	0.0000	0.0000
0.5566	0.6119	0.0000	0.0000
0.5576	0.6137	0.0000	0.0000
0.5586	0.6154	0.0000	0.0000
0.5596	0.6171	0.0000	0.0000
0.5606	0.6188	0.0000	0.0000
0.5616	0.6205	0.0000	0.0000
0.5626	0.6222	0.0000	0.0000
0.5636	0.6238	0.0000	0.0000
0.5646	0.6255	0.0000	0.0000
0.5656	0.6272	0.0000	0.0000
0.5666	0.6288	0.0000	0.0000
0.5676	0.6305	0.0000	0.0000
0.5686	0.6321	0.0000	0.0000
0.5696	0.6338	0.0000	0.0000
0.5706	0.6354	0.0000	0.0000
0.5716	0.6370	0.0000	0.0000
0.5726	0.6386	0.0000	0.0000
0.5736	0.6402	0.0000	0.0000
0.5746	0.6418	0.0000	0.0000
0.5756	0.6434	0.0000	0.0000
0.5766	0.6450	0.0000	0.0000
0.5776	0.6466	0.0000	0.0000
0.5786	0.6482	0.0000	0.0000
0.5796	0.6497	0.0000	0.0000
0.5806	0.6513	0.0000	0.0000
0.5816	0.6529	0.0000	0.0000
0.5826	0.6544	0.0000	0.0000
0.5836	0.6559	0.0000	0.0000
0.5846	0.6575	0.0000	0.0000
0.5856	0.6590	0.0000	0.0000
0.5866	0.6605	0.0000	0.0000
0.5876	0.6620	0.0000	0.0000
0.5886	0.6635	0.0000	0.0000
0.5896	0.6650	0.0000	0.0000
0.5906	0.6665	0.0000	0.0000
0.5916	0.6680	0.0000	0.0000
0.5926	0.6695	0.0000	0.0000
0.5936	0.6710	0.0000	0.0000
0.5946	0.6725	0.0000	0.0000
0.5956	0.6739	0.0000	0.0000
0.5966	0.6754	0.0000	0.0000
0.5976	0.6768	0.0000	0.0000
0.5986	0.6783	0.0000	0.0000
0.5996	0.6797	0.0000	0.0000
0.6006	0.6811	0.0000	0.0000
0.6016	0.6826	0.0000	0.0000
0.6026	0.6840	0.0000	0.0000
0.6036	0.6854	0.0000	0.0000
0.6046	0.6868	0.0000	0.0000
0.6056	0.6882	0.0000	0.0000
0.6066	0.6896	0.0000	0.0000
0.6076	0.6910	0.0000	0.0000
0.6086	0.6924	0.0000	0.0000
0.6096	0.6938	0.0000	0.0000
0.6106	0.6952	0.0000	0.0000
0.6116	0.6965	0.0000	0.0000
0.6126	0.6979	0.0000	0.0000
0.6136	0.6992	0.0000	0.0000
0.6146	0.7006	0.0000	0.0000
0.6156	0.7019	0.0000	0.0000
0.6166	0.7033	0.0000	0.0000
0.6176	0.7046	0.0000	0.0000
0.6186	0.7059	0.0000	0.0000
0.6196	0.7073	0.0000	0.0000
0.6206	0.7086	0.0000	0.0000
0.6216	0.7099	0.0000	0.0000
0.6226	0.7112	0.0000	0.0000
0.6236	0.7125	0.0000	0.0000
0.6246	0.7138	0.0000	0.0000
0.6256	0.7151	0.0000	0.0000
0.6266	0.7164	0.0000	0.0000
0.6276	0.7177	0.0000	0.0000
0.6286	0.7189	0.0000	0.0000
0.6296	0.7202	0.0000	0.0000
0.6306	0.7215	0.0000	0.0000
0.6316	0.7227	0.0000	0.0000
0.6326	0.7240	0.0000	0.0000
0.6336	0.7252	0.0000	0.0000
0.6346	0.7265	0.0000	0.0000
0.6356	0.7277	0.0000	0.0000
0.6366	0.7290	0.0000	0.0000
0.6376	0.7302	0.0000	0.0000
0.6386	0.7314	0.0000	0.0000
0.6396	0.7326	0.0000	0.0000
0.6406	0.7338	0.0000	0.0000
0.6416	0.7351	0.0000	0.0000
0.6426	0.7363	0.0000	0.0000
0.6436	0.7375	0.0000	0.0000
0.6446	0.7387	0.0000	0.0000
0.6456	0.7398	0.0000	0.0000
0.6466	0.7410	0.0000	0.0000
0.6476	0.7422	0.0000	0.0000
0.6486	0.7434	0.0000	0.0000
0.6496	0.7446	0.0000	0.0000
0.6507	0.7457	0.0000	0.0000
0.6517	0.7469	0.0000	0.0000
0.6527	0.7480	0.0000	0.0000
0.6537	0.7492	0.0000	0.0000
0.6547	0.7503	0.0000	0.0000
0.6557	0.7515	0.0000	0.0000
0.6567	0.7526	0.0000	0.0000
0.6577	0.7538	0.0000	0.0000
0.6587	0.7549	0.0000	0.0000
0.6597	0.7560	0.0000	0.0000
0.6607	0.7571	0.0000	0.0000
0.6617	0.7582	0.0000	0.0000
0.6627	0.7594	0.0000	0.0000
0.6637	0.7605	0.0000	0.0000
0.6647	0.7616	0.0000	0.0000
0.6657	0.7627	0.0000	0.0000
0.6667	0.7638	0.0000	0.0000
0.6677	0.7648	0.0000	0.0000
0.6687	0.7659	0.0000	0.0000
0.6697	0.7670	0.0000	0.0000
0.6707	0.7681	0.0000	0.0000
0.6717	0.7692	0.0000	0.0000
0.6727	0.7702	0.0000	0.0000
0.6737	0.7713	0.0000	0.0000
0.6747	0.7724	0.0000	0.0000
0.6757	0.7734	0.0000	0.0000
0.6767	0.7745	0.0000	0.0000
0.6777	0.7755	0.0000	0.0000
0.6787	0.7765	0.0000	0.0000
0.6797	0.7776	0.0000	0.0000
0.6807	0.7786	0.0000	0.0000
0.6817	0.7797	0.0000	0.0000
0.6827	0.7807	0.0000	0.0000
0.6837	0.7817	0.0000	0.0000
0.6847	0.7827	0.0000	0.0000
0.6857	0.7837	0.0000	0.0000
0.6867	0.7847	0.0000	0.0000
0.6877	0.7857	0.0000	0.0000
0.6887	0.7868	0.0000	0.0000
0.6897	0.7878	0.0000	0.0000
0.6907	0.7887	0.0000	0.0000
0.6917	0.7897	0.0000	0.0000
0.6927	0.7907	0.0000	0.0000
0.6937	0.7917	0.0000	0.0000
0.6947	0.7927	0.0000	0.0000
0.6957	0.7937	0.0000	0.0000
0.6967	0.7946	0.0000	0.0000
0.6977	0.7956	0.0000	0.0000
0.6987	0.7966	0.0000	0.0000
0.6997	0.7975	0.0000	0.0000
0.7007	0.7985	0.0000	0.0000
0.7017	0.7994	0.0000	0.0000
0.7027	0.8004	0.0000	0.0000
0.7037	0.8013	0.0000	0.0000
0.7047	0.8023	0.0000	0.0000
0.7057	0.8032	0.0000	0.0000
0.7067	0.8041	0.0000	0.0000
0.7077	0.8051	0.0000	0.0000
0.7087	0.8060	0.0000	0.0000
0.7097	0.8069	0.0000	0.0000
0.7107	0.8078	0.0000	0.0000
0.7117	0.8088	0.0000	0.0000
0.7127	0.8097	0.0000	0.0000
0.7137	0.8106	0.0000	0.0000
0.7147	0.8115	0.0000	0.0000
0.7157	0.8124	0.0000	0.0000
0.7167	0.8133	0.0000	0.0000
0.7177	0.8142	0.0000	0.0000
0.7187	0.8151	0.0000	0.0000
0.7197	0.8160	0.0000	0.0000
0.7207	0.8169	0.0000	0.0000
0.7217	0.8177	0.0000	0.0000
0.7227	0.8186	0.0000	0.0000
0.7237	0.8195	0.0000	0.0000
0.7247	0.8204	0.0000	0.0000
0.7257	0.8212	0.0000	0.0000
0.7267	0.8221	0.0000	0.0000
0.7277	0.8230	0.0000	0.0000
0.7287	0.8238	0.0000	0.0000
0.7297	0.8247	0.0000	0.0000
0.7307	0.8255	0.0000	0.0000
0.7317	0.8264	0.0000	0.0000
0.7327	0.8272	0.0000	0.0000
0.7337	0.8281	0.0000	0.0000
0.7347	0.8289	0.0000	0.0000
0.7357	0.8297	0.0000	0.0000
0.7367	0.8306	0.0000	0.0000
0.7377	0.8314	0.0000	0.0000
0.7387	0.8322	0.0000	0.0000
0.7397	0.8330	0.0000	0.0000
0.7407	0.8339	0.0000	0.0000
0.7417	0.8347	0.0000	0.0000
0.7427	0.8355	0.0000	0.0000
0.7437	0.8363	0.0000	0.0000
0.7447	0.8371	0.0000	0.0000
0.7457	0.8379	0.0000	0.0000
0.7467	0.8387	0.0000	0.0000
0.7477	0.8395	0.0000	0.0000
0.7487	0.8403	0.0000	0.0000
0.7497	0.8411	0.0000	0.0000
0.7508	0.8419	0.0000	0.0000
0.7518	0.8427	0.0000	0.0000
0.7528	0.8435	0.0000	0.0000
0.7538	0.8442	0.0000	0.0000
0.7548	0.8450	0.0000	0.0000
0.7558	0.8458	0.0000	0.0000
0.7568	0.8466	0.0000	0.0000
0.7578	0.8473	0.0000	0.0000
0.7588	0.8481	0.0000	0.0000
0.7598	0.8489	0.0000	0.0000
0.7608	0.8496	0.0000	0.0000
0.7618	0.8504	0.0000	0.0000
0.7628	0.8511	0.0000	0.0000
0.7638	0.8519	0.0000	0.0000
0.7648	0.8526	0.0000	0.0000
0.7658	0.8534	0.0000	0.0000
0.7668	0.8541	0.0000	0.0000
0.7678	0.8549	0.0000	0.0000
0.7688	0.8556	0.0000	0.0000
0.7698	0.8563	0.0000	0.0000
0.7708	0.8571	0.0000	0.0000
0.7718	0.8578	0.0000	0.0000
0.7728	0.8585	0.0000	0.0000
0.7738	0.8592	0.0000	0.0000
0.7748	0.8600	0.0000	0.0000
0.7758	0.8607	0.0000	0.0000
0.7768	0.8614	0.0000	0.0000
0.7778	0.8621	0.0000	0.0000
0.7788	0.8628	0.0000	0.0000
0.7798	0.8635	0.0000	0.0000
0.7808	0.8642	0.0000	0.0000
0.7818	0.8649	0.0000	0.0000
0.7828	0.8656	0.0000	0.0000
0.7838	0.8663	0.0000	0.0000
0.7848	0.8670	0.0000	0.0000
0.7858	0.8677	0.0000	0.0000
0.7868	0.8684	0.0000	0.0000
0.7878	0.8691	0.0000	0.0000
0.7888	0.8698	0.0000	0.0000
0.7898	0.8705	0.0000	0.0000
0.7908	0.8711	0.0000	0.0000
0.7918	0.8718	0.0000	0.0000
0.7928	0.8725	0.0000	0.0000
0.7938	0.8732	0.0000	0.0000
0.7948	0.8738	0.0000	0.0000
0.7958	0.8745	0.0000	0.0000
0.7968	0.8752	0.0000	0.0000
0.7978	0.8758	0.0000	0.0000
0.7988	0.8765	0.0000	0.0000
0.7998	0.8771	0.0000	0.0000
0.8008	0.8778	0.0000	0.0000
0.8018	0.8784	0.0000	0.0000
0.8028	0.8791	0.0000	0.0000
0.8038	0.8797	0.0000	0.0000
0.8048	0.8804	0.0000	0.0000
0.8058	0.8810	0.0000	0.0000
0.8068	0.8817	0.0000	0.0000
0.8078	0.8823	0.0000	0.0000
0.8088	0.8829	0.0000	0.0000
0.8098	0.8836	0.0000	0.0000
0.8108	0.8842	0.0000	0.0000
0.8118	0.8848	0.0000	0.0000
0.8128	0.8854	0.0000	0.0000
0.8138	0.8861	0.0000	0.0000
0.8148	0.8867	0.0000	0.0000
0.8158	0.8873	0.0000	0.0000
0.8168	0.8879	0.0000	0.0000
0.8178	0.8885	0.0000	0.0000
0.8188	0.8892	0.0000	0.0000
0.8198	0.8898	0.0000	0.0000
0.8208	0.8904	0.0000	0.0000
0.8218	0.8910	0.0000	0.0000
0.8228	0.8916	0.0000	0.0000
0.8238	0.8922	0.0000	0.0000
0.8248	0.8928	0.0000	0.0000
0.8258	0.8934	0.0000	0.0000
0.8268	0.8940	0.0000	0.0000
0.8278	0.8946	0.0000	0.0000
0.8288	0.8951	0.0000	0.0000
0.8298	0.8957	0.0000	0.0000
0.8308	0.8963	0.0000	0.0000
0.8318	0.8969	0.0000	0.0000
0.8328	0.8975	0.0000	0.0000
0.8338	0.8981	0.0000	0.0000
0.8348	0.8986	0.0000	0.0000
0.8358	0.8992	0.0000	0.0000
0.8368	0.8998	0.0000	0.0000
0.8378	0.9004	0.0000	0.0000
0.8388	0.9009	0.0000	0.0000
0.8398	0.9015	0.0000	0.0000
0.8408	0.9021	0.0000	0.0000
0.8418	0.9026	0.0000	0.0000
0.8428	0.9032	0.0000	0.0000
0.8438	0.9037	0.0000	0.0000
0.8448	0.9043	0.0000	0.0000
0.8458	0.9049	0.0000	0.0000
0.8468	0.9054	0.0000	0.0000
0.8478	0.9060	0.0000	0.0000
0.8488	0.9065	0.0000	0.0000
0.8498	0.9070	0.0000	0.0000
0.8509	0.9076	0.0000	0.0000
0.8519	0.9081	0.0000	0.0000
0.8529	0.9087	0.0000	0.0000
0.8539	0.9092	0.0000	0.0000
0.8549	0.9098	0.0000	0.0000
0.8559	0.9103	0.0000	0.0000
0.8569	0.9108	0.0000	0.0000
0.8579	0.9114	0.0000	0.0000
0.8589	0.9119	0.0000	0.0000
0.8599	0.9124	0.0000	0.0000
0.8609	0.9129	0.0000	0.0000
0.8619	0.9135	0.0000	0.0000
0.8629	0.9140	0.0000	0.0000
0.8639	0.9145	0.0000	0.0000
0.8649	0.9150	0.0000	0.0000
0.8659	0.9155	0.0000	0.0000
0.8669	0.9160	0.0000	0.0000
0.8679	0.9166	0.0000	0.0000
0.8689	0.9171	0.0000	0.0000
0.8699	0.9176	0.0000	0.0000
0.8709	0.9181	0.0000	0.0000
0.8719	0.9186	0.0000	0.0000
0.8729	0.9191	0.0000	0.0000
0.8739	0.9196	0.0000	0.0000
0.8749	0.9201	0.0000	0.0000
0.8759	0.9206	0.0000	0.0000
0.8769	0.9211	0.0000	0.0000
0.8779	0.9216	0.0000	0.0000
0.8789	0.9221	0.0000	0.0000
0.8799	0.9226	0.0000	0.0000
0.8809	0.9230	0.0000	0.0000
0.8819	0.9235	0.0000	0.0000
0.8829	0.9240	0.0000	0.0000
0.8839	0.9245	0.0000	0.0000
0.8849	0.9250	0.0000	0.0000
0.8859	0.9255	0.0000	0.0000
0.8869	0.9259	0.0000	0.0000
0.8879	0.9264	0.0000	0.0000
0.8889	0.9269	0.0000	0.0000
0.8899	0.9274	0.0000	0.0000
0.8909	0.9278	0.0000	0.0000
0.8919	0.9283	0.0000	0.0000
0.8929	0.9288	0.0000	0.0000
0.8939	0.9292	0.0000	0.0000
0.8949	0.9297	0.0000	0.0000
0.8959	0.9302	0.0000	0.0000
0.8969	0.9306	0.0000	0.0000
0.8979	0.9311	0.0000	0.0000
0.8989	0.9315	0.0000	0.0000
0.8999	0.9320	0.0000	0.0000
0.9009	0.9325	0.0000	0.0000
0.9019	0.9329	0.0000	0.0000
0.9029	0.9334	0.0000	0.0000
0.9039	0.9338	0.0000	0.0000
0.9049	0.9343	0.0000	0.0000
0.9059	0.9347	0.0000	0.0000
0.9069	0.9352	0.0000	0.0000
0.9079	0.9356	0.0000	0.0000
0.9089	0.9360	0.0000	0.0000
0.9099	0.9365	0.0000	0.0000
0.9109	0.9369	0.0000	0.0000
0.9119	0.9374	0.0000	0.0000
0.9129	0.9378	0.0000	0.0000
0.9139	0.9382	0.0000	0.0000
0.9149	0.9387	0.0000	0.0000
0.9159	0.9391	0.0000	0.0000
0.9169	0.9395	0.0000	0.0000
0.9179	0.9400	0.0000	0.0000
0.9189	0.9404	0.0000	0.0000
0.9199	0.9408	0.0000	0.0000
0.9209	0.9412	0.0000	0.0000
0.9219	0.9417	0.0000	0.0000
0.9229	0.9421	0.0000	0.0000
0.9239	0.9425	0.0000	0.0000
0.9249	0.9429	0.0000	0.0000
0.9259	0.9433	0.0000	0.0000
0.9269	0.9438	0.0000	0.0000
0.9279	0.9442	0.0000	0.0000
0.9289	0.9446	0.0000	0.0000
0.9299	0.9450	0.0000	0.0000
0.9309	0.9454	0.0000	0.0000
0.9319	0.9458	0.0000	0.0000
0.9329	0.9462	0.0000	0.0000
0.9339	0.9466	0.0000	0.0000
0.9349	0.9470	0.0000	0.0000
0.9359	0.9474	0.0000	0.0000
0.9369	0.9478	0.0000	0.0000
0.9379	0.9482	0.0000	0.0000
0.9389	0.9486	0.0000	0.0000
0.9399	0.9490	0.0000	0.0000
0.9409	0.9494	0.0000	0.0000
0.9419	0.9498	0.0000	0.0000
0.9429	0.9502	0.0000	0.0000
0.9439	0.9506	0.0000	0.0000
0.9449	0.9510	0.0000	0.0000
0.9459	0.9514	0.0000	0.0000
0.9469	0.9518	0.0000	0.0000
0.9479	0.9522	0.0000	0.0000
0.9489	0.9526	0.0000	0.0000
0.9499	0.9529	0.0000	0.0000
0.9510	0.9533	0.0000	0.0000
0.9520	0.9537	0.0000	0.0000
0.9530	0.9541	0.0000	0.0000
0.9540	0.9545	0.0000	0.0000
0.9550	0.9548	0.0000	0.0000
0.9560	0.9552	0.0000	0.0000
0.9570	0.9556	0.0000	0.0000
0.9580	0.9560	0.0000	0.0000
0.9590	0.9563	0.0000	0.0000
0.9600	0.9567	0.0000	0.0000
0.9610	0.9571	0.0000	0.0000
0.9620	0.9575	0.0000	0.0000
0.9630	0.9578	0.0000	0.0000
0.9640	0.9582	0.0000	0.0000
0.9650	0.9586	0.0000	0.0000
0.9660	0.9589	0.0000	0.0000
0.9670	0.9593	0.0000	0.0000
0.9680	0.9596	0.0000	0.0000
0.9690	0.9600	0.0000	0.0000
0.9700	0.9604	0.0000	0.0000
0.9710	0.9607	0.0000	0.0000
0.9720	0.9611	0.0000	0.0000
0.9730	0.9614	0.0000	0.0000
0.9740	0.9618	0.0000	0.0000
0.9750	0.9622	0.0000	0.0000
0.9760	0.9625	0.0000	0.0000
0.9770	0.9629	0.0000	0.0000
0.9780	0.9632	0.0000	0.0000
0.9790	0.9636	0.0000	0.0000
0.9800	0.9639	0.0000	0.0000
0.9810	0.9643	0.0000	0.0000
0.9820	0.9646	0.0000	0.0000
0.9830	0.9650	0.0000	0.0000
0.9840	0.9653	0.0000	0.0000
0.9850	0.9656	0.0000	0.0000
0.9860	0.9660	0.0000	0.0000
0.9870	0.9663	0.0000	0.0000
0.9880	0.9667	0.0000	0.0000
0.9890	0.9670	0.0000	0.0000
0.9900	0.9673	0.0000	0.0000
0.9910	0.9677	0.0000	0.0000
0.9920	0.9680	0.0000	0.0000
0.9930	0.9684	0.0000	0.0000
0.9940	0.9687	0.0000	0.0000
0.9950	0.9690	0.0000	0.0000
0.9960	0.9694	0.0000	0.0000
0.9970	0.9697	0.0000	0.0000
0.9980	0.9700	0.0000	0.0000
0.9990	0.9704	0.0000	0.0000
1.0000	0.9707	0.0000	0.0000
0.1161
0.4985
0.9550
