0.0000	0.0338	0.0000	0.0000
0.0010	0.0346	0.0000	0.0000
0.0020	0.0353	0.0000	0.0000
0.0030	0.0360	0.0000	0.0000
0.0040	0.0368	0.0000	0.0000
0.0050	0.0375	0.0000	0.0000
0.0060	0.0382	0.0000	0.0000
0.0070	0.0390	0.0000	0.0000
0.0080	0.0397	0.0000	0.0000
0.0090	0.0404	0.0000	0.0000
0.0100	0.0412	0.0000	0.0000
0.0110	0.0419	0.0000	0.0000
0.0120	0.0426	0.0000	0.0000
0.0130	0.0434	0.0000	0.0000
0.0140	0.0441	0.0000	0.0000
0.0150	0.0448	0.0000	0.0000
0.0160	0.0456	0.0000	0.0000
0.0170	0.0463	0.0000	0.0000
0.0180	0.0470	0.0000	0.0000
0.0190	0.0478	0.0000	0.0000
0.0200	0.0485	0.0000	0.0000
0.0210	0.0493	0.0000	0.0000
0.0220	0.0500	0.0000	0.0000
0.0230	0.0507	0.0000	0.0000
0.0240	0.0515	0.0000	0.0000
0.0250	0.0522	0.0000	0.0000
0.0260	0.0529	0.0000	0.0000
0.0270	0.0537	0.0000	0.0000
0.0280	0.0544	0.0000	0.0000
0.0290	0.0551	0.0000	0.0000
0.0300	0.0559	0.0000	0.0000
0.0310	0.0566	0.0000	0.0000
0.0320	0.0574	0.0000	0.0000
0.0330	0.0581	0.0000	0.0000
0.0340	0.0588	0.0000	0.0000
0.0350	0.0596	0.0000	0.0000
0.0360	0.0603	0.0000	0.0000
0.0370	0.0611	0.0000	0.0000
0.0380	0.0618	0.0000	0.0000
0.0390	0.0625	0.0000	0.0000
0.0400	0.0633	0.0000	0.0000
0.0410	0.0640	0.0000	0.0000
0.0420	0.0648	0.0000	0.0000
0.0430	0.0655	0.0000	0.0000
0.0440	0.0662	0.0000	0.0000
0.0450	0.0670	0.0000	0.0000
0.0460	0.0677	0.0000	0.0000
0.0470	0.0685	0.0000	0.0000
0.0480	0.0692	0.0000	0.0000
0.0490	0.0700	0.0000	0.0000
0.0501	0.0707	0.0000	0.0000
0.0511	0.0714	0.0000	0.0000
0.0521	0.0722	0.0000	0.0000
0.0531	0.0729	0.0000	0.0000
0.0541	0.0737	0.0000	0.0000
0.0551	0.0744	0.0000	0.0000
0.0561	0.0752	0.0000	0.0000
0.0571	0.0759	0.0000	0.0000
0.0581	0.0767	0.0000	0.0000
0.0591	0.0774	0.0000	0.0000
0.0601	0.0781	0.0000	0.0000
0.0611	0.0789	0.0000	0.0000
0.0621	0.0796	0.0000	0.0000
0.0631	0.0804	0.0000	0.0000
0.0641	0.0811	0.0000	0.0000
0.0651	0.0819	0.0000	0.0000
0.0661	0.0826	0.0000	0.0000
0.0671	0.0834	0.0000	0.0000
0.0681	0.0841	0.0000	0.0000
0.0691	0.0849	0.0000	0.0000
0.0701	0.0856	0.0000	0.0000
0.0711	0.0864	0.0000	0.0000
0.0721	0.0871	0.0000	0.0000
0.0731	0.0879	0.0000	0.0000
0.0741	0.0886	0.0000	0.0000
0.0751	0.0894	0.0000	0.0000
0.0761	0.0901	0.0000	0.0000
0.0771	0.0909	0.0000	0.0000
0.0781	0.0917	0.0000	0.0000
0.0791	0.0924	0.0000	0.0000
0.0801	0.0932	0.0000	0.0000
0.0811	0.0939	0.0000	0.0000
0.0821	0.0947	0.0000	0.0000
0.0831	0.0954	0.0000	0.0000
0.0841	0.0962	0.0000	0.0000
0.0851	0.0969	0.0000	0.0000
0.0861	0.0977	0.0000	0.0000
0.0871	0.0985	0.0000	0.0000
0.0881	0.0992	0.0000	0.0000
0.0891	0.1000	0.0000	0.0000
0.0901	0.1007	0.0000	0.0000
0.0911	0.1015	0.0000	0.0000
0.0921	0.1022	0.0000	0.0000
0.0931	0.1030	0.0000	0.0000
0.0941	0.1038	0.0000	0.0000
0.0951	0.1045	0.0000	0.0000
0.0961	0.1053	0.0000	0.0000
0.0971	0.1061	0.0000	0.0000
0.0981	0.1068	0.0000	0.0000
0.0991	0.1076	0.0000	0.0000
0.1001	0.1083	0.0000	0.0000
0.1011	0.1091	0.0000	0.0000
0.1021	0.1099	0.0000	0.0000
0.1031	0.1106	0.0000	0.0000
0.1041	0.1114	0.0000	0.0000
0.1051	0.1122	0.0000	0.0000
0.1061	0.1129	0.0000	0.0000
0.1071	0.1137	0.0000	0.0000
0.1081	0.1145	0.0000	0.0000
0.1091	0.1152	0.0000	0.0000
0.1101	0.1160	0.0000	0.0000
0.1111	0.1168	0.0000	0.0000
0.1121	0.1175	0.0000	0.0000
0.1131	0.1183	0.0000	0.0000
0.1141	0.1191	0.0000	0.0000
0.1151	0.1198	0.0000	0.0000
0.1161	0.1206	0.0000	0.0000
0.1171	0.1214	0.0000	0.0000
0.1181	0.1222	0.0000	0.0000
0.1191	0.1229	0.0000	0.0000
0.1201	0.1237	0.0000	0.0000
0.1211	0.1245	0.0000	0.0000
0.1221	0.1253	0.0000	0.0000
0.1231	0.1260	0.0000	0.0000
0.1241	0.1268	0.0000	0.0000
0.1251	0.1276	0.0000	0.0000
0.1261	0.1284	0.0000	0.0000
0.1271	0.1291	0.0000	0.0000
0.1281	0.1299	0.0000	0.0000
0.1291	0.1307	0.0000	0.0000
0.1301	0.1315	0.0000	0.0000
0.1311	0.1323	0.0000	0.0000
0.1321	0.1330	0.0000	0.0000
0.1331	0.1338	0.0000	0.0000
0.1341	0.1346	0.0000	0.0000
0.1351	0.1354	0.0000	0.0000
0.1361	0.1362	0.0000	0.0000
0.1371	0.1369	0.0000	0.0000
0.1381	0.1377	0.0000	0.0000
0.1391	0.1385	0.0000	0.0000
0.1401	0.1393	0.0000	0.0000
0.1411	0.1401	0.0000	0.0000
0.1421	0.1409	0.0000	0.0000
0.1431	0.1417	0.0000	0.0000
0.1441	0.1424	0.0000	0.0000
0.1451	0.1432	0.0000	0.0000
0.1461	0.1440	0.0000	0.0000
0.1471	0.1448	0.0000	0.0000
0.1481	0.1456	0.0000	0.0000
0.1491	0.1464	0.0000	0.0000
0.1502	0.1472	0.0000	0.0000
0.1512	0.1480	0.0000	0.0000
0.1522	0.1488	0.0000	0.0000
0.1532	0.1496	0.0000	0.0000
0.1542	0.1503	0.0000	0.0000
0.1552	0.1511	0.0000	0.0000
0.1562	0.1519	0.0000	0.0000
0.1572	0.1527	0.0000	0.0000
0.1582	0.1535	0.0000	0.0000
0.1592	0.1543	0.0000	0.0000
0.1602	0.1551	0.0000	0.0000
0.1612	0.1559	0.0000	0.0000
0.1622	0.1567	0.0000	0.0000
0.1632	0.1575	0.0000	0.0000
0.1642	0.1583	0.0000	0.0000
0.1652	0.1591	0.0000	0.0000
0.1662	0.1599	0.0000	0.0000
0.1672	0.1607	0.0000	0.0000
0.1682	0.1615	0.0000	0.0000
0.1692	0.1623	0.0000	0.0000
0.1702	0.1631	0.0000	0.0000
0.1712	0.1639	0.0000	0.0000
0.1722	0.1647	0.0000	0.0000
0.1732	0.1656	0.0000	0.0000
0.1742	0.1664	0.0000	0.0000
0.1752	0.1672	0.0000	0.0000
0.1762	0.1680	0.0000	0.0000
0.1772	0.1688	0.0000	0.0000
0.1782	0.1696	0.0000	0.0000
0.1792	0.1704	0.0000	0.0000
0.1802	0.1712	0.0000	0.0000
0.1812	0.1720	0.0000	0.0000
0.1822	0.1728	0.0000	0.0000
0.1832	0.1737	0.0000	0.0000
0.1842	0.1745	0.0000	0.0000
0.1852	0.1753	0.0000	0.0000
0.1862	0.1761	0.0000	0.0000
0.1872	0.1769	0.0000	0.0000
0.1882	0.1777	0.0000	0.0000
0.1892	0.1786	0.0000	0.0000
0.1902	0.1794	0.0000	0.0000
0.1912	0.1802	0.0000	0.0000
0.1922	0.1810	0.0000	0.0000
0.1932	0.1818	0.0000	0.0000
0.1942	0.1827	0.0000	0.0000
0.1952	0.1835	0.0000	0.0000
0.1962	0.1843	0.0000	0.0000
0.1972	0.1851	0.0000	0.0000
0.1982	0.1860	0.0000	0.0000
0.1992	0.1868	0.0000	0.0000
0.2002	0.1876	0.0000	0.0000
0.2012	0.1884	0.0000	0.0000
0.2022	0.1893	0.0000	0.0000
0.2032	0.1901	0.0000	0.0000
0.2042	0.1909	0.0000	0.0000
0.2052	0.1918	0.0000	0.0000
0.2062	0.1926	0.0000	0.0000
0.2072	0.1934	0.0000	0.0000
0.2082	0.1943	0.0000	0.0000
0.2092	0.1951	0.0000	0.0000
0.2102	0.1959	0.0000	0.0000
0.2112	0.1968	0.0000	0.0000
0.2122	0.1976	0.0000	0.0000
0.2132	0.1984	0.0000	0.0000
0.2142	0.1993	0.0000	0.0000
0.2152	0.2001	0.0000	0.0000
0.2162	0.2010	0.0000	0.0000
0.2172	0.2018	0.0000	0.0000
0.2182	0.2026	0.0000	0.0000
0.2192	0.2035	0.0000	0.0000
0.2202	0.2043	0.0000	0.0000
0.2212	0.2052	0.0000	0.0000
0.2222	0.2060	0.0000	0.0000
0.2232	0.2069	0.0000	0.0000
0.2242	0.2077	0.0000	0.0000
0.2252	0.2086	0.0000	0.0000
0.2262	0.2094	0.0000	0.0000
0.2272	0.2103	0.0000	0.0000
0.2282	0.2111	0.0000	0.0000
0.2292	0.2120	0.0000	0.0000
0.2302	0.2128	0.0000	0.0000
0.2312	0.2137	0.0000	0.0000
0.2322	0.2145	0.0000	0.0000
0.2332	0.2154	0.0000	0.0000
0.2342	0.2163	0.0000	0.0000
0.2352	0.2171	0.0000	0.0000
0.2362	0.2180	0.0000	0.0000
0.2372	0.2188	0.0000	0.0000
0.2382	0.2197	0.0000	0.0000
0.2392	0.2206	0.0000	0.0000
0.2402	0.2214	0.0000	0.0000
0.2412	0.2223	0.0000	0.0000
0.2422	0.2232	0.0000	0.0000
0.2432	0.2240	0.0000	0.0000
0.2442	0.2249	0.0000	0.0000
0.2452	0.2258	0.0000	0.0000
0.2462	0.2266	0.0000	0.0000
0.2472	0.2275	0.0000	0.0000
0.2482	0.2284	0.0000	0.0000
0.2492	0.2292	0.0000	0.0000
0.2503	0.2301	0.0000	0.0000
0.2513	0.2310	0.0000	0.0000
0.2523	0.2319	0.0000	0.0000
0.2533	0.2328	0.0000	0.0000
0.2543	0.2336	0.0000	0.0000
0.2553	0.2345	0.0000	0.0000
0.2563	0.2354	0.0000	0.0000
0.2573	0.2363	0.0000	0.0000
0.2583	0.2372	0.0000	0.0000
0.2593	0.2380	0.0000	0.0000
0.2603	0.2389	0.0000	0.0000
0.2613	0.2398	0.0000	0.0000
0.2623	0.2407	0.0000	0.0000
0.2633	0.2416	0.0000	0.0000
0.2643	0.2425	0.0000	0.0000
0.2653	0.2434	0.0000	0.0000
0.2663	0.2443	0.0000	0.0000
0.2673	0.2451	0.0000	0.0000
0.2683	0.2460	0.0000	0.0000
0.2693	0.2469	0.0000	0.0000
0.2703	0.2478	0.0000	0.0000
0.2713	0.2487	0.0000	0.0000
0.2723	0.2496	0.0000	0.0000
0.2733	0.2505	0.0000	0.0000
0.2743	0.2514	0.0000	0.0000
0.2753	0.2523	0.0000	0.0000
0.2763	0.2532	0.0000	0.0000
0.2773	0.2541	0.0000	0.0000
0.2783	0.2550	0.0000	0.0000
0.2793	0.2560	0.0000	0.0000
0.2803	0.2569	0.0000	0.0000
0.2813	0.2578	0.0000	0.0000
0.2823	0.2587	0.0000	0.0000
0.2833	0.2596	0.0000	0.0000
0.2843	0.2605	0.0000	0.0000
0.2853	0.2614	0.0000	0.0000
0.2863	0.2623	0.0000	0.0000
0.2873	0.2633	0.0000	0.0000
0.2883	0.2642	0.0000	0.0000
0.2893	0.2651	0.0000	0.0000
0.2903	0.2660	0.0000	0.0000
0.2913	0.2669	0.0000	0.0000
0.2923	0.2679	0.0000	0.0000
0.2933	0.2688	0.0000	0.0000
0.2943	0.2697	0.0000	0.0000
0.2953	0.2706	0.0000	0.0000
0.2963	0.2716	0.0000	0.0000
0.2973	0.2725	0.0000	0.0000
0.2983	0.2734	0.0000	0.0000
0.2993	0.2744	0.0000	0.0000
0.3003	0.2753	0.0000	0.0000
0.3013	0.2762	0.0000	0.0000
0.3023	0.2772	0.0000	0.0000
0.3033	0.2781	0.0000	0.0000
0.3043	0.2790	0.0000	0.0000
0.3053	0.2800	0.0000	0.0000
0.3063	0.2809	0.0000	0.0000
0.3073	0.2819	0.0000	0.0000
0.3083	0.2828	0.0000	0.0000
0.3093	0.2838	0.0000	0.0000
0.3103	0.2847	0.0000	0.0000
0.3113	0.2857	0.0000	0.0000
0.3123	0.2866	0.0000	0.0000
0.3133	0.2876	0.0000	0.0000
0.3143	0.2885	0.0000	0.0000
0.3153	0.2895	0.0000	0.0000
0.3163	0.2904	0.0000	0.0000
0.3173	0.2914	0.0000	0.0000
0.3183	0.2923	0.0000	0.0000
0.3193	0.2933	0.0000	0.0000
0.3203	0.2943	0.0000	0.0000
0.3213	0.2952	0.0000	0.0000
0.3223	0.2962	0.0000	0.0000
0.3233	0.2972	0.0000	0.0000
0.3243	0.2981	0.0000	0.0000
0.3253	0.2991	0.0000	0.0000
0.3263	0.3001	0.0000	0.0000
0.3273	0.3010	0.0000	0.0000
0.3283	0.3020	0.0000	0.0000
0.3293	0.3030	0.0000	0.0000
0.3303	0.3040	0.0000	0.0000
0.3313	0.3050	0.0000	0.0000
0.3323	0.3059	0.0000	0.0000
0.3333	0.3069	0.0000	0.0000
0.3343	0.3079	0.0000	0.0000
0.3353	0.3089	0.0000	0.0000
0.3363	0.3099	0.0000	0.0000
0.3373	0.3109	0.0000	0.0000
0.3383	0.3119	0.0000	0.0000
0.3393	0.3128	0.0000	0.0000
0.3403	0.3138	0.0000	0.0000
0.3413	0.3148	0.0000	0.0000
0.3423	0.3158	0.0000	0.0000
0.3433	0.3168	0.0000	0.0000
0.3443	0.3178	0.0000	0.0000
0.3453	0.3188	0.0000	0.0000
0.3463	0.3198	0.0000	0.0000
0.3473	0.3208	0.0000	0.0000
0.3483	0.3219	0.0000	0.0000
0.3493	0.3229	0.0000	0.0000
0.3504	0.3239	0.0000	0.0000
0.3514	0.3249	0.0000	0.0000
0.3524	0.3259	0.0000	0.0000
0.3534	0.3269	0.0000	0.0000
0.3544	0.3279	0.0000	0.0000
0.3554	0.3290	0.0000	0.0000
0.3564	0.3300	0.0000	0.0000
0.3574	0.3310	0.0000	0.0000
0.3584	0.3320	0.0000	0.0000
0.3594	0.3330	0.0000	0.0000
0.3604	0.3341	0.0000	0.0000
0.3614	0.3351	0.0000	0.0000
0.3624	0.3361	0.0000	0.0000
0.3634	0.3372	0.0000	0.0000
0.3644	0.3382	0.0000	0.0000
0.3654	0.3392	0.0000	0.0000
0.3664	0.3403	0.0000	0.0000
0.3674	0.3413	0.0000	0.0000
0.3684	0.3424	0.0000	0.0000
0.3694	0.3434	0.0000	0.0000
0.3704	0.3445	0.0000	0.0000
0.3714	0.3455	0.0000	0.0000
0.3724	0.3466	0.0000	0.0000
0.3734	0.3476	0.0000	0.0000
0.3744	0.3487	0.0000	0.0000
0.3754	0.3497	0.0000	0.0000
0.3764	0.3508	0.0000	0.0000
0.3774	0.3519	0.0000	0.0000
0.3784	0.3529	0.0000	0.0000
0.3794	0.3540	0.0000	0.0000
0.3804	0.3551	0.0000	0.0000
0.3814	0.3561	0.0000	0.0000
0.3824	0.3572	0.0000	0.0000
0.3834	0.3583	0.0000	0.0000
0.3844	0.3593	0.0000	0.0000
0.3854	0.3604	0.0000	0.0000
0.3864	0.3615	0.0000	0.0000
0.3874	0.3626	0.0000	0.0000
0.3884	0.3637	0.0000	0.0000
0.3894	0.3647	0.0000	0.0000
0.3904	0.3658	0.0000	0.0000
0.3914	0.3669	0.0000	0.0000
0.3924	0.3680	0.0000	0.0000
0.3934	0.3691	0.0000	0.0000
0.3944	0.3702	0.0000	0.0000
0.3954	0.3713	0.0000	0.0000
0.3964	0.3724	0.0000	0.0000
0.3974	0.3735	0.0000	0.0000
0.3984	0.3746	0.0000	0.0000
0.3994	0.3757	0.0000	0.0000
0.4004	0.3768	0.0000	0.0000
0.4014	0.3780	0.0000	0.0000
0.4024	0.3791	0.0000	0.0000
0.4034	0.3802	0.0000	0.0000
0.4044	0.3813	0.0000	0.0000
0.4054	0.3824	0.0000	0.0000
0.4064	0.3836	0.0000	0.0000
0.4074	0.3847	0.0000	0.0000
0.4084	0.3858	0.0000	0.0000
0.4094	0.3869	0.0000	0.0000
0.4104	0.3881	0.0000	0.0000
0.4114	0.3892	0.0000	0.0000
0.4124	0.3903	0.0000	0.0000
0.4134	0.3915	0.0000	0.0000
0.4144	0.3926	0.0000	0.0000
0.4154	0.3938	0.0000	0.0000
0.4164	0.3949	0.0000	0.0000
0.4174	0.3961	0.0000	0.0000
0.4184	0.3972	0.0000	0.0000
0.4194	0.3984	0.0000	0.0000
0.4204	0.3995	0.0000	0.0000
0.4214	0.4007	0.0000	0.0000
0.4224	0.4019	0.0000	0.0000
0.4234	0.4030	0.0000	0.0000
0.4244	0.4042	0.0000	0.0000
0.4254	0.4054	0.0000	0.0000
0.4264	0.4065	0.0000	0.0000
0.4274	0.4077	0.0000	0.0000
0.4284	0.4089	0.0000	0.0000
0.4294	0.4101	0.0000	0.0000
0.4304	0.4113	0.0000	0.0000
0.4314	0.4125	0.0000	0.0000
0.4324	0.4136	0.0000	0.0000
0.4334	0.4148	0.0000	0.0000
0.4344	0.4160	0.0000	0.0000
0.4354	0.4172	0.0000	0.0000
0.4364	0.4184	0.0000	0.0000
0.4374	0.4196	0.0000	0.0000
0.4384	0.4208	0.0000	0.0000
0.4394	0.4220	0.0000	0.0000
0.4404	0.4233	0.0000	0.0000
0.4414	0.4245	0.0000	0.0000
0.4424	0.4257	0.0000	0.0000
0.4434	0.4269	0.0000	0.0000
0.4444	0.4281	0.0000	0.0000
0.4454	0.4294	0.0000	0.0000
0.4464	0.4306	0.0000	0.0000
0.4474	0.4318	0.0000	0.0000
0.4484	0.4331	0.0000	0.0000
0.4494	0.4343	0.0000	0.0000
0.4505	0.4355	0.0000	0.0000
0.4515	0.4368	0.0000	0.0000
0.4525	0.4380	0.0000	0.0000
0.4535	0.4393	0.0000	0.0000
0.4545	0.4405	0.0000	0.0000
0.4555	0.4418	0.0000	0.0000
0.4565	0.4430	0.0000	0.0000
0.4575	0.4443	0.0000	0.0000
0.4585	0.4456	0.0000	0.0000
0.4595	0.4468	0.0000	0.0000
0.4605	0.4481	0.0000	0.0000
0.4615	0.4494	0.0000	0.0000
0.4625	0.4507	0.0000	0.0000
0.4635	0.4519	0.0000	0.0000
0.4645	0.4532	0.0000	0.0000
0.4655	0.4545	0.0000	0.0000
0.4665	0.4558	0.0000	0.0000
0.4675	0.4571	0.0000	0.0000
0.4685	0.4584	0.0000	0.0000
0.4695	0.4597	0.0000	0.0000
0.4705	0.4610	0.0000	0.0000
0.4715	0.4623	0.0000	0.0000
0.4725	0.4636	0.0000	0.0000
0.4735	0.4649	0.0000	0.0000
0.4745	0.4663	0.0000	0.0000
0.4755	0.4676	0.0000	0.0000
0.4765	0.4689	0.0000	0.0000
0.4775	0.4702	0.0000	0.0000
0.4785	0.4716	0.0000	0.0000
0.4795	0.4729	0.0000	0.0000
0.4805	0.4742	0.0000	0.0000
0.4815	0.4756	0.0000	0.0000
0.4825	0.4769	0.0000	0.0000
0.4835	0.4783	0.0000	0.0000
0.4845	0.4796	0.0000	0.0000
0.4855	0.4810	0.0000	0.0000
0.4865	0.4824	0.0000	0.0000
0.4875	0.4837	0.0000	0.0000
0.4885	0.4851	0.0000	0.0000
0.4895	0.4865	0.0000	0.0000
0.4905	0.4878	0.0000	0.0000
0.4915	0.4892	0.0000	0.0000
0.4925	0.4906	0.0000	0.0000
0.4935	0.4920	0.0000	0.0000
0.4945	0.4934	0.0000	0.0000
0.4955	0.4948	0.0000	0.0000
0.4965	0.4962	0.0000	0.0000
0.4975	0.4976	0.0000	0.0000
0.4985	0.4990	0.0000	0.0000
0.4995	0.5004	0.0000	0.0000
0.5005	0.5022	0.0000	0.0000
0.5015	0.5044	0.0000	0.0000
0.5025	0.5066	0.0000	0.0000
0.5035	0.5088	0.0000	0.0000
0.5045	0.5110	0.0000	0.0000
0.5055	0.5131	0.0000	0.0000
0.5065	0.5153	0.0000	0.0000
0.5075	0.5174	0.0000	0.0000
0.5085	0.5195	0.0000	0.0000
0.5095	0.5216	0.0000	0.0000
0.5105	0.5237	0.0000	0.0000
0.5115	0.5258	0.0000	0.0000
0.5125	0.5279	0.0000	0.0000
0.5135	0.5300	0.0000	0.0000
0.5145	0.5321	0.0000	0.0000
0.5155	0.5341	0.0000	0.0000
0.5165	0.5362	0.0000	0.0000
0.5175	0.5382	0.0000	0.0000
0.5185	0.5403	0.0000	0.0000
0.5195	0.5423	0.0000	0.0000
0.5205	0.5443	0.0000	0.0000
0.5215	0.5463	0.0000	0.0000
0.5225	0.5483	0.0000	0.0000
0.5235	0.5503	0.0000	0.0000
0.5245	0.5522	0.0000	0.0000
0.5255	0.5542	0.0000	0.0000
0.5265	0.5562	0.0000	0.0000
0.5275	0.5581	0.0000	0.0000
0.5285	0.5601	0.0000	0.0000
0.5295	0.5620	0.0000	0.0000
0.5305	0.5639	0.0000	0.0000
0.5315	0.5658	0.0000	0.0000
0.5325	0.5677	0.0000	0.0000
0.5335	0.5696	0.0000	0.0000
0.5345	0.5715	0.0000	0.0000
0.5355	0.5734	0.0000	0.0000
0.5365	0.5753	0.0000	0.0000
0.5375	0.5771	0.0000	0.0000
0.5385	0.5790	0.0000	0.0000
0.5395	0.5808	0.0000	0.0000
0.5405	0.5826	0.0000	0.0000
0.5415	0.5845	0.0000	0.0000
0.5425	0.5863	0.0000	0.0000
0.5435	0.5881	0.0000	0.0000
0.5445	0.5899	0.0000	0.0000
0.5455	0.5917	0.0000	0.0000
0.5465	0.5935	0.0000	0.0000
0.5475	0.5953	0.0000	0.0000
0.5485	0.5971	0.0000	0.0000
0.5495	0.5988	0.0000	0.0000
0.5506	0.6006	0.0000	0.0000
0.5516	0.6023	0.0000	0.0000
0.5526	0.6041	0.0000	0.0000
0.5536	0.6058	0.0000	0.0000
0.5546	0.6075	0.0000	0.0000
0.5556	0.6092	0.0000	0.0000
0.5566	0.6109	0.0000	0.0000
0.5576	0.6127	0.0000	0.0000
0.5586	0.6143	0.0000	0.0000
0.5596	0.6160	0.0000	0.0000
0.5606	0.6177	0.0000	0.0000
0.5616	0.6194	0.0000	0.0000
0.5626	0.6211	0.0000	0.0000
0.5636	0.6227	0.0000	0.0000
0.5646	0.6244	0.0000	0.0000
0.5656	0.6260	0.0000	0.0000
0.5666	0.6276	0.0000	0.0000
0.5676	0.6293	0.0000	0.0000
0.5686	0.6309	0.0000	0.0000
0.5696	0.6325	0.0000	0.0000
0.5706	0.6341	0.0000	0.0000
0.5716	0.6357	0.0000	0.0000
0.5726	0.6373	0.0000	0.0000
0.5736	0.6389	0.0000	0.0000
0.5746	0.6405	0.0000	0.0000
0.5756	0.6421	0.0000	0.0000
0.5766	0.6436	0.0000	0.0000
0.5776	0.6452	0.0000	0.0000
0.5786	0.6467	0.0000	0.0000
0.5796	0.6483	0.0000	0.0000
0.5806	0.6498	0.0000	0.0000
0.5816	0.6514	0.0000	0.0000
0.5826	0.6529	0.0000	0.0000
0.5836	0.6544	0.0000	0.0000
0.5846	0.6559	0.0000	0.0000
0.5856	0.6574	0.0000	0.0000
0.5866	0.6589	0.0000	0.0000
0.5876	0.6604	0.0000	0.0000
0.5886	0.6619	0.0000	0.0000
0.5896	0.6634	0.0000	0.0000
0.5906	0.6649	0.0000	0.0000
0.5916	0.6664	0.0000	0.0000
0.5926	0.6678	0.0000	0.0000
0.5936	0.6693	0.0000	0.0000
0.5946	0.6707	0.0000	0.0000
0.5956	0.6722	0.0000	0.0000
0.5966	0.6736	0.0000	0.0000
0.5976	0.6750	0.0000	0.0000
0.5986	0.6765	0.0000	0.0000
0.5996	0.6779	0.0000	0.0000
0.6006	0.6793	0.0000	0.0000
0.6016	0.6807	0.0000	0.0000
0.6026	0.6821	0.0000	0.0000
0.6036	0.6835	0.0000	0.0000
0.6046	0.6849	0.0000	0.0000
0.6056	0.6863	0.0000	0.0000
0.6066	0.6877	0.0000	0.0000
0.6076	0.6890	0.0000	0.0000
0.6086	0.6904	0.0000	0.0000
0.6096	0.6918	0.0000	0.0000
0.6106	0.6931	0.0000	0.0000
0.6116	0.6945	0.0000	0.0000
0.6126	0.6958	0.0000	0.0000
0.6136	0.6972	0.0000	0.0000
0.6146	0.6985	0.0000	0.0000
0.6156	0.6998	0.0000	0.0000
0.6166	0.7012	0.0000	0.0000
0.6176	0.7025	0.0000	0.0000
0.6186	0.7038	0.0000	0.0000
0.6196	0.7051	0.0000	0.0000
0.6206	0.7064	0.0000	0.0000
0.6216	0.7077	0.0000	0.0000
0.6226	0.7090	0.0000	0.0000
0.6236	0.7103	0.0000	0.0000
0.6246	0.7116	0.0000	0.0000
0.6256	0.7128	0.0000	0.0000
0.6266	0.7141	0.0000	0.0000
0.6276	0.7154	0.0000	0.0000
0.6286	0.7166	0.0000	0.0000
0.6296	0.7179	0.0000	0.0000
0.6306	0.7191	0.0000	0.0000
0.6316	0.7204	0.0000	0.0000
0.6326	0.7216	0.0000	0.0000
0.6336	0.7228	0.0000	0.0000
0.6346	0.7241	0.0000	0.0000
0.6356	0.7253	0.0000	0.0000
0.6366	0.7265	0.0000	0.0000
0.6376	0.7277	0.0000	0.0000
0.6386	0.7289	0.0000	0.0000
0.6396	0.7301	0.0000	0.0000
0.6406	0.7313	0.0000	0.0000
0.6416	0.7325	0.0000	0.0000
0.6426	0.7337	0.0000	0.0000
0.6436	0.7349	0.0000	0.0000
0.6446	0.7361	0.0000	0.0000
0.6456	0.7373	0.0000	0.0000
0.6466	0.7384	0.0000	0.0000
0.6476	0.7396	0.0000	0.0000
0.6486	0.7408	0.0000	0.0000
0.6496	0.7419	0.0000	0.0000
0.6507	0.7431	0.0000	0.0000
0.6517	0.7442	0.0000	0.0000
0.6527	0.7454	0.0000	0.0000
0.6537	0.7465	0.0000	0.0000
0.6547	0.7476	0.0000	0.0000
0.6557	0.7488	0.0000	0.0000
0.6567	0.7499	0.0000	0.0000
0.6577	0.7510	0.0000	0.0000
0.6587	0.7521	0.0000	0.0000
0.6597	0.7532	0.0000	0.0000
0.6607	0.7543	0.0000	0.0000
0.6617	0.7554	0.0000	0.0000
0.6627	0.7565	0.0000	0.0000
0.6637	0.7576	0.0000	0.0000
0.6647	0.7587	0.0000	0.0000
0.6657	0.7598	0.0000	0.0000
0.6667	0.7609	0.0000	0.0000
0.6677	0.7620	0.0000	0.0000
0.6687	0.7630	0.0000	0.0000
0.6697	0.7641	0.0000	0.0000
0.6707	0.7652	0.0000	0.0000
0.6717	0.7662	0.0000	0.0000
0.6727	0.7673	0.0000	0.0000
0.6737	0.7683	0.0000	0.0000
0.6747	0.7694	0.0000	0.0000
0.6757	0.7704	0.0000	0.0000
0.6767	0.7714	0.0000	0.0000
0.6777	0.7725	0.0000	0.0000
0.6787	0.7735	0.0000	0.0000
0.6797	0.7745	0.0000	0.0000
0.6807	0.7756	0.0000	0.0000
0.6817	0.7766	0.0000	0.0000
0.6827	0.7776	0.0000	0.0000
0.6837	0.7786	0.0000	0.0000
0.6847	0.7796	0.0000	0.0000
0.6857	0.7806	0.0000	0.0000
0.6867	0.7816	0.0000	0.0000
0.6877	0.7826	0.0000	0.0000
0.6887	0.7836	0.0000	0.0000
0.6897	0.7846	0.0000	0.0000
0.6907	0.7856	0.0000	0.0000
0.6917	0.7865	0.0000	0.0000
0.6927	0.7875	0.0000	0.0000
0.6937	0.7885	0.0000	0.0000
0.6947	0.7894	0.0000	0.0000
0.6957	0.7904	0.0000	0.0000
0.6967	0.7914	0.0000	0.0000
0.6977	0.7923	0.0000	0.0000
0.6987	0.7933	0.0000	0.0000
0.6997	0.7942	0.0000	0.0000
0.7007	0.7952	0.0000	0.0000
0.7017	0.7961	0.0000	0.0000
0.7027	0.7971	0.0000	0.0000
0.7037	0.7980	0.0000	0.0000
0.7047	0.7989	0.0000	0.0000
0.7057	0.7998	0.0000	0.0000
0.7067	0.8008	0.0000	0.0000
0.7077	0.8017	0.0000	0.0000
0.7087	0.8026	0.0000	0.0000
0.7097	0.8035	0.0000	0.0000
0.7107	0.8044	0.0000	0.0000
0.7117	0.8053	0.0000	0.0000
0.7127	0.8062	0.0000	0.0000
0.7137	0.8071	0.0000	0.0000
0.7147	0.8080	0.0000	0.0000
0.7157	0.8089	0.0000	0.0000
0.7167	0.8098	0.0000	0.0000
0.7177	0.8107	0.0000	0.0000
0.7187	0.8116	0.0000	0.0000
0.7197	0.8124	0.0000	0.0000
0.7207	0.8133	0.0000	0.0000
0.7217	0.8142	0.0000	0.0000
0.7227	0.8151	0.0000	0.0000
0.7237	0.8159	0.0000	0.0000
0.7247	0.8168	0.0000	0.0000
0.7257	0.8176	0.0000	0.0000
0.7267	0.8185	0.0000	0.0000
0.7277	0.8193	0.0000	0.0000
0.7287	0.8202	0.0000	0.0000
0.7297	0.8210	0.0000	0.0000
0.7307	0.8219	0.0000	0.0000
0.7317	0.8227	0.0000	0.0000
0.7327	0.8236	0.0000	0.0000
0.7337	0.8244	0.0000	0.0000
0.7347	0.8252	0.0000	0.0000
0.7357	0.8260	0.0000	0.0000
0.7367	0.8269	0.0000	0.0000
0.7377	0.8277	0.0000	0.0000
0.7387	0.8285	0.0000	0.0000
0.7397	0.8293	0.0000	0.0000
0.7407	0.8301	0.0000	0.0000
0.7417	0.8309	0.0000	0.0000
0.7427	0.8317	0.0000	0.0000
0.7437	0.8325	0.0000	0.0000
0.7447	0.8333	0.0000	0.0000
0.7457	0.8341	0.0000	0.0000
0.7467	0.8349	0.0000	0.0000
0.7477	0.8357	0.0000	0.0000
0.7487	0.8365	0.0000	0.0000
0.7497	0.8373	0.0000	0.0000
0.7508	0.8381	0.0000	0.0000
0.7518	0.8388	0.0000	0.0000
0.7528	0.8396	0.0000	0.0000
0.7538	0.8404	0.0000	0.0000
0.7548	0.8411	0.0000	0.0000
0.7558	0.8419	0.0000	0.0000
0.7568	0.8427	0.0000	0.0000
0.7578	0.8434	0.0000	0.0000
0.7588	0.8442	0.0000	0.0000
0.7598	0.8449	0.0000	0.0000
0.7608	0.8457	0.0000	0.0000
0.7618	0.8464	0.0000	0.0000
0.7628	0.8472	0.0000	0.0000
0.7638	0.8479	0.0000	0.0000
0.7648	0.8487	0.0000	0.0000
0.7658	0.8494	0.0000	0.0000
0.7668	0.8501	0.0000	0.0000
0.7678	0.8509	0.0000	0.0000
0.7688	0.8516	0.0000	0.0000
0.7698	0.8523	0.0000	0.0000
0.7708	0.8531	0.0000	0.0000
0.7718	0.8538	0.0000	0.0000
0.7728	0.8545	0.0000	0.0000
0.7738	0.8552	0.0000	0.0000
0.7748	0.8559	0.0000	0.0000
0.7758	0.8566	0.0000	0.0000
0.7768	0.8573	0.0000	0.0000
0.7778	0.8580	0.0000	0.0000
0.7788	0.8587	0.0000	0.0000
0.7798	0.8594	0.0000	0.0000
0.7808	0.8601	0.0000	0.0000
0.7818	0.8608	0.0000	0.0000
0.7828	0.8615	0.0000	0.0000
0.7838	0.8622	0.0000	0.0000
0.7848	0.8629	0.0000	0.0000
0.7858	0.8636	0.0000	0.0000
0.7868	0.8643	0.0000	0.0000
0.7878	0.8650	0.0000	0.0000
0.7888	0.8656	0.0000	0.0000
0.7898	0.8663	0.0000	0.0000
0.7908	0.8670	0.0000	0.0000
0.7918	0.8676	0.0000	0.0000
0.7928	0.8683	0.0000	0.0000
0.7938	0.8690	0.0000	0.0000
0.7948	0.8696	0.0000	0.0000
0.7958	0.8703	0.0000	0.0000
0.7968	0.8710	0.0000	0.0000
0.7978	0.8716	0.0000	0.0000
0.7988	0.8723	0.0000	0.0000
0.7998	0.8729	0.0000	0.0000
0.8008	0.8736	0.0000	0.0000
0.8018	0.8742	0.0000	0.0000
0.8028	0.8748	0.0000	0.0000
0.8038	0.8755	0.0000	0.0000
0.8048	0.8761	0.0000	0.0000
0.8058	0.8768	0.0000	0.0000
0.8068	0.8774	0.0000	0.0000
0.8078	0.8780	0.0000	0.0000
0.8088	0.8787	0.0000	0.0000
0.8098	0.8793	0.0000	0.0000
0.8108	0.8799	0.0000	0.0000
0.8118	0.8805	0.0000	0.0000
0.8128	0.8811	0.0000	0.0000
0.8138	0.8818	0.0000	0.0000
0.8148	0.8824	0.0000	0.0000
0.8158	0.8830	0.0000	0.0000
0.8168	0.8836	0.0000	0.0000
0.8178	0.8842	0.0000	0.0000
0.8188	0.8848	0.0000	0.0000
0.8198	0.8854	0.0000	0.0000
0.8208	0.8860	0.0000	0.0000
0.8218	0.8866	0.0000	0.0000
0.8228	0.8872	0.0000	0.0000
0.8238	0.8878	0.0000	0.0000
0.8248	0.8884	0.0000	0.0000
0.8258	0.8890	0.0000	0.0000
0.8268	0.8896	0.0000	0.0000
0.8278	0.8902	0.0000	0.0000
0.8288	0.8908	0.0000	0.0000
0.8298	0.8913	0.0000	0.0000
0.8308	0.8919	0.0000	0.0000
0.8318	0.8925	0.0000	0.0000
0.8328	0.8931	0.0000	0.0000
0.8338	0.8936	0.0000	0.0000
0.8348	0.8942	0.0000	0.0000
0.8358	0.8948	0.0000	0.0000
0.8368	0.8954	0.0000	0.0000
0.8378	0.8959	0.0000	0.0000
0.8388	0.8965	0.0000	0.0000
0.8398	0.8971	0.0000	0.0000
0.8408	0.8976	0.0000	0.0000
0.8418	0.8982	0.0000	0.0000
0.8428	0.8987	0.0000	0.0000
0.8438	0.8993	0.0000	0.0000
0.8448	0.8998	0.0000	0.0000
0.8458	0.9004	0.0000	0.0000
0.8468	0.9009	0.0000	0.0000
0.8478	0.9015	0.0000	0.0000
0.8488	0.9020	0.0000	0.0000
0.8498	0.9026	0.0000	0.0000
0.8509	0.9031	0.0000	0.0000
0.8519	0.9036	0.0000	0.0000
0.8529	0.9042	0.0000	0.0000
0.8539	0.9047	0.0000	0.0000
0.8549	0.9052	0.0000	0.0000
0.8559	0.9058	0.0000	0.0000
0.8569	0.9063	0.0000	0.0000
0.8579	0.9068	0.0000	0.0000
0.8589	0.9074	0.0000	0.0000
0.8599	0.9079	0.0000	0.0000
0.8609	0.9084	0.0000	0.0000
0.8619	0.9089	0.0000	0.0000
0.8629	0.9094	0.0000	0.0000
0.8639	0.9100	0.0000	0.0000
0.8649	0.9105	0.0000	0.0000
0.8659	0.9110	0.0000	0.0000
0.8669	0.9115	0.0000	0.0000
0.8679	0.9120	0.0000	0.0000
0.8689	0.9125	0.0000	0.0000
0.8699	0.9130	0.0000	0.0000
0.8709	0.9135	0.0000	0.0000
0.8719	0.9140	0.0000	0.0000
0.8729	0.9145	0.0000	0.0000
0.8739	0.9150	0.0000	0.0000
0.8749	0.9155	0.0000	0.0000
0.8759	0.9160	0.0000	0.0000
0.8769	0.9165	0.0000	0.0000
0.8779	0.9170	0.0000	0.0000
0.8789	0.9175	0.0000	0.0000
0.8799	0.9180	0.0000	0.0000
0.8809	0.9185	0.0000	0.0000
0.8819	0.9189	0.0000	0.0000
0.8829	0.9194	0.0000	0.0000
0.8839	0.9199	0.0000	0.0000
0.8849	0.9204	0.0000	0.0000
0.8859	0.9209	0.0000	0.0000
0.8869	0.9213	0.0000	0.0000
0.8879	0.9218	0.0000	0.0000
0.8889	0.9223	0.0000	0.0000
0.8899	0.9227	0.0000	0.0000
0.8909	0.9232	0.0000	0.0000
0.8919	0.9237	0.0000	0.0000
0.8929	0.9242	0.0000	0.0000
0.8939	0.9246	0.0000	0.0000
0.8949	0.9251	0.0000	0.0000
0.8959	0.9255	0.0000	0.0000
0.8969	0.9260	0.0000	0.0000
0.8979	0.9265	0.0000	0.0000
0.8989	0.9269	0.0000	0.0000
0.8999	0.9274	0.0000	0.0000
0.9009	0.9278	0.0000	0.0000
0.9019	0.9283	0.0000	0.0000
0.9029	0.9287	0.0000	0.0000
0.9039	0.9292	0.0000	0.0000
0.9049	0.9296	0.0000	0.0000
0.9059	0.9301	0.0000	0.0000
0.9069	0.9305	0.0000	0.0000
0.9079	0.9310	0.0000	0.0000
0.9089	0.9314	0.0000	0.0000
0.9099	0.9318	0.0000	0.0000
0.9109	0.9323	0.0000	0.0000
0.9119	0.9327	0.0000	0.0000
0.9129	0.9331	0.0000	0.0000
0.9139	0.9336	0.0000	0.0000
0.9149	0.9340	0.0000	0.0000
0.9159	0.9344	0.0000	0.0000
0.9169	0.9349	0.0000	0.0000
0.9179	0.9353	0.0000	0.0000
0.9189	0.9357	0.0000	0.0000
0.9199	0.9362	0.0000	0.0000
0.9209	0.9366	0.0000	0.0000
0.9219	0.9370	0.0000	0.0000
0.9229	0.9374	0.0000	0.0000
0.9239	0.9378	0.0000	0.0000
0.9249	0.9383	0.0000	0.0000
0.9259	0.9387	0.0000	0.0000
0.9269	0.9391	0.0000	0.0000
0.9279	0.9395	0.0000	0.0000
0.9289	0.9399	0.0000	0.0000
0.9299	0.9403	0.0000	0.0000
0.9309	0.9407	0.0000	0.0000
0.9319	0.9412	0.0000	0.0000
0.9329	0.9416	0.0000	0.0000
0.9339	0.9420	0.0000	0.0000
0.9349	0.9424	0.0000	0.0000
0.9359	0.9428	0.0000	0.0000
0.9369	0.9432	0.0000	0.0000
0.9379	0.9436	0.0000	0.0000
0.9389	0.9440	0.0000	0.0000
0.9399	0.9444	0.0000	0.0000
0.9409	0.9448	0.0000	0.0000
0.9419	0.9452	0.0000	0.0000
0.9429	0.9456	0.0000	0.0000
0.9439	0.9460	0.0000	0.0000
0.9449	0.9463	0.0000	0.0000
0.9459	0.9467	0.0000	0.0000
0.9469	0.9471	0.0000	0.0000
0.9479	0.9475	0.0000	0.0000
0.9489	0.9479	0.0000	0.0000
0.9499	0.9483	0.0000	0.0000
0.9510	0.9487	0.0000	0.0000
0.9520	0.9491	0.0000	0.0000
0.9530	0.9494	0.0000	0.0000
0.9540	0.9498	0.0000	0.0000
0.9550	0.9502	0.0000	0.0000
0.9560	0.9506	0.0000	0.0000
0.9570	0.9509	0.0000	0.0000
0.9580	0.9513	0.0000	0.0000
0.9590	0.9517	0.0000	0.0000
0.9600	0.9521	0.0000	0.0000
0.9610	0.9524	0.0000	0.0000
0.9620	0.9528	0.0000	0.0000
0.9630	0.9532	0.0000	0.0000
0.9640	0.9536	0.0000	0.0000
0.9650	0.9539	0.0000	0.0000
0.9660	0.9543	0.0000	0.0000
0.9670	0.9547	0.0000	0.0000
0.9680	0.9550	0.0000	0.0000
0.9690	0.9554	0.0000	0.0000
0.9700	0.9557	0.0000	0.0000
0.9710	0.9561	0.0000	0.0000
0.9720	0.9565	0.0000	0.0000
0.9730	0.9568	0.0000	0.0000
0.9740	0.9572	0.0000	0.0000
0.9750	0.9575	0.0000	0.0000
0.9760	0.9579	0.0000	0.0000
0.9770	0.9583	0.0000	0.0000
0.9780	0.9586	0.0000	0.0000
0.9790	0.9590	0.0000	0.0000
0.9800	0.9593	0.0000	0.0000
0.9810	0.9597	0.0000	0.0000
0.9820	0.9600	0.0000	0.0000
0.9830	0.9604	0.0000	0.0000
0.9840	0.9607	0.0000	0.0000
0.9850	0.9611	0.0000	0.0000
0.9860	0.9614	0.0000	0.0000
0.9870	0.9618	0.0000	0.0000
0.9880	0.9621	0.0000	0.0000
0.9890	0.9624	0.0000	0.0000
0.9900	0.9628	0.0000	0.0000
0.9910	0.9631	0.0000	0.0000
0.9920	0.9635	0.0000	0.0000
0.9930	0.9638	0.0000	0.0000
0.9940	0.9641	0.0000	0.0000
0.9950	0.9645	0.0000	0.0000
0.9960	0.9648	0.0000	0.0000
0.9970	0.9652	0.0000	0.0000
0.9980	0.9655	0.0000	0.0000
0.9990	0.9658	0.0000	0.0000
1.0000	0.9662	0.0000	0.0000
0.1371
0.4975
0.9479
