0.0000	0.1718	0.0000	0.0000
0.0010	0.1725	0.0000	0.0000
0.0020	0.1731	0.0000	0.0000
0.0030	0.1738	0.0000	0.0000
0.0040	0.1745	0.0000	0.0000
0.0050	0.1751	0.0000	0.0000
0.0060	0.1758	0.0000	0.0000
0.0070	0.1765	0.0000	0.0000
0.0080	0.1771	0.0000	0.0000
0.0090	0.1778	0.0000	0.0000
0.0100	0.1785	0.0000	0.0000
0.0110	0.1791	0.0000	0.0000
0.0120	0.1798	0.0000	0.0000
0.0130	0.1805	0.0000	0.0000
0.0140	0.1811	0.0000	0.0000
0.0150	0.1818	0.0000	0.0000
0.0160	0.1825	0.0000	0.0000
0.0170	0.1831	0.0000	0.0000
0.0180	0.1838	0.0000	0.0000
0.0190	0.1844	0.0000	0.0000
0.0200	0.1851	0.0000	0.0000
0.0210	0.1858	0.0000	0.0000
0.0220	0.1864	0.0000	0.0000
0.0230	0.1871	0.0000	0.0000
0.0240	0.1877	0.0000	0.0000
0.0250	0.1884	0.0000	0.0000
0.0260	0.1891	0.0000	0.0000
0.0270	0.1897	0.0000	0.0000
0.0280	0.1904	0.0000	0.0000
0.0290	0.1910	0.0000	0.0000
0.0300	0.1917	0.0000	0.0000
0.0310	0.1923	0.0000	0.0000
0.0320	0.1930	0.0000	0.0000
0.0330	0.1936	0.0000	0.0000
0.0340	0.1943	0.0000	0.0000
0.0350	0.1949	0.0000	0.0000
0.0360	0.1956	0.0000	0.0000
0.0370	0.1962	0.0000	0.0000
0.0380	0.1969	0.0000	0.0000
0.0390	0.1975	0.0000	0.0000
0.0400	0.1982	0.0000	0.0000
0.0410	0.1988	0.0000	0.0000
0.0420	0.1995	0.0000	0.0000
0.0430	0.2001	0.0000	0.0000
0.0440	0.2008	0.0000	0.0000
0.0450	0.2014	0.0000	0.0000
0.0460	0.2020	0.0000	0.0000
0.0470	0.2027	0.0000	0.0000
0.0480	0.2033	0.0000	0.0000
0.0490	0.2040	0.0000	0.0000
0.0501	0.2046	0.0000	0.0000
0.0511	0.2053	0.0000	0.0000
0.0521	0.2059	0.0000	0.0000
0.0531	0.2065	0.0000	0.0000
0.0541	0.2072	0.0000	0.0000
0.0551	0.2078	0.0000	0.0000
0.0561	0.2085	0.0000	0.0000
0.0571	0.2091	0.0000	0.0000
0.0581	0.2097	0.0000	0.0000
0.0591	0.2104	0.0000	0.0000
0.0601	0.2110	0.0000	0.0000
0.0611	0.2116	0.0000	0.0000
0.0621	0.2123	0.0000	0.0000
0.0631	0.2129	0.0000	0.0000
0.0641	0.2135	0.0000	0.0000
0.0651	0.2142	0.0000	0.0000
0.0661	0.2148	0.0000	0.0000
0.0671	0.2154	0.0000	0.0000
0.0681	0.2161	0.0000	0.0000
0.0691	0.2167	0.0000	0.0000
0.0701	0.2173	0.0000	0.0000
0.0711	0.2180	0.0000	0.0000
0.0721	0.2186	0.0000	0.0000
0.0731	0.2192	0.0000	0.0000
0.0741	0.2198	0.0000	0.0000
0.0751	0.2205	0.0000	0.0000
0.0761	0.2211	0.0000	0.0000
0.0771	0.2217	0.0000	0.0000
0.0781	0.2223	0.0000	0.0000
0.0791	0.2230	0.0000	0.0000
0.0801	0.2236	0.0000	0.0000
0.0811	0.2242	0.0000	0.0000
0.0821	0.2248	0.0000	0.0000
0.0831	0.2255	0.0000	0.0000
0.0841	0.2261	0.0000	0.0000
0.0851	0.2267	0.0000	0.0000
0.0861	0.2273	0.0000	0.0000
0.0871	0.2280	0.0000	0.0000
0.0881	0.2286	0.0000	0.0000
0.0891	0.2292	0.0000	0.0000
0.0901	0.2298	0.0000	0.0000
0.0911	0.2304	0.0000	0.0000
0.0921	0.2311	0.0000	0.0000
0.0931	0.2317	0.0000	0.0000
0.0941	0.2323	0.0000	0.0000
0.0951	0.2329	0.0000	0.0000
0.0961	0.2335	0.0000	0.0000
0.0971	0.2341	0.0000	0.0000
0.0981	0.2348	0.0000	0.0000
0.0991	0.2354	0.0000	0.0000
0.1001	0.2360	0.0000	0.0000
0.1011	0.2366	0.0000	0.0000
0.1021	0.2372	0.0000	0.0000
0.1031	0.2378	0.0000	0.0000
0.1041	0.2384	0.0000	0.0000
0.1051	0.2391	0.0000	0.0000
0.1061	0.2397	0.0000	0.0000
0.1071	0.2403	0.0000	0.0000
0.1081	0.2409	0.0000	0.0000
0.1091	0.2415	0.0000	0.0000
0.1101	0.2421	0.0000	0.0000
0.1111	0.2427	0.0000	0.0000
0.1121	0.2433	0.0000	0.0000
0.1131	0.2439	0.0000	0.0000
0.1141	0.2446	0.0000	0.0000
0.1151	0.2452	0.0000	0.0000
0.1161	0.2458	0.0000	0.0000
0.1171	0.2464	0.0000	0.0000
0.1181	0.2470	0.0000	0.0000
0.1191	0.2476	0.0000	0.0000
0.1201	0.2482	0.0000	0.0000
0.1211	0.2488	0.0000	0.0000
0.1221	0.2494	0.0000	0.0000
0.1231	0.2500	0.0000	0.0000
0.1241	0.2506	0.0000	0.0000
0.1251	0.2512	0.0000	0.0000
0.1261	0.2518	0.0000	0.0000
0.1271	0.2524	0.0000	0.0000
0.1281	0.2530	0.0000	0.0000
0.1291	0.2536	0.0000	0.0000
0.1301	0.2542	0.0000	0.0000
0.1311	0.2548	0.0000	0.0000
0.1321	0.2554	0.0000	0.0000
0.1331	0.2560	0.0000	0.0000
0.1341	0.2566	0.0000	0.0000
0.1351	0.2572	0.0000	0.0000
0.1361	0.2578	0.0000	0.0000
0.1371	0.2584	0.0000	0.0000
0.1381	0.2590	0.0000	0.0000
0.1391	0.2596	0.0000	0.0000
0.1401	0.2602	0.0000	0.0000
0.1411	0.2608	0.0000	0.0000
0.1421	0.2614	0.0000	0.0000
0.1431	0.2620	0.0000	0.0000
0.1441	0.2626	0.0000	0.0000
0.1451	0.2632	0.0000	0.0000
0.1461	0.2638	0.0000	0.0000
0.1471	0.2644	0.0000	0.0000
0.1481	0.2650	0.0000	0.0000
0.1491	0.2656	0.0000	0.0000
0.1502	0.2662	0.0000	0.0000
0.1512	0.2668	0.0000	0.0000
0.1522	0.2674	0.0000	0.0000
0.1532	0.2680	0.0000	0.0000
0.1542	0.2686	0.0000	0.0000
0.1552	0.2692	0.0000	0.0000
0.1562	0.2698	0.0000	0.0000
0.1572	0.2704	0.0000	0.0000
0.1582	0.2710	0.0000	0.0000
0.1592	0.2715	0.0000	0.0000
0.1602	0.2721	0.0000	0.0000
0.1612	0.2727	0.0000	0.0000
0.1622	0.2733	0.0000	0.0000
0.1632	0.2739	0.0000	0.0000
0.1642	0.2745	0.0000	0.0000
0.1652	0.2751	0.0000	0.0000
0.1662	0.2757	0.0000	0.0000
0.1672	0.2763	0.0000	0.0000
0.1682	0.2769	0.0000	0.0000
0.1692	0.2775	0.0000	0.0000
0.1702	0.2780	0.0000	0.0000
0.1712	0.2786	0.0000	0.0000
0.1722	0.2792	0.0000	0.0000
0.1732	0.2798	0.0000	0.0000
0.1742	0.2804	0.0000	0.0000
0.1752	0.2810	0.0000	0.0000
0.1762	0.2816	0.0000	0.0000
0.1772	0.2822	0.0000	0.0000
0.1782	0.2828	0.0000	0.0000
0.1792	0.2833	0.0000	0.0000
0.1802	0.2839	0.0000	0.0000
0.1812	0.2845	0.0000	0.0000
0.1822	0.2851	0.0000	0.0000
0.1832	0.2857	0.0000	0.0000
0.1842	0.2863	0.0000	0.0000
0.1852	0.2869	0.0000	0.0000
0.1862	0.2875	0.0000	0.0000
0.1872	0.2880	0.0000	0.0000
0.1882	0.2886	0.0000	0.0000
0.1892	0.2892	0.0000	0.0000
0.1902	0.2898	0.0000	0.0000
0.1912	0.2904	0.0000	0.0000
0.1922	0.2910	0.0000	0.0000
0.1932	0.2916	0.0000	0.0000
0.1942	0.2921	0.0000	0.0000
0.1952	0.2927	0.0000	0.0000
0.1962	0.2933	0.0000	0.0000
0.1972	0.2939	0.0000	0.0000
0.1982	0.2945	0.0000	0.0000
0.1992	0.2951	0.0000	0.0000
0.2002	0.2956	0.0000	0.0000
0.2012	0.2962	0.0000	0.0000
0.2022	0.2968	0.0000	0.0000
0.2032	0.2974	0.0000	0.0000
0.2042	0.2980	0.0000	0.0000
0.2052	0.2986	0.0000	0.0000
0.2062	0.2991	0.0000	0.0000
0.2072	0.2997	0.0000	0.0000
0.2082	0.3003	0.0000	0.0000
0.2092	0.3009	0.0000	0.0000
0.2102	0.3015	0.0000	0.0000
0.2112	0.3021	0.0000	0.0000
0.2122	0.3026	0.0000	0.0000
0.2132	0.3032	0.0000	0.0000
0.2142	0.3038	0.0000	0.0000
0.2152	0.3044	0.0000	0.0000
0.2162	0.3050	0.0000	0.0000
0.2172	0.3056	0.0000	0.0000
0.2182	0.3061	0.0000	0.0000
0.2192	0.3067	0.0000	0.0000
0.2202	0.3073	0.0000	0.0000
0.2212	0.3079	0.0000	0.0000
0.2222	0.3085	0.0000	0.0000
0.2232	0.3091	0.0000	0.0000
0.2242	0.3096	0.0000	0.0000
0.2252	0.3102	0.0000	0.0000
0.2262	0.3108	0.0000	0.0000
0.2272	0.3114	0.0000	0.0000
0.2282	0.3120	0.0000	0.0000
0.2292	0.3126	0.0000	0.0000
0.2302	0.3131	0.0000	0.0000
0.2312	0.3137	0.0000	0.0000
0.2322	0.3143	0.0000	0.0000
0.2332	0.3149	0.0000	0.0000
0.2342	0.3155	0.0000	0.0000
0.2352	0.3161	0.0000	0.0000
0.2362	0.3166	0.0000	0.0000
0.2372	0.3172	0.0000	0.0000
0.2382	0.3178	0.0000	0.0000
0.2392	0.3184	0.0000	0.0000
0.2402	0.3190	0.0000	0.0000
0.2412	0.3196	0.0000	0.0000
0.2422	0.3201	0.0000	0.0000
0.2432	0.3207	0.0000	0.0000
0.2442	0.3213	0.0000	0.0000
0.2452	0.3219	0.0000	0.0000
0.2462	0.3225	0.0000	0.0000
0.2472	0.3231	0.0000	0.0000
0.2482	0.3237	0.0000	0.0000
0.2492	0.3242	0.0000	0.0000
0.2503	0.3248	0.0000	0.0000
0.2513	0.3254	0.0000	0.0000
0.2523	0.3260	0.0000	0.0000
0.2533	0.3266	0.0000	0.0000
0.2543	0.3272	0.0000	0.0000
0.2553	0.3278	0.0000	0.0000
0.2563	0.3283	0.0000	0.0000
0.2573	0.3289	0.0000	0.0000
0.2583	0.3295	0.0000	0.0000
0.2593	0.3301	0.0000	0.0000
0.2603	0.3307	0.0000	0.0000
0.2613	0.3313	0.0000	0.0000
0.2623	0.3319	0.0000	0.0000
0.2633	0.3325	0.0000	0.0000
0.2643	0.3330	0.0000	0.0000
0.2653	0.3336	0.0000	0.0000
0.2663	0.3342	0.0000	0.0000
0.2673	0.3348	0.0000	0.0000
0.2683	0.3354	0.0000	0.0000
0.2693	0.3360	0.0000	0.0000
0.2703	0.3366	0.0000	0.0000
0.2713	0.3372	0.0000	0.0000
0.2723	0.3378	0.0000	0.0000
0.2733	0.3383	0.0000	0.0000
0.2743	0.3389	0.0000	0.0000
0.2753	0.3395	0.0000	0.0000
0.2763	0.3401	0.0000	0.0000
0.2773	0.3407	0.0000	0.0000
0.2783	0.3413	0.0000	0.0000
0.2793	0.3419	0.0000	0.0000
0.2803	0.3425	0.0000	0.0000
0.2813	0.3431	0.0000	0.0000
0.2823	0.3437	0.0000	0.0000
0.2833	0.3443	0.0000	0.0000
0.2843	0.3449	0.0000	0.0000
0.2853	0.3455	0.0000	0.0000
0.2863	0.3461	0.0000	0.0000
0.2873	0.3466	0.0000	0.0000
0.2883	0.3472	0.0000	0.0000
0.2893	0.3478	0.0000	0.0000
0.2903	0.3484	0.0000	0.0000
0.2913	0.3490	0.0000	0.0000
0.2923	0.3496	0.0000	0.0000
0.2933	0.3502	0.0000	0.0000
0.2943	0.3508	0.0000	0.0000
0.2953	0.3514	0.0000	0.0000
0.2963	0.3520	0.0000	0.0000
0.2973	0.3526	0.0000	0.0000
0.2983	0.3532	0.0000	0.0000
0.2993	0.3538	0.0000	0.0000
0.3003	0.3544	0.0000	0.0000
0.3013	0.3550	0.0000	0.0000
0.3023	0.3556	0.0000	0.0000
0.3033	0.3562	0.0000	0.0000
0.3043	0.3568	0.0000	0.0000
0.3053	0.3574	0.0000	0.0000
0.3063	0.3580	0.0000	0.0000
0.3073	0.3587	0.0000	0.0000
0.3083	0.3593	0.0000	0.0000
0.3093	0.3599	0.0000	0.0000
0.3103	0.3605	0.0000	0.0000
0.3113	0.3611	0.0000	0.0000
0.3123	0.3617	0.0000	0.0000
0.3133	0.3623	0.0000	0.0000
0.3143	0.3629	0.0000	0.0000
0.3153	0.3635	0.0000	0.0000
0.3163	0.3641	0.0000	0.0000
0.3173	0.3647	0.0000	0.0000
0.3183	0.3654	0.0000	0.0000
0.3193	0.3660	0.0000	0.0000
0.3203	0.3666	0.0000	0.0000
0.3213	0.3672	0.0000	0.0000
0.3223	0.3678	0.0000	0.0000
0.3233	0.3684	0.0000	0.0000
0.3243	0.3690	0.0000	0.0000
0.3253	0.3697	0.0000	0.0000
0.3263	0.3703	0.0000	0.0000
0.3273	0.3709	0.0000	0.0000
0.3283	0.3715	0.0000	0.0000
0.3293	0.3721	0.0000	0.0000
0.3303	0.3728	0.0000	0.0000
0.3313	0.3734	0.0000	0.0000
0.3323	0.3740	0.0000	0.0000
0.3333	0.3746	0.0000	0.0000
0.3343	0.3752	0.0000	0.0000
0.3353	0.3759	0.0000	0.0000
0.3363	0.3765	0.0000	0.0000
0.3373	0.3771	0.0000	0.0000
0.3383	0.3777	0.0000	0.0000
0.3393	0.3784	0.0000	0.0000
0.3403	0.3790	0.0000	0.0000
0.3413	0.3796	0.0000	0.0000
0.3423	0.3803	0.0000	0.0000
0.3433	0.3809	0.0000	0.0000
0.3443	0.3815	0.0000	0.0000
0.3453	0.3822	0.0000	0.0000
0.3463	0.3828	0.0000	0.0000
0.3473	0.3834	0.0000	0.0000
0.3483	0.3841	0.0000	0.0000
0.3493	0.3847	0.0000	0.0000
0.3504	0.3853	0.0000	0.0000
0.3514	0.3860	0.0000	0.0000
0.3524	0.3866	0.0000	0.0000
0.3534	0.3873	0.0000	0.0000
0.3544	0.3879	0.0000	0.0000
0.3554	0.3886	0.0000	0.0000
0.3564	0.3892	0.0000	0.0000
0.3574	0.3898	0.0000	0.0000
0.3584	0.3905	0.0000	0.0000
0.3594	0.3911	0.0000	0.0000
0.3604	0.3918	0.0000	0.0000
0.3614	0.3924	0.0000	0.0000
0.3624	0.3931	0.0000	0.0000
0.3634	0.3937	0.0000	0.0000
0.3644	0.3944	0.0000	0.0000
0.3654	0.3950	0.0000	0.0000
0.3664	0.3957	0.0000	0.0000
0.3674	0.3964	0.0000	0.0000
0.3684	0.3970	0.0000	0.0000
0.3694	0.3977	0.0000	0.0000
0.3704	0.3983	0.0000	0.0000
0.3714	0.3990	0.0000	0.0000
0.3724	0.3997	0.0000	0.0000
0.3734	0.4003	0.0000	0.0000
0.3744	0.4010	0.0000	0.0000
0.3754	0.4017	0.0000	0.0000
0.3764	0.4023	0.0000	0.0000
0.3774	0.4030	0.0000	0.0000
0.3784	0.4037	0.0000	0.0000
0.3794	0.4043	0.0000	0.0000
0.3804	0.4050	0.0000	0.0000
0.3814	0.4057	0.0000	0.0000
0.3824	0.4064	0.0000	0.0000
0.3834	0.4070	0.0000	0.0000
0.3844	0.4077	0.0000	0.0000
0.3854	0.4084	0.0000	0.0000
0.3864	0.4091	0.0000	0.0000
0.3874	0.4098	0.0000	0.0000
0.3884	0.4104	0.0000	0.0000
0.3894	0.4111	0.0000	0.0000
0.3904	0.4118	0.0000	0.0000
0.3914	0.4125	0.0000	0.0000
0.3924	0.4132	0.0000	0.0000
0.3934	0.4139	0.0000	0.0000
0.3944	0.4146	0.0000	0.0000
0.3954	0.4153	0.0000	0.0000
0.3964	0.4160	0.0000	0.0000
0.3974	0.4167	0.0000	0.0000
0.3984	0.4174	0.0000	0.0000
0.3994	0.4181	0.0000	0.0000
0.4004	0.4188	0.0000	0.0000
0.4014	0.4195	0.0000	0.0000
0.4024	0.4202	0.0000	0.0000
0.4034	0.4209	0.0000	0.0000
0.4044	0.4216	0.0000	0.0000
0.4054	0.4223	0.0000	0.0000
0.4064	0.4230	0.0000	0.0000
0.4074	0.4238	0.0000	0.0000
0.4084	0.4245	0.0000	0.0000
0.4094	0.4252	0.0000	0.0000
0.4104	0.4259	0.0000	0.0000
0.4114	0.4266	0.0000	0.0000
0.4124	0.4274	0.0000	0.0000
0.4134	0.4281	0.0000	0.0000
0.4144	0.4288	0.0000	0.0000
0.4154	0.4295	0.0000	0.0000
0.4164	0.4303	0.0000	0.0000
0.4174	0.4310	0.0000	0.0000
0.4184	0.4317	0.0000	0.0000
0.4194	0.4325	0.0000	0.0000
0.4204	0.4332	0.0000	0.0000
0.4214	0.4340	0.0000	0.0000
0.4224	0.4347	0.0000	0.0000
0.4234	0.4354	0.0000	0.0000
0.4244	0.4362	0.0000	0.0000
0.4254	0.4369	0.0000	0.0000
0.4264	0.4377	0.0000	0.0000
0.4274	0.4384	0.0000	0.0000
0.4284	0.4392	0.0000	0.0000
0.4294	0.4400	0.0000	0.0000
0.4304	0.4407	0.0000	0.0000
0.4314	0.4415	0.0000	0.0000
0.4324	0.4422	0.0000	0.0000
0.4334	0.4430	0.0000	0.0000
0.4344	0.4438	0.0000	0.0000
0.4354	0.4445	0.0000	0.0000
0.4364	0.4453	0.0000	0.0000
0.4374	0.4461	0.0000	0.0000
0.4384	0.4469	0.0000	0.0000
0.4394	0.4477	0.0000	0.0000
0.4404	0.4484	0.0000	0.0000
0.4414	0.4492	0.0000	0.0000
0.4424	0.4500	0.0000	0.0000
0.4434	0.4508	0.0000	0.0000
0.4444	0.4516	0.0000	0.0000
0.4454	0.4524	0.0000	0.0000
0.4464	0.4532	0.0000	0.0000
0.4474	0.4540	0.0000	0.0000
0.4484	0.4548	0.0000	0.0000
0.4494	0.4556	0.0000	0.0000
0.4505	0.4564	0.0000	0.0000
0.4515	0.4572	0.0000	0.0000
0.4525	0.4580	0.0000	0.0000
0.4535	0.4588	0.0000	0.0000
0.4545	0.4596	0.0000	0.0000
0.4555	0.4605	0.0000	0.0000
0.4565	0.4613	0.0000	0.0000
0.4575	0.4621	0.0000	0.0000
0.4585	0.4629	0.0000	0.0000
0.4595	0.4638	0.0000	0.0000
0.4605	0.4646	0.0000	0.0000
0.4615	0.4654	0.0000	0.0000
0.4625	0.4663	0.0000	0.0000
0.4635	0.4671	0.0000	0.0000
0.4645	0.4680	0.0000	0.0000
0.4655	0.4688	0.0000	0.0000
0.4665	0.4697	0.0000	0.0000
0.4675	0.4705	0.0000	0.0000
0.4685	0.4714	0.0000	0.0000
0.4695	0.4722	0.0000	0.0000
0.4705	0.4731	0.0000	0.0000
0.4715	0.4740	0.0000	0.0000
0.4725	0.4748	0.0000	0.0000
0.4735	0.4757	0.0000	0.0000
0.4745	0.4766	0.0000	0.0000
0.4755	0.4774	0.0000	0.0000
0.4765	0.4783	0.0000	0.0000
0.4775	0.4792	0.0000	0.0000
0.4785	0.4801	0.0000	0.0000
0.4795	0.4810	0.0000	0.0000
0.4805	0.4819	0.0000	0.0000
0.4815	0.4828	0.0000	0.0000
0.4825	0.4837	0.0000	0.0000
0.4835	0.4846	0.0000	0.0000
0.4845	0.4855	0.0000	0.0000
0.4855	0.4864	0.0000	0.0000
0.4865	0.4873	0.0000	0.0000
0.4875	0.4882	0.0000	0.0000
0.4885	0.4892	0.0000	0.0000
0.4895	0.4901	0.0000	0.0000
0.4905	0.4910	0.0000	0.0000
0.4915	0.4919	0.0000	0.0000
0.4925	0.4929	0.0000	0.0000
0.4935	0.4938	0.0000	0.0000
0.4945	0.4948	0.0000	0.0000
0.4955	0.4957	0.0000	0.0000
0.4965	0.4967	0.0000	0.0000
0.4975	0.4976	0.0000	0.0000
0.4985	0.4986	0.0000	0.0000
0.4995	0.4995	0.0000	0.0000
0.5005	0.5005	0.0000	0.0000
0.5015	0.5014	0.0000	0.0000
0.5025	0.5024	0.0000	0.0000
0.5035	0.5034	0.0000	0.0000
0.5045	0.5043	0.0000	0.0000
0.5055	0.5053	0.0000	0.0000
0.5065	0.5062	0.0000	0.0000
0.5075	0.5071	0.0000	0.0000
0.5085	0.5081	0.0000	0.0000
0.5095	0.5090	0.0000	0.0000
0.5105	0.5099	0.0000	0.0000
0.5115	0.5109	0.0000	0.0000
0.5125	0.5118	0.0000	0.0000
0.5135	0.5127	0.0000	0.0000
0.5145	0.5136	0.0000	0.0000
0.5155	0.5145	0.0000	0.0000
0.5165	0.5154	0.0000	0.0000
0.5175	0.5163	0.0000	0.0000
0.5185	0.5172	0.0000	0.0000
0.5195	0.5181	0.0000	0.0000
0.5205	0.5190	0.0000	0.0000
0.5215	0.5199	0.0000	0.0000
0.5225	0.5208	0.0000	0.0000
0.5235	0.5217	0.0000	0.0000
0.5245	0.5226	0.0000	0.0000
0.5255	0.5234	0.0000	0.0000
0.5265	0.5243	0.0000	0.0000
0.5275	0.5252	0.0000	0.0000
0.5285	0.5261	0.0000	0.0000
0.5295	0.5269	0.0000	0.0000
0.5305	0.5278	0.0000	0.0000
0.5315	0.5286	0.0000	0.0000
0.5325	0.5295	0.0000	0.0000
0.5335	0.5304	0.0000	0.0000
0.5345	0.5312	0.0000	0.0000
0.5355	0.5321	0.0000	0.0000
0.5365	0.5329	0.0000	0.0000
0.5375	0.5337	0.0000	0.0000
0.5385	0.5346	0.0000	0.0000
0.5395	0.5354	0.0000	0.0000
0.5405	0.5362	0.0000	0.0000
0.5415	0.5371	0.0000	0.0000
0.5425	0.5379	0.0000	0.0000
0.5435	0.5387	0.0000	0.0000
0.5445	0.5396	0.0000	0.0000
0.5455	0.5404	0.0000	0.0000
0.5465	0.5412	0.0000	0.0000
0.5475	0.5420	0.0000	0.0000
0.5485	0.5428	0.0000	0.0000
0.5495	0.5436	0.0000	0.0000
0.5506	0.5444	0.0000	0.0000
0.5516	0.5452	0.0000	0.0000
0.5526	0.5460	0.0000	0.0000
0.5536	0.5468	0.0000	0.0000
0.5546	0.5476	0.0000	0.0000
0.5556	0.5484	0.0000	0.0000
0.5566	0.5492	0.0000	0.0000
0.5576	0.5500	0.0000	0.0000
0.5586	0.5508	0.0000	0.0000
0.5596	0.5516	0.0000	0.0000
0.5606	0.5524	0.0000	0.0000
0.5616	0.5531	0.0000	0.0000
0.5626	0.5539	0.0000	0.0000
0.5636	0.5547	0.0000	0.0000
0.5646	0.5555	0.0000	0.0000
0.5656	0.5562	0.0000	0.0000
0.5666	0.5570	0.0000	0.0000
0.5676	0.5578	0.0000	0.0000
0.5686	0.5585	0.0000	0.0000
0.5696	0.5593	0.0000	0.0000
0.5706	0.5601	0.0000	0.0000
0.5716	0.5608	0.0000	0.0000
0.5726	0.5616	0.0000	0.0000
0.5736	0.5623	0.0000	0.0000
0.5746	0.5631	0.0000	0.0000
0.5756	0.5638	0.0000	0.0000
0.5766	0.5646	0.0000	0.0000
0.5776	0.5653	0.0000	0.0000
0.5786	0.5661	0.0000	0.0000
0.5796	0.5668	0.0000	0.0000
0.5806	0.5675	0.0000	0.0000
0.5816	0.5683	0.0000	0.0000
0.5826	0.5690	0.0000	0.0000
0.5836	0.5698	0.0000	0.0000
0.5846	0.5705	0.0000	0.0000
0.5856	0.5712	0.0000	0.0000
0.5866	0.5719	0.0000	0.0000
0.5876	0.5727	0.0000	0.0000
0.5886	0.5734	0.0000	0.0000
0.5896	0.5741	0.0000	0.0000
0.5906	0.5748	0.0000	0.0000
0.5916	0.5756	0.0000	0.0000
0.5926	0.5763	0.0000	0.0000
0.5936	0.5770	0.0000	0.0000
0.5946	0.5777	0.0000	0.0000
0.5956	0.5784	0.0000	0.0000
0.5966	0.5791	0.0000	0.0000
0.5976	0.5798	0.0000	0.0000
0.5986	0.5805	0.0000	0.0000
0.5996	0.5812	0.0000	0.0000
0.6006	0.5819	0.0000	0.0000
0.6016	0.5826	0.0000	0.0000
0.6026	0.5833	0.0000	0.0000
0.6036	0.5840	0.0000	0.0000
0.6046	0.5847	0.0000	0.0000
0.6056	0.5854	0.0000	0.0000
0.6066	0.5861	0.0000	0.0000
0.6076	0.5868	0.0000	0.0000
0.6086	0.5875	0.0000	0.0000
0.6096	0.5882	0.0000	0.0000
0.6106	0.5889	0.0000	0.0000
0.6116	0.5896	0.0000	0.0000
0.6126	0.5903	0.0000	0.0000
0.6136	0.5909	0.0000	0.0000
0.6146	0.5916	0.0000	0.0000
0.6156	0.5923	0.0000	0.0000
0.6166	0.5930	0.0000	0.0000
0.6176	0.5937	0.0000	0.0000
0.6186	0.5943	0.0000	0.0000
0.6196	0.5950	0.0000	0.0000
0.6206	0.5957	0.0000	0.0000
0.6216	0.5964	0.0000	0.0000
0.6226	0.5970	0.0000	0.0000
0.6236	0.5977	0.0000	0.0000
0.6246	0.5984	0.0000	0.0000
0.6256	0.5990	0.0000	0.0000
0.6266	0.5997	0.0000	0.0000
0.6276	0.6004	0.0000	0.0000
0.6286	0.6010	0.0000	0.0000
0.6296	0.6017	0.0000	0.0000
0.6306	0.6024	0.0000	0.0000
0.6316	0.6030	0.0000	0.0000
0.6326	0.6037	0.0000	0.0000
0.6336	0.6043	0.0000	0.0000
0.6346	0.6050	0.0000	0.0000
0.6356	0.6056	0.0000	0.0000
0.6366	0.6063	0.0000	0.0000
0.6376	0.6069	0.0000	0.0000
0.6386	0.6076	0.0000	0.0000
0.6396	0.6082	0.0000	0.0000
0.6406	0.6089	0.0000	0.0000
0.6416	0.6095	0.0000	0.0000
0.6426	0.6102	0.0000	0.0000
0.6436	0.6108	0.0000	0.0000
0.6446	0.6115	0.0000	0.0000
0.6456	0.6121	0.0000	0.0000
0.6466	0.6128	0.0000	0.0000
0.6476	0.6134	0.0000	0.0000
0.6486	0.6140	0.0000	0.0000
0.6496	0.6147	0.0000	0.0000
0.6507	0.6153	0.0000	0.0000
0.6517	0.6160	0.0000	0.0000
0.6527	0.6166	0.0000	0.0000
0.6537	0.6172	0.0000	0.0000
0.6547	0.6179	0.0000	0.0000
0.6557	0.6185	0.0000	0.0000
0.6567	0.6191	0.0000	0.0000
0.6577	0.6198	0.0000	0.0000
0.6587	0.6204	0.0000	0.0000
0.6597	0.6210	0.0000	0.0000
0.6607	0.6217	0.0000	0.0000
0.6617	0.6223	0.0000	0.0000
0.6627	0.6229	0.0000	0.0000
0.6637	0.6235	0.0000	0.0000
0.6647	0.6242	0.0000	0.0000
0.6657	0.6248	0.0000	0.0000
0.6667	0.6254	0.0000	0.0000
0.6677	0.6260	0.0000	0.0000
0.6687	0.6267	0.0000	0.0000
0.6697	0.6273	0.0000	0.0000
0.6707	0.6279	0.0000	0.0000
0.6717	0.6285	0.0000	0.0000
0.6727	0.6291	0.0000	0.0000
0.6737	0.6298	0.0000	0.0000
0.6747	0.6304	0.0000	0.0000
0.6757	0.6310	0.0000	0.0000
0.6767	0.6316	0.0000	0.0000
0.6777	0.6322	0.0000	0.0000
0.6787	0.6328	0.0000	0.0000
0.6797	0.6335	0.0000	0.0000
0.6807	0.6341	0.0000	0.0000
0.6817	0.6347	0.0000	0.0000
0.6827	0.6353	0.0000	0.0000
0.6837	0.6359	0.0000	0.0000
0.6847	0.6365	0.0000	0.0000
0.6857	0.6371	0.0000	0.0000
0.6867	0.6377	0.0000	0.0000
0.6877	0.6383	0.0000	0.0000
0.6887	0.6390	0.0000	0.0000
0.6897	0.6396	0.0000	0.0000
0.6907	0.6402	0.0000	0.0000
0.6917	0.6408	0.0000	0.0000
0.6927	0.6414	0.0000	0.0000
0.6937	0.6420	0.0000	0.0000
0.6947	0.6426	0.0000	0.0000
0.6957	0.6432	0.0000	0.0000
0.6967	0.6438	0.0000	0.0000
0.6977	0.6444	0.0000	0.0000
0.6987	0.6450	0.0000	0.0000
0.6997	0.6456	0.0000	0.0000
0.7007	0.6462	0.0000	0.0000
0.7017	0.6468	0.0000	0.0000
0.7027	0.6474	0.0000	0.0000
0.7037	0.6480	0.0000	0.0000
0.7047	0.6486	0.0000	0.0000
0.7057	0.6492	0.0000	0.0000
0.7067	0.6498	0.0000	0.0000
0.7077	0.6504	0.0000	0.0000
0.7087	0.6510	0.0000	0.0000
0.7097	0.6516	0.0000	0.0000
0.7107	0.6522	0.0000	0.0000
0.7117	0.6528	0.0000	0.0000
0.7127	0.6534	0.0000	0.0000
0.7137	0.6540	0.0000	0.0000
0.7147	0.6546	0.0000	0.0000
0.7157	0.6552	0.0000	0.0000
0.7167	0.6558	0.0000	0.0000
0.7177	0.6564	0.0000	0.0000
0.7187	0.6570	0.0000	0.0000
0.7197	0.6575	0.0000	0.0000
0.7207	0.6581	0.0000	0.0000
0.7217	0.6587	0.0000	0.0000
0.7227	0.6593	0.0000	0.0000
0.7237	0.6599	0.0000	0.0000
0.7247	0.6605	0.0000	0.0000
0.7257	0.6611	0.0000	0.0000
0.7267	0.6617	0.0000	0.0000
0.7277	0.6623	0.0000	0.0000
0.7287	0.6629	0.0000	0.0000
0.7297	0.6635	0.0000	0.0000
0.7307	0.6640	0.0000	0.0000
0.7317	0.6646	0.0000	0.0000
0.7327	0.6652	0.0000	0.0000
0.7337	0.6658	0.0000	0.0000
0.7347	0.6664	0.0000	0.0000
0.7357	0.6670	0.0000	0.0000
0.7367	0.6676	0.0000	0.0000
0.7377	0.6682	0.0000	0.0000
0.7387	0.6688	0.0000	0.0000
0.7397	0.6693	0.0000	0.0000
0.7407	0.6699	0.0000	0.0000
0.7417	0.6705	0.0000	0.0000
0.7427	0.6711	0.0000	0.0000
0.7437	0.6717	0.0000	0.0000
0.7447	0.6723	0.0000	0.0000
0.7457	0.6729	0.0000	0.0000
0.7467	0.6734	0.0000	0.0000
0.7477	0.6740	0.0000	0.0000
0.7487	0.6746	0.0000	0.0000
0.7497	0.6752	0.0000	0.0000
0.7508	0.6758	0.0000	0.0000
0.7518	0.6764	0.0000	0.0000
0.7528	0.6770	0.0000	0.0000
0.7538	0.6775	0.0000	0.0000
0.7548	0.6781	0.0000	0.0000
0.7558	0.6787	0.0000	0.0000
0.7568	0.6793	0.0000	0.0000
0.7578	0.6799	0.0000	0.0000
0.7588	0.6805	0.0000	0.0000
0.7598	0.6811	0.0000	0.0000
0.7608	0.6816	0.0000	0.0000
0.7618	0.6822	0.0000	0.0000
0.7628	0.6828	0.0000	0.0000
0.7638	0.6834	0.0000	0.0000
0.7648	0.6840	0.0000	0.0000
0.7658	0.6846	0.0000	0.0000
0.7668	0.6851	0.0000	0.0000
0.7678	0.6857	0.0000	0.0000
0.7688	0.6863	0.0000	0.0000
0.7698	0.6869	0.0000	0.0000
0.7708	0.6875	0.0000	0.0000
0.7718	0.6881	0.0000	0.0000
0.7728	0.6886	0.0000	0.0000
0.7738	0.6892	0.0000	0.0000
0.7748	0.6898	0.0000	0.0000
0.7758	0.6904	0.0000	0.0000
0.7768	0.6910	0.0000	0.0000
0.7778	0.6915	0.0000	0.0000
0.7788	0.6921	0.0000	0.0000
0.7798	0.6927	0.0000	0.0000
0.7808	0.6933	0.0000	0.0000
0.7818	0.6939	0.0000	0.0000
0.7828	0.6945	0.0000	0.0000
0.7838	0.6950	0.0000	0.0000
0.7848	0.6956	0.0000	0.0000
0.7858	0.6962	0.0000	0.0000
0.7868	0.6968	0.0000	0.0000
0.7878	0.6974	0.0000	0.0000
0.7888	0.6980	0.0000	0.0000
0.7898	0.6985	0.0000	0.0000
0.7908	0.6991	0.0000	0.0000
0.7918	0.6997	0.0000	0.0000
0.7928	0.7003	0.0000	0.0000
0.7938	0.7009	0.0000	0.0000
0.7948	0.7015	0.0000	0.0000
0.7958	0.7020	0.0000	0.0000
0.7968	0.7026	0.0000	0.0000
0.7978	0.7032	0.0000	0.0000
0.7988	0.7038	0.0000	0.0000
0.7998	0.7044	0.0000	0.0000
0.8008	0.7050	0.0000	0.0000
0.8018	0.7056	0.0000	0.0000
0.8028	0.7061	0.0000	0.0000
0.8038	0.7067	0.0000	0.0000
0.8048	0.7073	0.0000	0.0000
0.8058	0.7079	0.0000	0.0000
0.8068	0.7085	0.0000	0.0000
0.8078	0.7091	0.0000	0.0000
0.8088	0.7096	0.0000	0.0000
0.8098	0.7102	0.0000	0.0000
0.8108	0.7108	0.0000	0.0000
0.8118	0.7114	0.0000	0.0000
0.8128	0.7120	0.0000	0.0000
0.8138	0.7126	0.0000	0.0000
0.8148	0.7132	0.0000	0.0000
0.8158	0.7137	0.0000	0.0000
0.8168	0.7143	0.0000	0.0000
0.8178	0.7149	0.0000	0.0000
0.8188	0.7155	0.0000	0.0000
0.8198	0.7161	0.0000	0.0000
0.8208	0.7167	0.0000	0.0000
0.8218	0.7173	0.0000	0.0000
0.8228	0.7179	0.0000	0.0000
0.8238	0.7184	0.0000	0.0000
0.8248	0.7190	0.0000	0.0000
0.8258	0.7196	0.0000	0.0000
0.8268	0.7202	0.0000	0.0000
0.8278	0.7208	0.0000	0.0000
0.8288	0.7214	0.0000	0.0000
0.8298	0.7220	0.0000	0.0000
0.8308	0.7226	0.0000	0.0000
0.8318	0.7232	0.0000	0.0000
0.8328	0.7237	0.0000	0.0000
0.8338	0.7243	0.0000	0.0000
0.8348	0.7249	0.0000	0.0000
0.8358	0.7255	0.0000	0.0000
0.8368	0.7261	0.0000	0.0000
0.8378	0.7267	0.0000	0.0000
0.8388	0.7273	0.0000	0.0000
0.8398	0.7279	0.0000	0.0000
0.8408	0.7285	0.0000	0.0000
0.8418	0.7291	0.0000	0.0000
0.8428	0.7297	0.0000	0.0000
0.8438	0.7303	0.0000	0.0000
0.8448	0.7308	0.0000	0.0000
0.8458	0.7314	0.0000	0.0000
0.8468	0.7320	0.0000	0.0000
0.8478	0.7326	0.0000	0.0000
0.8488	0.7332	0.0000	0.0000
0.8498	0.7338	0.0000	0.0000
0.8509	0.7344	0.0000	0.0000
0.8519	0.7350	0.0000	0.0000
0.8529	0.7356	0.0000	0.0000
0.8539	0.7362	0.0000	0.0000
0.8549	0.7368	0.0000	0.0000
0.8559	0.7374	0.0000	0.0000
0.8569	0.7380	0.0000	0.0000
0.8579	0.7386	0.0000	0.0000
0.8589	0.7392	0.0000	0.0000
0.8599	0.7398	0.0000	0.0000
0.8609	0.7404	0.0000	0.0000
0.8619	0.7410	0.0000	0.0000
0.8629	0.7416	0.0000	0.0000
0.8639	0.7422	0.0000	0.0000
0.8649	0.7428	0.0000	0.0000
0.8659	0.7434	0.0000	0.0000
0.8669	0.7440	0.0000	0.0000
0.8679	0.7446	0.0000	0.0000
0.8689	0.7452	0.0000	0.0000
0.8699	0.7458	0.0000	0.0000
0.8709	0.7464	0.0000	0.0000
0.8719	0.7470	0.0000	0.0000
0.8729	0.7476	0.0000	0.0000
0.8739	0.7482	0.0000	0.0000
0.8749	0.7488	0.0000	0.0000
0.8759	0.7494	0.0000	0.0000
0.8769	0.7500	0.0000	0.0000
0.8779	0.7506	0.0000	0.0000
0.8789	0.7512	0.0000	0.0000
0.8799	0.7518	0.0000	0.0000
0.8809	0.7524	0.0000	0.0000
0.8819	0.7530	0.0000	0.0000
0.8829	0.7536	0.0000	0.0000
0.8839	0.7542	0.0000	0.0000
0.8849	0.7549	0.0000	0.0000
0.8859	0.7555	0.0000	0.0000
0.8869	0.7561	0.0000	0.0000
0.8879	0.7567	0.0000	0.0000
0.8889	0.7573	0.0000	0.0000
0.8899	0.7579	0.0000	0.0000
0.8909	0.7585	0.0000	0.0000
0.8919	0.7591	0.0000	0.0000
0.8929	0.7597	0.0000	0.0000
0.8939	0.7603	0.0000	0.0000
0.8949	0.7610	0.0000	0.0000
0.8959	0.7616	0.0000	0.0000
0.8969	0.7622	0.0000	0.0000
0.8979	0.7628	0.0000	0.0000
0.8989	0.7634	0.0000	0.0000
0.8999	0.7640	0.0000	0.0000
0.9009	0.7646	0.0000	0.0000
0.9019	0.7653	0.0000	0.0000
0.9029	0.7659	0.0000	0.0000
0.9039	0.7665	0.0000	0.0000
0.9049	0.7671	0.0000	0.0000
0.9059	0.7677	0.0000	0.0000
0.9069	0.7683	0.0000	0.0000
0.9079	0.7690	0.0000	0.0000
0.9089	0.7696	0.0000	0.0000
0.9099	0.7702	0.0000	0.0000
0.9109	0.7708	0.0000	0.0000
0.9119	0.7714	0.0000	0.0000
0.9129	0.7721	0.0000	0.0000
0.9139	0.7727	0.0000	0.0000
0.9149	0.7733	0.0000	0.0000
0.9159	0.7739	0.0000	0.0000
0.9169	0.7745	0.0000	0.0000
0.9179	0.7752	0.0000	0.0000
0.9189	0.7758	0.0000	0.0000
0.9199	0.7764	0.0000	0.0000
0.9209	0.7770	0.0000	0.0000
0.9219	0.7777	0.0000	0.0000
0.9229	0.7783	0.0000	0.0000
0.9239	0.7789	0.0000	0.0000
0.9249	0.7795	0.0000	0.0000
0.9259	0.7802	0.0000	0.0000
0.9269	0.7808	0.0000	0.0000
0.9279	0.7814	0.0000	0.0000
0.9289	0.7821	0.0000	0.0000
0.9299	0.7827	0.0000	0.0000
0.9309	0.7833	0.0000	0.0000
0.9319	0.7839	0.0000	0.0000
0.9329	0.7846	0.0000	0.0000
0.9339	0.7852	0.0000	0.0000
0.9349	0.7858	0.0000	0.0000
0.9359	0.7865	0.0000	0.0000
0.9369	0.7871	0.0000	0.0000
0.9379	0.7877	0.0000	0.0000
0.9389	0.7884	0.0000	0.0000
0.9399	0.7890	0.0000	0.0000
0.9409	0.7896	0.0000	0.0000
0.9419	0.7903	0.0000	0.0000
0.9429	0.7909	0.0000	0.0000
0.9439	0.7916	0.0000	0.0000
0.9449	0.7922	0.0000	0.0000
0.9459	0.7928	0.0000	0.0000
0.9469	0.7935	0.0000	0.0000
0.9479	0.7941	0.0000	0.0000
0.9489	0.7948	0.0000	0.0000
0.9499	0.7954	0.0000	0.0000
0.9510	0.7960	0.0000	0.0000
0.9520	0.7967	0.0000	0.0000
0.9530	0.7973	0.0000	0.0000
0.9540	0.7980	0.0000	0.0000
0.9550	0.7986	0.0000	0.0000
0.9560	0.7992	0.0000	0.0000
0.9570	0.7999	0.0000	0.0000
0.9580	0.8005	0.0000	0.0000
0.9590	0.8012	0.0000	0.0000
0.9600	0.8018	0.0000	0.0000
0.9610	0.8025	0.0000	0.0000
0.9620	0.8031	0.0000	0.0000
0.9630	0.8038	0.0000	0.0000
0.9640	0.8044	0.0000	0.0000
0.9650	0.8051	0.0000	0.0000
0.9660	0.8057	0.0000	0.0000
0.9670	0.8064	0.0000	0.0000
0.9680	0.8070	0.0000	0.0000
0.9690	0.8077	0.0000	0.0000
0.9700	0.8083	0.0000	0.0000
0.9710	0.8090	0.0000	0.0000
0.9720	0.8096	0.0000	0.0000
0.9730	0.8103	0.0000	0.0000
0.9740	0.8109	0.0000	0.0000
0.9750	0.8116	0.0000	0.0000
0.9760	0.8123	0.0000	0.0000
0.9770	0.8129	0.0000	0.0000
0.9780	0.8136	0.0000	0.0000
0.9790	0.8142	0.0000	0.0000
0.9800	0.8149	0.0000	0.0000
0.9810	0.8156	0.0000	0.0000
0.9820	0.8162	0.0000	0.0000
0.9830	0.8169	0.0000	0.0000
0.9840	0.8175	0.0000	0.0000
0.9850	0.8182	0.0000	0.0000
0.9860	0.8189	0.0000	0.0000
0.9870	0.8195	0.0000	0.0000
0.9880	0.8202	0.0000	0.0000
0.9890	0.8209	0.0000	0.0000
0.9900	0.8215	0.0000	0.0000
0.9910	0.8222	0.0000	0.0000
0.9920	0.8229	0.0000	0.0000
0.9930	0.8235	0.0000	0.0000
0.9940	0.8242	0.0000	0.0000
0.9950	0.8249	0.0000	0.0000
0.9960	0.8255	0.0000	0.0000
0.9970	0.8262	0.0000	0.0000
0.9980	0.8269	0.0000	0.0000
0.9990	0.8275	0.0000	0.0000
1.0000	0.8282	0.0000	0.0000
0.5005
