0.0000	0.0437	0.0000	0.0000
0.0010	0.0444	0.0000	0.0000
0.0020	0.0452	0.0000	0.0000
0.0030	0.0459	0.0000	0.0000
0.0040	0.0467	0.0000	0.0000
0.0050	0.0474	0.0000	0.0000
0.0060	0.0481	0.0000	0.0000
0.0070	0.0489	0.0000	0.0000
0.0080	0.0496	0.0000	0.0000
0.0090	0.0504	0.0000	0.0000
0.0100	0.0511	0.0000	0.0000
0.0110	0.0519	0.0000	0.0000
0.0120	0.0526	0.0000	0.0000
0.0130	0.0533	0.0000	0.0000
0.0140	0.0541	0.0000	0.0000
0.0150	0.0548	0.0000	0.0000
0.0160	0.0556	0.0000	0.0000
0.0170	0.0563	0.0000	0.0000
0.0180	0.0571	0.0000	0.0000
0.0190	0.0578	0.0000	0.0000
0.0200	0.0585	0.0000	0.0000
0.0210	0.0593	0.0000	0.0000
0.0220	0.0600	0.0000	0.0000
0.0230	0.0608	0.0000	0.0000
0.0240	0.0615	0.0000	0.0000
0.0250	0.0623	0.0000	0.0000
0.0260	0.0630	0.0000	0.0000
0.0270	0.0637	0.0000	0.0000
0.0280	0.0645	0.0000	0.0000
0.0290	0.0652	0.0000	0.0000
0.0300	0.0660	0.0000	0.0000
0.0310	0.0667	0.0000	0.0000
0.0320	0.0675	0.0000	0.0000
0.0330	0.0682	0.0000	0.0000
0.0340	0.0690	0.0000	0.0000
0.0350	0.0697	0.0000	0.0000
0.0360	0.0704	0.0000	0.0000
0.0370	0.0712	0.0000	0.0000
0.0380	0.0719	0.0000	0.0000
0.0390	0.0727	0.0000	0.0000
0.0400	0.0734	0.0000	0.0000
0.0410	0.0742	0.0000	0.0000
0.0420	0.0749	0.0000	0.0000
0.0430	0.0757	0.0000	0.0000
0.0440	0.0764	0.0000	0.0000
0.0450	0.0772	0.0000	0.0000
0.0460	0.0779	0.0000	0.0000
0.0470	0.0787	0.0000	0.0000
0.0480	0.0794	0.0000	0.0000
0.0490	0.0802	0.0000	0.0000
0.0501	0.0809	0.0000	0.0000
0.0511	0.0816	0.0000	0.0000
0.0521	0.0824	0.0000	0.0000
0.0531	0.0831	0.0000	0.0000
0.0541	0.0839	0.0000	0.0000
0.0551	0.0846	0.0000	0.0000
0.0561	0.0854	0.0000	0.0000
0.0571	0.0861	0.0000	0.0000
0.0581	0.0869	0.0000	0.0000
0.0591	0.0876	0.0000	0.0000
0.0601	0.0884	0.0000	0.0000
0.0611	0.0891	0.0000	0.0000
0.0621	0.0899	0.0000	0.0000
0.0631	0.0906	0.0000	0.0000
0.0641	0.0914	0.0000	0.0000
0.0651	0.0921	0.0000	0.0000
0.0661	0.0929	0.0000	0.0000
0.0671	0.0937	0.0000	0.0000
0.0681	0.0944	0.0000	0.0000
0.0691	0.0952	0.0000	0.0000
0.0701	0.0959	0.0000	0.0000
0.0711	0.0967	0.0000	0.0000
0.0721	0.0974	0.0000	0.0000
0.0731	0.0982	0.0000	0.0000
0.0741	0.0989	0.0000	0.0000
0.0751	0.0997	0.0000	0.0000
0.0761	0.1004	0.0000	0.0000
0.0771	0.1012	0.0000	0.0000
0.0781	0.1019	0.0000	0.0000
0.0791	0.1027	0.0000	0.0000
0.0801	0.1035	0.0000	0.0000
0.0811	0.1042	0.0000	0.0000
0.0821	0.1050	0.0000	0.0000
0.0831	0.1057	0.0000	0.0000
0.0841	0.1065	0.0000	0.0000
0.0851	0.1072	0.0000	0.0000
0.0861	0.1080	0.0000	0.0000
0.0871	0.1088	0.0000	0.0000
0.0881	0.1095	0.0000	0.0000
0.0891	0.1103	0.0000	0.0000
0.0901	0.1110	0.0000	0.0000
0.0911	0.1118	0.0000	0.0000
0.0921	0.1126	0.0000	0.0000
0.0931	0.1133	0.0000	0.0000
0.0941	0.1141	0.0000	0.0000
0.0951	0.1148	0.0000	0.0000
0.0961	0.1156	0.0000	0.0000
0.0971	0.1164	0.0000	0.0000
0.0981	0.1171	0.0000	0.0000
0.0991	0.1179	0.0000	0.0000
0.1001	0.1186	0.0000	0.0000
0.1011	0.1194	0.0000	0.0000
0.1021	0.1202	0.0000	0.0000
0.1031	0.1209	0.0000	0.0000
0.1041	0.1217	0.0000	0.0000
0.1051	0.1225	0.0000	0.0000
0.1061	0.1232	0.0000	0.0000
0.1071	0.1240	0.0000	0.0000
0.1081	0.1248	0.0000	0.0000
0.1091	0.1255	0.0000	0.0000
0.1101	0.1263	0.0000	0.0000
0.1111	0.1271	0.0000	0.0000
0.1121	0.1278	0.0000	0.0000
0.1131	0.1286	0.0000	0.0000
0.1141	0.1294	0.0000	0.0000
0.1151	0.1301	0.0000	0.0000
0.1161	0.1309	0.0000	0.0000
0.1171	0.1317	0.0000	0.0000
0.1181	0.1324	0.0000	0.0000
0.1191	0.1332	0.0000	0.0000
0.1201	0.1340	0.0000	0.0000
0.1211	0.1348	0.0000	0.0000
0.1221	0.1355	0.0000	0.0000
0.1231	0.1363	0.0000	0.0000
0.1241	0.1371	0.0000	0.0000
0.1251	0.1378	0.0000	0.0000
0.1261	0.1386	0.0000	0.0000
0.1271	0.1394	0.0000	0.0000
0.1281	0.1402	0.0000	0.0000
0.1291	0.1409	0.0000	0.0000
0.1301	0.1417	0.0000	0.0000
0.1311	0.1425	0.0000	0.0000
0.1321	0.1433	0.0000	0.0000
0.1331	0.1441	0.0000	0.0000
0.1341	0.1448	0.0000	0.0000
0.1351	0.1456	0.0000	0.0000
0.1361	0.1464	0.0000	0.0000
0.1371	0.1472	0.0000	0.0000
0.1381	0.1479	0.0000	0.0000
0.1391	0.1487	0.0000	0.0000
0.1401	0.1495	0.0000	0.0000
0.1411	0.1503	0.0000	0.0000
0.1421	0.1511	0.0000	0.0000
0.1431	0.1518	0.0000	0.0000
0.1441	0.1526	0.0000	0.0000
0.1451	0.1534	0.0000	0.0000
0.1461	0.1542	0.0000	0.0000
0.1471	0.1550	0.0000	0.0000
0.1481	0.1558	0.0000	0.0000
0.1491	0.1566	0.0000	0.0000
0.1502	0.1573	0.0000	0.0000
0.1512	0.1581	0.0000	0.0000
0.1522	0.1589	0.0000	0.0000
0.1532	0.1597	0.0000	0.0000
0.1542	0.1605	0.0000	0.0000
0.1552	0.1613	0.0000	0.0000
0.1562	0.1621	0.0000	0.0000
0.1572	0.1629	0.0000	0.0000
0.1582	0.1636	0.0000	0.0000
0.1592	0.1644	0.0000	0.0000
0.1602	0.1652	0.0000	0.0000
0.1612	0.1660	0.0000	0.0000
0.1622	0.1668	0.0000	0.0000
0.1632	0.1676	0.0000	0.0000
0.1642	0.1684	0.0000	0.0000
0.1652	0.1692	0.0000	0.0000
0.1662	0.1700	0.0000	0.0000
0.1672	0.1708	0.0000	0.0000
0.1682	0.1716	0.0000	0.0000
0.1692	0.1724	0.0000	0.0000
0.1702	0.1732	0.0000	0.0000
0.1712	0.1740	0.0000	0.0000
0.1722	0.1748	0.0000	0.0000
0.1732	0.1756	0.0000	0.0000
0.1742	0.1764	0.0000	0.0000
0.1752	0.1772	0.0000	0.0000
0.1762	0.1780	0.0000	0.0000
0.1772	0.1788	0.0000	0.0000
0.1782	0.1796	0.0000	0.0000
0.1792	0.1804	0.0000	0.0000
0.1802	0.1812	0.0000	0.0000
0.1812	0.1820	0.0000	0.0000
0.1822	0.1828	0.0000	0.0000
0.1832	0.1836	0.0000	0.0000
0.1842	0.1844	0.0000	0.0000
0.1852	0.1852	0.0000	0.0000
0.1862	0.1860	0.0000	0.0000
0.1872	0.1868	0.0000	0.0000
0.1882	0.1876	0.0000	0.0000
0.1892	0.1884	0.0000	0.0000
0.1902	0.1892	0.0000	0.0000
0.1912	0.1901	0.0000	0.0000
0.1922	0.1909	0.0000	0.0000
0.1932	0.1917	0.0000	0.0000
0.1942	0.1925	0.0000	0.0000
0.1952	0.1933	0.0000	0.0000
0.1962	0.1941	0.0000	0.0000
0.1972	0.1949	0.0000	0.0000
0.1982	0.1958	0.0000	0.0000
0.1992	0.1966	0.0000	0.0000
0.2002	0.1974	0.0000	0.0000
0.2012	0.1982	0.0000	0.0000
0.2022	0.1990	0.0000	0.0000
0.2032	0.1998	0.0000	0.0000
0.2042	0.2007	0.0000	0.0000
0.2052	0.2015	0.0000	0.0000
0.2062	0.2023	0.0000	0.0000
0.2072	0.2031	0.0000	0.0000
0.2082	0.2039	0.0000	0.0000
0.2092	0.2048	0.0000	0.0000
0.2102	0.2056	0.0000	0.0000
0.2112	0.2064	0.0000	0.0000
0.2122	0.2072	0.0000	0.0000
0.2132	0.2081	0.0000	0.0000
0.2142	0.2089	0.0000	0.0000
0.2152	0.2097	0.0000	0.0000
0.2162	0.2106	0.0000	0.0000
0.2172	0.2114	0.0000	0.0000
0.2182	0.2122	0.0000	0.0000
0.2192	0.2131	0.0000	0.0000
0.2202	0.2139	0.0000	0.0000
0.2212	0.2147	0.0000	0.0000
0.2222	0.2156	0.0000	0.0000
0.2232	0.2164	0.0000	0.0000
0.2242	0.2172	0.0000	0.0000
0.2252	0.2181	0.0000	0.0000
0.2262	0.2189	0.0000	0.0000
0.2272	0.2197	0.0000	0.0000
0.2282	0.2206	0.0000	0.0000
0.2292	0.2214	0.0000	0.0000
0.2302	0.2223	0.0000	0.0000
0.2312	0.2231	0.0000	0.0000
0.2322	0.2239	0.0000	0.0000
0.2332	0.2248	0.0000	0.0000
0.2342	0.2256	0.0000	0.0000
0.2352	0.2265	0.0000	0.0000
0.2362	0.2273	0.0000	0.0000
0.2372	0.2282	0.0000	0.0000
0.2382	0.2290	0.0000	0.0000
0.2392	0.2299	0.0000	0.0000
0.2402	0.2307	0.0000	0.0000
0.2412	0.2316	0.0000	0.0000
0.2422	0.2324	0.0000	0.0000
0.2432	0.2333	0.0000	0.0000
0.2442	0.2341	0.0000	0.0000
0.2452	0.2350	0.0000	0.0000
0.2462	0.2358	0.0000	0.0000
0.2472	0.2367	0.0000	0.0000
0.2482	0.2375	0.0000	0.0000
0.2492	0.2384	0.0000	0.0000
0.2503	0.2392	0.0000	0.0000
0.2513	0.2401	0.0000	0.0000
0.2523	0.2410	0.0000	0.0000
0.2533	0.2418	0.0000	0.0000
0.2543	0.2427	0.0000	0.0000
0.2553	0.2436	0.0000	0.0000
0.2563	0.2444	0.0000	0.0000
0.2573	0.2453	0.0000	0.0000
0.2583	0.2461	0.0000	0.0000
0.2593	0.2470	0.0000	0.0000
0.2603	0.2479	0.0000	0.0000
0.2613	0.2488	0.0000	0.0000
0.2623	0.2496	0.0000	0.0000
0.2633	0.2505	0.0000	0.0000
0.2643	0.2514	0.0000	0.0000
0.2653	0.2522	0.0000	0.0000
0.2663	0.2531	0.0000	0.0000
0.2673	0.2540	0.0000	0.0000
0.2683	0.2549	0.0000	0.0000
0.2693	0.2557	0.0000	0.0000
0.2703	0.2566	0.0000	0.0000
0.2713	0.2575	0.0000	0.0000
0.2723	0.2584	0.0000	0.0000
0.2733	0.2593	0.0000	0.0000
0.2743	0.2601	0.0000	0.0000
0.2753	0.2610	0.0000	0.0000
0.2763	0.2619	0.0000	0.0000
0.2773	0.2628	0.0000	0.0000
0.2783	0.2637	0.0000	0.0000
0.2793	0.2646	0.0000	0.0000
0.2803	0.2655	0.0000	0.0000
0.2813	0.2664	0.0000	0.0000
0.2823	0.2672	0.0000	0.0000
0.2833	0.2681	0.0000	0.0000
0.2843	0.2690	0.0000	0.0000
0.2853	0.2699	0.0000	0.0000
0.2863	0.2708	0.0000	0.0000
0.2873	0.2717	0.0000	0.0000
0.2883	0.2726	0.0000	0.0000
0.2893	0.2735	0.0000	0.0000
0.2903	0.2744	0.0000	0.0000
0.2913	0.2753	0.0000	0.0000
0.2923	0.2762	0.0000	0.0000
0.2933	0.2771	0.0000	0.0000
0.2943	0.2780	0.0000	0.0000
0.2953	0.2789	0.0000	0.0000
0.2963	0.2798	0.0000	0.0000
0.2973	0.2808	0.0000	0.0000
0.2983	0.2817	0.0000	0.0000
0.2993	0.2826	0.0000	0.0000
0.3003	0.2835	0.0000	0.0000
0.3013	0.2844	0.0000	0.0000
0.3023	0.2853	0.0000	0.0000
0.3033	0.2862	0.0000	0.0000
0.3043	0.2872	0.0000	0.0000
0.3053	0.2881	0.0000	0.0000
0.3063	0.2890	0.0000	0.0000
0.3073	0.2899	0.0000	0.0000
0.3083	0.2908	0.0000	0.0000
0.3093	0.2918	0.0000	0.0000
0.3103	0.2927	0.0000	0.0000
0.3113	0.2936	0.0000	0.0000
0.3123	0.2945	0.0000	0.0000
0.3133	0.2955	0.0000	0.0000
0.3143	0.2964	0.0000	0.0000
0.3153	0.2973	0.0000	0.0000
0.3163	0.2983	0.0000	0.0000
0.3173	0.2992	0.0000	0.0000
0.3183	0.3001	0.0000	0.0000
0.3193	0.3011	0.0000	0.0000
0.3203	0.3020	0.0000	0.0000
0.3213	0.3029	0.0000	0.0000
0.3223	0.3039	0.0000	0.0000
0.3233	0.3048	0.0000	0.0000
0.3243	0.3058	0.0000	0.0000
0.3253	0.3067	0.0000	0.0000
0.3263	0.3077	0.0000	0.0000
0.3273	0.3086	0.0000	0.0000
0.3283	0.3096	0.0000	0.0000
0.3293	0.3105	0.0000	0.0000
0.3303	0.3115	0.0000	0.0000
0.3313	0.3124	0.0000	0.0000
0.3323	0.3134	0.0000	0.0000
0.3333	0.3143	0.0000	0.0000
0.3343	0.3153	0.0000	0.0000
0.3353	0.3163	0.0000	0.0000
0.3363	0.3172	0.0000	0.0000
0.3373	0.3182	0.0000	0.0000
0.3383	0.3191	0.0000	0.0000
0.3393	0.3201	0.0000	0.0000
0.3403	0.3211	0.0000	0.0000
0.3413	0.3220	0.0000	0.0000
0.3423	0.3230	0.0000	0.0000
0.3433	0.3240	0.0000	0.0000
0.3443	0.3250	0.0000	0.0000
0.3453	0.3259	0.0000	0.0000
0.3463	0.3269	0.0000	0.0000
0.3473	0.3279	0.0000	0.0000
0.3483	0.3289	0.0000	0.0000
0.3493	0.3298	0.0000	0.0000
0.3504	0.3308	0.0000	0.0000
0.3514	0.3318	0.0000	0.0000
0.3524	0.3328	0.0000	0.0000
0.3534	0.3338	0.0000	0.0000
0.3544	0.3348	0.0000	0.0000
0.3554	0.3358	0.0000	0.0000
0.3564	0.3368	0.0000	0.0000
0.3574	0.3378	0.0000	0.0000
0.3584	0.3388	0.0000	0.0000
0.3594	0.3398	0.0000	0.0000
0.3604	0.3408	0.0000	0.0000
0.3614	0.3418	0.0000	0.0000
0.3624	0.3428	0.0000	0.0000
0.3634	0.3438	0.0000	0.0000
0.3644	0.3448	0.0000	0.0000
0.3654	0.3458	0.0000	0.0000
0.3664	0.3468	0.0000	0.0000
0.3674	0.3478	0.0000	0.0000
0.3684	0.3488	0.0000	0.0000
0.3694	0.3498	0.0000	0.0000
0.3704	0.3508	0.0000	0.0000
0.3714	0.3519	0.0000	0.0000
0.3724	0.3529	0.0000	0.0000
0.3734	0.3539	0.0000	0.0000
0.3744	0.3549	0.0000	0.0000
0.3754	0.3560	0.0000	0.0000
0.3764	0.3570	0.0000	0.0000
0.3774	0.3580	0.0000	0.0000
0.3784	0.3590	0.0000	0.0000
0.3794	0.3601	0.0000	0.0000
0.3804	0.3611	0.0000	0.0000
0.3814	0.3621	0.0000	0.0000
0.3824	0.3632	0.0000	0.0000
0.3834	0.3642	0.0000	0.0000
0.3844	0.3653	0.0000	0.0000
0.3854	0.3663	0.0000	0.0000
0.3864	0.3674	0.0000	0.0000
0.3874	0.3684	0.0000	0.0000
0.3884	0.3695	0.0000	0.0000
0.3894	0.3705	0.0000	0.0000
0.3904	0.3716	0.0000	0.0000
0.3914	0.3726	0.0000	0.0000
0.3924	0.3737	0.0000	0.0000
0.3934	0.3747	0.0000	0.0000
0.3944	0.3758	0.0000	0.0000
0.3954	0.3769	0.0000	0.0000
0.3964	0.3779	0.0000	0.0000
0.3974	0.3790	0.0000	0.0000
0.3984	0.3801	0.0000	0.0000
0.3994	0.3812	0.0000	0.0000
0.4004	0.3822	0.0000	0.0000
0.4014	0.3833	0.0000	0.0000
0.4024	0.3844	0.0000	0.0000
0.4034	0.3855	0.0000	0.0000
0.4044	0.3866	0.0000	0.0000
0.4054	0.3876	0.0000	0.0000
0.4064	0.3887	0.0000	0.0000
0.4074	0.3898	0.0000	0.0000
0.4084	0.3909	0.0000	0.0000
0.4094	0.3920	0.0000	0.0000
0.4104	0.3931	0.0000	0.0000
0.4114	0.3942	0.0000	0.0000
0.4124	0.3953	0.0000	0.0000
0.4134	0.3964	0.0000	0.0000
0.4144	0.3975	0.0000	0.0000
0.4154	0.3986	0.0000	0.0000
0.4164	0.3997	0.0000	0.0000
0.4174	0.4008	0.0000	0.0000
0.4184	0.4020	0.0000	0.0000
0.4194	0.4031	0.0000	0.0000
0.4204	0.4042	0.0000	0.0000
0.4214	0.4053	0.0000	0.0000
0.4224	0.4064	0.0000	0.0000
0.4234	0.4076	0.0000	0.0000
0.4244	0.4087	0.0000	0.0000
0.4254	0.4098	0.0000	0.0000
0.4264	0.4110	0.0000	0.0000
0.4274	0.4121	0.0000	0.0000
0.4284	0.4132	0.0000	0.0000
0.4294	0.4144	0.0000	0.0000
0.4304	0.4155	0.0000	0.0000
0.4314	0.4167	0.0000	0.0000
0.4324	0.4178	0.0000	0.0000
0.4334	0.4190	0.0000	0.0000
0.4344	0.4201	0.0000	0.0000
0.4354	0.4213	0.0000	0.0000
0.4364	0.4224	0.0000	0.0000
0.4374	0.4236	0.0000	0.0000
0.4384	0.4248	0.0000	0.0000
0.4394	0.4259	0.0000	0.0000
0.4404	0.4271	0.0000	0.0000
0.4414	0.4283	0.0000	0.0000
0.4424	0.4295	0.0000	0.0000
0.4434	0.4306	0.0000	0.0000
0.4444	0.4318	0.0000	0.0000
0.4454	0.4330	0.0000	0.0000
0.4464	0.4342	0.0000	0.0000
0.4474	0.4354	0.0000	0.0000
0.4484	0.4366	0.0000	0.0000
0.4494	0.4378	0.0000	0.0000
0.4505	0.4390	0.0000	0.0000
0.4515	0.4402	0.0000	0.0000
0.4525	0.4414	0.0000	0.0000
0.4535	0.4426	0.0000	0.0000
0.4545	0.4438	0.0000	0.0000
0.4555	0.4450	0.0000	0.0000
0.4565	0.4462	0.0000	0.0000
0.4575	0.4474	0.0000	0.0000
0.4585	0.4486	0.0000	0.0000
0.4595	0.4499	0.0000	0.0000
0.4605	0.4511	0.0000	0.0000
0.4615	0.4523	0.0000	0.0000
0.4625	0.4536	0.0000	0.0000
0.4635	0.4548	0.0000	0.0000
0.4645	0.4560	0.0000	0.0000
0.4655	0.4573	0.0000	0.0000
0.4665	0.4585	0.0000	0.0000
0.4675	0.4598	0.0000	0.0000
0.4685	0.4610	0.0000	0.0000
0.4695	0.4623	0.0000	0.0000
0.4705	0.4635	0.0000	0.0000
0.4715	0.4648	0.0000	0.0000
0.4725	0.4661	0.0000	0.0000
0.4735	0.4673	0.0000	0.0000
0.4745	0.4686	0.0000	0.0000
0.4755	0.4699	0.0000	0.0000
0.4765	0.4711	0.0000	0.0000
0.4775	0.4724	0.0000	0.0000
0.4785	0.4737	0.0000	0.0000
0.4795	0.4750	0.0000	0.0000
0.4805	0.4763	0.0000	0.0000
0.4815	0.4776	0.0000	0.0000
0.4825	0.4789	0.0000	0.0000
0.4835	0.4802	0.0000	0.0000
0.4845	0.4815	0.0000	0.0000
0.4855	0.4828	0.0000	0.0000
0.4865	0.4841	0.0000	0.0000
0.4875	0.4854	0.0000	0.0000
0.4885	0.4867	0.0000	0.0000
0.4895	0.4880	0.0000	0.0000
0.4905	0.4894	0.0000	0.0000
0.4915	0.4907	0.0000	0.0000
0.4925	0.4920	0.0000	0.0000
0.4935	0.4934	0.0000	0.0000
0.4945	0.4947	0.0000	0.0000
0.4955	0.4960	0.0000	0.0000
0.4965	0.4974	0.0000	0.0000
0.4975	0.4987	0.0000	0.0000
0.4985	0.5001	0.0000	0.0000
0.4995	0.5015	0.0000	0.0000
0.5005	0.5032	0.0000	0.0000
0.5015	0.5054	0.0000	0.0000
0.5025	0.5075	0.0000	0.0000
0.5035	0.5096	0.0000	0.0000
0.5045	0.5117	0.0000	0.0000
0.5055	0.5138	0.0000	0.0000
0.5065	0.5159	0.0000	0.0000
0.5075	0.5180	0.0000	0.0000
0.5085	0.5201	0.0000	0.0000
0.5095	0.5221	0.0000	0.0000
0.5105	0.5242	0.0000	0.0000
0.5115	0.5262	0.0000	0.0000
0.5125	0.5282	0.0000	0.0000
0.5135	0.5303	0.0000	0.0000
0.5145	0.5323	0.0000	0.0000
0.5155	0.5343	0.0000	0.0000
0.5165	0.5363	0.0000	0.0000
0.5175	0.5383	0.0000	0.0000
0.5185	0.5402	0.0000	0.0000
0.5195	0.5422	0.0000	0.0000
0.5205	0.5442	0.0000	0.0000
0.5215	0.5461	0.0000	0.0000
0.5225	0.5480	0.0000	0.0000
0.5235	0.5500	0.0000	0.0000
0.5245	0.5519	0.0000	0.0000
0.5255	0.5538	0.0000	0.0000
0.5265	0.5557	0.0000	0.0000
0.5275	0.5576	0.0000	0.0000
0.5285	0.5595	0.0000	0.0000
0.5295	0.5614	0.0000	0.0000
0.5305	0.5632	0.0000	0.0000
0.5315	0.5651	0.0000	0.0000
0.5325	0.5670	0.0000	0.0000
0.5335	0.5688	0.0000	0.0000
0.5345	0.5706	0.0000	0.0000
0.5355	0.5725	0.0000	0.0000
0.5365	0.5743	0.0000	0.0000
0.5375	0.5761	0.0000	0.0000
0.5385	0.5779	0.0000	0.0000
0.5395	0.5797	0.0000	0.0000
0.5405	0.5815	0.0000	0.0000
0.5415	0.5833	0.0000	0.0000
0.5425	0.5850	0.0000	0.0000
0.5435	0.5868	0.0000	0.0000
0.5445	0.5886	0.0000	0.0000
0.5455	0.5903	0.0000	0.0000
0.5465	0.5920	0.0000	0.0000
0.5475	0.5938	0.0000	0.0000
0.5485	0.5955	0.0000	0.0000
0.5495	0.5972	0.0000	0.0000
0.5506	0.5989	0.0000	0.0000
0.5516	0.6006	0.0000	0.0000
0.5526	0.6023	0.0000	0.0000
0.5536	0.6040	0.0000	0.0000
0.5546	0.6057	0.0000	0.0000
0.5556	0.6073	0.0000	0.0000
0.5566	0.6090	0.0000	0.0000
0.5576	0.6107	0.0000	0.0000
0.5586	0.6123	0.0000	0.0000
0.5596	0.6140	0.0000	0.0000
0.5606	0.6156	0.0000	0.0000
0.5616	0.6172	0.0000	0.0000
0.5626	0.6188	0.0000	0.0000
0.5636	0.6204	0.0000	0.0000
0.5646	0.6221	0.0000	0.0000
0.5656	0.6237	0.0000	0.0000
0.5666	0.6252	0.0000	0.0000
0.5676	0.6268	0.0000	0.0000
0.5686	0.6284	0.0000	0.0000
0.5696	0.6300	0.0000	0.0000
0.5706	0.6315	0.0000	0.0000
0.5716	0.6331	0.0000	0.0000
0.5726	0.6346	0.0000	0.0000
0.5736	0.6362	0.0000	0.0000
0.5746	0.6377	0.0000	0.0000
0.5756	0.6393	0.0000	0.0000
0.5766	0.6408	0.0000	0.0000
0.5776	0.6423	0.0000	0.0000
0.5786	0.6438	0.0000	0.0000
0.5796	0.6453	0.0000	0.0000
0.5806	0.6468	0.0000	0.0000
0.5816	0.6483	0.0000	0.0000
0.5826	0.6498	0.0000	0.0000
0.5836	0.6513	0.0000	0.0000
0.5846	0.6527	0.0000	0.0000
0.5856	0.6542	0.0000	0.0000
0.5866	0.6557	0.0000	0.0000
0.5876	0.6571	0.0000	0.0000
0.5886	0.6586	0.0000	0.0000
0.5896	0.6600	0.0000	0.0000
0.5906	0.6614	0.0000	0.0000
0.5916	0.6629	0.0000	0.0000
0.5926	0.6643	0.0000	0.0000
0.5936	0.6657	0.0000	0.0000
0.5946	0.6671	0.0000	0.0000
0.5956	0.6685	0.0000	0.0000
0.5966	0.6699	0.0000	0.0000
0.5976	0.6713	0.0000	0.0000
0.5986	0.6727	0.0000	0.0000
0.5996	0.6741	0.0000	0.0000
0.6006	0.6755	0.0000	0.0000
0.6016	0.6768	0.0000	0.0000
0.6026	0.6782	0.0000	0.0000
0.6036	0.6795	0.0000	0.0000
0.6046	0.6809	0.0000	0.0000
0.6056	0.6822	0.0000	0.0000
0.6066	0.6836	0.0000	0.0000
0.6076	0.6849	0.0000	0.0000
0.6086	0.6863	0.0000	0.0000
0.6096	0.6876	0.0000	0.0000
0.6106	0.6889	0.0000	0.0000
0.6116	0.6902	0.0000	0.0000
0.6126	0.6915	0.0000	0.0000
0.6136	0.6928	0.0000	0.0000
0.6146	0.6941	0.0000	0.0000
0.6156	0.6954	0.0000	0.0000
0.6166	0.6967	0.0000	0.0000
0.6176	0.6980	0.0000	0.0000
0.6186	0.6992	0.0000	0.0000
0.6196	0.7005	0.0000	0.0000
0.6206	0.7018	0.0000	0.0000
0.6216	0.7030	0.0000	0.0000
0.6226	0.7043	0.0000	0.0000
0.6236	0.7055	0.0000	0.0000
0.6246	0.7068	0.0000	0.0000
0.6256	0.7080	0.0000	0.0000
0.6266	0.7093	0.0000	0.0000
0.6276	0.7105	0.0000	0.0000
0.6286	0.7117	0.0000	0.0000
0.6296	0.7129	0.0000	0.0000
0.6306	0.7141	0.0000	0.0000
0.6316	0.7154	0.0000	0.0000
0.6326	0.7166	0.0000	0.0000
0.6336	0.7178	0.0000	0.0000
0.6346	0.7190	0.0000	0.0000
0.6356	0.7201	0.0000	0.0000
0.6366	0.7213	0.0000	0.0000
0.6376	0.7225	0.0000	0.0000
0.6386	0.7237	0.0000	0.0000
0.6396	0.7248	0.0000	0.0000
0.6406	0.7260	0.0000	0.0000
0.6416	0.7272	0.0000	0.0000
0.6426	0.7283	0.0000	0.0000
0.6436	0.7295	0.0000	0.0000
0.6446	0.7306	0.0000	0.0000
0.6456	0.7318	0.0000	0.0000
0.6466	0.7329	0.0000	0.0000
0.6476	0.7340	0.0000	0.0000
0.6486	0.7352	0.0000	0.0000
0.6496	0.7363	0.0000	0.0000
0.6507	0.7374	0.0000	0.0000
0.6517	0.7385	0.0000	0.0000
0.6527	0.7396	0.0000	0.0000
0.6537	0.7407	0.0000	0.0000
0.6547	0.7418	0.0000	0.0000
0.6557	0.7429	0.0000	0.0000
0.6567	0.7440	0.0000	0.0000
0.6577	0.7451	0.0000	0.0000
0.6587	0.7462	0.0000	0.0000
0.6597	0.7473	0.0000	0.0000
0.6607	0.7484	0.0000	0.0000
0.6617	0.7494	0.0000	0.0000
0.6627	0.7505	0.0000	0.0000
0.6637	0.7516	0.0000	0.0000
0.6647	0.7526	0.0000	0.0000
0.6657	0.7537	0.0000	0.0000
0.6667	0.7547	0.0000	0.0000
0.6677	0.7558	0.0000	0.0000
0.6687	0.7568	0.0000	0.0000
0.6697	0.7578	0.0000	0.0000
0.6707	0.7589	0.0000	0.0000
0.6717	0.7599	0.0000	0.0000
0.6727	0.7609	0.0000	0.0000
0.6737	0.7619	0.0000	0.0000
0.6747	0.7630	0.0000	0.0000
0.6757	0.7640	0.0000	0.0000
0.6767	0.7650	0.0000	0.0000
0.6777	0.7660	0.0000	0.0000
0.6787	0.7670	0.0000	0.0000
0.6797	0.7680	0.0000	0.0000
0.6807	0.7690	0.0000	0.0000
0.6817	0.7700	0.0000	0.0000
0.6827	0.7709	0.0000	0.0000
0.6837	0.7719	0.0000	0.0000
0.6847	0.7729	0.0000	0.0000
0.6857	0.7739	0.0000	0.0000
0.6867	0.7749	0.0000	0.0000
0.6877	0.7758	0.0000	0.0000
0.6887	0.7768	0.0000	0.0000
0.6897	0.7777	0.0000	0.0000
0.6907	0.7787	0.0000	0.0000
0.6917	0.7796	0.0000	0.0000
0.6927	0.7806	0.0000	0.0000
0.6937	0.7815	0.0000	0.0000
0.6947	0.7825	0.0000	0.0000
0.6957	0.7834	0.0000	0.0000
0.6967	0.7843	0.0000	0.0000
0.6977	0.7853	0.0000	0.0000
0.6987	0.7862	0.0000	0.0000
0.6997	0.7871	0.0000	0.0000
0.7007	0.7880	0.0000	0.0000
0.7017	0.7890	0.0000	0.0000
0.7027	0.7899	0.0000	0.0000
0.7037	0.7908	0.0000	0.0000
0.7047	0.7917	0.0000	0.0000
0.7057	0.7926	0.0000	0.0000
0.7067	0.7935	0.0000	0.0000
0.7077	0.7944	0.0000	0.0000
0.7087	0.7953	0.0000	0.0000
0.7097	0.7961	0.0000	0.0000
0.7107	0.7970	0.0000	0.0000
0.7117	0.7979	0.0000	0.0000
0.7127	0.7988	0.0000	0.0000
0.7137	0.7997	0.0000	0.0000
0.7147	0.8005	0.0000	0.0000
0.7157	0.8014	0.0000	0.0000
0.7167	0.8023	0.0000	0.0000
0.7177	0.8031	0.0000	0.0000
0.7187	0.8040	0.0000	0.0000
0.7197	0.8048	0.0000	0.0000
0.7207	0.8057	0.0000	0.0000
0.7217	0.8065	0.0000	0.0000
0.7227	0.8074	0.0000	0.0000
0.7237	0.8082	0.0000	0.0000
0.7247	0.8091	0.0000	0.0000
0.7257	0.8099	0.0000	0.0000
0.7267	0.8107	0.0000	0.0000
0.7277	0.8115	0.0000	0.0000
0.7287	0.8124	0.0000	0.0000
0.7297	0.8132	0.0000	0.0000
0.7307	0.8140	0.0000	0.0000
0.7317	0.8148	0.0000	0.0000
0.7327	0.8156	0.0000	0.0000
0.7337	0.8164	0.0000	0.0000
0.7347	0.8173	0.0000	0.0000
0.7357	0.8181	0.0000	0.0000
0.7367	0.8189	0.0000	0.0000
0.7377	0.8197	0.0000	0.0000
0.7387	0.8204	0.0000	0.0000
0.7397	0.8212	0.0000	0.0000
0.7407	0.8220	0.0000	0.0000
0.7417	0.8228	0.0000	0.0000
0.7427	0.8236	0.0000	0.0000
0.7437	0.8244	0.0000	0.0000
0.7447	0.8252	0.0000	0.0000
0.7457	0.8259	0.0000	0.0000
0.7467	0.8267	0.0000	0.0000
0.7477	0.8275	0.0000	0.0000
0.7487	0.8282	0.0000	0.0000
0.7497	0.8290	0.0000	0.0000
0.7508	0.8298	0.0000	0.0000
0.7518	0.8305	0.0000	0.0000
0.7528	0.8313	0.0000	0.0000
0.7538	0.8320	0.0000	0.0000
0.7548	0.8328	0.0000	0.0000
0.7558	0.8335	0.0000	0.0000
0.7568	0.8343	0.0000	0.0000
0.7578	0.8350	0.0000	0.0000
0.7588	0.8357	0.0000	0.0000
0.7598	0.8365	0.0000	0.0000
0.7608	0.8372	0.0000	0.0000
0.7618	0.8379	0.0000	0.0000
0.7628	0.8386	0.0000	0.0000
0.7638	0.8394	0.0000	0.0000
0.7648	0.8401	0.0000	0.0000
0.7658	0.8408	0.0000	0.0000
0.7668	0.8415	0.0000	0.0000
0.7678	0.8422	0.0000	0.0000
0.7688	0.8430	0.0000	0.0000
0.7698	0.8437	0.0000	0.0000
0.7708	0.8444	0.0000	0.0000
0.7718	0.8451	0.0000	0.0000
0.7728	0.8458	0.0000	0.0000
0.7738	0.8465	0.0000	0.0000
0.7748	0.8472	0.0000	0.0000
0.7758	0.8479	0.0000	0.0000
0.7768	0.8485	0.0000	0.0000
0.7778	0.8492	0.0000	0.0000
0.7788	0.8499	0.0000	0.0000
0.7798	0.8506	0.0000	0.0000
0.7808	0.8513	0.0000	0.0000
0.7818	0.8520	0.0000	0.0000
0.7828	0.8526	0.0000	0.0000
0.7838	0.8533	0.0000	0.0000
0.7848	0.8540	0.0000	0.0000
0.7858	0.8546	0.0000	0.0000
0.7868	0.8553	0.0000	0.0000
0.7878	0.8560	0.0000	0.0000
0.7888	0.8566	0.0000	0.0000
0.7898	0.8573	0.0000	0.0000
0.7908	0.8579	0.0000	0.0000
0.7918	0.8586	0.0000	0.0000
0.7928	0.8592	0.0000	0.0000
0.7938	0.8599	0.0000	0.0000
0.7948	0.8605	0.0000	0.0000
0.7958	0.8612	0.0000	0.0000
0.7968	0.8618	0.0000	0.0000
0.7978	0.8625	0.0000	0.0000
0.7988	0.8631	0.0000	0.0000
0.7998	0.8637	0.0000	0.0000
0.8008	0.8644	0.0000	0.0000
0.8018	0.8650	0.0000	0.0000
0.8028	0.8656	0.0000	0.0000
0.8038	0.8663	0.0000	0.0000
0.8048	0.8669	0.0000	0.0000
0.8058	0.8675	0.0000	0.0000
0.8068	0.8681	0.0000	0.0000
0.8078	0.8687	0.0000	0.0000
0.8088	0.8694	0.0000	0.0000
0.8098	0.8700	0.0000	0.0000
0.8108	0.8706	0.0000	0.0000
0.8118	0.8712	0.0000	0.0000
0.8128	0.8718	0.0000	0.0000
0.8138	0.8724	0.0000	0.0000
0.8148	0.8730	0.0000	0.0000
0.8158	0.8736	0.0000	0.0000
0.8168	0.8742	0.0000	0.0000
0.8178	0.8748	0.0000	0.0000
0.8188	0.8754	0.0000	0.0000
0.8198	0.8760	0.0000	0.0000
0.8208	0.8766	0.0000	0.0000
0.8218	0.8772	0.0000	0.0000
0.8228	0.8777	0.0000	0.0000
0.8238	0.8783	0.0000	0.0000
0.8248	0.8789	0.0000	0.0000
0.8258	0.8795	0.0000	0.0000
0.8268	0.8801	0.0000	0.0000
0.8278	0.8806	0.0000	0.0000
0.8288	0.8812	0.0000	0.0000
0.8298	0.8818	0.0000	0.0000
0.8308	0.8823	0.0000	0.0000
0.8318	0.8829	0.0000	0.0000
0.8328	0.8835	0.0000	0.0000
0.8338	0.8840	0.0000	0.0000
0.8348	0.8846	0.0000	0.0000
0.8358	0.8852	0.0000	0.0000
0.8368	0.8857	0.0000	0.0000
0.8378	0.8863	0.0000	0.0000
0.8388	0.8868	0.0000	0.0000
0.8398	0.8874	0.0000	0.0000
0.8408	0.8879	0.0000	0.0000
0.8418	0.8885	0.0000	0.0000
0.8428	0.8890	0.0000	0.0000
0.8438	0.8896	0.0000	0.0000
0.8448	0.8901	0.0000	0.0000
0.8458	0.8906	0.0000	0.0000
0.8468	0.8912	0.0000	0.0000
0.8478	0.8917	0.0000	0.0000
0.8488	0.8923	0.0000	0.0000
0.8498	0.8928	0.0000	0.0000
0.8509	0.8933	0.0000	0.0000
0.8519	0.8939	0.0000	0.0000
0.8529	0.8944	0.0000	0.0000
0.8539	0.8949	0.0000	0.0000
0.8549	0.8954	0.0000	0.0000
0.8559	0.8959	0.0000	0.0000
0.8569	0.8965	0.0000	0.0000
0.8579	0.8970	0.0000	0.0000
0.8589	0.8975	0.0000	0.0000
0.8599	0.8980	0.0000	0.0000
0.8609	0.8985	0.0000	0.0000
0.8619	0.8990	0.0000	0.0000
0.8629	0.8996	0.0000	0.0000
0.8639	0.9001	0.0000	0.0000
0.8649	0.9006	0.0000	0.0000
0.8659	0.9011	0.0000	0.0000
0.8669	0.9016	0.0000	0.0000
0.8679	0.9021	0.0000	0.0000
0.8689	0.9026	0.0000	0.0000
0.8699	0.9031	0.0000	0.0000
0.8709	0.9036	0.0000	0.0000
0.8719	0.9041	0.0000	0.0000
0.8729	0.9046	0.0000	0.0000
0.8739	0.9050	0.0000	0.0000
0.8749	0.9055	0.0000	0.0000
0.8759	0.9060	0.0000	0.0000
0.8769	0.9065	0.0000	0.0000
0.8779	0.9070	0.0000	0.0000
0.8789	0.9075	0.0000	0.0000
0.8799	0.9080	0.0000	0.0000
0.8809	0.9084	0.0000	0.0000
0.8819	0.9089	0.0000	0.0000
0.8829	0.9094	0.0000	0.0000
0.8839	0.9099	0.0000	0.0000
0.8849	0.9103	0.0000	0.0000
0.8859	0.9108	0.0000	0.0000
0.8869	0.9113	0.0000	0.0000
0.8879	0.9118	0.0000	0.0000
0.8889	0.9122	0.0000	0.0000
0.8899	0.9127	0.0000	0.0000
0.8909	0.9132	0.0000	0.0000
0.8919	0.9136	0.0000	0.0000
0.8929	0.9141	0.0000	0.0000
0.8939	0.9145	0.0000	0.0000
0.8949	0.9150	0.0000	0.0000
0.8959	0.9155	0.0000	0.0000
0.8969	0.9159	0.0000	0.0000
0.8979	0.9164	0.0000	0.0000
0.8989	0.9168	0.0000	0.0000
0.8999	0.9173	0.0000	0.0000
0.9009	0.9177	0.0000	0.0000
0.9019	0.9182	0.0000	0.0000
0.9029	0.9186	0.0000	0.0000
0.9039	0.9191	0.0000	0.0000
0.9049	0.9195	0.0000	0.0000
0.9059	0.9199	0.0000	0.0000
0.9069	0.9204	0.0000	0.0000
0.9079	0.9208	0.0000	0.0000
0.9089	0.9213	0.0000	0.0000
0.9099	0.9217	0.0000	0.0000
0.9109	0.9221	0.0000	0.0000
0.9119	0.9226	0.0000	0.0000
0.9129	0.9230	0.0000	0.0000
0.9139	0.9234	0.0000	0.0000
0.9149	0.9239	0.0000	0.0000
0.9159	0.9243	0.0000	0.0000
0.9169	0.9247	0.0000	0.0000
0.9179	0.9252	0.0000	0.0000
0.9189	0.9256	0.0000	0.0000
0.9199	0.9260	0.0000	0.0000
0.9209	0.9264	0.0000	0.0000
0.9219	0.9268	0.0000	0.0000
0.9229	0.9273	0.0000	0.0000
0.9239	0.9277	0.0000	0.0000
0.9249	0.9281	0.0000	0.0000
0.9259	0.9285	0.0000	0.0000
0.9269	0.9289	0.0000	0.0000
0.9279	0.9293	0.0000	0.0000
0.9289	0.9298	0.0000	0.0000
0.9299	0.9302	0.0000	0.0000
0.9309	0.9306	0.0000	0.0000
0.9319	0.9310	0.0000	0.0000
0.9329	0.9314	0.0000	0.0000
0.9339	0.9318	0.0000	0.0000
0.9349	0.9322	0.0000	0.0000
0.9359	0.9326	0.0000	0.0000
0.9369	0.9330	0.0000	0.0000
0.9379	0.9334	0.0000	0.0000
0.9389	0.9338	0.0000	0.0000
0.9399	0.9342	0.0000	0.0000
0.9409	0.9346	0.0000	0.0000
0.9419	0.9350	0.0000	0.0000
0.9429	0.9354	0.0000	0.0000
0.9439	0.9358	0.0000	0.0000
0.9449	0.9362	0.0000	0.0000
0.9459	0.9366	0.0000	0.0000
0.9469	0.9370	0.0000	0.0000
0.9479	0.9374	0.0000	0.0000
0.9489	0.9378	0.0000	0.0000
0.9499	0.9381	0.0000	0.0000
0.9510	0.9385	0.0000	0.0000
0.9520	0.9389	0.0000	0.0000
0.9530	0.9393	0.0000	0.0000
0.9540	0.9397	0.0000	0.0000
0.9550	0.9401	0.0000	0.0000
0.9560	0.9404	0.0000	0.0000
0.9570	0.9408	0.0000	0.0000
0.9580	0.9412	0.0000	0.0000
0.9590	0.9416	0.0000	0.0000
0.9600	0.9420	0.0000	0.0000
0.9610	0.9423	0.0000	0.0000
0.9620	0.9427	0.0000	0.0000
0.9630	0.9431	0.0000	0.0000
0.9640	0.9435	0.0000	0.0000
0.9650	0.9438	0.0000	0.0000
0.9660	0.9442	0.0000	0.0000
0.9670	0.9446	0.0000	0.0000
0.9680	0.9449	0.0000	0.0000
0.9690	0.9453	0.0000	0.0000
0.9700	0.9457	0.0000	0.0000
0.9710	0.9460	0.0000	0.0000
0.9720	0.9464	0.0000	0.0000
0.9730	0.9468	0.0000	0.0000
0.9740	0.9471	0.0000	0.0000
0.9750	0.9475	0.0000	0.0000
0.9760	0.9479	0.0000	0.0000
0.9770	0.9482	0.0000	0.0000
0.9780	0.9486	0.0000	0.0000
0.9790	0.9489	0.0000	0.0000
0.9800	0.9493	0.0000	0.0000
0.9810	0.9497	0.0000	0.0000
0.9820	0.9500	0.0000	0.0000
0.9830	0.9504	0.0000	0.0000
0.9840	0.9507	0.0000	0.0000
0.9850	0.9511	0.0000	0.0000
0.9860	0.9514	0.0000	0.0000
0.9870	0.9518	0.0000	0.0000
0.9880	0.9521	0.0000	0.0000
0.9890	0.9525	0.0000	0.0000
0.9900	0.9528	0.0000	0.0000
0.9910	0.9532	0.0000	0.0000
0.9920	0.9535	0.0000	0.0000
0.9930	0.9539	0.0000	0.0000
0.9940	0.9542	0.0000	0.0000
0.9950	0.9546	0.0000	0.0000
0.9960	0.9549	0.0000	0.0000
0.9970	0.9553	0.0000	0.0000
0.9980	0.9556	0.0000	0.0000
0.9990	0.9560	0.0000	0.0000
1.0000	0.9563	0.0000	0.0000
0.1862
0.4945
0.9309
