0.0000	0.0501	0.0000	0.0000
0.0010	0.0509	0.0000	0.0000
0.0020	0.0516	0.0000	0.0000
0.0030	0.0524	0.0000	0.0000
0.0040	0.0531	0.0000	0.0000
0.0050	0.0539	0.0000	0.0000
0.0060	0.0546	0.0000	0.0000
0.0070	0.0554	0.0000	0.0000
0.0080	0.0561	0.0000	0.0000
0.0090	0.0569	0.0000	0.0000
0.0100	0.0576	0.0000	0.0000
0.0110	0.0584	0.0000	0.0000
0.0120	0.0591	0.0000	0.0000
0.0130	0.0599	0.0000	0.0000
0.0140	0.0606	0.0000	0.0000
0.0150	0.0614	0.0000	0.0000
0.0160	0.0621	0.0000	0.0000
0.0170	0.0629	0.0000	0.0000
0.0180	0.0636	0.0000	0.0000
0.0190	0.0644	0.0000	0.0000
0.0200	0.0651	0.0000	0.0000
0.0210	0.0658	0.0000	0.0000
0.0220	0.0666	0.0000	0.0000
0.0230	0.0673	0.0000	0.0000
0.0240	0.0681	0.0000	0.0000
0.0250	0.0688	0.0000	0.0000
0.0260	0.0696	0.0000	0.0000
0.0270	0.0703	0.0000	0.0000
0.0280	0.0711	0.0000	0.0000
0.0290	0.0718	0.0000	0.0000
0.0300	0.0726	0.0000	0.0000
0.0310	0.0733	0.0000	0.0000
0.0320	0.0741	0.0000	0.0000
0.0330	0.0748	0.0000	0.0000
0.0340	0.0756	0.0000	0.0000
0.0350	0.0763	0.0000	0.0000
0.0360	0.0771	0.0000	0.0000
0.0370	0.0778	0.0000	0.0000
0.0380	0.0786	0.0000	0.0000
0.0390	0.0793	0.0000	0.0000
0.0400	0.0801	0.0000	0.0000
0.0410	0.0808	0.0000	0.0000
0.0420	0.0816	0.0000	0.0000
0.0430	0.0823	0.0000	0.0000
0.0440	0.0831	0.0000	0.0000
0.0450	0.0838	0.0000	0.0000
0.0460	0.0846	0.0000	0.0000
0.0470	0.0853	0.0000	0.0000
0.0480	0.0861	0.0000	0.0000
0.0490	0.0868	0.0000	0.0000
0.0501	0.0876	0.0000	0.0000
0.0511	0.0883	0.0000	0.0000
0.0521	0.0891	0.0000	0.0000
0.0531	0.0898	0.0000	0.0000
0.0541	0.0906	0.0000	0.0000
0.0551	0.0913	0.0000	0.0000
0.0561	0.0921	0.0000	0.0000
0.0571	0.0928	0.0000	0.0000
0.0581	0.0936	0.0000	0.0000
0.0591	0.0943	0.0000	0.0000
0.0601	0.0951	0.0000	0.0000
0.0611	0.0958	0.0000	0.0000
0.0621	0.0966	0.0000	0.0000
0.0631	0.0973	0.0000	0.0000
0.0641	0.0981	0.0000	0.0000
0.0651	0.0989	0.0000	0.0000
0.0661	0.0996	0.0000	0.0000
0.0671	0.1004	0.0000	0.0000
0.0681	0.1011	0.0000	0.0000
0.0691	0.1019	0.0000	0.0000
0.0701	0.1026	0.0000	0.0000
0.0711	0.1034	0.0000	0.0000
0.0721	0.1041	0.0000	0.0000
0.0731	0.1049	0.0000	0.0000
0.0741	0.1056	0.0000	0.0000
0.0751	0.1064	0.0000	0.0000
0.0761	0.1072	0.0000	0.0000
0.0771	0.1079	0.0000	0.0000
0.0781	0.1087	0.0000	0.0000
0.0791	0.1094	0.0000	0.0000
0.0801	0.1102	0.0000	0.0000
0.0811	0.1109	0.0000	0.0000
0.0821	0.1117	0.0000	0.0000
0.0831	0.1125	0.0000	0.0000
0.0841	0.1132	0.0000	0.0000
0.0851	0.1140	0.0000	0.0000
0.0861	0.1147	0.0000	0.0000
0.0871	0.1155	0.0000	0.0000
0.0881	0.1162	0.0000	0.0000
0.0891	0.1170	0.0000	0.0000
0.0901	0.1178	0.0000	0.0000
0.0911	0.1185	0.0000	0.0000
0.0921	0.1193	0.0000	0.0000
0.0931	0.1200	0.0000	0.0000
0.0941	0.1208	0.0000	0.0000
0.0951	0.1216	0.0000	0.0000
0.0961	0.1223	0.0000	0.0000
0.0971	0.1231	0.0000	0.0000
0.0981	0.1239	0.0000	0.0000
0.0991	0.1246	0.0000	0.0000
0.1001	0.1254	0.0000	0.0000
0.1011	0.1261	0.0000	0.0000
0.1021	0.1269	0.0000	0.0000
0.1031	0.1277	0.0000	0.0000
0.1041	0.1284	0.0000	0.0000
0.1051	0.1292	0.0000	0.0000
0.1061	0.1300	0.0000	0.0000
0.1071	0.1307	0.0000	0.0000
0.1081	0.1315	0.0000	0.0000
0.1091	0.1323	0.0000	0.0000
0.1101	0.1330	0.0000	0.0000
0.1111	0.1338	0.0000	0.0000
0.1121	0.1346	0.0000	0.0000
0.1131	0.1353	0.0000	0.0000
0.1141	0.1361	0.0000	0.0000
0.1151	0.1369	0.0000	0.0000
0.1161	0.1376	0.0000	0.0000
0.1171	0.1384	0.0000	0.0000
0.1181	0.1392	0.0000	0.0000
0.1191	0.1399	0.0000	0.0000
0.1201	0.1407	0.0000	0.0000
0.1211	0.1415	0.0000	0.0000
0.1221	0.1422	0.0000	0.0000
0.1231	0.1430	0.0000	0.0000
0.1241	0.1438	0.0000	0.0000
0.1251	0.1446	0.0000	0.0000
0.1261	0.1453	0.0000	0.0000
0.1271	0.1461	0.0000	0.0000
0.1281	0.1469	0.0000	0.0000
0.1291	0.1477	0.0000	0.0000
0.1301	0.1484	0.0000	0.0000
0.1311	0.1492	0.0000	0.0000
0.1321	0.1500	0.0000	0.0000
0.1331	0.1507	0.0000	0.0000
0.1341	0.1515	0.0000	0.0000
0.1351	0.1523	0.0000	0.0000
0.1361	0.1531	0.0000	0.0000
0.1371	0.1539	0.0000	0.0000
0.1381	0.1546	0.0000	0.0000
0.1391	0.1554	0.0000	0.0000
0.1401	0.1562	0.0000	0.0000
0.1411	0.1570	0.0000	0.0000
0.1421	0.1577	0.0000	0.0000
0.1431	0.1585	0.0000	0.0000
0.1441	0.1593	0.0000	0.0000
0.1451	0.1601	0.0000	0.0000
0.1461	0.1609	0.0000	0.0000
0.1471	0.1616	0.0000	0.0000
0.1481	0.1624	0.0000	0.0000
0.1491	0.1632	0.0000	0.0000
0.1502	0.1640	0.0000	0.0000
0.1512	0.1648	0.0000	0.0000
0.1522	0.1656	0.0000	0.0000
0.1532	0.1663	0.0000	0.0000
0.1542	0.1671	0.0000	0.0000
0.1552	0.1679	0.0000	0.0000
0.1562	0.1687	0.0000	0.0000
0.1572	0.1695	0.0000	0.0000
0.1582	0.1703	0.0000	0.0000
0.1592	0.1711	0.0000	0.0000
0.1602	0.1718	0.0000	0.0000
0.1612	0.1726	0.0000	0.0000
0.1622	0.1734	0.0000	0.0000
0.1632	0.1742	0.0000	0.0000
0.1642	0.1750	0.0000	0.0000
0.1652	0.1758	0.0000	0.0000
0.1662	0.1766	0.0000	0.0000
0.1672	0.1774	0.0000	0.0000
0.1682	0.1782	0.0000	0.0000
0.1692	0.1790	0.0000	0.0000
0.1702	0.1797	0.0000	0.0000
0.1712	0.1805	0.0000	0.0000
0.1722	0.1813	0.0000	0.0000
0.1732	0.1821	0.0000	0.0000
0.1742	0.1829	0.0000	0.0000
0.1752	0.1837	0.0000	0.0000
0.1762	0.1845	0.0000	0.0000
0.1772	0.1853	0.0000	0.0000
0.1782	0.1861	0.0000	0.0000
0.1792	0.1869	0.0000	0.0000
0.1802	0.1877	0.0000	0.0000
0.1812	0.1885	0.0000	0.0000
0.1822	0.1893	0.0000	0.0000
0.1832	0.1901	0.0000	0.0000
0.1842	0.1909	0.0000	0.0000
0.1852	0.1917	0.0000	0.0000
0.1862	0.1925	0.0000	0.0000
0.1872	0.1933	0.0000	0.0000
0.1882	0.1941	0.0000	0.0000
0.1892	0.1949	0.0000	0.0000
0.1902	0.1957	0.0000	0.0000
0.1912	0.1965	0.0000	0.0000
0.1922	0.1973	0.0000	0.0000
0.1932	0.1981	0.0000	0.0000
0.1942	0.1989	0.0000	0.0000
0.1952	0.1997	0.0000	0.0000
0.1962	0.2006	0.0000	0.0000
0.1972	0.2014	0.0000	0.0000
0.1982	0.2022	0.0000	0.0000
0.1992	0.2030	0.0000	0.0000
0.2002	0.2038	0.0000	0.0000
0.2012	0.2046	0.0000	0.0000
0.2022	0.2054	0.0000	0.0000
0.2032	0.2062	0.0000	0.0000
0.2042	0.2070	0.0000	0.0000
0.2052	0.2079	0.0000	0.0000
0.2062	0.2087	0.0000	0.0000
0.2072	0.2095	0.0000	0.0000
0.2082	0.2103	0.0000	0.0000
0.2092	0.2111	0.0000	0.0000
0.2102	0.2119	0.0000	0.0000
0.2112	0.2128	0.0000	0.0000
0.2122	0.2136	0.0000	0.0000
0.2132	0.2144	0.0000	0.0000
0.2142	0.2152	0.0000	0.0000
0.2152	0.2160	0.0000	0.0000
0.2162	0.2169	0.0000	0.0000
0.2172	0.2177	0.0000	0.0000
0.2182	0.2185	0.0000	0.0000
0.2192	0.2193	0.0000	0.0000
0.2202	0.2201	0.0000	0.0000
0.2212	0.2210	0.0000	0.0000
0.2222	0.2218	0.0000	0.0000
0.2232	0.2226	0.0000	0.0000
0.2242	0.2235	0.0000	0.0000
0.2252	0.2243	0.0000	0.0000
0.2262	0.2251	0.0000	0.0000
0.2272	0.2259	0.0000	0.0000
0.2282	0.2268	0.0000	0.0000
0.2292	0.2276	0.0000	0.0000
0.2302	0.2284	0.0000	0.0000
0.2312	0.2293	0.0000	0.0000
0.2322	0.2301	0.0000	0.0000
0.2332	0.2309	0.0000	0.0000
0.2342	0.2318	0.0000	0.0000
0.2352	0.2326	0.0000	0.0000
0.2362	0.2334	0.0000	0.0000
0.2372	0.2343	0.0000	0.0000
0.2382	0.2351	0.0000	0.0000
0.2392	0.2360	0.0000	0.0000
0.2402	0.2368	0.0000	0.0000
0.2412	0.2376	0.0000	0.0000
0.2422	0.2385	0.0000	0.0000
0.2432	0.2393	0.0000	0.0000
0.2442	0.2402	0.0000	0.0000
0.2452	0.2410	0.0000	0.0000
0.2462	0.2419	0.0000	0.0000
0.2472	0.2427	0.0000	0.0000
0.2482	0.2435	0.0000	0.0000
0.2492	0.2444	0.0000	0.0000
0.2503	0.2452	0.0000	0.0000
0.2513	0.2461	0.0000	0.0000
0.2523	0.2469	0.0000	0.0000
0.2533	0.2478	0.0000	0.0000
0.2543	0.2486	0.0000	0.0000
0.2553	0.2495	0.0000	0.0000
0.2563	0.2504	0.0000	0.0000
0.2573	0.2512	0.0000	0.0000
0.2583	0.2521	0.0000	0.0000
0.2593	0.2529	0.0000	0.0000
0.2603	0.2538	0.0000	0.0000
0.2613	0.2546	0.0000	0.0000
0.2623	0.2555	0.0000	0.0000
0.2633	0.2564	0.0000	0.0000
0.2643	0.2572	0.0000	0.0000
0.2653	0.2581	0.0000	0.0000
0.2663	0.2589	0.0000	0.0000
0.2673	0.2598	0.0000	0.0000
0.2683	0.2607	0.0000	0.0000
0.2693	0.2615	0.0000	0.0000
0.2703	0.2624	0.0000	0.0000
0.2713	0.2633	0.0000	0.0000
0.2723	0.2641	0.0000	0.0000
0.2733	0.2650	0.0000	0.0000
0.2743	0.2659	0.0000	0.0000
0.2753	0.2668	0.0000	0.0000
0.2763	0.2676	0.0000	0.0000
0.2773	0.2685	0.0000	0.0000
0.2783	0.2694	0.0000	0.0000
0.2793	0.2703	0.0000	0.0000
0.2803	0.2711	0.0000	0.0000
0.2813	0.2720	0.0000	0.0000
0.2823	0.2729	0.0000	0.0000
0.2833	0.2738	0.0000	0.0000
0.2843	0.2746	0.0000	0.0000
0.2853	0.2755	0.0000	0.0000
0.2863	0.2764	0.0000	0.0000
0.2873	0.2773	0.0000	0.0000
0.2883	0.2782	0.0000	0.0000
0.2893	0.2791	0.0000	0.0000
0.2903	0.2800	0.0000	0.0000
0.2913	0.2808	0.0000	0.0000
0.2923	0.2817	0.0000	0.0000
0.2933	0.2826	0.0000	0.0000
0.2943	0.2835	0.0000	0.0000
0.2953	0.2844	0.0000	0.0000
0.2963	0.2853	0.0000	0.0000
0.2973	0.2862	0.0000	0.0000
0.2983	0.2871	0.0000	0.0000
0.2993	0.2880	0.0000	0.0000
0.3003	0.2889	0.0000	0.0000
0.3013	0.2898	0.0000	0.0000
0.3023	0.2907	0.0000	0.0000
0.3033	0.2916	0.0000	0.0000
0.3043	0.2925	0.0000	0.0000
0.3053	0.2934	0.0000	0.0000
0.3063	0.2943	0.0000	0.0000
0.3073	0.2952	0.0000	0.0000
0.3083	0.2961	0.0000	0.0000
0.3093	0.2970	0.0000	0.0000
0.3103	0.2979	0.0000	0.0000
0.3113	0.2989	0.0000	0.0000
0.3123	0.2998	0.0000	0.0000
0.3133	0.3007	0.0000	0.0000
0.3143	0.3016	0.0000	0.0000
0.3153	0.3025	0.0000	0.0000
0.3163	0.3034	0.0000	0.0000
0.3173	0.3044	0.0000	0.0000
0.3183	0.3053	0.0000	0.0000
0.3193	0.3062	0.0000	0.0000
0.3203	0.3071	0.0000	0.0000
0.3213	0.3080	0.0000	0.0000
0.3223	0.3090	0.0000	0.0000
0.3233	0.3099	0.0000	0.0000
0.3243	0.3108	0.0000	0.0000
0.3253	0.3118	0.0000	0.0000
0.3263	0.3127	0.0000	0.0000
0.3273	0.3136	0.0000	0.0000
0.3283	0.3145	0.0000	0.0000
0.3293	0.3155	0.0000	0.0000
0.3303	0.3164	0.0000	0.0000
0.3313	0.3174	0.0000	0.0000
0.3323	0.3183	0.0000	0.0000
0.3333	0.3192	0.0000	0.0000
0.3343	0.3202	0.0000	0.0000
0.3353	0.3211	0.0000	0.0000
0.3363	0.3221	0.0000	0.0000
0.3373	0.3230	0.0000	0.0000
0.3383	0.3240	0.0000	0.0000
0.3393	0.3249	0.0000	0.0000
0.3403	0.3259	0.0000	0.0000
0.3413	0.3268	0.0000	0.0000
0.3423	0.3278	0.0000	0.0000
0.3433	0.3287	0.0000	0.0000
0.3443	0.3297	0.0000	0.0000
0.3453	0.3306	0.0000	0.0000
0.3463	0.3316	0.0000	0.0000
0.3473	0.3326	0.0000	0.0000
0.3483	0.3335	0.0000	0.0000
0.3493	0.3345	0.0000	0.0000
0.3504	0.3354	0.0000	0.0000
0.3514	0.3364	0.0000	0.0000
0.3524	0.3374	0.0000	0.0000
0.3534	0.3383	0.0000	0.0000
0.3544	0.3393	0.0000	0.0000
0.3554	0.3403	0.0000	0.0000
0.3564	0.3413	0.0000	0.0000
0.3574	0.3422	0.0000	0.0000
0.3584	0.3432	0.0000	0.0000
0.3594	0.3442	0.0000	0.0000
0.3604	0.3452	0.0000	0.0000
0.3614	0.3462	0.0000	0.0000
0.3624	0.3471	0.0000	0.0000
0.3634	0.3481	0.0000	0.0000
0.3644	0.3491	0.0000	0.0000
0.3654	0.3501	0.0000	0.0000
0.3664	0.3511	0.0000	0.0000
0.3674	0.3521	0.0000	0.0000
0.3684	0.3531	0.0000	0.0000
0.3694	0.3541	0.0000	0.0000
0.3704	0.3551	0.0000	0.0000
0.3714	0.3561	0.0000	0.0000
0.3724	0.3571	0.0000	0.0000
0.3734	0.3581	0.0000	0.0000
0.3744	0.3591	0.0000	0.0000
0.3754	0.3601	0.0000	0.0000
0.3764	0.3611	0.0000	0.0000
0.3774	0.3621	0.0000	0.0000
0.3784	0.3631	0.0000	0.0000
0.3794	0.3641	0.0000	0.0000
0.3804	0.3651	0.0000	0.0000
0.3814	0.3662	0.0000	0.0000
0.3824	0.3672	0.0000	0.0000
0.3834	0.3682	0.0000	0.0000
0.3844	0.3692	0.0000	0.0000
0.3854	0.3702	0.0000	0.0000
0.3864	0.3713	0.0000	0.0000
0.3874	0.3723	0.0000	0.0000
0.3884	0.3733	0.0000	0.0000
0.3894	0.3744	0.0000	0.0000
0.3904	0.3754	0.0000	0.0000
0.3914	0.3764	0.0000	0.0000
0.3924	0.3775	0.0000	0.0000
0.3934	0.3785	0.0000	0.0000
0.3944	0.3795	0.0000	0.0000
0.3954	0.3806	0.0000	0.0000
0.3964	0.3816	0.0000	0.0000
0.3974	0.3827	0.0000	0.0000
0.3984	0.3837	0.0000	0.0000
0.3994	0.3848	0.0000	0.0000
0.4004	0.3858	0.0000	0.0000
0.4014	0.3869	0.0000	0.0000
0.4024	0.3879	0.0000	0.0000
0.4034	0.3890	0.0000	0.0000
0.4044	0.3901	0.0000	0.0000
0.4054	0.3911	0.0000	0.0000
0.4064	0.3922	0.0000	0.0000
0.4074	0.3933	0.0000	0.0000
0.4084	0.3943	0.0000	0.0000
0.4094	0.3954	0.0000	0.0000
0.4104	0.3965	0.0000	0.0000
0.4114	0.3975	0.0000	0.0000
0.4124	0.3986	0.0000	0.0000
0.4134	0.3997	0.0000	0.0000
0.4144	0.4008	0.0000	0.0000
0.4154	0.4019	0.0000	0.0000
0.4164	0.4030	0.0000	0.0000
0.4174	0.4040	0.0000	0.0000
0.4184	0.4051	0.0000	0.0000
0.4194	0.4062	0.0000	0.0000
0.4204	0.4073	0.0000	0.0000
0.4214	0.4084	0.0000	0.0000
0.4224	0.4095	0.0000	0.0000
0.4234	0.4106	0.0000	0.0000
0.4244	0.4117	0.0000	0.0000
0.4254	0.4128	0.0000	0.0000
0.4264	0.4139	0.0000	0.0000
0.4274	0.4151	0.0000	0.0000
0.4284	0.4162	0.0000	0.0000
0.4294	0.4173	0.0000	0.0000
0.4304	0.4184	0.0000	0.0000
0.4314	0.4195	0.0000	0.0000
0.4324	0.4206	0.0000	0.0000
0.4334	0.4218	0.0000	0.0000
0.4344	0.4229	0.0000	0.0000
0.4354	0.4240	0.0000	0.0000
0.4364	0.4252	0.0000	0.0000
0.4374	0.4263	0.0000	0.0000
0.4384	0.4274	0.0000	0.0000
0.4394	0.4286	0.0000	0.0000
0.4404	0.4297	0.0000	0.0000
0.4414	0.4309	0.0000	0.0000
0.4424	0.4320	0.0000	0.0000
0.4434	0.4332	0.0000	0.0000
0.4444	0.4343	0.0000	0.0000
0.4454	0.4355	0.0000	0.0000
0.4464	0.4366	0.0000	0.0000
0.4474	0.4378	0.0000	0.0000
0.4484	0.4390	0.0000	0.0000
0.4494	0.4401	0.0000	0.0000
0.4505	0.4413	0.0000	0.0000
0.4515	0.4425	0.0000	0.0000
0.4525	0.4436	0.0000	0.0000
0.4535	0.4448	0.0000	0.0000
0.4545	0.4460	0.0000	0.0000
0.4555	0.4472	0.0000	0.0000
0.4565	0.4484	0.0000	0.0000
0.4575	0.4496	0.0000	0.0000
0.4585	0.4507	0.0000	0.0000
0.4595	0.4519	0.0000	0.0000
0.4605	0.4531	0.0000	0.0000
0.4615	0.4543	0.0000	0.0000
0.4625	0.4555	0.0000	0.0000
0.4635	0.4567	0.0000	0.0000
0.4645	0.4580	0.0000	0.0000
0.4655	0.4592	0.0000	0.0000
0.4665	0.4604	0.0000	0.0000
0.4675	0.4616	0.0000	0.0000
0.4685	0.4628	0.0000	0.0000
0.4695	0.4640	0.0000	0.0000
0.4705	0.4653	0.0000	0.0000
0.4715	0.4665	0.0000	0.0000
0.4725	0.4677	0.0000	0.0000
0.4735	0.4690	0.0000	0.0000
0.4745	0.4702	0.0000	0.0000
0.4755	0.4715	0.0000	0.0000
0.4765	0.4727	0.0000	0.0000
0.4775	0.4739	0.0000	0.0000
0.4785	0.4752	0.0000	0.0000
0.4795	0.4765	0.0000	0.0000
0.4805	0.4777	0.0000	0.0000
0.4815	0.4790	0.0000	0.0000
0.4825	0.4802	0.0000	0.0000
0.4835	0.4815	0.0000	0.0000
0.4845	0.4828	0.0000	0.0000
0.4855	0.4841	0.0000	0.0000
0.4865	0.4853	0.0000	0.0000
0.4875	0.4866	0.0000	0.0000
0.4885	0.4879	0.0000	0.0000
0.4895	0.4892	0.0000	0.0000
0.4905	0.4905	0.0000	0.0000
0.4915	0.4918	0.0000	0.0000
0.4925	0.4931	0.0000	0.0000
0.4935	0.4944	0.0000	0.0000
0.4945	0.4957	0.0000	0.0000
0.4955	0.4970	0.0000	0.0000
0.4965	0.4983	0.0000	0.0000
0.4975	0.4996	0.0000	0.0000
0.4985	0.5009	0.0000	0.0000
0.4995	0.5023	0.0000	0.0000
0.5005	0.5040	0.0000	0.0000
0.5015	0.5061	0.0000	0.0000
0.5025	0.5082	0.0000	0.0000
0.5035	0.5103	0.0000	0.0000
0.5045	0.5123	0.0000	0.0000
0.5055	0.5144	0.0000	0.0000
0.5065	0.5164	0.0000	0.0000
0.5075	0.5185	0.0000	0.0000
0.5085	0.5205	0.0000	0.0000
0.5095	0.5225	0.0000	0.0000
0.5105	0.5245	0.0000	0.0000
0.5115	0.5266	0.0000	0.0000
0.5125	0.5285	0.0000	0.0000
0.5135	0.5305	0.0000	0.0000
0.5145	0.5325	0.0000	0.0000
0.5155	0.5345	0.0000	0.0000
0.5165	0.5364	0.0000	0.0000
0.5175	0.5384	0.0000	0.0000
0.5185	0.5403	0.0000	0.0000
0.5195	0.5422	0.0000	0.0000
0.5205	0.5442	0.0000	0.0000
0.5215	0.5461	0.0000	0.0000
0.5225	0.5480	0.0000	0.0000
0.5235	0.5499	0.0000	0.0000
0.5245	0.5518	0.0000	0.0000
0.5255	0.5536	0.0000	0.0000
0.5265	0.5555	0.0000	0.0000
0.5275	0.5574	0.0000	0.0000
0.5285	0.5592	0.0000	0.0000
0.5295	0.5611	0.0000	0.0000
0.5305	0.5629	0.0000	0.0000
0.5315	0.5647	0.0000	0.0000
0.5325	0.5665	0.0000	0.0000
0.5335	0.5683	0.0000	0.0000
0.5345	0.5702	0.0000	0.0000
0.5355	0.5719	0.0000	0.0000
0.5365	0.5737	0.0000	0.0000
0.5375	0.5755	0.0000	0.0000
0.5385	0.5773	0.0000	0.0000
0.5395	0.5790	0.0000	0.0000
0.5405	0.5808	0.0000	0.0000
0.5415	0.5825	0.0000	0.0000
0.5425	0.5843	0.0000	0.0000
0.5435	0.5860	0.0000	0.0000
0.5445	0.5877	0.0000	0.0000
0.5455	0.5894	0.0000	0.0000
0.5465	0.5911	0.0000	0.0000
0.5475	0.5928	0.0000	0.0000
0.5485	0.5945	0.0000	0.0000
0.5495	0.5962	0.0000	0.0000
0.5506	0.5979	0.0000	0.0000
0.5516	0.5996	0.0000	0.0000
0.5526	0.6012	0.0000	0.0000
0.5536	0.6029	0.0000	0.0000
0.5546	0.6045	0.0000	0.0000
0.5556	0.6062	0.0000	0.0000
0.5566	0.6078	0.0000	0.0000
0.5576	0.6094	0.0000	0.0000
0.5586	0.6110	0.0000	0.0000
0.5596	0.6126	0.0000	0.0000
0.5606	0.6142	0.0000	0.0000
0.5616	0.6158	0.0000	0.0000
0.5626	0.6174	0.0000	0.0000
0.5636	0.6190	0.0000	0.0000
0.5646	0.6206	0.0000	0.0000
0.5656	0.6221	0.0000	0.0000
0.5666	0.6237	0.0000	0.0000
0.5676	0.6253	0.0000	0.0000
0.5686	0.6268	0.0000	0.0000
0.5696	0.6283	0.0000	0.0000
0.5706	0.6299	0.0000	0.0000
0.5716	0.6314	0.0000	0.0000
0.5726	0.6329	0.0000	0.0000
0.5736	0.6344	0.0000	0.0000
0.5746	0.6360	0.0000	0.0000
0.5756	0.6375	0.0000	0.0000
0.5766	0.6389	0.0000	0.0000
0.5776	0.6404	0.0000	0.0000
0.5786	0.6419	0.0000	0.0000
0.5796	0.6434	0.0000	0.0000
0.5806	0.6449	0.0000	0.0000
0.5816	0.6463	0.0000	0.0000
0.5826	0.6478	0.0000	0.0000
0.5836	0.6492	0.0000	0.0000
0.5846	0.6507	0.0000	0.0000
0.5856	0.6521	0.0000	0.0000
0.5866	0.6535	0.0000	0.0000
0.5876	0.6550	0.0000	0.0000
0.5886	0.6564	0.0000	0.0000
0.5896	0.6578	0.0000	0.0000
0.5906	0.6592	0.0000	0.0000
0.5916	0.6606	0.0000	0.0000
0.5926	0.6620	0.0000	0.0000
0.5936	0.6634	0.0000	0.0000
0.5946	0.6648	0.0000	0.0000
0.5956	0.6661	0.0000	0.0000
0.5966	0.6675	0.0000	0.0000
0.5976	0.6689	0.0000	0.0000
0.5986	0.6702	0.0000	0.0000
0.5996	0.6716	0.0000	0.0000
0.6006	0.6729	0.0000	0.0000
0.6016	0.6743	0.0000	0.0000
0.6026	0.6756	0.0000	0.0000
0.6036	0.6770	0.0000	0.0000
0.6046	0.6783	0.0000	0.0000
0.6056	0.6796	0.0000	0.0000
0.6066	0.6809	0.0000	0.0000
0.6076	0.6822	0.0000	0.0000
0.6086	0.6835	0.0000	0.0000
0.6096	0.6848	0.0000	0.0000
0.6106	0.6861	0.0000	0.0000
0.6116	0.6874	0.0000	0.0000
0.6126	0.6887	0.0000	0.0000
0.6136	0.6900	0.0000	0.0000
0.6146	0.6912	0.0000	0.0000
0.6156	0.6925	0.0000	0.0000
0.6166	0.6938	0.0000	0.0000
0.6176	0.6950	0.0000	0.0000
0.6186	0.6963	0.0000	0.0000
0.6196	0.6975	0.0000	0.0000
0.6206	0.6988	0.0000	0.0000
0.6216	0.7000	0.0000	0.0000
0.6226	0.7012	0.0000	0.0000
0.6236	0.7024	0.0000	0.0000
0.6246	0.7037	0.0000	0.0000
0.6256	0.7049	0.0000	0.0000
0.6266	0.7061	0.0000	0.0000
0.6276	0.7073	0.0000	0.0000
0.6286	0.7085	0.0000	0.0000
0.6296	0.7097	0.0000	0.0000
0.6306	0.7109	0.0000	0.0000
0.6316	0.7121	0.0000	0.0000
0.6326	0.7132	0.0000	0.0000
0.6336	0.7144	0.0000	0.0000
0.6346	0.7156	0.0000	0.0000
0.6356	0.7168	0.0000	0.0000
0.6366	0.7179	0.0000	0.0000
0.6376	0.7191	0.0000	0.0000
0.6386	0.7202	0.0000	0.0000
0.6396	0.7214	0.0000	0.0000
0.6406	0.7225	0.0000	0.0000
0.6416	0.7236	0.0000	0.0000
0.6426	0.7248	0.0000	0.0000
0.6436	0.7259	0.0000	0.0000
0.6446	0.7270	0.0000	0.0000
0.6456	0.7282	0.0000	0.0000
0.6466	0.7293	0.0000	0.0000
0.6476	0.7304	0.0000	0.0000
0.6486	0.7315	0.0000	0.0000
0.6496	0.7326	0.0000	0.0000
0.6507	0.7337	0.0000	0.0000
0.6517	0.7348	0.0000	0.0000
0.6527	0.7359	0.0000	0.0000
0.6537	0.7369	0.0000	0.0000
0.6547	0.7380	0.0000	0.0000
0.6557	0.7391	0.0000	0.0000
0.6567	0.7402	0.0000	0.0000
0.6577	0.7412	0.0000	0.0000
0.6587	0.7423	0.0000	0.0000
0.6597	0.7434	0.0000	0.0000
0.6607	0.7444	0.0000	0.0000
0.6617	0.7455	0.0000	0.0000
0.6627	0.7465	0.0000	0.0000
0.6637	0.7475	0.0000	0.0000
0.6647	0.7486	0.0000	0.0000
0.6657	0.7496	0.0000	0.0000
0.6667	0.7506	0.0000	0.0000
0.6677	0.7517	0.0000	0.0000
0.6687	0.7527	0.0000	0.0000
0.6697	0.7537	0.0000	0.0000
0.6707	0.7547	0.0000	0.0000
0.6717	0.7557	0.0000	0.0000
0.6727	0.7567	0.0000	0.0000
0.6737	0.7577	0.0000	0.0000
0.6747	0.7587	0.0000	0.0000
0.6757	0.7597	0.0000	0.0000
0.6767	0.7607	0.0000	0.0000
0.6777	0.7617	0.0000	0.0000
0.6787	0.7627	0.0000	0.0000
0.6797	0.7637	0.0000	0.0000
0.6807	0.7646	0.0000	0.0000
0.6817	0.7656	0.0000	0.0000
0.6827	0.7666	0.0000	0.0000
0.6837	0.7675	0.0000	0.0000
0.6847	0.7685	0.0000	0.0000
0.6857	0.7694	0.0000	0.0000
0.6867	0.7704	0.0000	0.0000
0.6877	0.7713	0.0000	0.0000
0.6887	0.7723	0.0000	0.0000
0.6897	0.7732	0.0000	0.0000
0.6907	0.7742	0.0000	0.0000
0.6917	0.7751	0.0000	0.0000
0.6927	0.7760	0.0000	0.0000
0.6937	0.7769	0.0000	0.0000
0.6947	0.7779	0.0000	0.0000
0.6957	0.7788	0.0000	0.0000
0.6967	0.7797	0.0000	0.0000
0.6977	0.7806	0.0000	0.0000
0.6987	0.7815	0.0000	0.0000
0.6997	0.7824	0.0000	0.0000
0.7007	0.7833	0.0000	0.0000
0.7017	0.7842	0.0000	0.0000
0.7027	0.7851	0.0000	0.0000
0.7037	0.7860	0.0000	0.0000
0.7047	0.7869	0.0000	0.0000
0.7057	0.7878	0.0000	0.0000
0.7067	0.7887	0.0000	0.0000
0.7077	0.7895	0.0000	0.0000
0.7087	0.7904	0.0000	0.0000
0.7097	0.7913	0.0000	0.0000
0.7107	0.7921	0.0000	0.0000
0.7117	0.7930	0.0000	0.0000
0.7127	0.7939	0.0000	0.0000
0.7137	0.7947	0.0000	0.0000
0.7147	0.7956	0.0000	0.0000
0.7157	0.7964	0.0000	0.0000
0.7167	0.7973	0.0000	0.0000
0.7177	0.7981	0.0000	0.0000
0.7187	0.7990	0.0000	0.0000
0.7197	0.7998	0.0000	0.0000
0.7207	0.8006	0.0000	0.0000
0.7217	0.8015	0.0000	0.0000
0.7227	0.8023	0.0000	0.0000
0.7237	0.8031	0.0000	0.0000
0.7247	0.8039	0.0000	0.0000
0.7257	0.8048	0.0000	0.0000
0.7267	0.8056	0.0000	0.0000
0.7277	0.8064	0.0000	0.0000
0.7287	0.8072	0.0000	0.0000
0.7297	0.8080	0.0000	0.0000
0.7307	0.8088	0.0000	0.0000
0.7317	0.8096	0.0000	0.0000
0.7327	0.8104	0.0000	0.0000
0.7337	0.8112	0.0000	0.0000
0.7347	0.8120	0.0000	0.0000
0.7357	0.8128	0.0000	0.0000
0.7367	0.8136	0.0000	0.0000
0.7377	0.8143	0.0000	0.0000
0.7387	0.8151	0.0000	0.0000
0.7397	0.8159	0.0000	0.0000
0.7407	0.8167	0.0000	0.0000
0.7417	0.8175	0.0000	0.0000
0.7427	0.8182	0.0000	0.0000
0.7437	0.8190	0.0000	0.0000
0.7447	0.8197	0.0000	0.0000
0.7457	0.8205	0.0000	0.0000
0.7467	0.8213	0.0000	0.0000
0.7477	0.8220	0.0000	0.0000
0.7487	0.8228	0.0000	0.0000
0.7497	0.8235	0.0000	0.0000
0.7508	0.8243	0.0000	0.0000
0.7518	0.8250	0.0000	0.0000
0.7528	0.8257	0.0000	0.0000
0.7538	0.8265	0.0000	0.0000
0.7548	0.8272	0.0000	0.0000
0.7558	0.8280	0.0000	0.0000
0.7568	0.8287	0.0000	0.0000
0.7578	0.8294	0.0000	0.0000
0.7588	0.8301	0.0000	0.0000
0.7598	0.8309	0.0000	0.0000
0.7608	0.8316	0.0000	0.0000
0.7618	0.8323	0.0000	0.0000
0.7628	0.8330	0.0000	0.0000
0.7638	0.8337	0.0000	0.0000
0.7648	0.8344	0.0000	0.0000
0.7658	0.8351	0.0000	0.0000
0.7668	0.8358	0.0000	0.0000
0.7678	0.8365	0.0000	0.0000
0.7688	0.8372	0.0000	0.0000
0.7698	0.8379	0.0000	0.0000
0.7708	0.8386	0.0000	0.0000
0.7718	0.8393	0.0000	0.0000
0.7728	0.8400	0.0000	0.0000
0.7738	0.8407	0.0000	0.0000
0.7748	0.8414	0.0000	0.0000
0.7758	0.8421	0.0000	0.0000
0.7768	0.8427	0.0000	0.0000
0.7778	0.8434	0.0000	0.0000
0.7788	0.8441	0.0000	0.0000
0.7798	0.8448	0.0000	0.0000
0.7808	0.8454	0.0000	0.0000
0.7818	0.8461	0.0000	0.0000
0.7828	0.8468	0.0000	0.0000
0.7838	0.8474	0.0000	0.0000
0.7848	0.8481	0.0000	0.0000
0.7858	0.8487	0.0000	0.0000
0.7868	0.8494	0.0000	0.0000
0.7878	0.8500	0.0000	0.0000
0.7888	0.8507	0.0000	0.0000
0.7898	0.8513	0.0000	0.0000
0.7908	0.8520	0.0000	0.0000
0.7918	0.8526	0.0000	0.0000
0.7928	0.8533	0.0000	0.0000
0.7938	0.8539	0.0000	0.0000
0.7948	0.8545	0.0000	0.0000
0.7958	0.8552	0.0000	0.0000
0.7968	0.8558	0.0000	0.0000
0.7978	0.8564	0.0000	0.0000
0.7988	0.8571	0.0000	0.0000
0.7998	0.8577	0.0000	0.0000
0.8008	0.8583	0.0000	0.0000
0.8018	0.8589	0.0000	0.0000
0.8028	0.8596	0.0000	0.0000
0.8038	0.8602	0.0000	0.0000
0.8048	0.8608	0.0000	0.0000
0.8058	0.8614	0.0000	0.0000
0.8068	0.8620	0.0000	0.0000
0.8078	0.8626	0.0000	0.0000
0.8088	0.8632	0.0000	0.0000
0.8098	0.8638	0.0000	0.0000
0.8108	0.8644	0.0000	0.0000
0.8118	0.8650	0.0000	0.0000
0.8128	0.8656	0.0000	0.0000
0.8138	0.8662	0.0000	0.0000
0.8148	0.8668	0.0000	0.0000
0.8158	0.8674	0.0000	0.0000
0.8168	0.8680	0.0000	0.0000
0.8178	0.8686	0.0000	0.0000
0.8188	0.8692	0.0000	0.0000
0.8198	0.8697	0.0000	0.0000
0.8208	0.8703	0.0000	0.0000
0.8218	0.8709	0.0000	0.0000
0.8228	0.8715	0.0000	0.0000
0.8238	0.8721	0.0000	0.0000
0.8248	0.8726	0.0000	0.0000
0.8258	0.8732	0.0000	0.0000
0.8268	0.8738	0.0000	0.0000
0.8278	0.8743	0.0000	0.0000
0.8288	0.8749	0.0000	0.0000
0.8298	0.8755	0.0000	0.0000
0.8308	0.8760	0.0000	0.0000
0.8318	0.8766	0.0000	0.0000
0.8328	0.8771	0.0000	0.0000
0.8338	0.8777	0.0000	0.0000
0.8348	0.8783	0.0000	0.0000
0.8358	0.8788	0.0000	0.0000
0.8368	0.8794	0.0000	0.0000
0.8378	0.8799	0.0000	0.0000
0.8388	0.8805	0.0000	0.0000
0.8398	0.8810	0.0000	0.0000
0.8408	0.8815	0.0000	0.0000
0.8418	0.8821	0.0000	0.0000
0.8428	0.8826	0.0000	0.0000
0.8438	0.8832	0.0000	0.0000
0.8448	0.8837	0.0000	0.0000
0.8458	0.8842	0.0000	0.0000
0.8468	0.8848	0.0000	0.0000
0.8478	0.8853	0.0000	0.0000
0.8488	0.8858	0.0000	0.0000
0.8498	0.8863	0.0000	0.0000
0.8509	0.8869	0.0000	0.0000
0.8519	0.8874	0.0000	0.0000
0.8529	0.8879	0.0000	0.0000
0.8539	0.8884	0.0000	0.0000
0.8549	0.8890	0.0000	0.0000
0.8559	0.8895	0.0000	0.0000
0.8569	0.8900	0.0000	0.0000
0.8579	0.8905	0.0000	0.0000
0.8589	0.8910	0.0000	0.0000
0.8599	0.8915	0.0000	0.0000
0.8609	0.8920	0.0000	0.0000
0.8619	0.8925	0.0000	0.0000
0.8629	0.8930	0.0000	0.0000
0.8639	0.8935	0.0000	0.0000
0.8649	0.8940	0.0000	0.0000
0.8659	0.8945	0.0000	0.0000
0.8669	0.8950	0.0000	0.0000
0.8679	0.8955	0.0000	0.0000
0.8689	0.8960	0.0000	0.0000
0.8699	0.8965	0.0000	0.0000
0.8709	0.8970	0.0000	0.0000
0.8719	0.8975	0.0000	0.0000
0.8729	0.8980	0.0000	0.0000
0.8739	0.8985	0.0000	0.0000
0.8749	0.8990	0.0000	0.0000
0.8759	0.8995	0.0000	0.0000
0.8769	0.8999	0.0000	0.0000
0.8779	0.9004	0.0000	0.0000
0.8789	0.9009	0.0000	0.0000
0.8799	0.9014	0.0000	0.0000
0.8809	0.9018	0.0000	0.0000
0.8819	0.9023	0.0000	0.0000
0.8829	0.9028	0.0000	0.0000
0.8839	0.9033	0.0000	0.0000
0.8849	0.9037	0.0000	0.0000
0.8859	0.9042	0.0000	0.0000
0.8869	0.9047	0.0000	0.0000
0.8879	0.9051	0.0000	0.0000
0.8889	0.9056	0.0000	0.0000
0.8899	0.9061	0.0000	0.0000
0.8909	0.9065	0.0000	0.0000
0.8919	0.9070	0.0000	0.0000
0.8929	0.9074	0.0000	0.0000
0.8939	0.9079	0.0000	0.0000
0.8949	0.9084	0.0000	0.0000
0.8959	0.9088	0.0000	0.0000
0.8969	0.9093	0.0000	0.0000
0.8979	0.9097	0.0000	0.0000
0.8989	0.9102	0.0000	0.0000
0.8999	0.9106	0.0000	0.0000
0.9009	0.9111	0.0000	0.0000
0.9019	0.9115	0.0000	0.0000
0.9029	0.9120	0.0000	0.0000
0.9039	0.9124	0.0000	0.0000
0.9049	0.9128	0.0000	0.0000
0.9059	0.9133	0.0000	0.0000
0.9069	0.9137	0.0000	0.0000
0.9079	0.9142	0.0000	0.0000
0.9089	0.9146	0.0000	0.0000
0.9099	0.9150	0.0000	0.0000
0.9109	0.9155	0.0000	0.0000
0.9119	0.9159	0.0000	0.0000
0.9129	0.9163	0.0000	0.0000
0.9139	0.9168	0.0000	0.0000
0.9149	0.9172	0.0000	0.0000
0.9159	0.9176	0.0000	0.0000
0.9169	0.9180	0.0000	0.0000
0.9179	0.9185	0.0000	0.0000
0.9189	0.9189	0.0000	0.0000
0.9199	0.9193	0.0000	0.0000
0.9209	0.9197	0.0000	0.0000
0.9219	0.9202	0.0000	0.0000
0.9229	0.9206	0.0000	0.0000
0.9239	0.9210	0.0000	0.0000
0.9249	0.9214	0.0000	0.0000
0.9259	0.9218	0.0000	0.0000
0.9269	0.9222	0.0000	0.0000
0.9279	0.9227	0.0000	0.0000
0.9289	0.9231	0.0000	0.0000
0.9299	0.9235	0.0000	0.0000
0.9309	0.9239	0.0000	0.0000
0.9319	0.9243	0.0000	0.0000
0.9329	0.9247	0.0000	0.0000
0.9339	0.9251	0.0000	0.0000
0.9349	0.9255	0.0000	0.0000
0.9359	0.9259	0.0000	0.0000
0.9369	0.9263	0.0000	0.0000
0.9379	0.9267	0.0000	0.0000
0.9389	0.9271	0.0000	0.0000
0.9399	0.9275	0.0000	0.0000
0.9409	0.9279	0.0000	0.0000
0.9419	0.9283	0.0000	0.0000
0.9429	0.9287	0.0000	0.0000
0.9439	0.9291	0.0000	0.0000
0.9449	0.9295	0.0000	0.0000
0.9459	0.9299	0.0000	0.0000
0.9469	0.9303	0.0000	0.0000
0.9479	0.9307	0.0000	0.0000
0.9489	0.9311	0.0000	0.0000
0.9499	0.9315	0.0000	0.0000
0.9510	0.9319	0.0000	0.0000
0.9520	0.9323	0.0000	0.0000
0.9530	0.9326	0.0000	0.0000
0.9540	0.9330	0.0000	0.0000
0.9550	0.9334	0.0000	0.0000
0.9560	0.9338	0.0000	0.0000
0.9570	0.9342	0.0000	0.0000
0.9580	0.9346	0.0000	0.0000
0.9590	0.9349	0.0000	0.0000
0.9600	0.9353	0.0000	0.0000
0.9610	0.9357	0.0000	0.0000
0.9620	0.9361	0.0000	0.0000
0.9630	0.9365	0.0000	0.0000
0.9640	0.9368	0.0000	0.0000
0.9650	0.9372	0.0000	0.0000
0.9660	0.9376	0.0000	0.0000
0.9670	0.9380	0.0000	0.0000
0.9680	0.9383	0.0000	0.0000
0.9690	0.9387	0.0000	0.0000
0.9700	0.9391	0.0000	0.0000
0.9710	0.9394	0.0000	0.0000
0.9720	0.9398	0.0000	0.0000
0.9730	0.9402	0.0000	0.0000
0.9740	0.9405	0.0000	0.0000
0.9750	0.9409	0.0000	0.0000
0.9760	0.9413	0.0000	0.0000
0.9770	0.9416	0.0000	0.0000
0.9780	0.9420	0.0000	0.0000
0.9790	0.9424	0.0000	0.0000
0.9800	0.9427	0.0000	0.0000
0.9810	0.9431	0.0000	0.0000
0.9820	0.9435	0.0000	0.0000
0.9830	0.9438	0.0000	0.0000
0.9840	0.9442	0.0000	0.0000
0.9850	0.9445	0.0000	0.0000
0.9860	0.9449	0.0000	0.0000
0.9870	0.9453	0.0000	0.0000
0.9880	0.9456	0.0000	0.0000
0.9890	0.9460	0.0000	0.0000
0.9900	0.9463	0.0000	0.0000
0.9910	0.9467	0.0000	0.0000
0.9920	0.9470	0.0000	0.0000
0.9930	0.9474	0.0000	0.0000
0.9940	0.9477	0.0000	0.0000
0.9950	0.9481	0.0000	0.0000
0.9960	0.9485	0.0000	0.0000
0.9970	0.9488	0.0000	0.0000
0.9980	0.9492	0.0000	0.0000
0.9990	0.9495	0.0000	0.0000
1.0000	0.9499	0.0000	0.0000
0.2202
0.4915
0.9189
