0.0000	0.1723	0.0000	0.0000
0.0010	0.1730	0.0000	0.0000
0.0020	0.1736	0.0000	0.0000
0.0030	0.1743	0.0000	0.0000
0.0040	0.1750	0.0000	0.0000
0.0050	0.1757	0.0000	0.0000
0.0060	0.1763	0.0000	0.0000
0.0070	0.1770	0.0000	0.0000
0.0080	0.1777	0.0000	0.0000
0.0090	0.1783	0.0000	0.0000
0.0100	0.1790	0.0000	0.0000
0.0110	0.1797	0.0000	0.0000
0.0120	0.1803	0.0000	0.0000
0.0130	0.1810	0.0000	0.0000
0.0140	0.1817	0.0000	0.0000
0.0150	0.1823	0.0000	0.0000
0.0160	0.1830	0.0000	0.0000
0.0170	0.1836	0.0000	0.0000
0.0180	0.1843	0.0000	0.0000
0.0190	0.1850	0.0000	0.0000
0.0200	0.1856	0.0000	0.0000
0.0210	0.1863	0.0000	0.0000
0.0220	0.1869	0.0000	0.0000
0.0230	0.1876	0.0000	0.0000
0.0240	0.1883	0.0000	0.0000
0.0250	0.1889	0.0000	0.0000
0.0260	0.1896	0.0000	0.0000
0.0270	0.1902	0.0000	0.0000
0.0280	0.1909	0.0000	0.0000
0.0290	0.1915	0.0000	0.0000
0.0300	0.1922	0.0000	0.0000
0.0310	0.1929	0.0000	0.0000
0.0320	0.1935	0.0000	0.0000
0.0330	0.1942	0.0000	0.0000
0.0340	0.1948	0.0000	0.0000
0.0350	0.1955	0.0000	0.0000
0.0360	0.1961	0.0000	0.0000
0.0370	0.1968	0.0000	0.0000
0.0380	0.1974	0.0000	0.0000
0.0390	0.1981	0.0000	0.0000
0.0400	0.1987	0.0000	0.0000
0.0410	0.1994	0.0000	0.0000
0.0420	0.2000	0.0000	0.0000
0.0430	0.2006	0.0000	0.0000
0.0440	0.2013	0.0000	0.0000
0.0450	0.2019	0.0000	0.0000
0.0460	0.2026	0.0000	0.0000
0.0470	0.2032	0.0000	0.0000
0.0480	0.2039	0.0000	0.0000
0.0490	0.2045	0.0000	0.0000
0.0501	0.2052	0.0000	0.0000
0.0511	0.2058	0.0000	0.0000
0.0521	0.2064	0.0000	0.0000
0.0531	0.2071	0.0000	0.0000
0.0541	0.2077	0.0000	0.0000
0.0551	0.2084	0.0000	0.0000
0.0561	0.2090	0.0000	0.0000
0.0571	0.2096	0.0000	0.0000
0.0581	0.2103	0.0000	0.0000
0.0591	0.2109	0.0000	0.0000
0.0601	0.2115	0.0000	0.0000
0.0611	0.2122	0.0000	0.0000
0.0621	0.2128	0.0000	0.0000
0.0631	0.2134	0.0000	0.0000
0.0641	0.2141	0.0000	0.0000
0.0651	0.2147	0.0000	0.0000
0.0661	0.2153	0.0000	0.0000
0.0671	0.2160	0.0000	0.0000
0.0681	0.2166	0.0000	0.0000
0.0691	0.2172	0.0000	0.0000
0.0701	0.2179	0.0000	0.0000
0.0711	0.2185	0.0000	0.0000
0.0721	0.2191	0.0000	0.0000
0.0731	0.2198	0.0000	0.0000
0.0741	0.2204	0.0000	0.0000
0.0751	0.2210	0.0000	0.0000
0.0761	0.2216	0.0000	0.0000
0.0771	0.2223	0.0000	0.0000
0.0781	0.2229	0.0000	0.0000
0.0791	0.2235	0.0000	0.0000
0.0801	0.2241	0.0000	0.0000
0.0811	0.2248	0.0000	0.0000
0.0821	0.2254	0.0000	0.0000
0.0831	0.2260	0.0000	0.0000
0.0841	0.2266	0.0000	0.0000
0.0851	0.2273	0.0000	0.0000
0.0861	0.2279	0.0000	0.0000
0.0871	0.2285	0.0000	0.0000
0.0881	0.2291	0.0000	0.0000
0.0891	0.2298	0.0000	0.0000
0.0901	0.2304	0.0000	0.0000
0.0911	0.2310	0.0000	0.0000
0.0921	0.2316	0.0000	0.0000
0.0931	0.2322	0.0000	0.0000
0.0941	0.2328	0.0000	0.0000
0.0951	0.2335	0.0000	0.0000
0.0961	0.2341	0.0000	0.0000
0.0971	0.2347	0.0000	0.0000
0.0981	0.2353	0.0000	0.0000
0.0991	0.2359	0.0000	0.0000
0.1001	0.2365	0.0000	0.0000
0.1011	0.2372	0.0000	0.0000
0.1021	0.2378	0.0000	0.0000
0.1031	0.2384	0.0000	0.0000
0.1041	0.2390	0.0000	0.0000
0.1051	0.2396	0.0000	0.0000
0.1061	0.2402	0.0000	0.0000
0.1071	0.2408	0.0000	0.0000
0.1081	0.2415	0.0000	0.0000
0.1091	0.2421	0.0000	0.0000
0.1101	0.2427	0.0000	0.0000
0.1111	0.2433	0.0000	0.0000
0.1121	0.2439	0.0000	0.0000
0.1131	0.2445	0.0000	0.0000
0.1141	0.2451	0.0000	0.0000
0.1151	0.2457	0.0000	0.0000
0.1161	0.2463	0.0000	0.0000
0.1171	0.2469	0.0000	0.0000
0.1181	0.2475	0.0000	0.0000
0.1191	0.2481	0.0000	0.0000
0.1201	0.2488	0.0000	0.0000
0.1211	0.2494	0.0000	0.0000
0.1221	0.2500	0.0000	0.0000
0.1231	0.2506	0.0000	0.0000
0.1241	0.2512	0.0000	0.0000
0.1251	0.2518	0.0000	0.0000
0.1261	0.2524	0.0000	0.0000
0.1271	0.2530	0.0000	0.0000
0.1281	0.2536	0.0000	0.0000
0.1291	0.2542	0.0000	0.0000
0.1301	0.2548	0.0000	0.0000
0.1311	0.2554	0.0000	0.0000
0.1321	0.2560	0.0000	0.0000
0.1331	0.2566	0.0000	0.0000
0.1341	0.2572	0.0000	0.0000
0.1351	0.2578	0.0000	0.0000
0.1361	0.2584	0.0000	0.0000
0.1371	0.2590	0.0000	0.0000
0.1381	0.2596	0.0000	0.0000
0.1391	0.2602	0.0000	0.0000
0.1401	0.2608	0.0000	0.0000
0.1411	0.2614	0.0000	0.0000
0.1421	0.2620	0.0000	0.0000
0.1431	0.2626	0.0000	0.0000
0.1441	0.2632	0.0000	0.0000
0.1451	0.2638	0.0000	0.0000
0.1461	0.2644	0.0000	0.0000
0.1471	0.2650	0.0000	0.0000
0.1481	0.2656	0.0000	0.0000
0.1491	0.2662	0.0000	0.0000
0.1502	0.2668	0.0000	0.0000
0.1512	0.2674	0.0000	0.0000
0.1522	0.2680	0.0000	0.0000
0.1532	0.2686	0.0000	0.0000
0.1542	0.2691	0.0000	0.0000
0.1552	0.2697	0.0000	0.0000
0.1562	0.2703	0.0000	0.0000
0.1572	0.2709	0.0000	0.0000
0.1582	0.2715	0.0000	0.0000
0.1592	0.2721	0.0000	0.0000
0.1602	0.2727	0.0000	0.0000
0.1612	0.2733	0.0000	0.0000
0.1622	0.2739	0.0000	0.0000
0.1632	0.2745	0.0000	0.0000
0.1642	0.2751	0.0000	0.0000
0.1652	0.2757	0.0000	0.0000
0.1662	0.2762	0.0000	0.0000
0.1672	0.2768	0.0000	0.0000
0.1682	0.2774	0.0000	0.0000
0.1692	0.2780	0.0000	0.0000
0.1702	0.2786	0.0000	0.0000
0.1712	0.2792	0.0000	0.0000
0.1722	0.2798	0.0000	0.0000
0.1732	0.2804	0.0000	0.0000
0.1742	0.2810	0.0000	0.0000
0.1752	0.2816	0.0000	0.0000
0.1762	0.2821	0.0000	0.0000
0.1772	0.2827	0.0000	0.0000
0.1782	0.2833	0.0000	0.0000
0.1792	0.2839	0.0000	0.0000
0.1802	0.2845	0.0000	0.0000
0.1812	0.2851	0.0000	0.0000
0.1822	0.2857	0.0000	0.0000
0.1832	0.2863	0.0000	0.0000
0.1842	0.2868	0.0000	0.0000
0.1852	0.2874	0.0000	0.0000
0.1862	0.2880	0.0000	0.0000
0.1872	0.2886	0.0000	0.0000
0.1882	0.2892	0.0000	0.0000
0.1892	0.2898	0.0000	0.0000
0.1902	0.2904	0.0000	0.0000
0.1912	0.2909	0.0000	0.0000
0.1922	0.2915	0.0000	0.0000
0.1932	0.2921	0.0000	0.0000
0.1942	0.2927	0.0000	0.0000
0.1952	0.2933	0.0000	0.0000
0.1962	0.2939	0.0000	0.0000
0.1972	0.2944	0.0000	0.0000
0.1982	0.2950	0.0000	0.0000
0.1992	0.2956	0.0000	0.0000
0.2002	0.2962	0.0000	0.0000
0.2012	0.2968	0.0000	0.0000
0.2022	0.2974	0.0000	0.0000
0.2032	0.2980	0.0000	0.0000
0.2042	0.2985	0.0000	0.0000
0.2052	0.2991	0.0000	0.0000
0.2062	0.2997	0.0000	0.0000
0.2072	0.3003	0.0000	0.0000
0.2082	0.3009	0.0000	0.0000
0.2092	0.3015	0.0000	0.0000
0.2102	0.3020	0.0000	0.0000
0.2112	0.3026	0.0000	0.0000
0.2122	0.3032	0.0000	0.0000
0.2132	0.3038	0.0000	0.0000
0.2142	0.3044	0.0000	0.0000
0.2152	0.3049	0.0000	0.0000
0.2162	0.3055	0.0000	0.0000
0.2172	0.3061	0.0000	0.0000
0.2182	0.3067	0.0000	0.0000
0.2192	0.3073	0.0000	0.0000
0.2202	0.3079	0.0000	0.0000
0.2212	0.3084	0.0000	0.0000
0.2222	0.3090	0.0000	0.0000
0.2232	0.3096	0.0000	0.0000
0.2242	0.3102	0.0000	0.0000
0.2252	0.3108	0.0000	0.0000
0.2262	0.3114	0.0000	0.0000
0.2272	0.3119	0.0000	0.0000
0.2282	0.3125	0.0000	0.0000
0.2292	0.3131	0.0000	0.0000
0.2302	0.3137	0.0000	0.0000
0.2312	0.3143	0.0000	0.0000
0.2322	0.3149	0.0000	0.0000
0.2332	0.3154	0.0000	0.0000
0.2342	0.3160	0.0000	0.0000
0.2352	0.3166	0.0000	0.0000
0.2362	0.3172	0.0000	0.0000
0.2372	0.3178	0.0000	0.0000
0.2382	0.3183	0.0000	0.0000
0.2392	0.3189	0.0000	0.0000
0.2402	0.3195	0.0000	0.0000
0.2412	0.3201	0.0000	0.0000
0.2422	0.3207	0.0000	0.0000
0.2432	0.3213	0.0000	0.0000
0.2442	0.3218	0.0000	0.0000
0.2452	0.3224	0.0000	0.0000
0.2462	0.3230	0.0000	0.0000
0.2472	0.3236	0.0000	0.0000
0.2482	0.3242	0.0000	0.0000
0.2492	0.3248	0.0000	0.0000
0.2503	0.3254	0.0000	0.0000
0.2513	0.3259	0.0000	0.0000
0.2523	0.3265	0.0000	0.0000
0.2533	0.3271	0.0000	0.0000
0.2543	0.3277	0.0000	0.0000
0.2553	0.3283	0.0000	0.0000
0.2563	0.3289	0.0000	0.0000
0.2573	0.3294	0.0000	0.0000
0.2583	0.3300	0.0000	0.0000
0.2593	0.3306	0.0000	0.0000
0.2603	0.3312	0.0000	0.0000
0.2613	0.3318	0.0000	0.0000
0.2623	0.3324	0.0000	0.0000
0.2633	0.3330	0.0000	0.0000
0.2643	0.3336	0.0000	0.0000
0.2653	0.3341	0.0000	0.0000
0.2663	0.3347	0.0000	0.0000
0.2673	0.3353	0.0000	0.0000
0.2683	0.3359	0.0000	0.0000
0.2693	0.3365	0.0000	0.0000
0.2703	0.3371	0.0000	0.0000
0.2713	0.3377	0.0000	0.0000
0.2723	0.3383	0.0000	0.0000
0.2733	0.3389	0.0000	0.0000
0.2743	0.3394	0.0000	0.0000
0.2753	0.3400	0.0000	0.0000
0.2763	0.3406	0.0000	0.0000
0.2773	0.3412	0.0000	0.0000
0.2783	0.3418	0.0000	0.0000
0.2793	0.3424	0.0000	0.0000
0.2803	0.3430	0.0000	0.0000
0.2813	0.3436	0.0000	0.0000
0.2823	0.3442	0.0000	0.0000
0.2833	0.3448	0.0000	0.0000
0.2843	0.3454	0.0000	0.0000
0.2853	0.3460	0.0000	0.0000
0.2863	0.3465	0.0000	0.0000
0.2873	0.3471	0.0000	0.0000
0.2883	0.3477	0.0000	0.0000
0.2893	0.3483	0.0000	0.0000
0.2903	0.3489	0.0000	0.0000
0.2913	0.3495	0.0000	0.0000
0.2923	0.3501	0.0000	0.0000
0.2933	0.3507	0.0000	0.0000
0.2943	0.3513	0.0000	0.0000
0.2953	0.3519	0.0000	0.0000
0.2963	0.3525	0.0000	0.0000
0.2973	0.3531	0.0000	0.0000
0.2983	0.3537	0.0000	0.0000
0.2993	0.3543	0.0000	0.0000
0.3003	0.3549	0.0000	0.0000
0.3013	0.3555	0.0000	0.0000
0.3023	0.3561	0.0000	0.0000
0.3033	0.3567	0.0000	0.0000
0.3043	0.3573	0.0000	0.0000
0.3053	0.3579	0.0000	0.0000
0.3063	0.3585	0.0000	0.0000
0.3073	0.3591	0.0000	0.0000
0.3083	0.3597	0.0000	0.0000
0.3093	0.3603	0.0000	0.0000
0.3103	0.3609	0.0000	0.0000
0.3113	0.3615	0.0000	0.0000
0.3123	0.3622	0.0000	0.0000
0.3133	0.3628	0.0000	0.0000
0.3143	0.3634	0.0000	0.0000
0.3153	0.3640	0.0000	0.0000
0.3163	0.3646	0.0000	0.0000
0.3173	0.3652	0.0000	0.0000
0.3183	0.3658	0.0000	0.0000
0.3193	0.3664	0.0000	0.0000
0.3203	0.3670	0.0000	0.0000
0.3213	0.3676	0.0000	0.0000
0.3223	0.3683	0.0000	0.0000
0.3233	0.3689	0.0000	0.0000
0.3243	0.3695	0.0000	0.0000
0.3253	0.3701	0.0000	0.0000
0.3263	0.3707	0.0000	0.0000
0.3273	0.3713	0.0000	0.0000
0.3283	0.3719	0.0000	0.0000
0.3293	0.3726	0.0000	0.0000
0.3303	0.3732	0.0000	0.0000
0.3313	0.3738	0.0000	0.0000
0.3323	0.3744	0.0000	0.0000
0.3333	0.3750	0.0000	0.0000
0.3343	0.3757	0.0000	0.0000
0.3353	0.3763	0.0000	0.0000
0.3363	0.3769	0.0000	0.0000
0.3373	0.3775	0.0000	0.0000
0.3383	0.3782	0.0000	0.0000
0.3393	0.3788	0.0000	0.0000
0.3403	0.3794	0.0000	0.0000
0.3413	0.3801	0.0000	0.0000
0.3423	0.3807	0.0000	0.0000
0.3433	0.3813	0.0000	0.0000
0.3443	0.3819	0.0000	0.0000
0.3453	0.3826	0.0000	0.0000
0.3463	0.3832	0.0000	0.0000
0.3473	0.3838	0.0000	0.0000
0.3483	0.3845	0.0000	0.0000
0.3493	0.3851	0.0000	0.0000
0.3504	0.3857	0.0000	0.0000
0.3514	0.3864	0.0000	0.0000
0.3524	0.3870	0.0000	0.0000
0.3534	0.3877	0.0000	0.0000
0.3544	0.3883	0.0000	0.0000
0.3554	0.3889	0.0000	0.0000
0.3564	0.3896	0.0000	0.0000
0.3574	0.3902	0.0000	0.0000
0.3584	0.3909	0.0000	0.0000
0.3594	0.3915	0.0000	0.0000
0.3604	0.3922	0.0000	0.0000
0.3614	0.3928	0.0000	0.0000
0.3624	0.3935	0.0000	0.0000
0.3634	0.3941	0.0000	0.0000
0.3644	0.3948	0.0000	0.0000
0.3654	0.3954	0.0000	0.0000
0.3664	0.3961	0.0000	0.0000
0.3674	0.3967	0.0000	0.0000
0.3684	0.3974	0.0000	0.0000
0.3694	0.3980	0.0000	0.0000
0.3704	0.3987	0.0000	0.0000
0.3714	0.3994	0.0000	0.0000
0.3724	0.4000	0.0000	0.0000
0.3734	0.4007	0.0000	0.0000
0.3744	0.4013	0.0000	0.0000
0.3754	0.4020	0.0000	0.0000
0.3764	0.4027	0.0000	0.0000
0.3774	0.4033	0.0000	0.0000
0.3784	0.4040	0.0000	0.0000
0.3794	0.4047	0.0000	0.0000
0.3804	0.4054	0.0000	0.0000
0.3814	0.4060	0.0000	0.0000
0.3824	0.4067	0.0000	0.0000
0.3834	0.4074	0.0000	0.0000
0.3844	0.4081	0.0000	0.0000
0.3854	0.4087	0.0000	0.0000
0.3864	0.4094	0.0000	0.0000
0.3874	0.4101	0.0000	0.0000
0.3884	0.4108	0.0000	0.0000
0.3894	0.4115	0.0000	0.0000
0.3904	0.4121	0.0000	0.0000
0.3914	0.4128	0.0000	0.0000
0.3924	0.4135	0.0000	0.0000
0.3934	0.4142	0.0000	0.0000
0.3944	0.4149	0.0000	0.0000
0.3954	0.4156	0.0000	0.0000
0.3964	0.4163	0.0000	0.0000
0.3974	0.4170	0.0000	0.0000
0.3984	0.4177	0.0000	0.0000
0.3994	0.4184	0.0000	0.0000
0.4004	0.4191	0.0000	0.0000
0.4014	0.4198	0.0000	0.0000
0.4024	0.4205	0.0000	0.0000
0.4034	0.4212	0.0000	0.0000
0.4044	0.4219	0.0000	0.0000
0.4054	0.4226	0.0000	0.0000
0.4064	0.4233	0.0000	0.0000
0.4074	0.4240	0.0000	0.0000
0.4084	0.4247	0.0000	0.0000
0.4094	0.4255	0.0000	0.0000
0.4104	0.4262	0.0000	0.0000
0.4114	0.4269	0.0000	0.0000
0.4124	0.4276	0.0000	0.0000
0.4134	0.4283	0.0000	0.0000
0.4144	0.4291	0.0000	0.0000
0.4154	0.4298	0.0000	0.0000
0.4164	0.4305	0.0000	0.0000
0.4174	0.4313	0.0000	0.0000
0.4184	0.4320	0.0000	0.0000
0.4194	0.4327	0.0000	0.0000
0.4204	0.4335	0.0000	0.0000
0.4214	0.4342	0.0000	0.0000
0.4224	0.4349	0.0000	0.0000
0.4234	0.4357	0.0000	0.0000
0.4244	0.4364	0.0000	0.0000
0.4254	0.4372	0.0000	0.0000
0.4264	0.4379	0.0000	0.0000
0.4274	0.4387	0.0000	0.0000
0.4284	0.4394	0.0000	0.0000
0.4294	0.4402	0.0000	0.0000
0.4304	0.4409	0.0000	0.0000
0.4314	0.4417	0.0000	0.0000
0.4324	0.4425	0.0000	0.0000
0.4334	0.4432	0.0000	0.0000
0.4344	0.4440	0.0000	0.0000
0.4354	0.4448	0.0000	0.0000
0.4364	0.4455	0.0000	0.0000
0.4374	0.4463	0.0000	0.0000
0.4384	0.4471	0.0000	0.0000
0.4394	0.4478	0.0000	0.0000
0.4404	0.4486	0.0000	0.0000
0.4414	0.4494	0.0000	0.0000
0.4424	0.4502	0.0000	0.0000
0.4434	0.4510	0.0000	0.0000
0.4444	0.4518	0.0000	0.0000
0.4454	0.4526	0.0000	0.0000
0.4464	0.4534	0.0000	0.0000
0.4474	0.4541	0.0000	0.0000
0.4484	0.4549	0.0000	0.0000
0.4494	0.4557	0.0000	0.0000
0.4505	0.4566	0.0000	0.0000
0.4515	0.4574	0.0000	0.0000
0.4525	0.4582	0.0000	0.0000
0.4535	0.4590	0.0000	0.0000
0.4545	0.4598	0.0000	0.0000
0.4555	0.4606	0.0000	0.0000
0.4565	0.4614	0.0000	0.0000
0.4575	0.4623	0.0000	0.0000
0.4585	0.4631	0.0000	0.0000
0.4595	0.4639	0.0000	0.0000
0.4605	0.4647	0.0000	0.0000
0.4615	0.4656	0.0000	0.0000
0.4625	0.4664	0.0000	0.0000
0.4635	0.4672	0.0000	0.0000
0.4645	0.4681	0.0000	0.0000
0.4655	0.4689	0.0000	0.0000
0.4665	0.4698	0.0000	0.0000
0.4675	0.4706	0.0000	0.0000
0.4685	0.4715	0.0000	0.0000
0.4695	0.4723	0.0000	0.0000
0.4705	0.4732	0.0000	0.0000
0.4715	0.4741	0.0000	0.0000
0.4725	0.4749	0.0000	0.0000
0.4735	0.4758	0.0000	0.0000
0.4745	0.4767	0.0000	0.0000
0.4755	0.4775	0.0000	0.0000
0.4765	0.4784	0.0000	0.0000
0.4775	0.4793	0.0000	0.0000
0.4785	0.4802	0.0000	0.0000
0.4795	0.4811	0.0000	0.0000
0.4805	0.4820	0.0000	0.0000
0.4815	0.4828	0.0000	0.0000
0.4825	0.4837	0.0000	0.0000
0.4835	0.4846	0.0000	0.0000
0.4845	0.4855	0.0000	0.0000
0.4855	0.4865	0.0000	0.0000
0.4865	0.4874	0.0000	0.0000
0.4875	0.4883	0.0000	0.0000
0.4885	0.4892	0.0000	0.0000
0.4895	0.4901	0.0000	0.0000
0.4905	0.4910	0.0000	0.0000
0.4915	0.4920	0.0000	0.0000
0.4925	0.4929	0.0000	0.0000
0.4935	0.4938	0.0000	0.0000
0.4945	0.4948	0.0000	0.0000
0.4955	0.4957	0.0000	0.0000
0.4965	0.4967	0.0000	0.0000
0.4975	0.4976	0.0000	0.0000
0.4985	0.4986	0.0000	0.0000
0.4995	0.4995	0.0000	0.0000
0.5005	0.5005	0.0000	0.0000
0.5015	0.5014	0.0000	0.0000
0.5025	0.5024	0.0000	0.0000
0.5035	0.5033	0.0000	0.0000
0.5045	0.5043	0.0000	0.0000
0.5055	0.5052	0.0000	0.0000
0.5065	0.5062	0.0000	0.0000
0.5075	0.5071	0.0000	0.0000
0.5085	0.5080	0.0000	0.0000
0.5095	0.5090	0.0000	0.0000
0.5105	0.5099	0.0000	0.0000
0.5115	0.5108	0.0000	0.0000
0.5125	0.5117	0.0000	0.0000
0.5135	0.5126	0.0000	0.0000
0.5145	0.5136	0.0000	0.0000
0.5155	0.5145	0.0000	0.0000
0.5165	0.5154	0.0000	0.0000
0.5175	0.5163	0.0000	0.0000
0.5185	0.5172	0.0000	0.0000
0.5195	0.5181	0.0000	0.0000
0.5205	0.5189	0.0000	0.0000
0.5215	0.5198	0.0000	0.0000
0.5225	0.5207	0.0000	0.0000
0.5235	0.5216	0.0000	0.0000
0.5245	0.5225	0.0000	0.0000
0.5255	0.5234	0.0000	0.0000
0.5265	0.5242	0.0000	0.0000
0.5275	0.5251	0.0000	0.0000
0.5285	0.5260	0.0000	0.0000
0.5295	0.5268	0.0000	0.0000
0.5305	0.5277	0.0000	0.0000
0.5315	0.5285	0.0000	0.0000
0.5325	0.5294	0.0000	0.0000
0.5335	0.5302	0.0000	0.0000
0.5345	0.5311	0.0000	0.0000
0.5355	0.5319	0.0000	0.0000
0.5365	0.5328	0.0000	0.0000
0.5375	0.5336	0.0000	0.0000
0.5385	0.5344	0.0000	0.0000
0.5395	0.5353	0.0000	0.0000
0.5405	0.5361	0.0000	0.0000
0.5415	0.5369	0.0000	0.0000
0.5425	0.5378	0.0000	0.0000
0.5435	0.5386	0.0000	0.0000
0.5445	0.5394	0.0000	0.0000
0.5455	0.5402	0.0000	0.0000
0.5465	0.5410	0.0000	0.0000
0.5475	0.5418	0.0000	0.0000
0.5485	0.5427	0.0000	0.0000
0.5495	0.5435	0.0000	0.0000
0.5506	0.5443	0.0000	0.0000
0.5516	0.5451	0.0000	0.0000
0.5526	0.5459	0.0000	0.0000
0.5536	0.5467	0.0000	0.0000
0.5546	0.5475	0.0000	0.0000
0.5556	0.5482	0.0000	0.0000
0.5566	0.5490	0.0000	0.0000
0.5576	0.5498	0.0000	0.0000
0.5586	0.5506	0.0000	0.0000
0.5596	0.5514	0.0000	0.0000
0.5606	0.5522	0.0000	0.0000
0.5616	0.5529	0.0000	0.0000
0.5626	0.5537	0.0000	0.0000
0.5636	0.5545	0.0000	0.0000
0.5646	0.5553	0.0000	0.0000
0.5656	0.5560	0.0000	0.0000
0.5666	0.5568	0.0000	0.0000
0.5676	0.5576	0.0000	0.0000
0.5686	0.5583	0.0000	0.0000
0.5696	0.5591	0.0000	0.0000
0.5706	0.5598	0.0000	0.0000
0.5716	0.5606	0.0000	0.0000
0.5726	0.5614	0.0000	0.0000
0.5736	0.5621	0.0000	0.0000
0.5746	0.5629	0.0000	0.0000
0.5756	0.5636	0.0000	0.0000
0.5766	0.5643	0.0000	0.0000
0.5776	0.5651	0.0000	0.0000
0.5786	0.5658	0.0000	0.0000
0.5796	0.5666	0.0000	0.0000
0.5806	0.5673	0.0000	0.0000
0.5816	0.5680	0.0000	0.0000
0.5826	0.5688	0.0000	0.0000
0.5836	0.5695	0.0000	0.0000
0.5846	0.5702	0.0000	0.0000
0.5856	0.5710	0.0000	0.0000
0.5866	0.5717	0.0000	0.0000
0.5876	0.5724	0.0000	0.0000
0.5886	0.5731	0.0000	0.0000
0.5896	0.5738	0.0000	0.0000
0.5906	0.5746	0.0000	0.0000
0.5916	0.5753	0.0000	0.0000
0.5926	0.5760	0.0000	0.0000
0.5936	0.5767	0.0000	0.0000
0.5946	0.5774	0.0000	0.0000
0.5956	0.5781	0.0000	0.0000
0.5966	0.5788	0.0000	0.0000
0.5976	0.5795	0.0000	0.0000
0.5986	0.5802	0.0000	0.0000
0.5996	0.5810	0.0000	0.0000
0.6006	0.5817	0.0000	0.0000
0.6016	0.5824	0.0000	0.0000
0.6026	0.5830	0.0000	0.0000
0.6036	0.5837	0.0000	0.0000
0.6046	0.5844	0.0000	0.0000
0.6056	0.5851	0.0000	0.0000
0.6066	0.5858	0.0000	0.0000
0.6076	0.5865	0.0000	0.0000
0.6086	0.5872	0.0000	0.0000
0.6096	0.5879	0.0000	0.0000
0.6106	0.5886	0.0000	0.0000
0.6116	0.5893	0.0000	0.0000
0.6126	0.5899	0.0000	0.0000
0.6136	0.5906	0.0000	0.0000
0.6146	0.5913	0.0000	0.0000
0.6156	0.5920	0.0000	0.0000
0.6166	0.5927	0.0000	0.0000
0.6176	0.5933	0.0000	0.0000
0.6186	0.5940	0.0000	0.0000
0.6196	0.5947	0.0000	0.0000
0.6206	0.5954	0.0000	0.0000
0.6216	0.5960	0.0000	0.0000
0.6226	0.5967	0.0000	0.0000
0.6236	0.5974	0.0000	0.0000
0.6246	0.5980	0.0000	0.0000
0.6256	0.5987	0.0000	0.0000
0.6266	0.5994	0.0000	0.0000
0.6276	0.6000	0.0000	0.0000
0.6286	0.6007	0.0000	0.0000
0.6296	0.6013	0.0000	0.0000
0.6306	0.6020	0.0000	0.0000
0.6316	0.6027	0.0000	0.0000
0.6326	0.6033	0.0000	0.0000
0.6336	0.6040	0.0000	0.0000
0.6346	0.6046	0.0000	0.0000
0.6356	0.6053	0.0000	0.0000
0.6366	0.6059	0.0000	0.0000
0.6376	0.6066	0.0000	0.0000
0.6386	0.6072	0.0000	0.0000
0.6396	0.6079	0.0000	0.0000
0.6406	0.6085	0.0000	0.0000
0.6416	0.6092	0.0000	0.0000
0.6426	0.6098	0.0000	0.0000
0.6436	0.6105	0.0000	0.0000
0.6446	0.6111	0.0000	0.0000
0.6456	0.6117	0.0000	0.0000
0.6466	0.6124	0.0000	0.0000
0.6476	0.6130	0.0000	0.0000
0.6486	0.6137	0.0000	0.0000
0.6496	0.6143	0.0000	0.0000
0.6507	0.6149	0.0000	0.0000
0.6517	0.6156	0.0000	0.0000
0.6527	0.6162	0.0000	0.0000
0.6537	0.6168	0.0000	0.0000
0.6547	0.6175	0.0000	0.0000
0.6557	0.6181	0.0000	0.0000
0.6567	0.6187	0.0000	0.0000
0.6577	0.6194	0.0000	0.0000
0.6587	0.6200	0.0000	0.0000
0.6597	0.6206	0.0000	0.0000
0.6607	0.6212	0.0000	0.0000
0.6617	0.6219	0.0000	0.0000
0.6627	0.6225	0.0000	0.0000
0.6637	0.6231	0.0000	0.0000
0.6647	0.6237	0.0000	0.0000
0.6657	0.6244	0.0000	0.0000
0.6667	0.6250	0.0000	0.0000
0.6677	0.6256	0.0000	0.0000
0.6687	0.6262	0.0000	0.0000
0.6697	0.6269	0.0000	0.0000
0.6707	0.6275	0.0000	0.0000
0.6717	0.6281	0.0000	0.0000
0.6727	0.6287	0.0000	0.0000
0.6737	0.6293	0.0000	0.0000
0.6747	0.6299	0.0000	0.0000
0.6757	0.6306	0.0000	0.0000
0.6767	0.6312	0.0000	0.0000
0.6777	0.6318	0.0000	0.0000
0.6787	0.6324	0.0000	0.0000
0.6797	0.6330	0.0000	0.0000
0.6807	0.6336	0.0000	0.0000
0.6817	0.6342	0.0000	0.0000
0.6827	0.6348	0.0000	0.0000
0.6837	0.6355	0.0000	0.0000
0.6847	0.6361	0.0000	0.0000
0.6857	0.6367	0.0000	0.0000
0.6867	0.6373	0.0000	0.0000
0.6877	0.6379	0.0000	0.0000
0.6887	0.6385	0.0000	0.0000
0.6897	0.6391	0.0000	0.0000
0.6907	0.6397	0.0000	0.0000
0.6917	0.6403	0.0000	0.0000
0.6927	0.6409	0.0000	0.0000
0.6937	0.6415	0.0000	0.0000
0.6947	0.6421	0.0000	0.0000
0.6957	0.6427	0.0000	0.0000
0.6967	0.6433	0.0000	0.0000
0.6977	0.6439	0.0000	0.0000
0.6987	0.6445	0.0000	0.0000
0.6997	0.6451	0.0000	0.0000
0.7007	0.6457	0.0000	0.0000
0.7017	0.6463	0.0000	0.0000
0.7027	0.6469	0.0000	0.0000
0.7037	0.6475	0.0000	0.0000
0.7047	0.6481	0.0000	0.0000
0.7057	0.6487	0.0000	0.0000
0.7067	0.6493	0.0000	0.0000
0.7077	0.6499	0.0000	0.0000
0.7087	0.6505	0.0000	0.0000
0.7097	0.6511	0.0000	0.0000
0.7107	0.6517	0.0000	0.0000
0.7117	0.6523	0.0000	0.0000
0.7127	0.6529	0.0000	0.0000
0.7137	0.6535	0.0000	0.0000
0.7147	0.6541	0.0000	0.0000
0.7157	0.6547	0.0000	0.0000
0.7167	0.6553	0.0000	0.0000
0.7177	0.6559	0.0000	0.0000
0.7187	0.6565	0.0000	0.0000
0.7197	0.6571	0.0000	0.0000
0.7207	0.6577	0.0000	0.0000
0.7217	0.6582	0.0000	0.0000
0.7227	0.6588	0.0000	0.0000
0.7237	0.6594	0.0000	0.0000
0.7247	0.6600	0.0000	0.0000
0.7257	0.6606	0.0000	0.0000
0.7267	0.6612	0.0000	0.0000
0.7277	0.6618	0.0000	0.0000
0.7287	0.6624	0.0000	0.0000
0.7297	0.6630	0.0000	0.0000
0.7307	0.6636	0.0000	0.0000
0.7317	0.6641	0.0000	0.0000
0.7327	0.6647	0.0000	0.0000
0.7337	0.6653	0.0000	0.0000
0.7347	0.6659	0.0000	0.0000
0.7357	0.6665	0.0000	0.0000
0.7367	0.6671	0.0000	0.0000
0.7377	0.6677	0.0000	0.0000
0.7387	0.6683	0.0000	0.0000
0.7397	0.6688	0.0000	0.0000
0.7407	0.6694	0.0000	0.0000
0.7417	0.6700	0.0000	0.0000
0.7427	0.6706	0.0000	0.0000
0.7437	0.6712	0.0000	0.0000
0.7447	0.6718	0.0000	0.0000
0.7457	0.6724	0.0000	0.0000
0.7467	0.6729	0.0000	0.0000
0.7477	0.6735	0.0000	0.0000
0.7487	0.6741	0.0000	0.0000
0.7497	0.6747	0.0000	0.0000
0.7508	0.6753	0.0000	0.0000
0.7518	0.6759	0.0000	0.0000
0.7528	0.6764	0.0000	0.0000
0.7538	0.6770	0.0000	0.0000
0.7548	0.6776	0.0000	0.0000
0.7558	0.6782	0.0000	0.0000
0.7568	0.6788	0.0000	0.0000
0.7578	0.6794	0.0000	0.0000
0.7588	0.6799	0.0000	0.0000
0.7598	0.6805	0.0000	0.0000
0.7608	0.6811	0.0000	0.0000
0.7618	0.6817	0.0000	0.0000
0.7628	0.6823	0.0000	0.0000
0.7638	0.6829	0.0000	0.0000
0.7648	0.6834	0.0000	0.0000
0.7658	0.6840	0.0000	0.0000
0.7668	0.6846	0.0000	0.0000
0.7678	0.6852	0.0000	0.0000
0.7688	0.6858	0.0000	0.0000
0.7698	0.6864	0.0000	0.0000
0.7708	0.6869	0.0000	0.0000
0.7718	0.6875	0.0000	0.0000
0.7728	0.6881	0.0000	0.0000
0.7738	0.6887	0.0000	0.0000
0.7748	0.6893	0.0000	0.0000
0.7758	0.6899	0.0000	0.0000
0.7768	0.6904	0.0000	0.0000
0.7778	0.6910	0.0000	0.0000
0.7788	0.6916	0.0000	0.0000
0.7798	0.6922	0.0000	0.0000
0.7808	0.6928	0.0000	0.0000
0.7818	0.6933	0.0000	0.0000
0.7828	0.6939	0.0000	0.0000
0.7838	0.6945	0.0000	0.0000
0.7848	0.6951	0.0000	0.0000
0.7858	0.6957	0.0000	0.0000
0.7868	0.6963	0.0000	0.0000
0.7878	0.6968	0.0000	0.0000
0.7888	0.6974	0.0000	0.0000
0.7898	0.6980	0.0000	0.0000
0.7908	0.6986	0.0000	0.0000
0.7918	0.6992	0.0000	0.0000
0.7928	0.6998	0.0000	0.0000
0.7938	0.7003	0.0000	0.0000
0.7948	0.7009	0.0000	0.0000
0.7958	0.7015	0.0000	0.0000
0.7968	0.7021	0.0000	0.0000
0.7978	0.7027	0.0000	0.0000
0.7988	0.7033	0.0000	0.0000
0.7998	0.7038	0.0000	0.0000
0.8008	0.7044	0.0000	0.0000
0.8018	0.7050	0.0000	0.0000
0.8028	0.7056	0.0000	0.0000
0.8038	0.7062	0.0000	0.0000
0.8048	0.7068	0.0000	0.0000
0.8058	0.7073	0.0000	0.0000
0.8068	0.7079	0.0000	0.0000
0.8078	0.7085	0.0000	0.0000
0.8088	0.7091	0.0000	0.0000
0.8098	0.7097	0.0000	0.0000
0.8108	0.7103	0.0000	0.0000
0.8118	0.7109	0.0000	0.0000
0.8128	0.7114	0.0000	0.0000
0.8138	0.7120	0.0000	0.0000
0.8148	0.7126	0.0000	0.0000
0.8158	0.7132	0.0000	0.0000
0.8168	0.7138	0.0000	0.0000
0.8178	0.7144	0.0000	0.0000
0.8188	0.7150	0.0000	0.0000
0.8198	0.7155	0.0000	0.0000
0.8208	0.7161	0.0000	0.0000
0.8218	0.7167	0.0000	0.0000
0.8228	0.7173	0.0000	0.0000
0.8238	0.7179	0.0000	0.0000
0.8248	0.7185	0.0000	0.0000
0.8258	0.7191	0.0000	0.0000
0.8268	0.7197	0.0000	0.0000
0.8278	0.7202	0.0000	0.0000
0.8288	0.7208	0.0000	0.0000
0.8298	0.7214	0.0000	0.0000
0.8308	0.7220	0.0000	0.0000
0.8318	0.7226	0.0000	0.0000
0.8328	0.7232	0.0000	0.0000
0.8338	0.7238	0.0000	0.0000
0.8348	0.7244	0.0000	0.0000
0.8358	0.7250	0.0000	0.0000
0.8368	0.7256	0.0000	0.0000
0.8378	0.7261	0.0000	0.0000
0.8388	0.7267	0.0000	0.0000
0.8398	0.7273	0.0000	0.0000
0.8408	0.7279	0.0000	0.0000
0.8418	0.7285	0.0000	0.0000
0.8428	0.7291	0.0000	0.0000
0.8438	0.7297	0.0000	0.0000
0.8448	0.7303	0.0000	0.0000
0.8458	0.7309	0.0000	0.0000
0.8468	0.7315	0.0000	0.0000
0.8478	0.7321	0.0000	0.0000
0.8488	0.7327	0.0000	0.0000
0.8498	0.7333	0.0000	0.0000
0.8509	0.7339	0.0000	0.0000
0.8519	0.7345	0.0000	0.0000
0.8529	0.7351	0.0000	0.0000
0.8539	0.7356	0.0000	0.0000
0.8549	0.7362	0.0000	0.0000
0.8559	0.7368	0.0000	0.0000
0.8569	0.7374	0.0000	0.0000
0.8579	0.7380	0.0000	0.0000
0.8589	0.7386	0.0000	0.0000
0.8599	0.7392	0.0000	0.0000
0.8609	0.7398	0.0000	0.0000
0.8619	0.7404	0.0000	0.0000
0.8629	0.7410	0.0000	0.0000
0.8639	0.7416	0.0000	0.0000
0.8649	0.7422	0.0000	0.0000
0.8659	0.7428	0.0000	0.0000
0.8669	0.7434	0.0000	0.0000
0.8679	0.7440	0.0000	0.0000
0.8689	0.7446	0.0000	0.0000
0.8699	0.7452	0.0000	0.0000
0.8709	0.7458	0.0000	0.0000
0.8719	0.7464	0.0000	0.0000
0.8729	0.7470	0.0000	0.0000
0.8739	0.7476	0.0000	0.0000
0.8749	0.7482	0.0000	0.0000
0.8759	0.7488	0.0000	0.0000
0.8769	0.7495	0.0000	0.0000
0.8779	0.7501	0.0000	0.0000
0.8789	0.7507	0.0000	0.0000
0.8799	0.7513	0.0000	0.0000
0.8809	0.7519	0.0000	0.0000
0.8819	0.7525	0.0000	0.0000
0.8829	0.7531	0.0000	0.0000
0.8839	0.7537	0.0000	0.0000
0.8849	0.7543	0.0000	0.0000
0.8859	0.7549	0.0000	0.0000
0.8869	0.7555	0.0000	0.0000
0.8879	0.7561	0.0000	0.0000
0.8889	0.7567	0.0000	0.0000
0.8899	0.7573	0.0000	0.0000
0.8909	0.7580	0.0000	0.0000
0.8919	0.7586	0.0000	0.0000
0.8929	0.7592	0.0000	0.0000
0.8939	0.7598	0.0000	0.0000
0.8949	0.7604	0.0000	0.0000
0.8959	0.7610	0.0000	0.0000
0.8969	0.7616	0.0000	0.0000
0.8979	0.7622	0.0000	0.0000
0.8989	0.7629	0.0000	0.0000
0.8999	0.7635	0.0000	0.0000
0.9009	0.7641	0.0000	0.0000
0.9019	0.7647	0.0000	0.0000
0.9029	0.7653	0.0000	0.0000
0.9039	0.7659	0.0000	0.0000
0.9049	0.7666	0.0000	0.0000
0.9059	0.7672	0.0000	0.0000
0.9069	0.7678	0.0000	0.0000
0.9079	0.7684	0.0000	0.0000
0.9089	0.7690	0.0000	0.0000
0.9099	0.7696	0.0000	0.0000
0.9109	0.7703	0.0000	0.0000
0.9119	0.7709	0.0000	0.0000
0.9129	0.7715	0.0000	0.0000
0.9139	0.7721	0.0000	0.0000
0.9149	0.7727	0.0000	0.0000
0.9159	0.7734	0.0000	0.0000
0.9169	0.7740	0.0000	0.0000
0.9179	0.7746	0.0000	0.0000
0.9189	0.7752	0.0000	0.0000
0.9199	0.7759	0.0000	0.0000
0.9209	0.7765	0.0000	0.0000
0.9219	0.7771	0.0000	0.0000
0.9229	0.7777	0.0000	0.0000
0.9239	0.7784	0.0000	0.0000
0.9249	0.7790	0.0000	0.0000
0.9259	0.7796	0.0000	0.0000
0.9269	0.7803	0.0000	0.0000
0.9279	0.7809	0.0000	0.0000
0.9289	0.7815	0.0000	0.0000
0.9299	0.7821	0.0000	0.0000
0.9309	0.7828	0.0000	0.0000
0.9319	0.7834	0.0000	0.0000
0.9329	0.7840	0.0000	0.0000
0.9339	0.7847	0.0000	0.0000
0.9349	0.7853	0.0000	0.0000
0.9359	0.7859	0.0000	0.0000
0.9369	0.7866	0.0000	0.0000
0.9379	0.7872	0.0000	0.0000
0.9389	0.7878	0.0000	0.0000
0.9399	0.7885	0.0000	0.0000
0.9409	0.7891	0.0000	0.0000
0.9419	0.7897	0.0000	0.0000
0.9429	0.7904	0.0000	0.0000
0.9439	0.7910	0.0000	0.0000
0.9449	0.7917	0.0000	0.0000
0.9459	0.7923	0.0000	0.0000
0.9469	0.7929	0.0000	0.0000
0.9479	0.7936	0.0000	0.0000
0.9489	0.7942	0.0000	0.0000
0.9499	0.7949	0.0000	0.0000
0.9510	0.7955	0.0000	0.0000
0.9520	0.7961	0.0000	0.0000
0.9530	0.7968	0.0000	0.0000
0.9540	0.7974	0.0000	0.0000
0.9550	0.7981	0.0000	0.0000
0.9560	0.7987	0.0000	0.0000
0.9570	0.7994	0.0000	0.0000
0.9580	0.8000	0.0000	0.0000
0.9590	0.8007	0.0000	0.0000
0.9600	0.8013	0.0000	0.0000
0.9610	0.8019	0.0000	0.0000
0.9620	0.8026	0.0000	0.0000
0.9630	0.8032	0.0000	0.0000
0.9640	0.8039	0.0000	0.0000
0.9650	0.8045	0.0000	0.0000
0.9660	0.8052	0.0000	0.0000
0.9670	0.8058	0.0000	0.0000
0.9680	0.8065	0.0000	0.0000
0.9690	0.8072	0.0000	0.0000
0.9700	0.8078	0.0000	0.0000
0.9710	0.8085	0.0000	0.0000
0.9720	0.8091	0.0000	0.0000
0.9730	0.8098	0.0000	0.0000
0.9740	0.8104	0.0000	0.0000
0.9750	0.8111	0.0000	0.0000
0.9760	0.8117	0.0000	0.0000
0.9770	0.8124	0.0000	0.0000
0.9780	0.8131	0.0000	0.0000
0.9790	0.8137	0.0000	0.0000
0.9800	0.8144	0.0000	0.0000
0.9810	0.8150	0.0000	0.0000
0.9820	0.8157	0.0000	0.0000
0.9830	0.8164	0.0000	0.0000
0.9840	0.8170	0.0000	0.0000
0.9850	0.8177	0.0000	0.0000
0.9860	0.8183	0.0000	0.0000
0.9870	0.8190	0.0000	0.0000
0.9880	0.8197	0.0000	0.0000
0.9890	0.8203	0.0000	0.0000
0.9900	0.8210	0.0000	0.0000
0.9910	0.8217	0.0000	0.0000
0.9920	0.8223	0.0000	0.0000
0.9930	0.8230	0.0000	0.0000
0.9940	0.8237	0.0000	0.0000
0.9950	0.8243	0.0000	0.0000
0.9960	0.8250	0.0000	0.0000
0.9970	0.8257	0.0000	0.0000
0.9980	0.8264	0.0000	0.0000
0.9990	0.8270	0.0000	0.0000
1.0000	0.8277	0.0000	0.0000
0.5005
