0.0000	0.0571	0.0000	0.0000
0.0010	0.0579	0.0000	0.0000
0.0020	0.0586	0.0000	0.0000
0.0030	0.0594	0.0000	0.0000
0.0040	0.0601	0.0000	0.0000
0.0050	0.0609	0.0000	0.0000
0.0060	0.0616	0.0000	0.0000
0.0070	0.0624	0.0000	0.0000
0.0080	0.0632	0.0000	0.0000
0.0090	0.0639	0.0000	0.0000
0.0100	0.0647	0.0000	0.0000
0.0110	0.0654	0.0000	0.0000
0.0120	0.0662	0.0000	0.0000
0.0130	0.0669	0.0000	0.0000
0.0140	0.0677	0.0000	0.0000
0.0150	0.0684	0.0000	0.0000
0.0160	0.0692	0.0000	0.0000
0.0170	0.0699	0.0000	0.0000
0.0180	0.0707	0.0000	0.0000
0.0190	0.0714	0.0000	0.0000
0.0200	0.0722	0.0000	0.0000
0.0210	0.0730	0.0000	0.0000
0.0220	0.0737	0.0000	0.0000
0.0230	0.0745	0.0000	0.0000
0.0240	0.0752	0.0000	0.0000
0.0250	0.0760	0.0000	0.0000
0.0260	0.0767	0.0000	0.0000
0.0270	0.0775	0.0000	0.0000
0.0280	0.0782	0.0000	0.0000
0.0290	0.0790	0.0000	0.0000
0.0300	0.0797	0.0000	0.0000
0.0310	0.0805	0.0000	0.0000
0.0320	0.0812	0.0000	0.0000
0.0330	0.0820	0.0000	0.0000
0.0340	0.0827	0.0000	0.0000
0.0350	0.0835	0.0000	0.0000
0.0360	0.0843	0.0000	0.0000
0.0370	0.0850	0.0000	0.0000
0.0380	0.0858	0.0000	0.0000
0.0390	0.0865	0.0000	0.0000
0.0400	0.0873	0.0000	0.0000
0.0410	0.0880	0.0000	0.0000
0.0420	0.0888	0.0000	0.0000
0.0430	0.0895	0.0000	0.0000
0.0440	0.0903	0.0000	0.0000
0.0450	0.0910	0.0000	0.0000
0.0460	0.0918	0.0000	0.0000
0.0470	0.0925	0.0000	0.0000
0.0480	0.0933	0.0000	0.0000
0.0490	0.0941	0.0000	0.0000
0.0501	0.0948	0.0000	0.0000
0.0511	0.0956	0.0000	0.0000
0.0521	0.0963	0.0000	0.0000
0.0531	0.0971	0.0000	0.0000
0.0541	0.0978	0.0000	0.0000
0.0551	0.0986	0.0000	0.0000
0.0561	0.0993	0.0000	0.0000
0.0571	0.1001	0.0000	0.0000
0.0581	0.1009	0.0000	0.0000
0.0591	0.1016	0.0000	0.0000
0.0601	0.1024	0.0000	0.0000
0.0611	0.1031	0.0000	0.0000
0.0621	0.1039	0.0000	0.0000
0.0631	0.1046	0.0000	0.0000
0.0641	0.1054	0.0000	0.0000
0.0651	0.1061	0.0000	0.0000
0.0661	0.1069	0.0000	0.0000
0.0671	0.1077	0.0000	0.0000
0.0681	0.1084	0.0000	0.0000
0.0691	0.1092	0.0000	0.0000
0.0701	0.1099	0.0000	0.0000
0.0711	0.1107	0.0000	0.0000
0.0721	0.1114	0.0000	0.0000
0.0731	0.1122	0.0000	0.0000
0.0741	0.1130	0.0000	0.0000
0.0751	0.1137	0.0000	0.0000
0.0761	0.1145	0.0000	0.0000
0.0771	0.1152	0.0000	0.0000
0.0781	0.1160	0.0000	0.0000
0.0791	0.1167	0.0000	0.0000
0.0801	0.1175	0.0000	0.0000
0.0811	0.1183	0.0000	0.0000
0.0821	0.1190	0.0000	0.0000
0.0831	0.1198	0.0000	0.0000
0.0841	0.1205	0.0000	0.0000
0.0851	0.1213	0.0000	0.0000
0.0861	0.1221	0.0000	0.0000
0.0871	0.1228	0.0000	0.0000
0.0881	0.1236	0.0000	0.0000
0.0891	0.1243	0.0000	0.0000
0.0901	0.1251	0.0000	0.0000
0.0911	0.1259	0.0000	0.0000
0.0921	0.1266	0.0000	0.0000
0.0931	0.1274	0.0000	0.0000
0.0941	0.1281	0.0000	0.0000
0.0951	0.1289	0.0000	0.0000
0.0961	0.1297	0.0000	0.0000
0.0971	0.1304	0.0000	0.0000
0.0981	0.1312	0.0000	0.0000
0.0991	0.1320	0.0000	0.0000
0.1001	0.1327	0.0000	0.0000
0.1011	0.1335	0.0000	0.0000
0.1021	0.1342	0.0000	0.0000
0.1031	0.1350	0.0000	0.0000
0.1041	0.1358	0.0000	0.0000
0.1051	0.1365	0.0000	0.0000
0.1061	0.1373	0.0000	0.0000
0.1071	0.1381	0.0000	0.0000
0.1081	0.1388	0.0000	0.0000
0.1091	0.1396	0.0000	0.0000
0.1101	0.1404	0.0000	0.0000
0.1111	0.1411	0.0000	0.0000
0.1121	0.1419	0.0000	0.0000
0.1131	0.1427	0.0000	0.0000
0.1141	0.1434	0.0000	0.0000
0.1151	0.1442	0.0000	0.0000
0.1161	0.1450	0.0000	0.0000
0.1171	0.1457	0.0000	0.0000
0.1181	0.1465	0.0000	0.0000
0.1191	0.1473	0.0000	0.0000
0.1201	0.1480	0.0000	0.0000
0.1211	0.1488	0.0000	0.0000
0.1221	0.1496	0.0000	0.0000
0.1231	0.1503	0.0000	0.0000
0.1241	0.1511	0.0000	0.0000
0.1251	0.1519	0.0000	0.0000
0.1261	0.1527	0.0000	0.0000
0.1271	0.1534	0.0000	0.0000
0.1281	0.1542	0.0000	0.0000
0.1291	0.1550	0.0000	0.0000
0.1301	0.1557	0.0000	0.0000
0.1311	0.1565	0.0000	0.0000
0.1321	0.1573	0.0000	0.0000
0.1331	0.1581	0.0000	0.0000
0.1341	0.1588	0.0000	0.0000
0.1351	0.1596	0.0000	0.0000
0.1361	0.1604	0.0000	0.0000
0.1371	0.1612	0.0000	0.0000
0.1381	0.1619	0.0000	0.0000
0.1391	0.1627	0.0000	0.0000
0.1401	0.1635	0.0000	0.0000
0.1411	0.1643	0.0000	0.0000
0.1421	0.1650	0.0000	0.0000
0.1431	0.1658	0.0000	0.0000
0.1441	0.1666	0.0000	0.0000
0.1451	0.1674	0.0000	0.0000
0.1461	0.1681	0.0000	0.0000
0.1471	0.1689	0.0000	0.0000
0.1481	0.1697	0.0000	0.0000
0.1491	0.1705	0.0000	0.0000
0.1502	0.1713	0.0000	0.0000
0.1512	0.1720	0.0000	0.0000
0.1522	0.1728	0.0000	0.0000
0.1532	0.1736	0.0000	0.0000
0.1542	0.1744	0.0000	0.0000
0.1552	0.1752	0.0000	0.0000
0.1562	0.1759	0.0000	0.0000
0.1572	0.1767	0.0000	0.0000
0.1582	0.1775	0.0000	0.0000
0.1592	0.1783	0.0000	0.0000
0.1602	0.1791	0.0000	0.0000
0.1612	0.1799	0.0000	0.0000
0.1622	0.1806	0.0000	0.0000
0.1632	0.1814	0.0000	0.0000
0.1642	0.1822	0.0000	0.0000
0.1652	0.1830	0.0000	0.0000
0.1662	0.1838	0.0000	0.0000
0.1672	0.1846	0.0000	0.0000
0.1682	0.1854	0.0000	0.0000
0.1692	0.1861	0.0000	0.0000
0.1702	0.1869	0.0000	0.0000
0.1712	0.1877	0.0000	0.0000
0.1722	0.1885	0.0000	0.0000
0.1732	0.1893	0.0000	0.0000
0.1742	0.1901	0.0000	0.0000
0.1752	0.1909	0.0000	0.0000
0.1762	0.1917	0.0000	0.0000
0.1772	0.1925	0.0000	0.0000
0.1782	0.1933	0.0000	0.0000
0.1792	0.1941	0.0000	0.0000
0.1802	0.1948	0.0000	0.0000
0.1812	0.1956	0.0000	0.0000
0.1822	0.1964	0.0000	0.0000
0.1832	0.1972	0.0000	0.0000
0.1842	0.1980	0.0000	0.0000
0.1852	0.1988	0.0000	0.0000
0.1862	0.1996	0.0000	0.0000
0.1872	0.2004	0.0000	0.0000
0.1882	0.2012	0.0000	0.0000
0.1892	0.2020	0.0000	0.0000
0.1902	0.2028	0.0000	0.0000
0.1912	0.2036	0.0000	0.0000
0.1922	0.2044	0.0000	0.0000
0.1932	0.2052	0.0000	0.0000
0.1942	0.2060	0.0000	0.0000
0.1952	0.2068	0.0000	0.0000
0.1962	0.2076	0.0000	0.0000
0.1972	0.2084	0.0000	0.0000
0.1982	0.2092	0.0000	0.0000
0.1992	0.2100	0.0000	0.0000
0.2002	0.2108	0.0000	0.0000
0.2012	0.2116	0.0000	0.0000
0.2022	0.2124	0.0000	0.0000
0.2032	0.2132	0.0000	0.0000
0.2042	0.2140	0.0000	0.0000
0.2052	0.2148	0.0000	0.0000
0.2062	0.2157	0.0000	0.0000
0.2072	0.2165	0.0000	0.0000
0.2082	0.2173	0.0000	0.0000
0.2092	0.2181	0.0000	0.0000
0.2102	0.2189	0.0000	0.0000
0.2112	0.2197	0.0000	0.0000
0.2122	0.2205	0.0000	0.0000
0.2132	0.2213	0.0000	0.0000
0.2142	0.2221	0.0000	0.0000
0.2152	0.2229	0.0000	0.0000
0.2162	0.2238	0.0000	0.0000
0.2172	0.2246	0.0000	0.0000
0.2182	0.2254	0.0000	0.0000
0.2192	0.2262	0.0000	0.0000
0.2202	0.2270	0.0000	0.0000
0.2212	0.2278	0.0000	0.0000
0.2222	0.2287	0.0000	0.0000
0.2232	0.2295	0.0000	0.0000
0.2242	0.2303	0.0000	0.0000
0.2252	0.2311	0.0000	0.0000
0.2262	0.2319	0.0000	0.0000
0.2272	0.2328	0.0000	0.0000
0.2282	0.2336	0.0000	0.0000
0.2292	0.2344	0.0000	0.0000
0.2302	0.2352	0.0000	0.0000
0.2312	0.2360	0.0000	0.0000
0.2322	0.2369	0.0000	0.0000
0.2332	0.2377	0.0000	0.0000
0.2342	0.2385	0.0000	0.0000
0.2352	0.2394	0.0000	0.0000
0.2362	0.2402	0.0000	0.0000
0.2372	0.2410	0.0000	0.0000
0.2382	0.2418	0.0000	0.0000
0.2392	0.2427	0.0000	0.0000
0.2402	0.2435	0.0000	0.0000
0.2412	0.2443	0.0000	0.0000
0.2422	0.2452	0.0000	0.0000
0.2432	0.2460	0.0000	0.0000
0.2442	0.2468	0.0000	0.0000
0.2452	0.2477	0.0000	0.0000
0.2462	0.2485	0.0000	0.0000
0.2472	0.2493	0.0000	0.0000
0.2482	0.2502	0.0000	0.0000
0.2492	0.2510	0.0000	0.0000
0.2503	0.2518	0.0000	0.0000
0.2513	0.2527	0.0000	0.0000
0.2523	0.2535	0.0000	0.0000
0.2533	0.2544	0.0000	0.0000
0.2543	0.2552	0.0000	0.0000
0.2553	0.2560	0.0000	0.0000
0.2563	0.2569	0.0000	0.0000
0.2573	0.2577	0.0000	0.0000
0.2583	0.2586	0.0000	0.0000
0.2593	0.2594	0.0000	0.0000
0.2603	0.2603	0.0000	0.0000
0.2613	0.2611	0.0000	0.0000
0.2623	0.2620	0.0000	0.0000
0.2633	0.2628	0.0000	0.0000
0.2643	0.2637	0.0000	0.0000
0.2653	0.2645	0.0000	0.0000
0.2663	0.2654	0.0000	0.0000
0.2673	0.2662	0.0000	0.0000
0.2683	0.2671	0.0000	0.0000
0.2693	0.2679	0.0000	0.0000
0.2703	0.2688	0.0000	0.0000
0.2713	0.2696	0.0000	0.0000
0.2723	0.2705	0.0000	0.0000
0.2733	0.2713	0.0000	0.0000
0.2743	0.2722	0.0000	0.0000
0.2753	0.2731	0.0000	0.0000
0.2763	0.2739	0.0000	0.0000
0.2773	0.2748	0.0000	0.0000
0.2783	0.2757	0.0000	0.0000
0.2793	0.2765	0.0000	0.0000
0.2803	0.2774	0.0000	0.0000
0.2813	0.2782	0.0000	0.0000
0.2823	0.2791	0.0000	0.0000
0.2833	0.2800	0.0000	0.0000
0.2843	0.2808	0.0000	0.0000
0.2853	0.2817	0.0000	0.0000
0.2863	0.2826	0.0000	0.0000
0.2873	0.2835	0.0000	0.0000
0.2883	0.2843	0.0000	0.0000
0.2893	0.2852	0.0000	0.0000
0.2903	0.2861	0.0000	0.0000
0.2913	0.2869	0.0000	0.0000
0.2923	0.2878	0.0000	0.0000
0.2933	0.2887	0.0000	0.0000
0.2943	0.2896	0.0000	0.0000
0.2953	0.2905	0.0000	0.0000
0.2963	0.2913	0.0000	0.0000
0.2973	0.2922	0.0000	0.0000
0.2983	0.2931	0.0000	0.0000
0.2993	0.2940	0.0000	0.0000
0.3003	0.2949	0.0000	0.0000
0.3013	0.2958	0.0000	0.0000
0.3023	0.2966	0.0000	0.0000
0.3033	0.2975	0.0000	0.0000
0.3043	0.2984	0.0000	0.0000
0.3053	0.2993	0.0000	0.0000
0.3063	0.3002	0.0000	0.0000
0.3073	0.3011	0.0000	0.0000
0.3083	0.3020	0.0000	0.0000
0.3093	0.3029	0.0000	0.0000
0.3103	0.3038	0.0000	0.0000
0.3113	0.3047	0.0000	0.0000
0.3123	0.3056	0.0000	0.0000
0.3133	0.3065	0.0000	0.0000
0.3143	0.3074	0.0000	0.0000
0.3153	0.3083	0.0000	0.0000
0.3163	0.3092	0.0000	0.0000
0.3173	0.3101	0.0000	0.0000
0.3183	0.3110	0.0000	0.0000
0.3193	0.3119	0.0000	0.0000
0.3203	0.3128	0.0000	0.0000
0.3213	0.3137	0.0000	0.0000
0.3223	0.3146	0.0000	0.0000
0.3233	0.3155	0.0000	0.0000
0.3243	0.3164	0.0000	0.0000
0.3253	0.3173	0.0000	0.0000
0.3263	0.3182	0.0000	0.0000
0.3273	0.3192	0.0000	0.0000
0.3283	0.3201	0.0000	0.0000
0.3293	0.3210	0.0000	0.0000
0.3303	0.3219	0.0000	0.0000
0.3313	0.3228	0.0000	0.0000
0.3323	0.3238	0.0000	0.0000
0.3333	0.3247	0.0000	0.0000
0.3343	0.3256	0.0000	0.0000
0.3353	0.3265	0.0000	0.0000
0.3363	0.3275	0.0000	0.0000
0.3373	0.3284	0.0000	0.0000
0.3383	0.3293	0.0000	0.0000
0.3393	0.3302	0.0000	0.0000
0.3403	0.3312	0.0000	0.0000
0.3413	0.3321	0.0000	0.0000
0.3423	0.3330	0.0000	0.0000
0.3433	0.3340	0.0000	0.0000
0.3443	0.3349	0.0000	0.0000
0.3453	0.3359	0.0000	0.0000
0.3463	0.3368	0.0000	0.0000
0.3473	0.3377	0.0000	0.0000
0.3483	0.3387	0.0000	0.0000
0.3493	0.3396	0.0000	0.0000
0.3504	0.3406	0.0000	0.0000
0.3514	0.3415	0.0000	0.0000
0.3524	0.3425	0.0000	0.0000
0.3534	0.3434	0.0000	0.0000
0.3544	0.3444	0.0000	0.0000
0.3554	0.3453	0.0000	0.0000
0.3564	0.3463	0.0000	0.0000
0.3574	0.3472	0.0000	0.0000
0.3584	0.3482	0.0000	0.0000
0.3594	0.3492	0.0000	0.0000
0.3604	0.3501	0.0000	0.0000
0.3614	0.3511	0.0000	0.0000
0.3624	0.3520	0.0000	0.0000
0.3634	0.3530	0.0000	0.0000
0.3644	0.3540	0.0000	0.0000
0.3654	0.3549	0.0000	0.0000
0.3664	0.3559	0.0000	0.0000
0.3674	0.3569	0.0000	0.0000
0.3684	0.3579	0.0000	0.0000
0.3694	0.3588	0.0000	0.0000
0.3704	0.3598	0.0000	0.0000
0.3714	0.3608	0.0000	0.0000
0.3724	0.3618	0.0000	0.0000
0.3734	0.3627	0.0000	0.0000
0.3744	0.3637	0.0000	0.0000
0.3754	0.3647	0.0000	0.0000
0.3764	0.3657	0.0000	0.0000
0.3774	0.3667	0.0000	0.0000
0.3784	0.3677	0.0000	0.0000
0.3794	0.3687	0.0000	0.0000
0.3804	0.3697	0.0000	0.0000
0.3814	0.3706	0.0000	0.0000
0.3824	0.3716	0.0000	0.0000
0.3834	0.3726	0.0000	0.0000
0.3844	0.3736	0.0000	0.0000
0.3854	0.3746	0.0000	0.0000
0.3864	0.3756	0.0000	0.0000
0.3874	0.3766	0.0000	0.0000
0.3884	0.3777	0.0000	0.0000
0.3894	0.3787	0.0000	0.0000
0.3904	0.3797	0.0000	0.0000
0.3914	0.3807	0.0000	0.0000
0.3924	0.3817	0.0000	0.0000
0.3934	0.3827	0.0000	0.0000
0.3944	0.3837	0.0000	0.0000
0.3954	0.3847	0.0000	0.0000
0.3964	0.3858	0.0000	0.0000
0.3974	0.3868	0.0000	0.0000
0.3984	0.3878	0.0000	0.0000
0.3994	0.3888	0.0000	0.0000
0.4004	0.3899	0.0000	0.0000
0.4014	0.3909	0.0000	0.0000
0.4024	0.3919	0.0000	0.0000
0.4034	0.3930	0.0000	0.0000
0.4044	0.3940	0.0000	0.0000
0.4054	0.3950	0.0000	0.0000
0.4064	0.3961	0.0000	0.0000
0.4074	0.3971	0.0000	0.0000
0.4084	0.3982	0.0000	0.0000
0.4094	0.3992	0.0000	0.0000
0.4104	0.4003	0.0000	0.0000
0.4114	0.4013	0.0000	0.0000
0.4124	0.4024	0.0000	0.0000
0.4134	0.4034	0.0000	0.0000
0.4144	0.4045	0.0000	0.0000
0.4154	0.4055	0.0000	0.0000
0.4164	0.4066	0.0000	0.0000
0.4174	0.4076	0.0000	0.0000
0.4184	0.4087	0.0000	0.0000
0.4194	0.4098	0.0000	0.0000
0.4204	0.4108	0.0000	0.0000
0.4214	0.4119	0.0000	0.0000
0.4224	0.4130	0.0000	0.0000
0.4234	0.4141	0.0000	0.0000
0.4244	0.4151	0.0000	0.0000
0.4254	0.4162	0.0000	0.0000
0.4264	0.4173	0.0000	0.0000
0.4274	0.4184	0.0000	0.0000
0.4284	0.4195	0.0000	0.0000
0.4294	0.4206	0.0000	0.0000
0.4304	0.4217	0.0000	0.0000
0.4314	0.4227	0.0000	0.0000
0.4324	0.4238	0.0000	0.0000
0.4334	0.4249	0.0000	0.0000
0.4344	0.4260	0.0000	0.0000
0.4354	0.4271	0.0000	0.0000
0.4364	0.4282	0.0000	0.0000
0.4374	0.4294	0.0000	0.0000
0.4384	0.4305	0.0000	0.0000
0.4394	0.4316	0.0000	0.0000
0.4404	0.4327	0.0000	0.0000
0.4414	0.4338	0.0000	0.0000
0.4424	0.4349	0.0000	0.0000
0.4434	0.4360	0.0000	0.0000
0.4444	0.4372	0.0000	0.0000
0.4454	0.4383	0.0000	0.0000
0.4464	0.4394	0.0000	0.0000
0.4474	0.4406	0.0000	0.0000
0.4484	0.4417	0.0000	0.0000
0.4494	0.4428	0.0000	0.0000
0.4505	0.4440	0.0000	0.0000
0.4515	0.4451	0.0000	0.0000
0.4525	0.4462	0.0000	0.0000
0.4535	0.4474	0.0000	0.0000
0.4545	0.4485	0.0000	0.0000
0.4555	0.4497	0.0000	0.0000
0.4565	0.4508	0.0000	0.0000
0.4575	0.4520	0.0000	0.0000
0.4585	0.4532	0.0000	0.0000
0.4595	0.4543	0.0000	0.0000
0.4605	0.4555	0.0000	0.0000
0.4615	0.4567	0.0000	0.0000
0.4625	0.4578	0.0000	0.0000
0.4635	0.4590	0.0000	0.0000
0.4645	0.4602	0.0000	0.0000
0.4655	0.4614	0.0000	0.0000
0.4665	0.4625	0.0000	0.0000
0.4675	0.4637	0.0000	0.0000
0.4685	0.4649	0.0000	0.0000
0.4695	0.4661	0.0000	0.0000
0.4705	0.4673	0.0000	0.0000
0.4715	0.4685	0.0000	0.0000
0.4725	0.4697	0.0000	0.0000
0.4735	0.4709	0.0000	0.0000
0.4745	0.4721	0.0000	0.0000
0.4755	0.4733	0.0000	0.0000
0.4765	0.4745	0.0000	0.0000
0.4775	0.4757	0.0000	0.0000
0.4785	0.4770	0.0000	0.0000
0.4795	0.4782	0.0000	0.0000
0.4805	0.4794	0.0000	0.0000
0.4815	0.4806	0.0000	0.0000
0.4825	0.4819	0.0000	0.0000
0.4835	0.4831	0.0000	0.0000
0.4845	0.4843	0.0000	0.0000
0.4855	0.4856	0.0000	0.0000
0.4865	0.4868	0.0000	0.0000
0.4875	0.4880	0.0000	0.0000
0.4885	0.4893	0.0000	0.0000
0.4895	0.4905	0.0000	0.0000
0.4905	0.4918	0.0000	0.0000
0.4915	0.4931	0.0000	0.0000
0.4925	0.4943	0.0000	0.0000
0.4935	0.4956	0.0000	0.0000
0.4945	0.4969	0.0000	0.0000
0.4955	0.4981	0.0000	0.0000
0.4965	0.4994	0.0000	0.0000
0.4975	0.5007	0.0000	0.0000
0.4985	0.5020	0.0000	0.0000
0.4995	0.5033	0.0000	0.0000
0.5005	0.5049	0.0000	0.0000
0.5015	0.5070	0.0000	0.0000
0.5025	0.5090	0.0000	0.0000
0.5035	0.5111	0.0000	0.0000
0.5045	0.5131	0.0000	0.0000
0.5055	0.5151	0.0000	0.0000
0.5065	0.5171	0.0000	0.0000
0.5075	0.5191	0.0000	0.0000
0.5085	0.5211	0.0000	0.0000
0.5095	0.5231	0.0000	0.0000
0.5105	0.5251	0.0000	0.0000
0.5115	0.5270	0.0000	0.0000
0.5125	0.5290	0.0000	0.0000
0.5135	0.5309	0.0000	0.0000
0.5145	0.5329	0.0000	0.0000
0.5155	0.5348	0.0000	0.0000
0.5165	0.5367	0.0000	0.0000
0.5175	0.5386	0.0000	0.0000
0.5185	0.5405	0.0000	0.0000
0.5195	0.5424	0.0000	0.0000
0.5205	0.5443	0.0000	0.0000
0.5215	0.5462	0.0000	0.0000
0.5225	0.5480	0.0000	0.0000
0.5235	0.5499	0.0000	0.0000
0.5245	0.5517	0.0000	0.0000
0.5255	0.5536	0.0000	0.0000
0.5265	0.5554	0.0000	0.0000
0.5275	0.5572	0.0000	0.0000
0.5285	0.5590	0.0000	0.0000
0.5295	0.5608	0.0000	0.0000
0.5305	0.5626	0.0000	0.0000
0.5315	0.5644	0.0000	0.0000
0.5325	0.5662	0.0000	0.0000
0.5335	0.5680	0.0000	0.0000
0.5345	0.5697	0.0000	0.0000
0.5355	0.5715	0.0000	0.0000
0.5365	0.5733	0.0000	0.0000
0.5375	0.5750	0.0000	0.0000
0.5385	0.5767	0.0000	0.0000
0.5395	0.5784	0.0000	0.0000
0.5405	0.5802	0.0000	0.0000
0.5415	0.5819	0.0000	0.0000
0.5425	0.5836	0.0000	0.0000
0.5435	0.5853	0.0000	0.0000
0.5445	0.5869	0.0000	0.0000
0.5455	0.5886	0.0000	0.0000
0.5465	0.5903	0.0000	0.0000
0.5475	0.5920	0.0000	0.0000
0.5485	0.5936	0.0000	0.0000
0.5495	0.5953	0.0000	0.0000
0.5506	0.5969	0.0000	0.0000
0.5516	0.5985	0.0000	0.0000
0.5526	0.6002	0.0000	0.0000
0.5536	0.6018	0.0000	0.0000
0.5546	0.6034	0.0000	0.0000
0.5556	0.6050	0.0000	0.0000
0.5566	0.6066	0.0000	0.0000
0.5576	0.6082	0.0000	0.0000
0.5586	0.6098	0.0000	0.0000
0.5596	0.6113	0.0000	0.0000
0.5606	0.6129	0.0000	0.0000
0.5616	0.6145	0.0000	0.0000
0.5626	0.6160	0.0000	0.0000
0.5636	0.6176	0.0000	0.0000
0.5646	0.6191	0.0000	0.0000
0.5656	0.6206	0.0000	0.0000
0.5666	0.6222	0.0000	0.0000
0.5676	0.6237	0.0000	0.0000
0.5686	0.6252	0.0000	0.0000
0.5696	0.6267	0.0000	0.0000
0.5706	0.6282	0.0000	0.0000
0.5716	0.6297	0.0000	0.0000
0.5726	0.6312	0.0000	0.0000
0.5736	0.6327	0.0000	0.0000
0.5746	0.6342	0.0000	0.0000
0.5756	0.6356	0.0000	0.0000
0.5766	0.6371	0.0000	0.0000
0.5776	0.6385	0.0000	0.0000
0.5786	0.6400	0.0000	0.0000
0.5796	0.6414	0.0000	0.0000
0.5806	0.6429	0.0000	0.0000
0.5816	0.6443	0.0000	0.0000
0.5826	0.6457	0.0000	0.0000
0.5836	0.6471	0.0000	0.0000
0.5846	0.6486	0.0000	0.0000
0.5856	0.6500	0.0000	0.0000
0.5866	0.6514	0.0000	0.0000
0.5876	0.6528	0.0000	0.0000
0.5886	0.6542	0.0000	0.0000
0.5896	0.6555	0.0000	0.0000
0.5906	0.6569	0.0000	0.0000
0.5916	0.6583	0.0000	0.0000
0.5926	0.6596	0.0000	0.0000
0.5936	0.6610	0.0000	0.0000
0.5946	0.6624	0.0000	0.0000
0.5956	0.6637	0.0000	0.0000
0.5966	0.6650	0.0000	0.0000
0.5976	0.6664	0.0000	0.0000
0.5986	0.6677	0.0000	0.0000
0.5996	0.6690	0.0000	0.0000
0.6006	0.6704	0.0000	0.0000
0.6016	0.6717	0.0000	0.0000
0.6026	0.6730	0.0000	0.0000
0.6036	0.6743	0.0000	0.0000
0.6046	0.6756	0.0000	0.0000
0.6056	0.6769	0.0000	0.0000
0.6066	0.6782	0.0000	0.0000
0.6076	0.6794	0.0000	0.0000
0.6086	0.6807	0.0000	0.0000
0.6096	0.6820	0.0000	0.0000
0.6106	0.6832	0.0000	0.0000
0.6116	0.6845	0.0000	0.0000
0.6126	0.6858	0.0000	0.0000
0.6136	0.6870	0.0000	0.0000
0.6146	0.6882	0.0000	0.0000
0.6156	0.6895	0.0000	0.0000
0.6166	0.6907	0.0000	0.0000
0.6176	0.6919	0.0000	0.0000
0.6186	0.6932	0.0000	0.0000
0.6196	0.6944	0.0000	0.0000
0.6206	0.6956	0.0000	0.0000
0.6216	0.6968	0.0000	0.0000
0.6226	0.6980	0.0000	0.0000
0.6236	0.6992	0.0000	0.0000
0.6246	0.7004	0.0000	0.0000
0.6256	0.7016	0.0000	0.0000
0.6266	0.7028	0.0000	0.0000
0.6276	0.7040	0.0000	0.0000
0.6286	0.7051	0.0000	0.0000
0.6296	0.7063	0.0000	0.0000
0.6306	0.7075	0.0000	0.0000
0.6316	0.7086	0.0000	0.0000
0.6326	0.7098	0.0000	0.0000
0.6336	0.7109	0.0000	0.0000
0.6346	0.7121	0.0000	0.0000
0.6356	0.7132	0.0000	0.0000
0.6366	0.7143	0.0000	0.0000
0.6376	0.7155	0.0000	0.0000
0.6386	0.7166	0.0000	0.0000
0.6396	0.7177	0.0000	0.0000
0.6406	0.7188	0.0000	0.0000
0.6416	0.7200	0.0000	0.0000
0.6426	0.7211	0.0000	0.0000
0.6436	0.7222	0.0000	0.0000
0.6446	0.7233	0.0000	0.0000
0.6456	0.7244	0.0000	0.0000
0.6466	0.7254	0.0000	0.0000
0.6476	0.7265	0.0000	0.0000
0.6486	0.7276	0.0000	0.0000
0.6496	0.7287	0.0000	0.0000
0.6507	0.7298	0.0000	0.0000
0.6517	0.7308	0.0000	0.0000
0.6527	0.7319	0.0000	0.0000
0.6537	0.7330	0.0000	0.0000
0.6547	0.7340	0.0000	0.0000
0.6557	0.7351	0.0000	0.0000
0.6567	0.7361	0.0000	0.0000
0.6577	0.7372	0.0000	0.0000
0.6587	0.7382	0.0000	0.0000
0.6597	0.7392	0.0000	0.0000
0.6607	0.7403	0.0000	0.0000
0.6617	0.7413	0.0000	0.0000
0.6627	0.7423	0.0000	0.0000
0.6637	0.7433	0.0000	0.0000
0.6647	0.7443	0.0000	0.0000
0.6657	0.7454	0.0000	0.0000
0.6667	0.7464	0.0000	0.0000
0.6677	0.7474	0.0000	0.0000
0.6687	0.7484	0.0000	0.0000
0.6697	0.7494	0.0000	0.0000
0.6707	0.7503	0.0000	0.0000
0.6717	0.7513	0.0000	0.0000
0.6727	0.7523	0.0000	0.0000
0.6737	0.7533	0.0000	0.0000
0.6747	0.7543	0.0000	0.0000
0.6757	0.7552	0.0000	0.0000
0.6767	0.7562	0.0000	0.0000
0.6777	0.7572	0.0000	0.0000
0.6787	0.7581	0.0000	0.0000
0.6797	0.7591	0.0000	0.0000
0.6807	0.7600	0.0000	0.0000
0.6817	0.7610	0.0000	0.0000
0.6827	0.7619	0.0000	0.0000
0.6837	0.7629	0.0000	0.0000
0.6847	0.7638	0.0000	0.0000
0.6857	0.7647	0.0000	0.0000
0.6867	0.7657	0.0000	0.0000
0.6877	0.7666	0.0000	0.0000
0.6887	0.7675	0.0000	0.0000
0.6897	0.7684	0.0000	0.0000
0.6907	0.7694	0.0000	0.0000
0.6917	0.7703	0.0000	0.0000
0.6927	0.7712	0.0000	0.0000
0.6937	0.7721	0.0000	0.0000
0.6947	0.7730	0.0000	0.0000
0.6957	0.7739	0.0000	0.0000
0.6967	0.7748	0.0000	0.0000
0.6977	0.7757	0.0000	0.0000
0.6987	0.7766	0.0000	0.0000
0.6997	0.7775	0.0000	0.0000
0.7007	0.7783	0.0000	0.0000
0.7017	0.7792	0.0000	0.0000
0.7027	0.7801	0.0000	0.0000
0.7037	0.7810	0.0000	0.0000
0.7047	0.7818	0.0000	0.0000
0.7057	0.7827	0.0000	0.0000
0.7067	0.7836	0.0000	0.0000
0.7077	0.7844	0.0000	0.0000
0.7087	0.7853	0.0000	0.0000
0.7097	0.7861	0.0000	0.0000
0.7107	0.7870	0.0000	0.0000
0.7117	0.7878	0.0000	0.0000
0.7127	0.7887	0.0000	0.0000
0.7137	0.7895	0.0000	0.0000
0.7147	0.7903	0.0000	0.0000
0.7157	0.7912	0.0000	0.0000
0.7167	0.7920	0.0000	0.0000
0.7177	0.7928	0.0000	0.0000
0.7187	0.7936	0.0000	0.0000
0.7197	0.7945	0.0000	0.0000
0.7207	0.7953	0.0000	0.0000
0.7217	0.7961	0.0000	0.0000
0.7227	0.7969	0.0000	0.0000
0.7237	0.7977	0.0000	0.0000
0.7247	0.7985	0.0000	0.0000
0.7257	0.7993	0.0000	0.0000
0.7267	0.8001	0.0000	0.0000
0.7277	0.8009	0.0000	0.0000
0.7287	0.8017	0.0000	0.0000
0.7297	0.8025	0.0000	0.0000
0.7307	0.8033	0.0000	0.0000
0.7317	0.8041	0.0000	0.0000
0.7327	0.8048	0.0000	0.0000
0.7337	0.8056	0.0000	0.0000
0.7347	0.8064	0.0000	0.0000
0.7357	0.8072	0.0000	0.0000
0.7367	0.8079	0.0000	0.0000
0.7377	0.8087	0.0000	0.0000
0.7387	0.8095	0.0000	0.0000
0.7397	0.8102	0.0000	0.0000
0.7407	0.8110	0.0000	0.0000
0.7417	0.8117	0.0000	0.0000
0.7427	0.8125	0.0000	0.0000
0.7437	0.8132	0.0000	0.0000
0.7447	0.8140	0.0000	0.0000
0.7457	0.8147	0.0000	0.0000
0.7467	0.8155	0.0000	0.0000
0.7477	0.8162	0.0000	0.0000
0.7487	0.8170	0.0000	0.0000
0.7497	0.8177	0.0000	0.0000
0.7508	0.8184	0.0000	0.0000
0.7518	0.8191	0.0000	0.0000
0.7528	0.8199	0.0000	0.0000
0.7538	0.8206	0.0000	0.0000
0.7548	0.8213	0.0000	0.0000
0.7558	0.8220	0.0000	0.0000
0.7568	0.8228	0.0000	0.0000
0.7578	0.8235	0.0000	0.0000
0.7588	0.8242	0.0000	0.0000
0.7598	0.8249	0.0000	0.0000
0.7608	0.8256	0.0000	0.0000
0.7618	0.8263	0.0000	0.0000
0.7628	0.8270	0.0000	0.0000
0.7638	0.8277	0.0000	0.0000
0.7648	0.8284	0.0000	0.0000
0.7658	0.8291	0.0000	0.0000
0.7668	0.8298	0.0000	0.0000
0.7678	0.8305	0.0000	0.0000
0.7688	0.8311	0.0000	0.0000
0.7698	0.8318	0.0000	0.0000
0.7708	0.8325	0.0000	0.0000
0.7718	0.8332	0.0000	0.0000
0.7728	0.8339	0.0000	0.0000
0.7738	0.8345	0.0000	0.0000
0.7748	0.8352	0.0000	0.0000
0.7758	0.8359	0.0000	0.0000
0.7768	0.8365	0.0000	0.0000
0.7778	0.8372	0.0000	0.0000
0.7788	0.8379	0.0000	0.0000
0.7798	0.8385	0.0000	0.0000
0.7808	0.8392	0.0000	0.0000
0.7818	0.8398	0.0000	0.0000
0.7828	0.8405	0.0000	0.0000
0.7838	0.8411	0.0000	0.0000
0.7848	0.8418	0.0000	0.0000
0.7858	0.8424	0.0000	0.0000
0.7868	0.8431	0.0000	0.0000
0.7878	0.8437	0.0000	0.0000
0.7888	0.8443	0.0000	0.0000
0.7898	0.8450	0.0000	0.0000
0.7908	0.8456	0.0000	0.0000
0.7918	0.8462	0.0000	0.0000
0.7928	0.8469	0.0000	0.0000
0.7938	0.8475	0.0000	0.0000
0.7948	0.8481	0.0000	0.0000
0.7958	0.8487	0.0000	0.0000
0.7968	0.8494	0.0000	0.0000
0.7978	0.8500	0.0000	0.0000
0.7988	0.8506	0.0000	0.0000
0.7998	0.8512	0.0000	0.0000
0.8008	0.8518	0.0000	0.0000
0.8018	0.8524	0.0000	0.0000
0.8028	0.8530	0.0000	0.0000
0.8038	0.8536	0.0000	0.0000
0.8048	0.8543	0.0000	0.0000
0.8058	0.8549	0.0000	0.0000
0.8068	0.8555	0.0000	0.0000
0.8078	0.8561	0.0000	0.0000
0.8088	0.8566	0.0000	0.0000
0.8098	0.8572	0.0000	0.0000
0.8108	0.8578	0.0000	0.0000
0.8118	0.8584	0.0000	0.0000
0.8128	0.8590	0.0000	0.0000
0.8138	0.8596	0.0000	0.0000
0.8148	0.8602	0.0000	0.0000
0.8158	0.8608	0.0000	0.0000
0.8168	0.8613	0.0000	0.0000
0.8178	0.8619	0.0000	0.0000
0.8188	0.8625	0.0000	0.0000
0.8198	0.8631	0.0000	0.0000
0.8208	0.8636	0.0000	0.0000
0.8218	0.8642	0.0000	0.0000
0.8228	0.8648	0.0000	0.0000
0.8238	0.8653	0.0000	0.0000
0.8248	0.8659	0.0000	0.0000
0.8258	0.8665	0.0000	0.0000
0.8268	0.8670	0.0000	0.0000
0.8278	0.8676	0.0000	0.0000
0.8288	0.8681	0.0000	0.0000
0.8298	0.8687	0.0000	0.0000
0.8308	0.8693	0.0000	0.0000
0.8318	0.8698	0.0000	0.0000
0.8328	0.8704	0.0000	0.0000
0.8338	0.8709	0.0000	0.0000
0.8348	0.8714	0.0000	0.0000
0.8358	0.8720	0.0000	0.0000
0.8368	0.8725	0.0000	0.0000
0.8378	0.8731	0.0000	0.0000
0.8388	0.8736	0.0000	0.0000
0.8398	0.8741	0.0000	0.0000
0.8408	0.8747	0.0000	0.0000
0.8418	0.8752	0.0000	0.0000
0.8428	0.8758	0.0000	0.0000
0.8438	0.8763	0.0000	0.0000
0.8448	0.8768	0.0000	0.0000
0.8458	0.8773	0.0000	0.0000
0.8468	0.8779	0.0000	0.0000
0.8478	0.8784	0.0000	0.0000
0.8488	0.8789	0.0000	0.0000
0.8498	0.8794	0.0000	0.0000
0.8509	0.8799	0.0000	0.0000
0.8519	0.8805	0.0000	0.0000
0.8529	0.8810	0.0000	0.0000
0.8539	0.8815	0.0000	0.0000
0.8549	0.8820	0.0000	0.0000
0.8559	0.8825	0.0000	0.0000
0.8569	0.8830	0.0000	0.0000
0.8579	0.8835	0.0000	0.0000
0.8589	0.8840	0.0000	0.0000
0.8599	0.8845	0.0000	0.0000
0.8609	0.8850	0.0000	0.0000
0.8619	0.8855	0.0000	0.0000
0.8629	0.8860	0.0000	0.0000
0.8639	0.8865	0.0000	0.0000
0.8649	0.8870	0.0000	0.0000
0.8659	0.8875	0.0000	0.0000
0.8669	0.8880	0.0000	0.0000
0.8679	0.8885	0.0000	0.0000
0.8689	0.8890	0.0000	0.0000
0.8699	0.8895	0.0000	0.0000
0.8709	0.8900	0.0000	0.0000
0.8719	0.8905	0.0000	0.0000
0.8729	0.8909	0.0000	0.0000
0.8739	0.8914	0.0000	0.0000
0.8749	0.8919	0.0000	0.0000
0.8759	0.8924	0.0000	0.0000
0.8769	0.8929	0.0000	0.0000
0.8779	0.8933	0.0000	0.0000
0.8789	0.8938	0.0000	0.0000
0.8799	0.8943	0.0000	0.0000
0.8809	0.8948	0.0000	0.0000
0.8819	0.8952	0.0000	0.0000
0.8829	0.8957	0.0000	0.0000
0.8839	0.8962	0.0000	0.0000
0.8849	0.8966	0.0000	0.0000
0.8859	0.8971	0.0000	0.0000
0.8869	0.8976	0.0000	0.0000
0.8879	0.8980	0.0000	0.0000
0.8889	0.8985	0.0000	0.0000
0.8899	0.8989	0.0000	0.0000
0.8909	0.8994	0.0000	0.0000
0.8919	0.8999	0.0000	0.0000
0.8929	0.9003	0.0000	0.0000
0.8939	0.9008	0.0000	0.0000
0.8949	0.9012	0.0000	0.0000
0.8959	0.9017	0.0000	0.0000
0.8969	0.9021	0.0000	0.0000
0.8979	0.9026	0.0000	0.0000
0.8989	0.9030	0.0000	0.0000
0.8999	0.9035	0.0000	0.0000
0.9009	0.9039	0.0000	0.0000
0.9019	0.9043	0.0000	0.0000
0.9029	0.9048	0.0000	0.0000
0.9039	0.9052	0.0000	0.0000
0.9049	0.9057	0.0000	0.0000
0.9059	0.9061	0.0000	0.0000
0.9069	0.9065	0.0000	0.0000
0.9079	0.9070	0.0000	0.0000
0.9089	0.9074	0.0000	0.0000
0.9099	0.9079	0.0000	0.0000
0.9109	0.9083	0.0000	0.0000
0.9119	0.9087	0.0000	0.0000
0.9129	0.9091	0.0000	0.0000
0.9139	0.9096	0.0000	0.0000
0.9149	0.9100	0.0000	0.0000
0.9159	0.9104	0.0000	0.0000
0.9169	0.9109	0.0000	0.0000
0.9179	0.9113	0.0000	0.0000
0.9189	0.9117	0.0000	0.0000
0.9199	0.9121	0.0000	0.0000
0.9209	0.9125	0.0000	0.0000
0.9219	0.9130	0.0000	0.0000
0.9229	0.9134	0.0000	0.0000
0.9239	0.9138	0.0000	0.0000
0.9249	0.9142	0.0000	0.0000
0.9259	0.9146	0.0000	0.0000
0.9269	0.9150	0.0000	0.0000
0.9279	0.9155	0.0000	0.0000
0.9289	0.9159	0.0000	0.0000
0.9299	0.9163	0.0000	0.0000
0.9309	0.9167	0.0000	0.0000
0.9319	0.9171	0.0000	0.0000
0.9329	0.9175	0.0000	0.0000
0.9339	0.9179	0.0000	0.0000
0.9349	0.9183	0.0000	0.0000
0.9359	0.9187	0.0000	0.0000
0.9369	0.9191	0.0000	0.0000
0.9379	0.9195	0.0000	0.0000
0.9389	0.9199	0.0000	0.0000
0.9399	0.9203	0.0000	0.0000
0.9409	0.9207	0.0000	0.0000
0.9419	0.9211	0.0000	0.0000
0.9429	0.9215	0.0000	0.0000
0.9439	0.9219	0.0000	0.0000
0.9449	0.9223	0.0000	0.0000
0.9459	0.9227	0.0000	0.0000
0.9469	0.9231	0.0000	0.0000
0.9479	0.9235	0.0000	0.0000
0.9489	0.9239	0.0000	0.0000
0.9499	0.9243	0.0000	0.0000
0.9510	0.9247	0.0000	0.0000
0.9520	0.9251	0.0000	0.0000
0.9530	0.9255	0.0000	0.0000
0.9540	0.9258	0.0000	0.0000
0.9550	0.9262	0.0000	0.0000
0.9560	0.9266	0.0000	0.0000
0.9570	0.9270	0.0000	0.0000
0.9580	0.9274	0.0000	0.0000
0.9590	0.9278	0.0000	0.0000
0.9600	0.9282	0.0000	0.0000
0.9610	0.9285	0.0000	0.0000
0.9620	0.9289	0.0000	0.0000
0.9630	0.9293	0.0000	0.0000
0.9640	0.9297	0.0000	0.0000
0.9650	0.9301	0.0000	0.0000
0.9660	0.9304	0.0000	0.0000
0.9670	0.9308	0.0000	0.0000
0.9680	0.9312	0.0000	0.0000
0.9690	0.9316	0.0000	0.0000
0.9700	0.9319	0.0000	0.0000
0.9710	0.9323	0.0000	0.0000
0.9720	0.9327	0.0000	0.0000
0.9730	0.9331	0.0000	0.0000
0.9740	0.9334	0.0000	0.0000
0.9750	0.9338	0.0000	0.0000
0.9760	0.9342	0.0000	0.0000
0.9770	0.9345	0.0000	0.0000
0.9780	0.9349	0.0000	0.0000
0.9790	0.9353	0.0000	0.0000
0.9800	0.9356	0.0000	0.0000
0.9810	0.9360	0.0000	0.0000
0.9820	0.9364	0.0000	0.0000
0.9830	0.9367	0.0000	0.0000
0.9840	0.9371	0.0000	0.0000
0.9850	0.9375	0.0000	0.0000
0.9860	0.9378	0.0000	0.0000
0.9870	0.9382	0.0000	0.0000
0.9880	0.9386	0.0000	0.0000
0.9890	0.9389	0.0000	0.0000
0.9900	0.9393	0.0000	0.0000
0.9910	0.9397	0.0000	0.0000
0.9920	0.9400	0.0000	0.0000
0.9930	0.9404	0.0000	0.0000
0.9940	0.9407	0.0000	0.0000
0.9950	0.9411	0.0000	0.0000
0.9960	0.9415	0.0000	0.0000
0.9970	0.9418	0.0000	0.0000
0.9980	0.9422	0.0000	0.0000
0.9990	0.9425	0.0000	0.0000
1.0000	0.9429	0.0000	0.0000
0.2613
0.4855
0.9069
