0.0000	0.0582	0.0000	0.0000
0.0010	0.0590	0.0000	0.0000
0.0020	0.0597	0.0000	0.0000
0.0030	0.0605	0.0000	0.0000
0.0040	0.0612	0.0000	0.0000
0.0050	0.0620	0.0000	0.0000
0.0060	0.0628	0.0000	0.0000
0.0070	0.0635	0.0000	0.0000
0.0080	0.0643	0.0000	0.0000
0.0090	0.0650	0.0000	0.0000
0.0100	0.0658	0.0000	0.0000
0.0110	0.0665	0.0000	0.0000
0.0120	0.0673	0.0000	0.0000
0.0130	0.0680	0.0000	0.0000
0.0140	0.0688	0.0000	0.0000
0.0150	0.0696	0.0000	0.0000
0.0160	0.0703	0.0000	0.0000
0.0170	0.0711	0.0000	0.0000
0.0180	0.0718	0.0000	0.0000
0.0190	0.0726	0.0000	0.0000
0.0200	0.0733	0.0000	0.0000
0.0210	0.0741	0.0000	0.0000
0.0220	0.0748	0.0000	0.0000
0.0230	0.0756	0.0000	0.0000
0.0240	0.0764	0.0000	0.0000
0.0250	0.0771	0.0000	0.0000
0.0260	0.0779	0.0000	0.0000
0.0270	0.0786	0.0000	0.0000
0.0280	0.0794	0.0000	0.0000
0.0290	0.0801	0.0000	0.0000
0.0300	0.0809	0.0000	0.0000
0.0310	0.0816	0.0000	0.0000
0.0320	0.0824	0.0000	0.0000
0.0330	0.0831	0.0000	0.0000
0.0340	0.0839	0.0000	0.0000
0.0350	0.0846	0.0000	0.0000
0.0360	0.0854	0.0000	0.0000
0.0370	0.0862	0.0000	0.0000
0.0380	0.0869	0.0000	0.0000
0.0390	0.0877	0.0000	0.0000
0.0400	0.0884	0.0000	0.0000
0.0410	0.0892	0.0000	0.0000
0.0420	0.0899	0.0000	0.0000
0.0430	0.0907	0.0000	0.0000
0.0440	0.0914	0.0000	0.0000
0.0450	0.0922	0.0000	0.0000
0.0460	0.0929	0.0000	0.0000
0.0470	0.0937	0.0000	0.0000
0.0480	0.0945	0.0000	0.0000
0.0490	0.0952	0.0000	0.0000
0.0501	0.0960	0.0000	0.0000
0.0511	0.0967	0.0000	0.0000
0.0521	0.0975	0.0000	0.0000
0.0531	0.0982	0.0000	0.0000
0.0541	0.0990	0.0000	0.0000
0.0551	0.0997	0.0000	0.0000
0.0561	0.1005	0.0000	0.0000
0.0571	0.1013	0.0000	0.0000
0.0581	0.1020	0.0000	0.0000
0.0591	0.1028	0.0000	0.0000
0.0601	0.1035	0.0000	0.0000
0.0611	0.1043	0.0000	0.0000
0.0621	0.1050	0.0000	0.0000
0.0631	0.1058	0.0000	0.0000
0.0641	0.1066	0.0000	0.0000
0.0651	0.1073	0.0000	0.0000
0.0661	0.1081	0.0000	0.0000
0.0671	0.1088	0.0000	0.0000
0.0681	0.1096	0.0000	0.0000
0.0691	0.1103	0.0000	0.0000
0.0701	0.1111	0.0000	0.0000
0.0711	0.1119	0.0000	0.0000
0.0721	0.1126	0.0000	0.0000
0.0731	0.1134	0.0000	0.0000
0.0741	0.1141	0.0000	0.0000
0.0751	0.1149	0.0000	0.0000
0.0761	0.1156	0.0000	0.0000
0.0771	0.1164	0.0000	0.0000
0.0781	0.1172	0.0000	0.0000
0.0791	0.1179	0.0000	0.0000
0.0801	0.1187	0.0000	0.0000
0.0811	0.1194	0.0000	0.0000
0.0821	0.1202	0.0000	0.0000
0.0831	0.1210	0.0000	0.0000
0.0841	0.1217	0.0000	0.0000
0.0851	0.1225	0.0000	0.0000
0.0861	0.1232	0.0000	0.0000
0.0871	0.1240	0.0000	0.0000
0.0881	0.1248	0.0000	0.0000
0.0891	0.1255	0.0000	0.0000
0.0901	0.1263	0.0000	0.0000
0.0911	0.1270	0.0000	0.0000
0.0921	0.1278	0.0000	0.0000
0.0931	0.1286	0.0000	0.0000
0.0941	0.1293	0.0000	0.0000
0.0951	0.1301	0.0000	0.0000
0.0961	0.1308	0.0000	0.0000
0.0971	0.1316	0.0000	0.0000
0.0981	0.1324	0.0000	0.0000
0.0991	0.1331	0.0000	0.0000
0.1001	0.1339	0.0000	0.0000
0.1011	0.1347	0.0000	0.0000
0.1021	0.1354	0.0000	0.0000
0.1031	0.1362	0.0000	0.0000
0.1041	0.1370	0.0000	0.0000
0.1051	0.1377	0.0000	0.0000
0.1061	0.1385	0.0000	0.0000
0.1071	0.1392	0.0000	0.0000
0.1081	0.1400	0.0000	0.0000
0.1091	0.1408	0.0000	0.0000
0.1101	0.1415	0.0000	0.0000
0.1111	0.1423	0.0000	0.0000
0.1121	0.1431	0.0000	0.0000
0.1131	0.1438	0.0000	0.0000
0.1141	0.1446	0.0000	0.0000
0.1151	0.1454	0.0000	0.0000
0.1161	0.1461	0.0000	0.0000
0.1171	0.1469	0.0000	0.0000
0.1181	0.1477	0.0000	0.0000
0.1191	0.1485	0.0000	0.0000
0.1201	0.1492	0.0000	0.0000
0.1211	0.1500	0.0000	0.0000
0.1221	0.1508	0.0000	0.0000
0.1231	0.1515	0.0000	0.0000
0.1241	0.1523	0.0000	0.0000
0.1251	0.1531	0.0000	0.0000
0.1261	0.1538	0.0000	0.0000
0.1271	0.1546	0.0000	0.0000
0.1281	0.1554	0.0000	0.0000
0.1291	0.1562	0.0000	0.0000
0.1301	0.1569	0.0000	0.0000
0.1311	0.1577	0.0000	0.0000
0.1321	0.1585	0.0000	0.0000
0.1331	0.1592	0.0000	0.0000
0.1341	0.1600	0.0000	0.0000
0.1351	0.1608	0.0000	0.0000
0.1361	0.1616	0.0000	0.0000
0.1371	0.1623	0.0000	0.0000
0.1381	0.1631	0.0000	0.0000
0.1391	0.1639	0.0000	0.0000
0.1401	0.1647	0.0000	0.0000
0.1411	0.1654	0.0000	0.0000
0.1421	0.1662	0.0000	0.0000
0.1431	0.1670	0.0000	0.0000
0.1441	0.1678	0.0000	0.0000
0.1451	0.1685	0.0000	0.0000
0.1461	0.1693	0.0000	0.0000
0.1471	0.1701	0.0000	0.0000
0.1481	0.1709	0.0000	0.0000
0.1491	0.1717	0.0000	0.0000
0.1502	0.1724	0.0000	0.0000
0.1512	0.1732	0.0000	0.0000
0.1522	0.1740	0.0000	0.0000
0.1532	0.1748	0.0000	0.0000
0.1542	0.1756	0.0000	0.0000
0.1552	0.1763	0.0000	0.0000
0.1562	0.1771	0.0000	0.0000
0.1572	0.1779	0.0000	0.0000
0.1582	0.1787	0.0000	0.0000
0.1592	0.1795	0.0000	0.0000
0.1602	0.1802	0.0000	0.0000
0.1612	0.1810	0.0000	0.0000
0.1622	0.1818	0.0000	0.0000
0.1632	0.1826	0.0000	0.0000
0.1642	0.1834	0.0000	0.0000
0.1652	0.1842	0.0000	0.0000
0.1662	0.1850	0.0000	0.0000
0.1672	0.1857	0.0000	0.0000
0.1682	0.1865	0.0000	0.0000
0.1692	0.1873	0.0000	0.0000
0.1702	0.1881	0.0000	0.0000
0.1712	0.1889	0.0000	0.0000
0.1722	0.1897	0.0000	0.0000
0.1732	0.1905	0.0000	0.0000
0.1742	0.1913	0.0000	0.0000
0.1752	0.1920	0.0000	0.0000
0.1762	0.1928	0.0000	0.0000
0.1772	0.1936	0.0000	0.0000
0.1782	0.1944	0.0000	0.0000
0.1792	0.1952	0.0000	0.0000
0.1802	0.1960	0.0000	0.0000
0.1812	0.1968	0.0000	0.0000
0.1822	0.1976	0.0000	0.0000
0.1832	0.1984	0.0000	0.0000
0.1842	0.1992	0.0000	0.0000
0.1852	0.2000	0.0000	0.0000
0.1862	0.2008	0.0000	0.0000
0.1872	0.2016	0.0000	0.0000
0.1882	0.2024	0.0000	0.0000
0.1892	0.2032	0.0000	0.0000
0.1902	0.2040	0.0000	0.0000
0.1912	0.2048	0.0000	0.0000
0.1922	0.2056	0.0000	0.0000
0.1932	0.2064	0.0000	0.0000
0.1942	0.2072	0.0000	0.0000
0.1952	0.2080	0.0000	0.0000
0.1962	0.2088	0.0000	0.0000
0.1972	0.2096	0.0000	0.0000
0.1982	0.2104	0.0000	0.0000
0.1992	0.2112	0.0000	0.0000
0.2002	0.2120	0.0000	0.0000
0.2012	0.2128	0.0000	0.0000
0.2022	0.2136	0.0000	0.0000
0.2032	0.2144	0.0000	0.0000
0.2042	0.2152	0.0000	0.0000
0.2052	0.2160	0.0000	0.0000
0.2062	0.2168	0.0000	0.0000
0.2072	0.2176	0.0000	0.0000
0.2082	0.2184	0.0000	0.0000
0.2092	0.2192	0.0000	0.0000
0.2102	0.2200	0.0000	0.0000
0.2112	0.2208	0.0000	0.0000
0.2122	0.2216	0.0000	0.0000
0.2132	0.2225	0.0000	0.0000
0.2142	0.2233	0.0000	0.0000
0.2152	0.2241	0.0000	0.0000
0.2162	0.2249	0.0000	0.0000
0.2172	0.2257	0.0000	0.0000
0.2182	0.2265	0.0000	0.0000
0.2192	0.2273	0.0000	0.0000
0.2202	0.2281	0.0000	0.0000
0.2212	0.2290	0.0000	0.0000
0.2222	0.2298	0.0000	0.0000
0.2232	0.2306	0.0000	0.0000
0.2242	0.2314	0.0000	0.0000
0.2252	0.2322	0.0000	0.0000
0.2262	0.2331	0.0000	0.0000
0.2272	0.2339	0.0000	0.0000
0.2282	0.2347	0.0000	0.0000
0.2292	0.2355	0.0000	0.0000
0.2302	0.2363	0.0000	0.0000
0.2312	0.2372	0.0000	0.0000
0.2322	0.2380	0.0000	0.0000
0.2332	0.2388	0.0000	0.0000
0.2342	0.2396	0.0000	0.0000
0.2352	0.2405	0.0000	0.0000
0.2362	0.2413	0.0000	0.0000
0.2372	0.2421	0.0000	0.0000
0.2382	0.2429	0.0000	0.0000
0.2392	0.2438	0.0000	0.0000
0.2402	0.2446	0.0000	0.0000
0.2412	0.2454	0.0000	0.0000
0.2422	0.2463	0.0000	0.0000
0.2432	0.2471	0.0000	0.0000
0.2442	0.2479	0.0000	0.0000
0.2452	0.2487	0.0000	0.0000
0.2462	0.2496	0.0000	0.0000
0.2472	0.2504	0.0000	0.0000
0.2482	0.2512	0.0000	0.0000
0.2492	0.2521	0.0000	0.0000
0.2503	0.2529	0.0000	0.0000
0.2513	0.2538	0.0000	0.0000
0.2523	0.2546	0.0000	0.0000
0.2533	0.2554	0.0000	0.0000
0.2543	0.2563	0.0000	0.0000
0.2553	0.2571	0.0000	0.0000
0.2563	0.2580	0.0000	0.0000
0.2573	0.2588	0.0000	0.0000
0.2583	0.2596	0.0000	0.0000
0.2593	0.2605	0.0000	0.0000
0.2603	0.2613	0.0000	0.0000
0.2613	0.2622	0.0000	0.0000
0.2623	0.2630	0.0000	0.0000
0.2633	0.2639	0.0000	0.0000
0.2643	0.2647	0.0000	0.0000
0.2653	0.2656	0.0000	0.0000
0.2663	0.2664	0.0000	0.0000
0.2673	0.2673	0.0000	0.0000
0.2683	0.2681	0.0000	0.0000
0.2693	0.2690	0.0000	0.0000
0.2703	0.2698	0.0000	0.0000
0.2713	0.2707	0.0000	0.0000
0.2723	0.2715	0.0000	0.0000
0.2733	0.2724	0.0000	0.0000
0.2743	0.2732	0.0000	0.0000
0.2753	0.2741	0.0000	0.0000
0.2763	0.2750	0.0000	0.0000
0.2773	0.2758	0.0000	0.0000
0.2783	0.2767	0.0000	0.0000
0.2793	0.2775	0.0000	0.0000
0.2803	0.2784	0.0000	0.0000
0.2813	0.2793	0.0000	0.0000
0.2823	0.2801	0.0000	0.0000
0.2833	0.2810	0.0000	0.0000
0.2843	0.2819	0.0000	0.0000
0.2853	0.2827	0.0000	0.0000
0.2863	0.2836	0.0000	0.0000
0.2873	0.2845	0.0000	0.0000
0.2883	0.2853	0.0000	0.0000
0.2893	0.2862	0.0000	0.0000
0.2903	0.2871	0.0000	0.0000
0.2913	0.2880	0.0000	0.0000
0.2923	0.2888	0.0000	0.0000
0.2933	0.2897	0.0000	0.0000
0.2943	0.2906	0.0000	0.0000
0.2953	0.2915	0.0000	0.0000
0.2963	0.2923	0.0000	0.0000
0.2973	0.2932	0.0000	0.0000
0.2983	0.2941	0.0000	0.0000
0.2993	0.2950	0.0000	0.0000
0.3003	0.2959	0.0000	0.0000
0.3013	0.2967	0.0000	0.0000
0.3023	0.2976	0.0000	0.0000
0.3033	0.2985	0.0000	0.0000
0.3043	0.2994	0.0000	0.0000
0.3053	0.3003	0.0000	0.0000
0.3063	0.3012	0.0000	0.0000
0.3073	0.3021	0.0000	0.0000
0.3083	0.3029	0.0000	0.0000
0.3093	0.3038	0.0000	0.0000
0.3103	0.3047	0.0000	0.0000
0.3113	0.3056	0.0000	0.0000
0.3123	0.3065	0.0000	0.0000
0.3133	0.3074	0.0000	0.0000
0.3143	0.3083	0.0000	0.0000
0.3153	0.3092	0.0000	0.0000
0.3163	0.3101	0.0000	0.0000
0.3173	0.3110	0.0000	0.0000
0.3183	0.3119	0.0000	0.0000
0.3193	0.3128	0.0000	0.0000
0.3203	0.3137	0.0000	0.0000
0.3213	0.3146	0.0000	0.0000
0.3223	0.3155	0.0000	0.0000
0.3233	0.3164	0.0000	0.0000
0.3243	0.3173	0.0000	0.0000
0.3253	0.3183	0.0000	0.0000
0.3263	0.3192	0.0000	0.0000
0.3273	0.3201	0.0000	0.0000
0.3283	0.3210	0.0000	0.0000
0.3293	0.3219	0.0000	0.0000
0.3303	0.3228	0.0000	0.0000
0.3313	0.3237	0.0000	0.0000
0.3323	0.3247	0.0000	0.0000
0.3333	0.3256	0.0000	0.0000
0.3343	0.3265	0.0000	0.0000
0.3353	0.3274	0.0000	0.0000
0.3363	0.3284	0.0000	0.0000
0.3373	0.3293	0.0000	0.0000
0.3383	0.3302	0.0000	0.0000
0.3393	0.3311	0.0000	0.0000
0.3403	0.3321	0.0000	0.0000
0.3413	0.3330	0.0000	0.0000
0.3423	0.3339	0.0000	0.0000
0.3433	0.3349	0.0000	0.0000
0.3443	0.3358	0.0000	0.0000
0.3453	0.3367	0.0000	0.0000
0.3463	0.3377	0.0000	0.0000
0.3473	0.3386	0.0000	0.0000
0.3483	0.3395	0.0000	0.0000
0.3493	0.3405	0.0000	0.0000
0.3504	0.3414	0.0000	0.0000
0.3514	0.3424	0.0000	0.0000
0.3524	0.3433	0.0000	0.0000
0.3534	0.3443	0.0000	0.0000
0.3544	0.3452	0.0000	0.0000
0.3554	0.3462	0.0000	0.0000
0.3564	0.3471	0.0000	0.0000
0.3574	0.3481	0.0000	0.0000
0.3584	0.3490	0.0000	0.0000
0.3594	0.3500	0.0000	0.0000
0.3604	0.3509	0.0000	0.0000
0.3614	0.3519	0.0000	0.0000
0.3624	0.3529	0.0000	0.0000
0.3634	0.3538	0.0000	0.0000
0.3644	0.3548	0.0000	0.0000
0.3654	0.3557	0.0000	0.0000
0.3664	0.3567	0.0000	0.0000
0.3674	0.3577	0.0000	0.0000
0.3684	0.3586	0.0000	0.0000
0.3694	0.3596	0.0000	0.0000
0.3704	0.3606	0.0000	0.0000
0.3714	0.3616	0.0000	0.0000
0.3724	0.3625	0.0000	0.0000
0.3734	0.3635	0.0000	0.0000
0.3744	0.3645	0.0000	0.0000
0.3754	0.3655	0.0000	0.0000
0.3764	0.3665	0.0000	0.0000
0.3774	0.3674	0.0000	0.0000
0.3784	0.3684	0.0000	0.0000
0.3794	0.3694	0.0000	0.0000
0.3804	0.3704	0.0000	0.0000
0.3814	0.3714	0.0000	0.0000
0.3824	0.3724	0.0000	0.0000
0.3834	0.3734	0.0000	0.0000
0.3844	0.3744	0.0000	0.0000
0.3854	0.3754	0.0000	0.0000
0.3864	0.3764	0.0000	0.0000
0.3874	0.3774	0.0000	0.0000
0.3884	0.3784	0.0000	0.0000
0.3894	0.3794	0.0000	0.0000
0.3904	0.3804	0.0000	0.0000
0.3914	0.3814	0.0000	0.0000
0.3924	0.3824	0.0000	0.0000
0.3934	0.3834	0.0000	0.0000
0.3944	0.3844	0.0000	0.0000
0.3954	0.3854	0.0000	0.0000
0.3964	0.3865	0.0000	0.0000
0.3974	0.3875	0.0000	0.0000
0.3984	0.3885	0.0000	0.0000
0.3994	0.3895	0.0000	0.0000
0.4004	0.3905	0.0000	0.0000
0.4014	0.3916	0.0000	0.0000
0.4024	0.3926	0.0000	0.0000
0.4034	0.3936	0.0000	0.0000
0.4044	0.3947	0.0000	0.0000
0.4054	0.3957	0.0000	0.0000
0.4064	0.3967	0.0000	0.0000
0.4074	0.3978	0.0000	0.0000
0.4084	0.3988	0.0000	0.0000
0.4094	0.3998	0.0000	0.0000
0.4104	0.4009	0.0000	0.0000
0.4114	0.4019	0.0000	0.0000
0.4124	0.4030	0.0000	0.0000
0.4134	0.4040	0.0000	0.0000
0.4144	0.4051	0.0000	0.0000
0.4154	0.4061	0.0000	0.0000
0.4164	0.4072	0.0000	0.0000
0.4174	0.4083	0.0000	0.0000
0.4184	0.4093	0.0000	0.0000
0.4194	0.4104	0.0000	0.0000
0.4204	0.4114	0.0000	0.0000
0.4214	0.4125	0.0000	0.0000
0.4224	0.4136	0.0000	0.0000
0.4234	0.4146	0.0000	0.0000
0.4244	0.4157	0.0000	0.0000
0.4254	0.4168	0.0000	0.0000
0.4264	0.4179	0.0000	0.0000
0.4274	0.4189	0.0000	0.0000
0.4284	0.4200	0.0000	0.0000
0.4294	0.4211	0.0000	0.0000
0.4304	0.4222	0.0000	0.0000
0.4314	0.4233	0.0000	0.0000
0.4324	0.4244	0.0000	0.0000
0.4334	0.4255	0.0000	0.0000
0.4344	0.4266	0.0000	0.0000
0.4354	0.4277	0.0000	0.0000
0.4364	0.4288	0.0000	0.0000
0.4374	0.4299	0.0000	0.0000
0.4384	0.4310	0.0000	0.0000
0.4394	0.4321	0.0000	0.0000
0.4404	0.4332	0.0000	0.0000
0.4414	0.4343	0.0000	0.0000
0.4424	0.4354	0.0000	0.0000
0.4434	0.4365	0.0000	0.0000
0.4444	0.4376	0.0000	0.0000
0.4454	0.4388	0.0000	0.0000
0.4464	0.4399	0.0000	0.0000
0.4474	0.4410	0.0000	0.0000
0.4484	0.4421	0.0000	0.0000
0.4494	0.4433	0.0000	0.0000
0.4505	0.4444	0.0000	0.0000
0.4515	0.4455	0.0000	0.0000
0.4525	0.4467	0.0000	0.0000
0.4535	0.4478	0.0000	0.0000
0.4545	0.4490	0.0000	0.0000
0.4555	0.4501	0.0000	0.0000
0.4565	0.4513	0.0000	0.0000
0.4575	0.4524	0.0000	0.0000
0.4585	0.4536	0.0000	0.0000
0.4595	0.4547	0.0000	0.0000
0.4605	0.4559	0.0000	0.0000
0.4615	0.4571	0.0000	0.0000
0.4625	0.4582	0.0000	0.0000
0.4635	0.4594	0.0000	0.0000
0.4645	0.4606	0.0000	0.0000
0.4655	0.4617	0.0000	0.0000
0.4665	0.4629	0.0000	0.0000
0.4675	0.4641	0.0000	0.0000
0.4685	0.4653	0.0000	0.0000
0.4695	0.4665	0.0000	0.0000
0.4705	0.4676	0.0000	0.0000
0.4715	0.4688	0.0000	0.0000
0.4725	0.4700	0.0000	0.0000
0.4735	0.4712	0.0000	0.0000
0.4745	0.4724	0.0000	0.0000
0.4755	0.4736	0.0000	0.0000
0.4765	0.4748	0.0000	0.0000
0.4775	0.4760	0.0000	0.0000
0.4785	0.4773	0.0000	0.0000
0.4795	0.4785	0.0000	0.0000
0.4805	0.4797	0.0000	0.0000
0.4815	0.4809	0.0000	0.0000
0.4825	0.4821	0.0000	0.0000
0.4835	0.4834	0.0000	0.0000
0.4845	0.4846	0.0000	0.0000
0.4855	0.4858	0.0000	0.0000
0.4865	0.4871	0.0000	0.0000
0.4875	0.4883	0.0000	0.0000
0.4885	0.4895	0.0000	0.0000
0.4895	0.4908	0.0000	0.0000
0.4905	0.4920	0.0000	0.0000
0.4915	0.4933	0.0000	0.0000
0.4925	0.4945	0.0000	0.0000
0.4935	0.4958	0.0000	0.0000
0.4945	0.4971	0.0000	0.0000
0.4955	0.4983	0.0000	0.0000
0.4965	0.4996	0.0000	0.0000
0.4975	0.5009	0.0000	0.0000
0.4985	0.5022	0.0000	0.0000
0.4995	0.5034	0.0000	0.0000
0.5005	0.5051	0.0000	0.0000
0.5015	0.5072	0.0000	0.0000
0.5025	0.5092	0.0000	0.0000
0.5035	0.5112	0.0000	0.0000
0.5045	0.5133	0.0000	0.0000
0.5055	0.5153	0.0000	0.0000
0.5065	0.5173	0.0000	0.0000
0.5075	0.5193	0.0000	0.0000
0.5085	0.5212	0.0000	0.0000
0.5095	0.5232	0.0000	0.0000
0.5105	0.5252	0.0000	0.0000
0.5115	0.5271	0.0000	0.0000
0.5125	0.5291	0.0000	0.0000
0.5135	0.5310	0.0000	0.0000
0.5145	0.5330	0.0000	0.0000
0.5155	0.5349	0.0000	0.0000
0.5165	0.5368	0.0000	0.0000
0.5175	0.5387	0.0000	0.0000
0.5185	0.5406	0.0000	0.0000
0.5195	0.5425	0.0000	0.0000
0.5205	0.5443	0.0000	0.0000
0.5215	0.5462	0.0000	0.0000
0.5225	0.5481	0.0000	0.0000
0.5235	0.5499	0.0000	0.0000
0.5245	0.5518	0.0000	0.0000
0.5255	0.5536	0.0000	0.0000
0.5265	0.5554	0.0000	0.0000
0.5275	0.5572	0.0000	0.0000
0.5285	0.5590	0.0000	0.0000
0.5295	0.5608	0.0000	0.0000
0.5305	0.5626	0.0000	0.0000
0.5315	0.5644	0.0000	0.0000
0.5325	0.5662	0.0000	0.0000
0.5335	0.5679	0.0000	0.0000
0.5345	0.5697	0.0000	0.0000
0.5355	0.5715	0.0000	0.0000
0.5365	0.5732	0.0000	0.0000
0.5375	0.5749	0.0000	0.0000
0.5385	0.5767	0.0000	0.0000
0.5395	0.5784	0.0000	0.0000
0.5405	0.5801	0.0000	0.0000
0.5415	0.5818	0.0000	0.0000
0.5425	0.5835	0.0000	0.0000
0.5435	0.5852	0.0000	0.0000
0.5445	0.5869	0.0000	0.0000
0.5455	0.5885	0.0000	0.0000
0.5465	0.5902	0.0000	0.0000
0.5475	0.5918	0.0000	0.0000
0.5485	0.5935	0.0000	0.0000
0.5495	0.5951	0.0000	0.0000
0.5506	0.5968	0.0000	0.0000
0.5516	0.5984	0.0000	0.0000
0.5526	0.6000	0.0000	0.0000
0.5536	0.6016	0.0000	0.0000
0.5546	0.6032	0.0000	0.0000
0.5556	0.6048	0.0000	0.0000
0.5566	0.6064	0.0000	0.0000
0.5576	0.6080	0.0000	0.0000
0.5586	0.6096	0.0000	0.0000
0.5596	0.6112	0.0000	0.0000
0.5606	0.6127	0.0000	0.0000
0.5616	0.6143	0.0000	0.0000
0.5626	0.6158	0.0000	0.0000
0.5636	0.6174	0.0000	0.0000
0.5646	0.6189	0.0000	0.0000
0.5656	0.6204	0.0000	0.0000
0.5666	0.6220	0.0000	0.0000
0.5676	0.6235	0.0000	0.0000
0.5686	0.6250	0.0000	0.0000
0.5696	0.6265	0.0000	0.0000
0.5706	0.6280	0.0000	0.0000
0.5716	0.6295	0.0000	0.0000
0.5726	0.6310	0.0000	0.0000
0.5736	0.6324	0.0000	0.0000
0.5746	0.6339	0.0000	0.0000
0.5756	0.6354	0.0000	0.0000
0.5766	0.6368	0.0000	0.0000
0.5776	0.6383	0.0000	0.0000
0.5786	0.6397	0.0000	0.0000
0.5796	0.6412	0.0000	0.0000
0.5806	0.6426	0.0000	0.0000
0.5816	0.6440	0.0000	0.0000
0.5826	0.6454	0.0000	0.0000
0.5836	0.6468	0.0000	0.0000
0.5846	0.6483	0.0000	0.0000
0.5856	0.6497	0.0000	0.0000
0.5866	0.6510	0.0000	0.0000
0.5876	0.6524	0.0000	0.0000
0.5886	0.6538	0.0000	0.0000
0.5896	0.6552	0.0000	0.0000
0.5906	0.6566	0.0000	0.0000
0.5916	0.6579	0.0000	0.0000
0.5926	0.6593	0.0000	0.0000
0.5936	0.6607	0.0000	0.0000
0.5946	0.6620	0.0000	0.0000
0.5956	0.6633	0.0000	0.0000
0.5966	0.6647	0.0000	0.0000
0.5976	0.6660	0.0000	0.0000
0.5986	0.6673	0.0000	0.0000
0.5996	0.6687	0.0000	0.0000
0.6006	0.6700	0.0000	0.0000
0.6016	0.6713	0.0000	0.0000
0.6026	0.6726	0.0000	0.0000
0.6036	0.6739	0.0000	0.0000
0.6046	0.6752	0.0000	0.0000
0.6056	0.6765	0.0000	0.0000
0.6066	0.6777	0.0000	0.0000
0.6076	0.6790	0.0000	0.0000
0.6086	0.6803	0.0000	0.0000
0.6096	0.6816	0.0000	0.0000
0.6106	0.6828	0.0000	0.0000
0.6116	0.6841	0.0000	0.0000
0.6126	0.6853	0.0000	0.0000
0.6136	0.6866	0.0000	0.0000
0.6146	0.6878	0.0000	0.0000
0.6156	0.6890	0.0000	0.0000
0.6166	0.6903	0.0000	0.0000
0.6176	0.6915	0.0000	0.0000
0.6186	0.6927	0.0000	0.0000
0.6196	0.6939	0.0000	0.0000
0.6206	0.6951	0.0000	0.0000
0.6216	0.6963	0.0000	0.0000
0.6226	0.6975	0.0000	0.0000
0.6236	0.6987	0.0000	0.0000
0.6246	0.6999	0.0000	0.0000
0.6256	0.7011	0.0000	0.0000
0.6266	0.7023	0.0000	0.0000
0.6276	0.7034	0.0000	0.0000
0.6286	0.7046	0.0000	0.0000
0.6296	0.7058	0.0000	0.0000
0.6306	0.7069	0.0000	0.0000
0.6316	0.7081	0.0000	0.0000
0.6326	0.7092	0.0000	0.0000
0.6336	0.7104	0.0000	0.0000
0.6346	0.7115	0.0000	0.0000
0.6356	0.7127	0.0000	0.0000
0.6366	0.7138	0.0000	0.0000
0.6376	0.7149	0.0000	0.0000
0.6386	0.7160	0.0000	0.0000
0.6396	0.7172	0.0000	0.0000
0.6406	0.7183	0.0000	0.0000
0.6416	0.7194	0.0000	0.0000
0.6426	0.7205	0.0000	0.0000
0.6436	0.7216	0.0000	0.0000
0.6446	0.7227	0.0000	0.0000
0.6456	0.7238	0.0000	0.0000
0.6466	0.7249	0.0000	0.0000
0.6476	0.7259	0.0000	0.0000
0.6486	0.7270	0.0000	0.0000
0.6496	0.7281	0.0000	0.0000
0.6507	0.7292	0.0000	0.0000
0.6517	0.7302	0.0000	0.0000
0.6527	0.7313	0.0000	0.0000
0.6537	0.7323	0.0000	0.0000
0.6547	0.7334	0.0000	0.0000
0.6557	0.7344	0.0000	0.0000
0.6567	0.7355	0.0000	0.0000
0.6577	0.7365	0.0000	0.0000
0.6587	0.7376	0.0000	0.0000
0.6597	0.7386	0.0000	0.0000
0.6607	0.7396	0.0000	0.0000
0.6617	0.7406	0.0000	0.0000
0.6627	0.7417	0.0000	0.0000
0.6637	0.7427	0.0000	0.0000
0.6647	0.7437	0.0000	0.0000
0.6657	0.7447	0.0000	0.0000
0.6667	0.7457	0.0000	0.0000
0.6677	0.7467	0.0000	0.0000
0.6687	0.7477	0.0000	0.0000
0.6697	0.7487	0.0000	0.0000
0.6707	0.7497	0.0000	0.0000
0.6717	0.7507	0.0000	0.0000
0.6727	0.7516	0.0000	0.0000
0.6737	0.7526	0.0000	0.0000
0.6747	0.7536	0.0000	0.0000
0.6757	0.7545	0.0000	0.0000
0.6767	0.7555	0.0000	0.0000
0.6777	0.7565	0.0000	0.0000
0.6787	0.7574	0.0000	0.0000
0.6797	0.7584	0.0000	0.0000
0.6807	0.7593	0.0000	0.0000
0.6817	0.7603	0.0000	0.0000
0.6827	0.7612	0.0000	0.0000
0.6837	0.7622	0.0000	0.0000
0.6847	0.7631	0.0000	0.0000
0.6857	0.7640	0.0000	0.0000
0.6867	0.7649	0.0000	0.0000
0.6877	0.7659	0.0000	0.0000
0.6887	0.7668	0.0000	0.0000
0.6897	0.7677	0.0000	0.0000
0.6907	0.7686	0.0000	0.0000
0.6917	0.7695	0.0000	0.0000
0.6927	0.7704	0.0000	0.0000
0.6937	0.7713	0.0000	0.0000
0.6947	0.7722	0.0000	0.0000
0.6957	0.7731	0.0000	0.0000
0.6967	0.7740	0.0000	0.0000
0.6977	0.7749	0.0000	0.0000
0.6987	0.7758	0.0000	0.0000
0.6997	0.7767	0.0000	0.0000
0.7007	0.7776	0.0000	0.0000
0.7017	0.7784	0.0000	0.0000
0.7027	0.7793	0.0000	0.0000
0.7037	0.7802	0.0000	0.0000
0.7047	0.7810	0.0000	0.0000
0.7057	0.7819	0.0000	0.0000
0.7067	0.7828	0.0000	0.0000
0.7077	0.7836	0.0000	0.0000
0.7087	0.7845	0.0000	0.0000
0.7097	0.7853	0.0000	0.0000
0.7107	0.7862	0.0000	0.0000
0.7117	0.7870	0.0000	0.0000
0.7127	0.7878	0.0000	0.0000
0.7137	0.7887	0.0000	0.0000
0.7147	0.7895	0.0000	0.0000
0.7157	0.7903	0.0000	0.0000
0.7167	0.7912	0.0000	0.0000
0.7177	0.7920	0.0000	0.0000
0.7187	0.7928	0.0000	0.0000
0.7197	0.7936	0.0000	0.0000
0.7207	0.7944	0.0000	0.0000
0.7217	0.7953	0.0000	0.0000
0.7227	0.7961	0.0000	0.0000
0.7237	0.7969	0.0000	0.0000
0.7247	0.7977	0.0000	0.0000
0.7257	0.7985	0.0000	0.0000
0.7267	0.7993	0.0000	0.0000
0.7277	0.8001	0.0000	0.0000
0.7287	0.8008	0.0000	0.0000
0.7297	0.8016	0.0000	0.0000
0.7307	0.8024	0.0000	0.0000
0.7317	0.8032	0.0000	0.0000
0.7327	0.8040	0.0000	0.0000
0.7337	0.8048	0.0000	0.0000
0.7347	0.8055	0.0000	0.0000
0.7357	0.8063	0.0000	0.0000
0.7367	0.8071	0.0000	0.0000
0.7377	0.8078	0.0000	0.0000
0.7387	0.8086	0.0000	0.0000
0.7397	0.8093	0.0000	0.0000
0.7407	0.8101	0.0000	0.0000
0.7417	0.8109	0.0000	0.0000
0.7427	0.8116	0.0000	0.0000
0.7437	0.8124	0.0000	0.0000
0.7447	0.8131	0.0000	0.0000
0.7457	0.8138	0.0000	0.0000
0.7467	0.8146	0.0000	0.0000
0.7477	0.8153	0.0000	0.0000
0.7487	0.8160	0.0000	0.0000
0.7497	0.8168	0.0000	0.0000
0.7508	0.8175	0.0000	0.0000
0.7518	0.8182	0.0000	0.0000
0.7528	0.8190	0.0000	0.0000
0.7538	0.8197	0.0000	0.0000
0.7548	0.8204	0.0000	0.0000
0.7558	0.8211	0.0000	0.0000
0.7568	0.8218	0.0000	0.0000
0.7578	0.8225	0.0000	0.0000
0.7588	0.8232	0.0000	0.0000
0.7598	0.8239	0.0000	0.0000
0.7608	0.8247	0.0000	0.0000
0.7618	0.8254	0.0000	0.0000
0.7628	0.8260	0.0000	0.0000
0.7638	0.8267	0.0000	0.0000
0.7648	0.8274	0.0000	0.0000
0.7658	0.8281	0.0000	0.0000
0.7668	0.8288	0.0000	0.0000
0.7678	0.8295	0.0000	0.0000
0.7688	0.8302	0.0000	0.0000
0.7698	0.8309	0.0000	0.0000
0.7708	0.8315	0.0000	0.0000
0.7718	0.8322	0.0000	0.0000
0.7728	0.8329	0.0000	0.0000
0.7738	0.8336	0.0000	0.0000
0.7748	0.8342	0.0000	0.0000
0.7758	0.8349	0.0000	0.0000
0.7768	0.8356	0.0000	0.0000
0.7778	0.8362	0.0000	0.0000
0.7788	0.8369	0.0000	0.0000
0.7798	0.8375	0.0000	0.0000
0.7808	0.8382	0.0000	0.0000
0.7818	0.8388	0.0000	0.0000
0.7828	0.8395	0.0000	0.0000
0.7838	0.8401	0.0000	0.0000
0.7848	0.8408	0.0000	0.0000
0.7858	0.8414	0.0000	0.0000
0.7868	0.8421	0.0000	0.0000
0.7878	0.8427	0.0000	0.0000
0.7888	0.8433	0.0000	0.0000
0.7898	0.8440	0.0000	0.0000
0.7908	0.8446	0.0000	0.0000
0.7918	0.8452	0.0000	0.0000
0.7928	0.8459	0.0000	0.0000
0.7938	0.8465	0.0000	0.0000
0.7948	0.8471	0.0000	0.0000
0.7958	0.8477	0.0000	0.0000
0.7968	0.8484	0.0000	0.0000
0.7978	0.8490	0.0000	0.0000
0.7988	0.8496	0.0000	0.0000
0.7998	0.8502	0.0000	0.0000
0.8008	0.8508	0.0000	0.0000
0.8018	0.8514	0.0000	0.0000
0.8028	0.8520	0.0000	0.0000
0.8038	0.8526	0.0000	0.0000
0.8048	0.8532	0.0000	0.0000
0.8058	0.8538	0.0000	0.0000
0.8068	0.8544	0.0000	0.0000
0.8078	0.8550	0.0000	0.0000
0.8088	0.8556	0.0000	0.0000
0.8098	0.8562	0.0000	0.0000
0.8108	0.8568	0.0000	0.0000
0.8118	0.8574	0.0000	0.0000
0.8128	0.8580	0.0000	0.0000
0.8138	0.8586	0.0000	0.0000
0.8148	0.8591	0.0000	0.0000
0.8158	0.8597	0.0000	0.0000
0.8168	0.8603	0.0000	0.0000
0.8178	0.8609	0.0000	0.0000
0.8188	0.8614	0.0000	0.0000
0.8198	0.8620	0.0000	0.0000
0.8208	0.8626	0.0000	0.0000
0.8218	0.8632	0.0000	0.0000
0.8228	0.8637	0.0000	0.0000
0.8238	0.8643	0.0000	0.0000
0.8248	0.8648	0.0000	0.0000
0.8258	0.8654	0.0000	0.0000
0.8268	0.8660	0.0000	0.0000
0.8278	0.8665	0.0000	0.0000
0.8288	0.8671	0.0000	0.0000
0.8298	0.8676	0.0000	0.0000
0.8308	0.8682	0.0000	0.0000
0.8318	0.8687	0.0000	0.0000
0.8328	0.8693	0.0000	0.0000
0.8338	0.8698	0.0000	0.0000
0.8348	0.8704	0.0000	0.0000
0.8358	0.8709	0.0000	0.0000
0.8368	0.8715	0.0000	0.0000
0.8378	0.8720	0.0000	0.0000
0.8388	0.8725	0.0000	0.0000
0.8398	0.8731	0.0000	0.0000
0.8408	0.8736	0.0000	0.0000
0.8418	0.8741	0.0000	0.0000
0.8428	0.8747	0.0000	0.0000
0.8438	0.8752	0.0000	0.0000
0.8448	0.8757	0.0000	0.0000
0.8458	0.8762	0.0000	0.0000
0.8468	0.8768	0.0000	0.0000
0.8478	0.8773	0.0000	0.0000
0.8488	0.8778	0.0000	0.0000
0.8498	0.8783	0.0000	0.0000
0.8509	0.8789	0.0000	0.0000
0.8519	0.8794	0.0000	0.0000
0.8529	0.8799	0.0000	0.0000
0.8539	0.8804	0.0000	0.0000
0.8549	0.8809	0.0000	0.0000
0.8559	0.8814	0.0000	0.0000
0.8569	0.8819	0.0000	0.0000
0.8579	0.8824	0.0000	0.0000
0.8589	0.8829	0.0000	0.0000
0.8599	0.8834	0.0000	0.0000
0.8609	0.8839	0.0000	0.0000
0.8619	0.8844	0.0000	0.0000
0.8629	0.8849	0.0000	0.0000
0.8639	0.8854	0.0000	0.0000
0.8649	0.8859	0.0000	0.0000
0.8659	0.8864	0.0000	0.0000
0.8669	0.8869	0.0000	0.0000
0.8679	0.8874	0.0000	0.0000
0.8689	0.8879	0.0000	0.0000
0.8699	0.8884	0.0000	0.0000
0.8709	0.8889	0.0000	0.0000
0.8719	0.8893	0.0000	0.0000
0.8729	0.8898	0.0000	0.0000
0.8739	0.8903	0.0000	0.0000
0.8749	0.8908	0.0000	0.0000
0.8759	0.8913	0.0000	0.0000
0.8769	0.8917	0.0000	0.0000
0.8779	0.8922	0.0000	0.0000
0.8789	0.8927	0.0000	0.0000
0.8799	0.8932	0.0000	0.0000
0.8809	0.8936	0.0000	0.0000
0.8819	0.8941	0.0000	0.0000
0.8829	0.8946	0.0000	0.0000
0.8839	0.8950	0.0000	0.0000
0.8849	0.8955	0.0000	0.0000
0.8859	0.8960	0.0000	0.0000
0.8869	0.8964	0.0000	0.0000
0.8879	0.8969	0.0000	0.0000
0.8889	0.8974	0.0000	0.0000
0.8899	0.8978	0.0000	0.0000
0.8909	0.8983	0.0000	0.0000
0.8919	0.8987	0.0000	0.0000
0.8929	0.8992	0.0000	0.0000
0.8939	0.8996	0.0000	0.0000
0.8949	0.9001	0.0000	0.0000
0.8959	0.9005	0.0000	0.0000
0.8969	0.9010	0.0000	0.0000
0.8979	0.9014	0.0000	0.0000
0.8989	0.9019	0.0000	0.0000
0.8999	0.9023	0.0000	0.0000
0.9009	0.9028	0.0000	0.0000
0.9019	0.9032	0.0000	0.0000
0.9029	0.9037	0.0000	0.0000
0.9039	0.9041	0.0000	0.0000
0.9049	0.9045	0.0000	0.0000
0.9059	0.9050	0.0000	0.0000
0.9069	0.9054	0.0000	0.0000
0.9079	0.9058	0.0000	0.0000
0.9089	0.9063	0.0000	0.0000
0.9099	0.9067	0.0000	0.0000
0.9109	0.9071	0.0000	0.0000
0.9119	0.9076	0.0000	0.0000
0.9129	0.9080	0.0000	0.0000
0.9139	0.9084	0.0000	0.0000
0.9149	0.9089	0.0000	0.0000
0.9159	0.9093	0.0000	0.0000
0.9169	0.9097	0.0000	0.0000
0.9179	0.9101	0.0000	0.0000
0.9189	0.9106	0.0000	0.0000
0.9199	0.9110	0.0000	0.0000
0.9209	0.9114	0.0000	0.0000
0.9219	0.9118	0.0000	0.0000
0.9229	0.9122	0.0000	0.0000
0.9239	0.9127	0.0000	0.0000
0.9249	0.9131	0.0000	0.0000
0.9259	0.9135	0.0000	0.0000
0.9269	0.9139	0.0000	0.0000
0.9279	0.9143	0.0000	0.0000
0.9289	0.9147	0.0000	0.0000
0.9299	0.9151	0.0000	0.0000
0.9309	0.9156	0.0000	0.0000
0.9319	0.9160	0.0000	0.0000
0.9329	0.9164	0.0000	0.0000
0.9339	0.9168	0.0000	0.0000
0.9349	0.9172	0.0000	0.0000
0.9359	0.9176	0.0000	0.0000
0.9369	0.9180	0.0000	0.0000
0.9379	0.9184	0.0000	0.0000
0.9389	0.9188	0.0000	0.0000
0.9399	0.9192	0.0000	0.0000
0.9409	0.9196	0.0000	0.0000
0.9419	0.9200	0.0000	0.0000
0.9429	0.9204	0.0000	0.0000
0.9439	0.9208	0.0000	0.0000
0.9449	0.9212	0.0000	0.0000
0.9459	0.9216	0.0000	0.0000
0.9469	0.9220	0.0000	0.0000
0.9479	0.9224	0.0000	0.0000
0.9489	0.9228	0.0000	0.0000
0.9499	0.9232	0.0000	0.0000
0.9510	0.9235	0.0000	0.0000
0.9520	0.9239	0.0000	0.0000
0.9530	0.9243	0.0000	0.0000
0.9540	0.9247	0.0000	0.0000
0.9550	0.9251	0.0000	0.0000
0.9560	0.9255	0.0000	0.0000
0.9570	0.9259	0.0000	0.0000
0.9580	0.9263	0.0000	0.0000
0.9590	0.9266	0.0000	0.0000
0.9600	0.9270	0.0000	0.0000
0.9610	0.9274	0.0000	0.0000
0.9620	0.9278	0.0000	0.0000
0.9630	0.9282	0.0000	0.0000
0.9640	0.9285	0.0000	0.0000
0.9650	0.9289	0.0000	0.0000
0.9660	0.9293	0.0000	0.0000
0.9670	0.9297	0.0000	0.0000
0.9680	0.9301	0.0000	0.0000
0.9690	0.9304	0.0000	0.0000
0.9700	0.9308	0.0000	0.0000
0.9710	0.9312	0.0000	0.0000
0.9720	0.9316	0.0000	0.0000
0.9730	0.9319	0.0000	0.0000
0.9740	0.9323	0.0000	0.0000
0.9750	0.9327	0.0000	0.0000
0.9760	0.9330	0.0000	0.0000
0.9770	0.9334	0.0000	0.0000
0.9780	0.9338	0.0000	0.0000
0.9790	0.9341	0.0000	0.0000
0.9800	0.9345	0.0000	0.0000
0.9810	0.9349	0.0000	0.0000
0.9820	0.9353	0.0000	0.0000
0.9830	0.9356	0.0000	0.0000
0.9840	0.9360	0.0000	0.0000
0.9850	0.9363	0.0000	0.0000
0.9860	0.9367	0.0000	0.0000
0.9870	0.9371	0.0000	0.0000
0.9880	0.9374	0.0000	0.0000
0.9890	0.9378	0.0000	0.0000
0.9900	0.9382	0.0000	0.0000
0.9910	0.9385	0.0000	0.0000
0.9920	0.9389	0.0000	0.0000
0.9930	0.9393	0.0000	0.0000
0.9940	0.9396	0.0000	0.0000
0.9950	0.9400	0.0000	0.0000
0.9960	0.9403	0.0000	0.0000
0.9970	0.9407	0.0000	0.0000
0.9980	0.9411	0.0000	0.0000
0.9990	0.9414	0.0000	0.0000
1.0000	0.9418	0.0000	0.0000
0.2673
0.4845
0.9049
