0.0000	0.0816	0.0000	0.0000
0.0010	0.0824	0.0000	0.0000
0.0020	0.0832	0.0000	0.0000
0.0030	0.0839	0.0000	0.0000
0.0040	0.0847	0.0000	0.0000
0.0050	0.0855	0.0000	0.0000
0.0060	0.0863	0.0000	0.0000
0.0070	0.0870	0.0000	0.0000
0.0080	0.0878	0.0000	0.0000
0.0090	0.0886	0.0000	0.0000
0.0100	0.0894	0.0000	0.0000
0.0110	0.0902	0.0000	0.0000
0.0120	0.0909	0.0000	0.0000
0.0130	0.0917	0.0000	0.0000
0.0140	0.0925	0.0000	0.0000
0.0150	0.0933	0.0000	0.0000
0.0160	0.0940	0.0000	0.0000
0.0170	0.0948	0.0000	0.0000
0.0180	0.0956	0.0000	0.0000
0.0190	0.0964	0.0000	0.0000
0.0200	0.0971	0.0000	0.0000
0.0210	0.0979	0.0000	0.0000
0.0220	0.0987	0.0000	0.0000
0.0230	0.0995	0.0000	0.0000
0.0240	0.1002	0.0000	0.0000
0.0250	0.1010	0.0000	0.0000
0.0260	0.1018	0.0000	0.0000
0.0270	0.1026	0.0000	0.0000
0.0280	0.1033	0.0000	0.0000
0.0290	0.1041	0.0000	0.0000
0.0300	0.1049	0.0000	0.0000
0.0310	0.1057	0.0000	0.0000
0.0320	0.1064	0.0000	0.0000
0.0330	0.1072	0.0000	0.0000
0.0340	0.1080	0.0000	0.0000
0.0350	0.1088	0.0000	0.0000
0.0360	0.1095	0.0000	0.0000
0.0370	0.1103	0.0000	0.0000
0.0380	0.1111	0.0000	0.0000
0.0390	0.1118	0.0000	0.0000
0.0400	0.1126	0.0000	0.0000
0.0410	0.1134	0.0000	0.0000
0.0420	0.1142	0.0000	0.0000
0.0430	0.1149	0.0000	0.0000
0.0440	0.1157	0.0000	0.0000
0.0450	0.1165	0.0000	0.0000
0.0460	0.1172	0.0000	0.0000
0.0470	0.1180	0.0000	0.0000
0.0480	0.1188	0.0000	0.0000
0.0490	0.1196	0.0000	0.0000
0.0501	0.1203	0.0000	0.0000
0.0511	0.1211	0.0000	0.0000
0.0521	0.1219	0.0000	0.0000
0.0531	0.1226	0.0000	0.0000
0.0541	0.1234	0.0000	0.0000
0.0551	0.1242	0.0000	0.0000
0.0561	0.1250	0.0000	0.0000
0.0571	0.1257	0.0000	0.0000
0.0581	0.1265	0.0000	0.0000
0.0591	0.1273	0.0000	0.0000
0.0601	0.1280	0.0000	0.0000
0.0611	0.1288	0.0000	0.0000
0.0621	0.1296	0.0000	0.0000
0.0631	0.1303	0.0000	0.0000
0.0641	0.1311	0.0000	0.0000
0.0651	0.1319	0.0000	0.0000
0.0661	0.1326	0.0000	0.0000
0.0671	0.1334	0.0000	0.0000
0.0681	0.1342	0.0000	0.0000
0.0691	0.1350	0.0000	0.0000
0.0701	0.1357	0.0000	0.0000
0.0711	0.1365	0.0000	0.0000
0.0721	0.1373	0.0000	0.0000
0.0731	0.1380	0.0000	0.0000
0.0741	0.1388	0.0000	0.0000
0.0751	0.1396	0.0000	0.0000
0.0761	0.1403	0.0000	0.0000
0.0771	0.1411	0.0000	0.0000
0.0781	0.1419	0.0000	0.0000
0.0791	0.1426	0.0000	0.0000
0.0801	0.1434	0.0000	0.0000
0.0811	0.1442	0.0000	0.0000
0.0821	0.1449	0.0000	0.0000
0.0831	0.1457	0.0000	0.0000
0.0841	0.1465	0.0000	0.0000
0.0851	0.1473	0.0000	0.0000
0.0861	0.1480	0.0000	0.0000
0.0871	0.1488	0.0000	0.0000
0.0881	0.1496	0.0000	0.0000
0.0891	0.1503	0.0000	0.0000
0.0901	0.1511	0.0000	0.0000
0.0911	0.1519	0.0000	0.0000
0.0921	0.1526	0.0000	0.0000
0.0931	0.1534	0.0000	0.0000
0.0941	0.1542	0.0000	0.0000
0.0951	0.1549	0.0000	0.0000
0.0961	0.1557	0.0000	0.0000
0.0971	0.1565	0.0000	0.0000
0.0981	0.1572	0.0000	0.0000
0.0991	0.1580	0.0000	0.0000
0.1001	0.1588	0.0000	0.0000
0.1011	0.1595	0.0000	0.0000
0.1021	0.1603	0.0000	0.0000
0.1031	0.1611	0.0000	0.0000
0.1041	0.1619	0.0000	0.0000
0.1051	0.1626	0.0000	0.0000
0.1061	0.1634	0.0000	0.0000
0.1071	0.1642	0.0000	0.0000
0.1081	0.1649	0.0000	0.0000
0.1091	0.1657	0.0000	0.0000
0.1101	0.1665	0.0000	0.0000
0.1111	0.1672	0.0000	0.0000
0.1121	0.1680	0.0000	0.0000
0.1131	0.1688	0.0000	0.0000
0.1141	0.1695	0.0000	0.0000
0.1151	0.1703	0.0000	0.0000
0.1161	0.1711	0.0000	0.0000
0.1171	0.1718	0.0000	0.0000
0.1181	0.1726	0.0000	0.0000
0.1191	0.1734	0.0000	0.0000
0.1201	0.1742	0.0000	0.0000
0.1211	0.1749	0.0000	0.0000
0.1221	0.1757	0.0000	0.0000
0.1231	0.1765	0.0000	0.0000
0.1241	0.1772	0.0000	0.0000
0.1251	0.1780	0.0000	0.0000
0.1261	0.1788	0.0000	0.0000
0.1271	0.1795	0.0000	0.0000
0.1281	0.1803	0.0000	0.0000
0.1291	0.1811	0.0000	0.0000
0.1301	0.1819	0.0000	0.0000
0.1311	0.1826	0.0000	0.0000
0.1321	0.1834	0.0000	0.0000
0.1331	0.1842	0.0000	0.0000
0.1341	0.1849	0.0000	0.0000
0.1351	0.1857	0.0000	0.0000
0.1361	0.1865	0.0000	0.0000
0.1371	0.1873	0.0000	0.0000
0.1381	0.1880	0.0000	0.0000
0.1391	0.1888	0.0000	0.0000
0.1401	0.1896	0.0000	0.0000
0.1411	0.1903	0.0000	0.0000
0.1421	0.1911	0.0000	0.0000
0.1431	0.1919	0.0000	0.0000
0.1441	0.1927	0.0000	0.0000
0.1451	0.1934	0.0000	0.0000
0.1461	0.1942	0.0000	0.0000
0.1471	0.1950	0.0000	0.0000
0.1481	0.1958	0.0000	0.0000
0.1491	0.1965	0.0000	0.0000
0.1502	0.1973	0.0000	0.0000
0.1512	0.1981	0.0000	0.0000
0.1522	0.1988	0.0000	0.0000
0.1532	0.1996	0.0000	0.0000
0.1542	0.2004	0.0000	0.0000
0.1552	0.2012	0.0000	0.0000
0.1562	0.2019	0.0000	0.0000
0.1572	0.2027	0.0000	0.0000
0.1582	0.2035	0.0000	0.0000
0.1592	0.2043	0.0000	0.0000
0.1602	0.2050	0.0000	0.0000
0.1612	0.2058	0.0000	0.0000
0.1622	0.2066	0.0000	0.0000
0.1632	0.2074	0.0000	0.0000
0.1642	0.2081	0.0000	0.0000
0.1652	0.2089	0.0000	0.0000
0.1662	0.2097	0.0000	0.0000
0.1672	0.2105	0.0000	0.0000
0.1682	0.2112	0.0000	0.0000
0.1692	0.2120	0.0000	0.0000
0.1702	0.2128	0.0000	0.0000
0.1712	0.2136	0.0000	0.0000
0.1722	0.2144	0.0000	0.0000
0.1732	0.2151	0.0000	0.0000
0.1742	0.2159	0.0000	0.0000
0.1752	0.2167	0.0000	0.0000
0.1762	0.2175	0.0000	0.0000
0.1772	0.2182	0.0000	0.0000
0.1782	0.2190	0.0000	0.0000
0.1792	0.2198	0.0000	0.0000
0.1802	0.2206	0.0000	0.0000
0.1812	0.2214	0.0000	0.0000
0.1822	0.2221	0.0000	0.0000
0.1832	0.2229	0.0000	0.0000
0.1842	0.2237	0.0000	0.0000
0.1852	0.2245	0.0000	0.0000
0.1862	0.2253	0.0000	0.0000
0.1872	0.2260	0.0000	0.0000
0.1882	0.2268	0.0000	0.0000
0.1892	0.2276	0.0000	0.0000
0.1902	0.2284	0.0000	0.0000
0.1912	0.2292	0.0000	0.0000
0.1922	0.2300	0.0000	0.0000
0.1932	0.2307	0.0000	0.0000
0.1942	0.2315	0.0000	0.0000
0.1952	0.2323	0.0000	0.0000
0.1962	0.2331	0.0000	0.0000
0.1972	0.2339	0.0000	0.0000
0.1982	0.2347	0.0000	0.0000
0.1992	0.2354	0.0000	0.0000
0.2002	0.2362	0.0000	0.0000
0.2012	0.2370	0.0000	0.0000
0.2022	0.2378	0.0000	0.0000
0.2032	0.2386	0.0000	0.0000
0.2042	0.2394	0.0000	0.0000
0.2052	0.2402	0.0000	0.0000
0.2062	0.2409	0.0000	0.0000
0.2072	0.2417	0.0000	0.0000
0.2082	0.2425	0.0000	0.0000
0.2092	0.2433	0.0000	0.0000
0.2102	0.2441	0.0000	0.0000
0.2112	0.2449	0.0000	0.0000
0.2122	0.2457	0.0000	0.0000
0.2132	0.2465	0.0000	0.0000
0.2142	0.2473	0.0000	0.0000
0.2152	0.2480	0.0000	0.0000
0.2162	0.2488	0.0000	0.0000
0.2172	0.2496	0.0000	0.0000
0.2182	0.2504	0.0000	0.0000
0.2192	0.2512	0.0000	0.0000
0.2202	0.2520	0.0000	0.0000
0.2212	0.2528	0.0000	0.0000
0.2222	0.2536	0.0000	0.0000
0.2232	0.2544	0.0000	0.0000
0.2242	0.2552	0.0000	0.0000
0.2252	0.2560	0.0000	0.0000
0.2262	0.2568	0.0000	0.0000
0.2272	0.2576	0.0000	0.0000
0.2282	0.2584	0.0000	0.0000
0.2292	0.2592	0.0000	0.0000
0.2302	0.2600	0.0000	0.0000
0.2312	0.2607	0.0000	0.0000
0.2322	0.2615	0.0000	0.0000
0.2332	0.2623	0.0000	0.0000
0.2342	0.2631	0.0000	0.0000
0.2352	0.2639	0.0000	0.0000
0.2362	0.2647	0.0000	0.0000
0.2372	0.2655	0.0000	0.0000
0.2382	0.2663	0.0000	0.0000
0.2392	0.2671	0.0000	0.0000
0.2402	0.2679	0.0000	0.0000
0.2412	0.2687	0.0000	0.0000
0.2422	0.2695	0.0000	0.0000
0.2432	0.2703	0.0000	0.0000
0.2442	0.2711	0.0000	0.0000
0.2452	0.2719	0.0000	0.0000
0.2462	0.2728	0.0000	0.0000
0.2472	0.2736	0.0000	0.0000
0.2482	0.2744	0.0000	0.0000
0.2492	0.2752	0.0000	0.0000
0.2503	0.2760	0.0000	0.0000
0.2513	0.2768	0.0000	0.0000
0.2523	0.2776	0.0000	0.0000
0.2533	0.2784	0.0000	0.0000
0.2543	0.2792	0.0000	0.0000
0.2553	0.2800	0.0000	0.0000
0.2563	0.2808	0.0000	0.0000
0.2573	0.2816	0.0000	0.0000
0.2583	0.2824	0.0000	0.0000
0.2593	0.2832	0.0000	0.0000
0.2603	0.2841	0.0000	0.0000
0.2613	0.2849	0.0000	0.0000
0.2623	0.2857	0.0000	0.0000
0.2633	0.2865	0.0000	0.0000
0.2643	0.2873	0.0000	0.0000
0.2653	0.2881	0.0000	0.0000
0.2663	0.2889	0.0000	0.0000
0.2673	0.2897	0.0000	0.0000
0.2683	0.2906	0.0000	0.0000
0.2693	0.2914	0.0000	0.0000
0.2703	0.2922	0.0000	0.0000
0.2713	0.2930	0.0000	0.0000
0.2723	0.2938	0.0000	0.0000
0.2733	0.2946	0.0000	0.0000
0.2743	0.2955	0.0000	0.0000
0.2753	0.2963	0.0000	0.0000
0.2763	0.2971	0.0000	0.0000
0.2773	0.2979	0.0000	0.0000
0.2783	0.2987	0.0000	0.0000
0.2793	0.2996	0.0000	0.0000
0.2803	0.3004	0.0000	0.0000
0.2813	0.3012	0.0000	0.0000
0.2823	0.3020	0.0000	0.0000
0.2833	0.3029	0.0000	0.0000
0.2843	0.3037	0.0000	0.0000
0.2853	0.3045	0.0000	0.0000
0.2863	0.3053	0.0000	0.0000
0.2873	0.3062	0.0000	0.0000
0.2883	0.3070	0.0000	0.0000
0.2893	0.3078	0.0000	0.0000
0.2903	0.3087	0.0000	0.0000
0.2913	0.3095	0.0000	0.0000
0.2923	0.3103	0.0000	0.0000
0.2933	0.3111	0.0000	0.0000
0.2943	0.3120	0.0000	0.0000
0.2953	0.3128	0.0000	0.0000
0.2963	0.3136	0.0000	0.0000
0.2973	0.3145	0.0000	0.0000
0.2983	0.3153	0.0000	0.0000
0.2993	0.3162	0.0000	0.0000
0.3003	0.3170	0.0000	0.0000
0.3013	0.3178	0.0000	0.0000
0.3023	0.3187	0.0000	0.0000
0.3033	0.3195	0.0000	0.0000
0.3043	0.3203	0.0000	0.0000
0.3053	0.3212	0.0000	0.0000
0.3063	0.3220	0.0000	0.0000
0.3073	0.3229	0.0000	0.0000
0.3083	0.3237	0.0000	0.0000
0.3093	0.3246	0.0000	0.0000
0.3103	0.3254	0.0000	0.0000
0.3113	0.3262	0.0000	0.0000
0.3123	0.3271	0.0000	0.0000
0.3133	0.3279	0.0000	0.0000
0.3143	0.3288	0.0000	0.0000
0.3153	0.3296	0.0000	0.0000
0.3163	0.3305	0.0000	0.0000
0.3173	0.3313	0.0000	0.0000
0.3183	0.3322	0.0000	0.0000
0.3193	0.3330	0.0000	0.0000
0.3203	0.3339	0.0000	0.0000
0.3213	0.3347	0.0000	0.0000
0.3223	0.3356	0.0000	0.0000
0.3233	0.3364	0.0000	0.0000
0.3243	0.3373	0.0000	0.0000
0.3253	0.3382	0.0000	0.0000
0.3263	0.3390	0.0000	0.0000
0.3273	0.3399	0.0000	0.0000
0.3283	0.3407	0.0000	0.0000
0.3293	0.3416	0.0000	0.0000
0.3303	0.3425	0.0000	0.0000
0.3313	0.3433	0.0000	0.0000
0.3323	0.3442	0.0000	0.0000
0.3333	0.3451	0.0000	0.0000
0.3343	0.3459	0.0000	0.0000
0.3353	0.3468	0.0000	0.0000
0.3363	0.3476	0.0000	0.0000
0.3373	0.3485	0.0000	0.0000
0.3383	0.3494	0.0000	0.0000
0.3393	0.3503	0.0000	0.0000
0.3403	0.3511	0.0000	0.0000
0.3413	0.3520	0.0000	0.0000
0.3423	0.3529	0.0000	0.0000
0.3433	0.3537	0.0000	0.0000
0.3443	0.3546	0.0000	0.0000
0.3453	0.3555	0.0000	0.0000
0.3463	0.3564	0.0000	0.0000
0.3473	0.3573	0.0000	0.0000
0.3483	0.3581	0.0000	0.0000
0.3493	0.3590	0.0000	0.0000
0.3504	0.3599	0.0000	0.0000
0.3514	0.3608	0.0000	0.0000
0.3524	0.3617	0.0000	0.0000
0.3534	0.3625	0.0000	0.0000
0.3544	0.3634	0.0000	0.0000
0.3554	0.3643	0.0000	0.0000
0.3564	0.3652	0.0000	0.0000
0.3574	0.3661	0.0000	0.0000
0.3584	0.3670	0.0000	0.0000
0.3594	0.3679	0.0000	0.0000
0.3604	0.3688	0.0000	0.0000
0.3614	0.3697	0.0000	0.0000
0.3624	0.3706	0.0000	0.0000
0.3634	0.3714	0.0000	0.0000
0.3644	0.3723	0.0000	0.0000
0.3654	0.3732	0.0000	0.0000
0.3664	0.3741	0.0000	0.0000
0.3674	0.3750	0.0000	0.0000
0.3684	0.3759	0.0000	0.0000
0.3694	0.3768	0.0000	0.0000
0.3704	0.3778	0.0000	0.0000
0.3714	0.3787	0.0000	0.0000
0.3724	0.3796	0.0000	0.0000
0.3734	0.3805	0.0000	0.0000
0.3744	0.3814	0.0000	0.0000
0.3754	0.3823	0.0000	0.0000
0.3764	0.3832	0.0000	0.0000
0.3774	0.3841	0.0000	0.0000
0.3784	0.3850	0.0000	0.0000
0.3794	0.3859	0.0000	0.0000
0.3804	0.3869	0.0000	0.0000
0.3814	0.3878	0.0000	0.0000
0.3824	0.3887	0.0000	0.0000
0.3834	0.3896	0.0000	0.0000
0.3844	0.3905	0.0000	0.0000
0.3854	0.3915	0.0000	0.0000
0.3864	0.3924	0.0000	0.0000
0.3874	0.3933	0.0000	0.0000
0.3884	0.3942	0.0000	0.0000
0.3894	0.3952	0.0000	0.0000
0.3904	0.3961	0.0000	0.0000
0.3914	0.3970	0.0000	0.0000
0.3924	0.3980	0.0000	0.0000
0.3934	0.3989	0.0000	0.0000
0.3944	0.3998	0.0000	0.0000
0.3954	0.4008	0.0000	0.0000
0.3964	0.4017	0.0000	0.0000
0.3974	0.4026	0.0000	0.0000
0.3984	0.4036	0.0000	0.0000
0.3994	0.4045	0.0000	0.0000
0.4004	0.4055	0.0000	0.0000
0.4014	0.4064	0.0000	0.0000
0.4024	0.4074	0.0000	0.0000
0.4034	0.4083	0.0000	0.0000
0.4044	0.4093	0.0000	0.0000
0.4054	0.4102	0.0000	0.0000
0.4064	0.4112	0.0000	0.0000
0.4074	0.4121	0.0000	0.0000
0.4084	0.4131	0.0000	0.0000
0.4094	0.4140	0.0000	0.0000
0.4104	0.4150	0.0000	0.0000
0.4114	0.4160	0.0000	0.0000
0.4124	0.4169	0.0000	0.0000
0.4134	0.4179	0.0000	0.0000
0.4144	0.4189	0.0000	0.0000
0.4154	0.4198	0.0000	0.0000
0.4164	0.4208	0.0000	0.0000
0.4174	0.4218	0.0000	0.0000
0.4184	0.4227	0.0000	0.0000
0.4194	0.4237	0.0000	0.0000
0.4204	0.4247	0.0000	0.0000
0.4214	0.4257	0.0000	0.0000
0.4224	0.4266	0.0000	0.0000
0.4234	0.4276	0.0000	0.0000
0.4244	0.4286	0.0000	0.0000
0.4254	0.4296	0.0000	0.0000
0.4264	0.4306	0.0000	0.0000
0.4274	0.4316	0.0000	0.0000
0.4284	0.4326	0.0000	0.0000
0.4294	0.4335	0.0000	0.0000
0.4304	0.4345	0.0000	0.0000
0.4314	0.4355	0.0000	0.0000
0.4324	0.4365	0.0000	0.0000
0.4334	0.4375	0.0000	0.0000
0.4344	0.4385	0.0000	0.0000
0.4354	0.4395	0.0000	0.0000
0.4364	0.4405	0.0000	0.0000
0.4374	0.4415	0.0000	0.0000
0.4384	0.4425	0.0000	0.0000
0.4394	0.4436	0.0000	0.0000
0.4404	0.4446	0.0000	0.0000
0.4414	0.4456	0.0000	0.0000
0.4424	0.4466	0.0000	0.0000
0.4434	0.4476	0.0000	0.0000
0.4444	0.4486	0.0000	0.0000
0.4454	0.4497	0.0000	0.0000
0.4464	0.4507	0.0000	0.0000
0.4474	0.4517	0.0000	0.0000
0.4484	0.4527	0.0000	0.0000
0.4494	0.4538	0.0000	0.0000
0.4505	0.4548	0.0000	0.0000
0.4515	0.4558	0.0000	0.0000
0.4525	0.4569	0.0000	0.0000
0.4535	0.4579	0.0000	0.0000
0.4545	0.4589	0.0000	0.0000
0.4555	0.4600	0.0000	0.0000
0.4565	0.4610	0.0000	0.0000
0.4575	0.4621	0.0000	0.0000
0.4585	0.4631	0.0000	0.0000
0.4595	0.4642	0.0000	0.0000
0.4605	0.4652	0.0000	0.0000
0.4615	0.4663	0.0000	0.0000
0.4625	0.4674	0.0000	0.0000
0.4635	0.4684	0.0000	0.0000
0.4645	0.4695	0.0000	0.0000
0.4655	0.4705	0.0000	0.0000
0.4665	0.4716	0.0000	0.0000
0.4675	0.4727	0.0000	0.0000
0.4685	0.4737	0.0000	0.0000
0.4695	0.4748	0.0000	0.0000
0.4705	0.4759	0.0000	0.0000
0.4715	0.4770	0.0000	0.0000
0.4725	0.4781	0.0000	0.0000
0.4735	0.4791	0.0000	0.0000
0.4745	0.4802	0.0000	0.0000
0.4755	0.4813	0.0000	0.0000
0.4765	0.4824	0.0000	0.0000
0.4775	0.4835	0.0000	0.0000
0.4785	0.4846	0.0000	0.0000
0.4795	0.4857	0.0000	0.0000
0.4805	0.4868	0.0000	0.0000
0.4815	0.4879	0.0000	0.0000
0.4825	0.4890	0.0000	0.0000
0.4835	0.4901	0.0000	0.0000
0.4845	0.4912	0.0000	0.0000
0.4855	0.4923	0.0000	0.0000
0.4865	0.4935	0.0000	0.0000
0.4875	0.4946	0.0000	0.0000
0.4885	0.4957	0.0000	0.0000
0.4895	0.4968	0.0000	0.0000
0.4905	0.4979	0.0000	0.0000
0.4915	0.4991	0.0000	0.0000
0.4925	0.5002	0.0000	0.0000
0.4935	0.5013	0.0000	0.0000
0.4945	0.5025	0.0000	0.0000
0.4955	0.5036	0.0000	0.0000
0.4965	0.5048	0.0000	0.0000
0.4975	0.5059	0.0000	0.0000
0.4985	0.5071	0.0000	0.0000
0.4995	0.5082	0.0000	0.0000
0.5005	0.5098	0.0000	0.0000
0.5015	0.5117	0.0000	0.0000
0.5025	0.5136	0.0000	0.0000
0.5035	0.5154	0.0000	0.0000
0.5045	0.5173	0.0000	0.0000
0.5055	0.5192	0.0000	0.0000
0.5065	0.5211	0.0000	0.0000
0.5075	0.5229	0.0000	0.0000
0.5085	0.5248	0.0000	0.0000
0.5095	0.5266	0.0000	0.0000
0.5105	0.5284	0.0000	0.0000
0.5115	0.5302	0.0000	0.0000
0.5125	0.5320	0.0000	0.0000
0.5135	0.5338	0.0000	0.0000
0.5145	0.5356	0.0000	0.0000
0.5155	0.5374	0.0000	0.0000
0.5165	0.5392	0.0000	0.0000
0.5175	0.5409	0.0000	0.0000
0.5185	0.5427	0.0000	0.0000
0.5195	0.5445	0.0000	0.0000
0.5205	0.5462	0.0000	0.0000
0.5215	0.5479	0.0000	0.0000
0.5225	0.5496	0.0000	0.0000
0.5235	0.5514	0.0000	0.0000
0.5245	0.5531	0.0000	0.0000
0.5255	0.5548	0.0000	0.0000
0.5265	0.5565	0.0000	0.0000
0.5275	0.5581	0.0000	0.0000
0.5285	0.5598	0.0000	0.0000
0.5295	0.5615	0.0000	0.0000
0.5305	0.5631	0.0000	0.0000
0.5315	0.5648	0.0000	0.0000
0.5325	0.5664	0.0000	0.0000
0.5335	0.5681	0.0000	0.0000
0.5345	0.5697	0.0000	0.0000
0.5355	0.5713	0.0000	0.0000
0.5365	0.5729	0.0000	0.0000
0.5375	0.5745	0.0000	0.0000
0.5385	0.5761	0.0000	0.0000
0.5395	0.5777	0.0000	0.0000
0.5405	0.5793	0.0000	0.0000
0.5415	0.5809	0.0000	0.0000
0.5425	0.5825	0.0000	0.0000
0.5435	0.5840	0.0000	0.0000
0.5445	0.5856	0.0000	0.0000
0.5455	0.5871	0.0000	0.0000
0.5465	0.5887	0.0000	0.0000
0.5475	0.5902	0.0000	0.0000
0.5485	0.5917	0.0000	0.0000
0.5495	0.5933	0.0000	0.0000
0.5506	0.5948	0.0000	0.0000
0.5516	0.5963	0.0000	0.0000
0.5526	0.5978	0.0000	0.0000
0.5536	0.5993	0.0000	0.0000
0.5546	0.6008	0.0000	0.0000
0.5556	0.6022	0.0000	0.0000
0.5566	0.6037	0.0000	0.0000
0.5576	0.6052	0.0000	0.0000
0.5586	0.6066	0.0000	0.0000
0.5596	0.6081	0.0000	0.0000
0.5606	0.6095	0.0000	0.0000
0.5616	0.6110	0.0000	0.0000
0.5626	0.6124	0.0000	0.0000
0.5636	0.6138	0.0000	0.0000
0.5646	0.6152	0.0000	0.0000
0.5656	0.6167	0.0000	0.0000
0.5666	0.6181	0.0000	0.0000
0.5676	0.6195	0.0000	0.0000
0.5686	0.6209	0.0000	0.0000
0.5696	0.6222	0.0000	0.0000
0.5706	0.6236	0.0000	0.0000
0.5716	0.6250	0.0000	0.0000
0.5726	0.6264	0.0000	0.0000
0.5736	0.6277	0.0000	0.0000
0.5746	0.6291	0.0000	0.0000
0.5756	0.6304	0.0000	0.0000
0.5766	0.6318	0.0000	0.0000
0.5776	0.6331	0.0000	0.0000
0.5786	0.6345	0.0000	0.0000
0.5796	0.6358	0.0000	0.0000
0.5806	0.6371	0.0000	0.0000
0.5816	0.6384	0.0000	0.0000
0.5826	0.6397	0.0000	0.0000
0.5836	0.6411	0.0000	0.0000
0.5846	0.6424	0.0000	0.0000
0.5856	0.6436	0.0000	0.0000
0.5866	0.6449	0.0000	0.0000
0.5876	0.6462	0.0000	0.0000
0.5886	0.6475	0.0000	0.0000
0.5896	0.6488	0.0000	0.0000
0.5906	0.6500	0.0000	0.0000
0.5916	0.6513	0.0000	0.0000
0.5926	0.6525	0.0000	0.0000
0.5936	0.6538	0.0000	0.0000
0.5946	0.6550	0.0000	0.0000
0.5956	0.6563	0.0000	0.0000
0.5966	0.6575	0.0000	0.0000
0.5976	0.6587	0.0000	0.0000
0.5986	0.6600	0.0000	0.0000
0.5996	0.6612	0.0000	0.0000
0.6006	0.6624	0.0000	0.0000
0.6016	0.6636	0.0000	0.0000
0.6026	0.6648	0.0000	0.0000
0.6036	0.6660	0.0000	0.0000
0.6046	0.6672	0.0000	0.0000
0.6056	0.6684	0.0000	0.0000
0.6066	0.6696	0.0000	0.0000
0.6076	0.6707	0.0000	0.0000
0.6086	0.6719	0.0000	0.0000
0.6096	0.6731	0.0000	0.0000
0.6106	0.6742	0.0000	0.0000
0.6116	0.6754	0.0000	0.0000
0.6126	0.6765	0.0000	0.0000
0.6136	0.6777	0.0000	0.0000
0.6146	0.6788	0.0000	0.0000
0.6156	0.6800	0.0000	0.0000
0.6166	0.6811	0.0000	0.0000
0.6176	0.6822	0.0000	0.0000
0.6186	0.6834	0.0000	0.0000
0.6196	0.6845	0.0000	0.0000
0.6206	0.6856	0.0000	0.0000
0.6216	0.6867	0.0000	0.0000
0.6226	0.6878	0.0000	0.0000
0.6236	0.6889	0.0000	0.0000
0.6246	0.6900	0.0000	0.0000
0.6256	0.6911	0.0000	0.0000
0.6266	0.6922	0.0000	0.0000
0.6276	0.6933	0.0000	0.0000
0.6286	0.6943	0.0000	0.0000
0.6296	0.6954	0.0000	0.0000
0.6306	0.6965	0.0000	0.0000
0.6316	0.6975	0.0000	0.0000
0.6326	0.6986	0.0000	0.0000
0.6336	0.6997	0.0000	0.0000
0.6346	0.7007	0.0000	0.0000
0.6356	0.7017	0.0000	0.0000
0.6366	0.7028	0.0000	0.0000
0.6376	0.7038	0.0000	0.0000
0.6386	0.7049	0.0000	0.0000
0.6396	0.7059	0.0000	0.0000
0.6406	0.7069	0.0000	0.0000
0.6416	0.7079	0.0000	0.0000
0.6426	0.7090	0.0000	0.0000
0.6436	0.7100	0.0000	0.0000
0.6446	0.7110	0.0000	0.0000
0.6456	0.7120	0.0000	0.0000
0.6466	0.7130	0.0000	0.0000
0.6476	0.7140	0.0000	0.0000
0.6486	0.7150	0.0000	0.0000
0.6496	0.7160	0.0000	0.0000
0.6507	0.7169	0.0000	0.0000
0.6517	0.7179	0.0000	0.0000
0.6527	0.7189	0.0000	0.0000
0.6537	0.7199	0.0000	0.0000
0.6547	0.7208	0.0000	0.0000
0.6557	0.7218	0.0000	0.0000
0.6567	0.7228	0.0000	0.0000
0.6577	0.7237	0.0000	0.0000
0.6587	0.7247	0.0000	0.0000
0.6597	0.7256	0.0000	0.0000
0.6607	0.7266	0.0000	0.0000
0.6617	0.7275	0.0000	0.0000
0.6627	0.7285	0.0000	0.0000
0.6637	0.7294	0.0000	0.0000
0.6647	0.7303	0.0000	0.0000
0.6657	0.7312	0.0000	0.0000
0.6667	0.7322	0.0000	0.0000
0.6677	0.7331	0.0000	0.0000
0.6687	0.7340	0.0000	0.0000
0.6697	0.7349	0.0000	0.0000
0.6707	0.7358	0.0000	0.0000
0.6717	0.7367	0.0000	0.0000
0.6727	0.7376	0.0000	0.0000
0.6737	0.7385	0.0000	0.0000
0.6747	0.7394	0.0000	0.0000
0.6757	0.7403	0.0000	0.0000
0.6767	0.7412	0.0000	0.0000
0.6777	0.7421	0.0000	0.0000
0.6787	0.7430	0.0000	0.0000
0.6797	0.7439	0.0000	0.0000
0.6807	0.7447	0.0000	0.0000
0.6817	0.7456	0.0000	0.0000
0.6827	0.7465	0.0000	0.0000
0.6837	0.7473	0.0000	0.0000
0.6847	0.7482	0.0000	0.0000
0.6857	0.7490	0.0000	0.0000
0.6867	0.7499	0.0000	0.0000
0.6877	0.7508	0.0000	0.0000
0.6887	0.7516	0.0000	0.0000
0.6897	0.7524	0.0000	0.0000
0.6907	0.7533	0.0000	0.0000
0.6917	0.7541	0.0000	0.0000
0.6927	0.7550	0.0000	0.0000
0.6937	0.7558	0.0000	0.0000
0.6947	0.7566	0.0000	0.0000
0.6957	0.7574	0.0000	0.0000
0.6967	0.7583	0.0000	0.0000
0.6977	0.7591	0.0000	0.0000
0.6987	0.7599	0.0000	0.0000
0.6997	0.7607	0.0000	0.0000
0.7007	0.7615	0.0000	0.0000
0.7017	0.7623	0.0000	0.0000
0.7027	0.7631	0.0000	0.0000
0.7037	0.7639	0.0000	0.0000
0.7047	0.7647	0.0000	0.0000
0.7057	0.7655	0.0000	0.0000
0.7067	0.7663	0.0000	0.0000
0.7077	0.7671	0.0000	0.0000
0.7087	0.7679	0.0000	0.0000
0.7097	0.7687	0.0000	0.0000
0.7107	0.7695	0.0000	0.0000
0.7117	0.7702	0.0000	0.0000
0.7127	0.7710	0.0000	0.0000
0.7137	0.7718	0.0000	0.0000
0.7147	0.7725	0.0000	0.0000
0.7157	0.7733	0.0000	0.0000
0.7167	0.7741	0.0000	0.0000
0.7177	0.7748	0.0000	0.0000
0.7187	0.7756	0.0000	0.0000
0.7197	0.7763	0.0000	0.0000
0.7207	0.7771	0.0000	0.0000
0.7217	0.7778	0.0000	0.0000
0.7227	0.7786	0.0000	0.0000
0.7237	0.7793	0.0000	0.0000
0.7247	0.7801	0.0000	0.0000
0.7257	0.7808	0.0000	0.0000
0.7267	0.7815	0.0000	0.0000
0.7277	0.7823	0.0000	0.0000
0.7287	0.7830	0.0000	0.0000
0.7297	0.7837	0.0000	0.0000
0.7307	0.7845	0.0000	0.0000
0.7317	0.7852	0.0000	0.0000
0.7327	0.7859	0.0000	0.0000
0.7337	0.7866	0.0000	0.0000
0.7347	0.7873	0.0000	0.0000
0.7357	0.7880	0.0000	0.0000
0.7367	0.7888	0.0000	0.0000
0.7377	0.7895	0.0000	0.0000
0.7387	0.7902	0.0000	0.0000
0.7397	0.7909	0.0000	0.0000
0.7407	0.7916	0.0000	0.0000
0.7417	0.7923	0.0000	0.0000
0.7427	0.7930	0.0000	0.0000
0.7437	0.7936	0.0000	0.0000
0.7447	0.7943	0.0000	0.0000
0.7457	0.7950	0.0000	0.0000
0.7467	0.7957	0.0000	0.0000
0.7477	0.7964	0.0000	0.0000
0.7487	0.7971	0.0000	0.0000
0.7497	0.7977	0.0000	0.0000
0.7508	0.7984	0.0000	0.0000
0.7518	0.7991	0.0000	0.0000
0.7528	0.7998	0.0000	0.0000
0.7538	0.8004	0.0000	0.0000
0.7548	0.8011	0.0000	0.0000
0.7558	0.8018	0.0000	0.0000
0.7568	0.8024	0.0000	0.0000
0.7578	0.8031	0.0000	0.0000
0.7588	0.8037	0.0000	0.0000
0.7598	0.8044	0.0000	0.0000
0.7608	0.8050	0.0000	0.0000
0.7618	0.8057	0.0000	0.0000
0.7628	0.8063	0.0000	0.0000
0.7638	0.8070	0.0000	0.0000
0.7648	0.8076	0.0000	0.0000
0.7658	0.8083	0.0000	0.0000
0.7668	0.8089	0.0000	0.0000
0.7678	0.8095	0.0000	0.0000
0.7688	0.8102	0.0000	0.0000
0.7698	0.8108	0.0000	0.0000
0.7708	0.8114	0.0000	0.0000
0.7718	0.8121	0.0000	0.0000
0.7728	0.8127	0.0000	0.0000
0.7738	0.8133	0.0000	0.0000
0.7748	0.8139	0.0000	0.0000
0.7758	0.8146	0.0000	0.0000
0.7768	0.8152	0.0000	0.0000
0.7778	0.8158	0.0000	0.0000
0.7788	0.8164	0.0000	0.0000
0.7798	0.8170	0.0000	0.0000
0.7808	0.8176	0.0000	0.0000
0.7818	0.8182	0.0000	0.0000
0.7828	0.8188	0.0000	0.0000
0.7838	0.8194	0.0000	0.0000
0.7848	0.8200	0.0000	0.0000
0.7858	0.8206	0.0000	0.0000
0.7868	0.8212	0.0000	0.0000
0.7878	0.8218	0.0000	0.0000
0.7888	0.8224	0.0000	0.0000
0.7898	0.8230	0.0000	0.0000
0.7908	0.8236	0.0000	0.0000
0.7918	0.8242	0.0000	0.0000
0.7928	0.8248	0.0000	0.0000
0.7938	0.8254	0.0000	0.0000
0.7948	0.8259	0.0000	0.0000
0.7958	0.8265	0.0000	0.0000
0.7968	0.8271	0.0000	0.0000
0.7978	0.8277	0.0000	0.0000
0.7988	0.8283	0.0000	0.0000
0.7998	0.8288	0.0000	0.0000
0.8008	0.8294	0.0000	0.0000
0.8018	0.8300	0.0000	0.0000
0.8028	0.8305	0.0000	0.0000
0.8038	0.8311	0.0000	0.0000
0.8048	0.8317	0.0000	0.0000
0.8058	0.8322	0.0000	0.0000
0.8068	0.8328	0.0000	0.0000
0.8078	0.8334	0.0000	0.0000
0.8088	0.8339	0.0000	0.0000
0.8098	0.8345	0.0000	0.0000
0.8108	0.8350	0.0000	0.0000
0.8118	0.8356	0.0000	0.0000
0.8128	0.8361	0.0000	0.0000
0.8138	0.8367	0.0000	0.0000
0.8148	0.8372	0.0000	0.0000
0.8158	0.8378	0.0000	0.0000
0.8168	0.8383	0.0000	0.0000
0.8178	0.8388	0.0000	0.0000
0.8188	0.8394	0.0000	0.0000
0.8198	0.8399	0.0000	0.0000
0.8208	0.8405	0.0000	0.0000
0.8218	0.8410	0.0000	0.0000
0.8228	0.8415	0.0000	0.0000
0.8238	0.8421	0.0000	0.0000
0.8248	0.8426	0.0000	0.0000
0.8258	0.8431	0.0000	0.0000
0.8268	0.8436	0.0000	0.0000
0.8278	0.8442	0.0000	0.0000
0.8288	0.8447	0.0000	0.0000
0.8298	0.8452	0.0000	0.0000
0.8308	0.8457	0.0000	0.0000
0.8318	0.8463	0.0000	0.0000
0.8328	0.8468	0.0000	0.0000
0.8338	0.8473	0.0000	0.0000
0.8348	0.8478	0.0000	0.0000
0.8358	0.8483	0.0000	0.0000
0.8368	0.8488	0.0000	0.0000
0.8378	0.8493	0.0000	0.0000
0.8388	0.8499	0.0000	0.0000
0.8398	0.8504	0.0000	0.0000
0.8408	0.8509	0.0000	0.0000
0.8418	0.8514	0.0000	0.0000
0.8428	0.8519	0.0000	0.0000
0.8438	0.8524	0.0000	0.0000
0.8448	0.8529	0.0000	0.0000
0.8458	0.8534	0.0000	0.0000
0.8468	0.8539	0.0000	0.0000
0.8478	0.8544	0.0000	0.0000
0.8488	0.8549	0.0000	0.0000
0.8498	0.8554	0.0000	0.0000
0.8509	0.8559	0.0000	0.0000
0.8519	0.8563	0.0000	0.0000
0.8529	0.8568	0.0000	0.0000
0.8539	0.8573	0.0000	0.0000
0.8549	0.8578	0.0000	0.0000
0.8559	0.8583	0.0000	0.0000
0.8569	0.8588	0.0000	0.0000
0.8579	0.8593	0.0000	0.0000
0.8589	0.8597	0.0000	0.0000
0.8599	0.8602	0.0000	0.0000
0.8609	0.8607	0.0000	0.0000
0.8619	0.8612	0.0000	0.0000
0.8629	0.8617	0.0000	0.0000
0.8639	0.8621	0.0000	0.0000
0.8649	0.8626	0.0000	0.0000
0.8659	0.8631	0.0000	0.0000
0.8669	0.8635	0.0000	0.0000
0.8679	0.8640	0.0000	0.0000
0.8689	0.8645	0.0000	0.0000
0.8699	0.8650	0.0000	0.0000
0.8709	0.8654	0.0000	0.0000
0.8719	0.8659	0.0000	0.0000
0.8729	0.8663	0.0000	0.0000
0.8739	0.8668	0.0000	0.0000
0.8749	0.8673	0.0000	0.0000
0.8759	0.8677	0.0000	0.0000
0.8769	0.8682	0.0000	0.0000
0.8779	0.8686	0.0000	0.0000
0.8789	0.8691	0.0000	0.0000
0.8799	0.8696	0.0000	0.0000
0.8809	0.8700	0.0000	0.0000
0.8819	0.8705	0.0000	0.0000
0.8829	0.8709	0.0000	0.0000
0.8839	0.8714	0.0000	0.0000
0.8849	0.8718	0.0000	0.0000
0.8859	0.8723	0.0000	0.0000
0.8869	0.8727	0.0000	0.0000
0.8879	0.8732	0.0000	0.0000
0.8889	0.8736	0.0000	0.0000
0.8899	0.8741	0.0000	0.0000
0.8909	0.8745	0.0000	0.0000
0.8919	0.8749	0.0000	0.0000
0.8929	0.8754	0.0000	0.0000
0.8939	0.8758	0.0000	0.0000
0.8949	0.8763	0.0000	0.0000
0.8959	0.8767	0.0000	0.0000
0.8969	0.8771	0.0000	0.0000
0.8979	0.8776	0.0000	0.0000
0.8989	0.8780	0.0000	0.0000
0.8999	0.8785	0.0000	0.0000
0.9009	0.8789	0.0000	0.0000
0.9019	0.8793	0.0000	0.0000
0.9029	0.8798	0.0000	0.0000
0.9039	0.8802	0.0000	0.0000
0.9049	0.8806	0.0000	0.0000
0.9059	0.8810	0.0000	0.0000
0.9069	0.8815	0.0000	0.0000
0.9079	0.8819	0.0000	0.0000
0.9089	0.8823	0.0000	0.0000
0.9099	0.8828	0.0000	0.0000
0.9109	0.8832	0.0000	0.0000
0.9119	0.8836	0.0000	0.0000
0.9129	0.8840	0.0000	0.0000
0.9139	0.8844	0.0000	0.0000
0.9149	0.8849	0.0000	0.0000
0.9159	0.8853	0.0000	0.0000
0.9169	0.8857	0.0000	0.0000
0.9179	0.8861	0.0000	0.0000
0.9189	0.8865	0.0000	0.0000
0.9199	0.8870	0.0000	0.0000
0.9209	0.8874	0.0000	0.0000
0.9219	0.8878	0.0000	0.0000
0.9229	0.8882	0.0000	0.0000
0.9239	0.8886	0.0000	0.0000
0.9249	0.8890	0.0000	0.0000
0.9259	0.8894	0.0000	0.0000
0.9269	0.8899	0.0000	0.0000
0.9279	0.8903	0.0000	0.0000
0.9289	0.8907	0.0000	0.0000
0.9299	0.8911	0.0000	0.0000
0.9309	0.8915	0.0000	0.0000
0.9319	0.8919	0.0000	0.0000
0.9329	0.8923	0.0000	0.0000
0.9339	0.8927	0.0000	0.0000
0.9349	0.8931	0.0000	0.0000
0.9359	0.8935	0.0000	0.0000
0.9369	0.8939	0.0000	0.0000
0.9379	0.8943	0.0000	0.0000
0.9389	0.8947	0.0000	0.0000
0.9399	0.8951	0.0000	0.0000
0.9409	0.8955	0.0000	0.0000
0.9419	0.8959	0.0000	0.0000
0.9429	0.8963	0.0000	0.0000
0.9439	0.8967	0.0000	0.0000
0.9449	0.8971	0.0000	0.0000
0.9459	0.8975	0.0000	0.0000
0.9469	0.8979	0.0000	0.0000
0.9479	0.8983	0.0000	0.0000
0.9489	0.8987	0.0000	0.0000
0.9499	0.8991	0.0000	0.0000
0.9510	0.8995	0.0000	0.0000
0.9520	0.8999	0.0000	0.0000
0.9530	0.9003	0.0000	0.0000
0.9540	0.9007	0.0000	0.0000
0.9550	0.9011	0.0000	0.0000
0.9560	0.9015	0.0000	0.0000
0.9570	0.9019	0.0000	0.0000
0.9580	0.9023	0.0000	0.0000
0.9590	0.9027	0.0000	0.0000
0.9600	0.9030	0.0000	0.0000
0.9610	0.9034	0.0000	0.0000
0.9620	0.9038	0.0000	0.0000
0.9630	0.9042	0.0000	0.0000
0.9640	0.9046	0.0000	0.0000
0.9650	0.9050	0.0000	0.0000
0.9660	0.9054	0.0000	0.0000
0.9670	0.9058	0.0000	0.0000
0.9680	0.9062	0.0000	0.0000
0.9690	0.9065	0.0000	0.0000
0.9700	0.9069	0.0000	0.0000
0.9710	0.9073	0.0000	0.0000
0.9720	0.9077	0.0000	0.0000
0.9730	0.9081	0.0000	0.0000
0.9740	0.9085	0.0000	0.0000
0.9750	0.9089	0.0000	0.0000
0.9760	0.9092	0.0000	0.0000
0.9770	0.9096	0.0000	0.0000
0.9780	0.9100	0.0000	0.0000
0.9790	0.9104	0.0000	0.0000
0.9800	0.9108	0.0000	0.0000
0.9810	0.9112	0.0000	0.0000
0.9820	0.9115	0.0000	0.0000
0.9830	0.9119	0.0000	0.0000
0.9840	0.9123	0.0000	0.0000
0.9850	0.9127	0.0000	0.0000
0.9860	0.9131	0.0000	0.0000
0.9870	0.9134	0.0000	0.0000
0.9880	0.9138	0.0000	0.0000
0.9890	0.9142	0.0000	0.0000
0.9900	0.9146	0.0000	0.0000
0.9910	0.9150	0.0000	0.0000
0.9920	0.9154	0.0000	0.0000
0.9930	0.9157	0.0000	0.0000
0.9940	0.9161	0.0000	0.0000
0.9950	0.9165	0.0000	0.0000
0.9960	0.9169	0.0000	0.0000
0.9970	0.9173	0.0000	0.0000
0.9980	0.9176	0.0000	0.0000
0.9990	0.9180	0.0000	0.0000
1.0000	0.9184	0.0000	0.0000
0.8609
