0.0000	0.0971	0.0000	0.0000
0.0010	0.0979	0.0000	0.0000
0.0020	0.0987	0.0000	0.0000
0.0030	0.0995	0.0000	0.0000
0.0040	0.1003	0.0000	0.0000
0.0050	0.1011	0.0000	0.0000
0.0060	0.1019	0.0000	0.0000
0.0070	0.1027	0.0000	0.0000
0.0080	0.1034	0.0000	0.0000
0.0090	0.1042	0.0000	0.0000
0.0100	0.1050	0.0000	0.0000
0.0110	0.1058	0.0000	0.0000
0.0120	0.1066	0.0000	0.0000
0.0130	0.1074	0.0000	0.0000
0.0140	0.1082	0.0000	0.0000
0.0150	0.1090	0.0000	0.0000
0.0160	0.1098	0.0000	0.0000
0.0170	0.1106	0.0000	0.0000
0.0180	0.1114	0.0000	0.0000
0.0190	0.1122	0.0000	0.0000
0.0200	0.1130	0.0000	0.0000
0.0210	0.1137	0.0000	0.0000
0.0220	0.1145	0.0000	0.0000
0.0230	0.1153	0.0000	0.0000
0.0240	0.1161	0.0000	0.0000
0.0250	0.1169	0.0000	0.0000
0.0260	0.1177	0.0000	0.0000
0.0270	0.1185	0.0000	0.0000
0.0280	0.1193	0.0000	0.0000
0.0290	0.1201	0.0000	0.0000
0.0300	0.1208	0.0000	0.0000
0.0310	0.1216	0.0000	0.0000
0.0320	0.1224	0.0000	0.0000
0.0330	0.1232	0.0000	0.0000
0.0340	0.1240	0.0000	0.0000
0.0350	0.1248	0.0000	0.0000
0.0360	0.1256	0.0000	0.0000
0.0370	0.1263	0.0000	0.0000
0.0380	0.1271	0.0000	0.0000
0.0390	0.1279	0.0000	0.0000
0.0400	0.1287	0.0000	0.0000
0.0410	0.1295	0.0000	0.0000
0.0420	0.1303	0.0000	0.0000
0.0430	0.1311	0.0000	0.0000
0.0440	0.1318	0.0000	0.0000
0.0450	0.1326	0.0000	0.0000
0.0460	0.1334	0.0000	0.0000
0.0470	0.1342	0.0000	0.0000
0.0480	0.1350	0.0000	0.0000
0.0490	0.1358	0.0000	0.0000
0.0501	0.1365	0.0000	0.0000
0.0511	0.1373	0.0000	0.0000
0.0521	0.1381	0.0000	0.0000
0.0531	0.1389	0.0000	0.0000
0.0541	0.1397	0.0000	0.0000
0.0551	0.1405	0.0000	0.0000
0.0561	0.1412	0.0000	0.0000
0.0571	0.1420	0.0000	0.0000
0.0581	0.1428	0.0000	0.0000
0.0591	0.1436	0.0000	0.0000
0.0601	0.1444	0.0000	0.0000
0.0611	0.1451	0.0000	0.0000
0.0621	0.1459	0.0000	0.0000
0.0631	0.1467	0.0000	0.0000
0.0641	0.1475	0.0000	0.0000
0.0651	0.1483	0.0000	0.0000
0.0661	0.1490	0.0000	0.0000
0.0671	0.1498	0.0000	0.0000
0.0681	0.1506	0.0000	0.0000
0.0691	0.1514	0.0000	0.0000
0.0701	0.1522	0.0000	0.0000
0.0711	0.1529	0.0000	0.0000
0.0721	0.1537	0.0000	0.0000
0.0731	0.1545	0.0000	0.0000
0.0741	0.1553	0.0000	0.0000
0.0751	0.1561	0.0000	0.0000
0.0761	0.1568	0.0000	0.0000
0.0771	0.1576	0.0000	0.0000
0.0781	0.1584	0.0000	0.0000
0.0791	0.1592	0.0000	0.0000
0.0801	0.1599	0.0000	0.0000
0.0811	0.1607	0.0000	0.0000
0.0821	0.1615	0.0000	0.0000
0.0831	0.1623	0.0000	0.0000
0.0841	0.1631	0.0000	0.0000
0.0851	0.1638	0.0000	0.0000
0.0861	0.1646	0.0000	0.0000
0.0871	0.1654	0.0000	0.0000
0.0881	0.1662	0.0000	0.0000
0.0891	0.1669	0.0000	0.0000
0.0901	0.1677	0.0000	0.0000
0.0911	0.1685	0.0000	0.0000
0.0921	0.1693	0.0000	0.0000
0.0931	0.1700	0.0000	0.0000
0.0941	0.1708	0.0000	0.0000
0.0951	0.1716	0.0000	0.0000
0.0961	0.1724	0.0000	0.0000
0.0971	0.1731	0.0000	0.0000
0.0981	0.1739	0.0000	0.0000
0.0991	0.1747	0.0000	0.0000
0.1001	0.1755	0.0000	0.0000
0.1011	0.1762	0.0000	0.0000
0.1021	0.1770	0.0000	0.0000
0.1031	0.1778	0.0000	0.0000
0.1041	0.1786	0.0000	0.0000
0.1051	0.1793	0.0000	0.0000
0.1061	0.1801	0.0000	0.0000
0.1071	0.1809	0.0000	0.0000
0.1081	0.1817	0.0000	0.0000
0.1091	0.1824	0.0000	0.0000
0.1101	0.1832	0.0000	0.0000
0.1111	0.1840	0.0000	0.0000
0.1121	0.1848	0.0000	0.0000
0.1131	0.1855	0.0000	0.0000
0.1141	0.1863	0.0000	0.0000
0.1151	0.1871	0.0000	0.0000
0.1161	0.1879	0.0000	0.0000
0.1171	0.1886	0.0000	0.0000
0.1181	0.1894	0.0000	0.0000
0.1191	0.1902	0.0000	0.0000
0.1201	0.1910	0.0000	0.0000
0.1211	0.1917	0.0000	0.0000
0.1221	0.1925	0.0000	0.0000
0.1231	0.1933	0.0000	0.0000
0.1241	0.1940	0.0000	0.0000
0.1251	0.1948	0.0000	0.0000
0.1261	0.1956	0.0000	0.0000
0.1271	0.1964	0.0000	0.0000
0.1281	0.1971	0.0000	0.0000
0.1291	0.1979	0.0000	0.0000
0.1301	0.1987	0.0000	0.0000
0.1311	0.1995	0.0000	0.0000
0.1321	0.2002	0.0000	0.0000
0.1331	0.2010	0.0000	0.0000
0.1341	0.2018	0.0000	0.0000
0.1351	0.2026	0.0000	0.0000
0.1361	0.2033	0.0000	0.0000
0.1371	0.2041	0.0000	0.0000
0.1381	0.2049	0.0000	0.0000
0.1391	0.2056	0.0000	0.0000
0.1401	0.2064	0.0000	0.0000
0.1411	0.2072	0.0000	0.0000
0.1421	0.2080	0.0000	0.0000
0.1431	0.2087	0.0000	0.0000
0.1441	0.2095	0.0000	0.0000
0.1451	0.2103	0.0000	0.0000
0.1461	0.2111	0.0000	0.0000
0.1471	0.2118	0.0000	0.0000
0.1481	0.2126	0.0000	0.0000
0.1491	0.2134	0.0000	0.0000
0.1502	0.2142	0.0000	0.0000
0.1512	0.2149	0.0000	0.0000
0.1522	0.2157	0.0000	0.0000
0.1532	0.2165	0.0000	0.0000
0.1542	0.2172	0.0000	0.0000
0.1552	0.2180	0.0000	0.0000
0.1562	0.2188	0.0000	0.0000
0.1572	0.2196	0.0000	0.0000
0.1582	0.2203	0.0000	0.0000
0.1592	0.2211	0.0000	0.0000
0.1602	0.2219	0.0000	0.0000
0.1612	0.2227	0.0000	0.0000
0.1622	0.2234	0.0000	0.0000
0.1632	0.2242	0.0000	0.0000
0.1642	0.2250	0.0000	0.0000
0.1652	0.2258	0.0000	0.0000
0.1662	0.2265	0.0000	0.0000
0.1672	0.2273	0.0000	0.0000
0.1682	0.2281	0.0000	0.0000
0.1692	0.2289	0.0000	0.0000
0.1702	0.2296	0.0000	0.0000
0.1712	0.2304	0.0000	0.0000
0.1722	0.2312	0.0000	0.0000
0.1732	0.2319	0.0000	0.0000
0.1742	0.2327	0.0000	0.0000
0.1752	0.2335	0.0000	0.0000
0.1762	0.2343	0.0000	0.0000
0.1772	0.2350	0.0000	0.0000
0.1782	0.2358	0.0000	0.0000
0.1792	0.2366	0.0000	0.0000
0.1802	0.2374	0.0000	0.0000
0.1812	0.2381	0.0000	0.0000
0.1822	0.2389	0.0000	0.0000
0.1832	0.2397	0.0000	0.0000
0.1842	0.2405	0.0000	0.0000
0.1852	0.2413	0.0000	0.0000
0.1862	0.2420	0.0000	0.0000
0.1872	0.2428	0.0000	0.0000
0.1882	0.2436	0.0000	0.0000
0.1892	0.2444	0.0000	0.0000
0.1902	0.2451	0.0000	0.0000
0.1912	0.2459	0.0000	0.0000
0.1922	0.2467	0.0000	0.0000
0.1932	0.2475	0.0000	0.0000
0.1942	0.2482	0.0000	0.0000
0.1952	0.2490	0.0000	0.0000
0.1962	0.2498	0.0000	0.0000
0.1972	0.2506	0.0000	0.0000
0.1982	0.2513	0.0000	0.0000
0.1992	0.2521	0.0000	0.0000
0.2002	0.2529	0.0000	0.0000
0.2012	0.2537	0.0000	0.0000
0.2022	0.2545	0.0000	0.0000
0.2032	0.2552	0.0000	0.0000
0.2042	0.2560	0.0000	0.0000
0.2052	0.2568	0.0000	0.0000
0.2062	0.2576	0.0000	0.0000
0.2072	0.2583	0.0000	0.0000
0.2082	0.2591	0.0000	0.0000
0.2092	0.2599	0.0000	0.0000
0.2102	0.2607	0.0000	0.0000
0.2112	0.2615	0.0000	0.0000
0.2122	0.2622	0.0000	0.0000
0.2132	0.2630	0.0000	0.0000
0.2142	0.2638	0.0000	0.0000
0.2152	0.2646	0.0000	0.0000
0.2162	0.2654	0.0000	0.0000
0.2172	0.2661	0.0000	0.0000
0.2182	0.2669	0.0000	0.0000
0.2192	0.2677	0.0000	0.0000
0.2202	0.2685	0.0000	0.0000
0.2212	0.2693	0.0000	0.0000
0.2222	0.2701	0.0000	0.0000
0.2232	0.2708	0.0000	0.0000
0.2242	0.2716	0.0000	0.0000
0.2252	0.2724	0.0000	0.0000
0.2262	0.2732	0.0000	0.0000
0.2272	0.2740	0.0000	0.0000
0.2282	0.2748	0.0000	0.0000
0.2292	0.2755	0.0000	0.0000
0.2302	0.2763	0.0000	0.0000
0.2312	0.2771	0.0000	0.0000
0.2322	0.2779	0.0000	0.0000
0.2332	0.2787	0.0000	0.0000
0.2342	0.2795	0.0000	0.0000
0.2352	0.2802	0.0000	0.0000
0.2362	0.2810	0.0000	0.0000
0.2372	0.2818	0.0000	0.0000
0.2382	0.2826	0.0000	0.0000
0.2392	0.2834	0.0000	0.0000
0.2402	0.2842	0.0000	0.0000
0.2412	0.2850	0.0000	0.0000
0.2422	0.2857	0.0000	0.0000
0.2432	0.2865	0.0000	0.0000
0.2442	0.2873	0.0000	0.0000
0.2452	0.2881	0.0000	0.0000
0.2462	0.2889	0.0000	0.0000
0.2472	0.2897	0.0000	0.0000
0.2482	0.2905	0.0000	0.0000
0.2492	0.2913	0.0000	0.0000
0.2503	0.2921	0.0000	0.0000
0.2513	0.2928	0.0000	0.0000
0.2523	0.2936	0.0000	0.0000
0.2533	0.2944	0.0000	0.0000
0.2543	0.2952	0.0000	0.0000
0.2553	0.2960	0.0000	0.0000
0.2563	0.2968	0.0000	0.0000
0.2573	0.2976	0.0000	0.0000
0.2583	0.2984	0.0000	0.0000
0.2593	0.2992	0.0000	0.0000
0.2603	0.3000	0.0000	0.0000
0.2613	0.3008	0.0000	0.0000
0.2623	0.3015	0.0000	0.0000
0.2633	0.3023	0.0000	0.0000
0.2643	0.3031	0.0000	0.0000
0.2653	0.3039	0.0000	0.0000
0.2663	0.3047	0.0000	0.0000
0.2673	0.3055	0.0000	0.0000
0.2683	0.3063	0.0000	0.0000
0.2693	0.3071	0.0000	0.0000
0.2703	0.3079	0.0000	0.0000
0.2713	0.3087	0.0000	0.0000
0.2723	0.3095	0.0000	0.0000
0.2733	0.3103	0.0000	0.0000
0.2743	0.3111	0.0000	0.0000
0.2753	0.3119	0.0000	0.0000
0.2763	0.3127	0.0000	0.0000
0.2773	0.3135	0.0000	0.0000
0.2783	0.3143	0.0000	0.0000
0.2793	0.3151	0.0000	0.0000
0.2803	0.3159	0.0000	0.0000
0.2813	0.3167	0.0000	0.0000
0.2823	0.3175	0.0000	0.0000
0.2833	0.3183	0.0000	0.0000
0.2843	0.3191	0.0000	0.0000
0.2853	0.3199	0.0000	0.0000
0.2863	0.3207	0.0000	0.0000
0.2873	0.3215	0.0000	0.0000
0.2883	0.3223	0.0000	0.0000
0.2893	0.3231	0.0000	0.0000
0.2903	0.3239	0.0000	0.0000
0.2913	0.3247	0.0000	0.0000
0.2923	0.3255	0.0000	0.0000
0.2933	0.3264	0.0000	0.0000
0.2943	0.3272	0.0000	0.0000
0.2953	0.3280	0.0000	0.0000
0.2963	0.3288	0.0000	0.0000
0.2973	0.3296	0.0000	0.0000
0.2983	0.3304	0.0000	0.0000
0.2993	0.3312	0.0000	0.0000
0.3003	0.3320	0.0000	0.0000
0.3013	0.3328	0.0000	0.0000
0.3023	0.3336	0.0000	0.0000
0.3033	0.3345	0.0000	0.0000
0.3043	0.3353	0.0000	0.0000
0.3053	0.3361	0.0000	0.0000
0.3063	0.3369	0.0000	0.0000
0.3073	0.3377	0.0000	0.0000
0.3083	0.3385	0.0000	0.0000
0.3093	0.3393	0.0000	0.0000
0.3103	0.3402	0.0000	0.0000
0.3113	0.3410	0.0000	0.0000
0.3123	0.3418	0.0000	0.0000
0.3133	0.3426	0.0000	0.0000
0.3143	0.3434	0.0000	0.0000
0.3153	0.3442	0.0000	0.0000
0.3163	0.3451	0.0000	0.0000
0.3173	0.3459	0.0000	0.0000
0.3183	0.3467	0.0000	0.0000
0.3193	0.3475	0.0000	0.0000
0.3203	0.3484	0.0000	0.0000
0.3213	0.3492	0.0000	0.0000
0.3223	0.3500	0.0000	0.0000
0.3233	0.3508	0.0000	0.0000
0.3243	0.3516	0.0000	0.0000
0.3253	0.3525	0.0000	0.0000
0.3263	0.3533	0.0000	0.0000
0.3273	0.3541	0.0000	0.0000
0.3283	0.3550	0.0000	0.0000
0.3293	0.3558	0.0000	0.0000
0.3303	0.3566	0.0000	0.0000
0.3313	0.3574	0.0000	0.0000
0.3323	0.3583	0.0000	0.0000
0.3333	0.3591	0.0000	0.0000
0.3343	0.3599	0.0000	0.0000
0.3353	0.3608	0.0000	0.0000
0.3363	0.3616	0.0000	0.0000
0.3373	0.3624	0.0000	0.0000
0.3383	0.3633	0.0000	0.0000
0.3393	0.3641	0.0000	0.0000
0.3403	0.3649	0.0000	0.0000
0.3413	0.3658	0.0000	0.0000
0.3423	0.3666	0.0000	0.0000
0.3433	0.3675	0.0000	0.0000
0.3443	0.3683	0.0000	0.0000
0.3453	0.3691	0.0000	0.0000
0.3463	0.3700	0.0000	0.0000
0.3473	0.3708	0.0000	0.0000
0.3483	0.3717	0.0000	0.0000
0.3493	0.3725	0.0000	0.0000
0.3504	0.3733	0.0000	0.0000
0.3514	0.3742	0.0000	0.0000
0.3524	0.3750	0.0000	0.0000
0.3534	0.3759	0.0000	0.0000
0.3544	0.3767	0.0000	0.0000
0.3554	0.3776	0.0000	0.0000
0.3564	0.3784	0.0000	0.0000
0.3574	0.3793	0.0000	0.0000
0.3584	0.3801	0.0000	0.0000
0.3594	0.3810	0.0000	0.0000
0.3604	0.3818	0.0000	0.0000
0.3614	0.3827	0.0000	0.0000
0.3624	0.3835	0.0000	0.0000
0.3634	0.3844	0.0000	0.0000
0.3644	0.3852	0.0000	0.0000
0.3654	0.3861	0.0000	0.0000
0.3664	0.3870	0.0000	0.0000
0.3674	0.3878	0.0000	0.0000
0.3684	0.3887	0.0000	0.0000
0.3694	0.3895	0.0000	0.0000
0.3704	0.3904	0.0000	0.0000
0.3714	0.3913	0.0000	0.0000
0.3724	0.3921	0.0000	0.0000
0.3734	0.3930	0.0000	0.0000
0.3744	0.3939	0.0000	0.0000
0.3754	0.3947	0.0000	0.0000
0.3764	0.3956	0.0000	0.0000
0.3774	0.3965	0.0000	0.0000
0.3784	0.3973	0.0000	0.0000
0.3794	0.3982	0.0000	0.0000
0.3804	0.3991	0.0000	0.0000
0.3814	0.4000	0.0000	0.0000
0.3824	0.4008	0.0000	0.0000
0.3834	0.4017	0.0000	0.0000
0.3844	0.4026	0.0000	0.0000
0.3854	0.4035	0.0000	0.0000
0.3864	0.4043	0.0000	0.0000
0.3874	0.4052	0.0000	0.0000
0.3884	0.4061	0.0000	0.0000
0.3894	0.4070	0.0000	0.0000
0.3904	0.4079	0.0000	0.0000
0.3914	0.4087	0.0000	0.0000
0.3924	0.4096	0.0000	0.0000
0.3934	0.4105	0.0000	0.0000
0.3944	0.4114	0.0000	0.0000
0.3954	0.4123	0.0000	0.0000
0.3964	0.4132	0.0000	0.0000
0.3974	0.4141	0.0000	0.0000
0.3984	0.4150	0.0000	0.0000
0.3994	0.4158	0.0000	0.0000
0.4004	0.4167	0.0000	0.0000
0.4014	0.4176	0.0000	0.0000
0.4024	0.4185	0.0000	0.0000
0.4034	0.4194	0.0000	0.0000
0.4044	0.4203	0.0000	0.0000
0.4054	0.4212	0.0000	0.0000
0.4064	0.4221	0.0000	0.0000
0.4074	0.4230	0.0000	0.0000
0.4084	0.4239	0.0000	0.0000
0.4094	0.4248	0.0000	0.0000
0.4104	0.4257	0.0000	0.0000
0.4114	0.4267	0.0000	0.0000
0.4124	0.4276	0.0000	0.0000
0.4134	0.4285	0.0000	0.0000
0.4144	0.4294	0.0000	0.0000
0.4154	0.4303	0.0000	0.0000
0.4164	0.4312	0.0000	0.0000
0.4174	0.4321	0.0000	0.0000
0.4184	0.4330	0.0000	0.0000
0.4194	0.4340	0.0000	0.0000
0.4204	0.4349	0.0000	0.0000
0.4214	0.4358	0.0000	0.0000
0.4224	0.4367	0.0000	0.0000
0.4234	0.4377	0.0000	0.0000
0.4244	0.4386	0.0000	0.0000
0.4254	0.4395	0.0000	0.0000
0.4264	0.4404	0.0000	0.0000
0.4274	0.4414	0.0000	0.0000
0.4284	0.4423	0.0000	0.0000
0.4294	0.4432	0.0000	0.0000
0.4304	0.4442	0.0000	0.0000
0.4314	0.4451	0.0000	0.0000
0.4324	0.4460	0.0000	0.0000
0.4334	0.4470	0.0000	0.0000
0.4344	0.4479	0.0000	0.0000
0.4354	0.4489	0.0000	0.0000
0.4364	0.4498	0.0000	0.0000
0.4374	0.4507	0.0000	0.0000
0.4384	0.4517	0.0000	0.0000
0.4394	0.4526	0.0000	0.0000
0.4404	0.4536	0.0000	0.0000
0.4414	0.4545	0.0000	0.0000
0.4424	0.4555	0.0000	0.0000
0.4434	0.4565	0.0000	0.0000
0.4444	0.4574	0.0000	0.0000
0.4454	0.4584	0.0000	0.0000
0.4464	0.4593	0.0000	0.0000
0.4474	0.4603	0.0000	0.0000
0.4484	0.4613	0.0000	0.0000
0.4494	0.4622	0.0000	0.0000
0.4505	0.4632	0.0000	0.0000
0.4515	0.4642	0.0000	0.0000
0.4525	0.4651	0.0000	0.0000
0.4535	0.4661	0.0000	0.0000
0.4545	0.4671	0.0000	0.0000
0.4555	0.4680	0.0000	0.0000
0.4565	0.4690	0.0000	0.0000
0.4575	0.4700	0.0000	0.0000
0.4585	0.4710	0.0000	0.0000
0.4595	0.4720	0.0000	0.0000
0.4605	0.4729	0.0000	0.0000
0.4615	0.4739	0.0000	0.0000
0.4625	0.4749	0.0000	0.0000
0.4635	0.4759	0.0000	0.0000
0.4645	0.4769	0.0000	0.0000
0.4655	0.4779	0.0000	0.0000
0.4665	0.4789	0.0000	0.0000
0.4675	0.4799	0.0000	0.0000
0.4685	0.4809	0.0000	0.0000
0.4695	0.4819	0.0000	0.0000
0.4705	0.4829	0.0000	0.0000
0.4715	0.4839	0.0000	0.0000
0.4725	0.4849	0.0000	0.0000
0.4735	0.4859	0.0000	0.0000
0.4745	0.4869	0.0000	0.0000
0.4755	0.4880	0.0000	0.0000
0.4765	0.4890	0.0000	0.0000
0.4775	0.4900	0.0000	0.0000
0.4785	0.4910	0.0000	0.0000
0.4795	0.4920	0.0000	0.0000
0.4805	0.4931	0.0000	0.0000
0.4815	0.4941	0.0000	0.0000
0.4825	0.4951	0.0000	0.0000
0.4835	0.4961	0.0000	0.0000
0.4845	0.4972	0.0000	0.0000
0.4855	0.4982	0.0000	0.0000
0.4865	0.4993	0.0000	0.0000
0.4875	0.5003	0.0000	0.0000
0.4885	0.5013	0.0000	0.0000
0.4895	0.5024	0.0000	0.0000
0.4905	0.5034	0.0000	0.0000
0.4915	0.5045	0.0000	0.0000
0.4925	0.5055	0.0000	0.0000
0.4935	0.5066	0.0000	0.0000
0.4945	0.5076	0.0000	0.0000
0.4955	0.5087	0.0000	0.0000
0.4965	0.5098	0.0000	0.0000
0.4975	0.5108	0.0000	0.0000
0.4985	0.5119	0.0000	0.0000
0.4995	0.5130	0.0000	0.0000
0.5005	0.5144	0.0000	0.0000
0.5015	0.5162	0.0000	0.0000
0.5025	0.5180	0.0000	0.0000
0.5035	0.5198	0.0000	0.0000
0.5045	0.5216	0.0000	0.0000
0.5055	0.5234	0.0000	0.0000
0.5065	0.5251	0.0000	0.0000
0.5075	0.5269	0.0000	0.0000
0.5085	0.5286	0.0000	0.0000
0.5095	0.5303	0.0000	0.0000
0.5105	0.5321	0.0000	0.0000
0.5115	0.5338	0.0000	0.0000
0.5125	0.5355	0.0000	0.0000
0.5135	0.5372	0.0000	0.0000
0.5145	0.5389	0.0000	0.0000
0.5155	0.5406	0.0000	0.0000
0.5165	0.5423	0.0000	0.0000
0.5175	0.5439	0.0000	0.0000
0.5185	0.5456	0.0000	0.0000
0.5195	0.5472	0.0000	0.0000
0.5205	0.5489	0.0000	0.0000
0.5215	0.5505	0.0000	0.0000
0.5225	0.5522	0.0000	0.0000
0.5235	0.5538	0.0000	0.0000
0.5245	0.5554	0.0000	0.0000
0.5255	0.5570	0.0000	0.0000
0.5265	0.5586	0.0000	0.0000
0.5275	0.5602	0.0000	0.0000
0.5285	0.5618	0.0000	0.0000
0.5295	0.5633	0.0000	0.0000
0.5305	0.5649	0.0000	0.0000
0.5315	0.5665	0.0000	0.0000
0.5325	0.5680	0.0000	0.0000
0.5335	0.5696	0.0000	0.0000
0.5345	0.5711	0.0000	0.0000
0.5355	0.5726	0.0000	0.0000
0.5365	0.5742	0.0000	0.0000
0.5375	0.5757	0.0000	0.0000
0.5385	0.5772	0.0000	0.0000
0.5395	0.5787	0.0000	0.0000
0.5405	0.5802	0.0000	0.0000
0.5415	0.5817	0.0000	0.0000
0.5425	0.5832	0.0000	0.0000
0.5435	0.5846	0.0000	0.0000
0.5445	0.5861	0.0000	0.0000
0.5455	0.5876	0.0000	0.0000
0.5465	0.5890	0.0000	0.0000
0.5475	0.5905	0.0000	0.0000
0.5485	0.5919	0.0000	0.0000
0.5495	0.5933	0.0000	0.0000
0.5506	0.5948	0.0000	0.0000
0.5516	0.5962	0.0000	0.0000
0.5526	0.5976	0.0000	0.0000
0.5536	0.5990	0.0000	0.0000
0.5546	0.6004	0.0000	0.0000
0.5556	0.6018	0.0000	0.0000
0.5566	0.6032	0.0000	0.0000
0.5576	0.6046	0.0000	0.0000
0.5586	0.6059	0.0000	0.0000
0.5596	0.6073	0.0000	0.0000
0.5606	0.6087	0.0000	0.0000
0.5616	0.6100	0.0000	0.0000
0.5626	0.6114	0.0000	0.0000
0.5636	0.6127	0.0000	0.0000
0.5646	0.6141	0.0000	0.0000
0.5656	0.6154	0.0000	0.0000
0.5666	0.6167	0.0000	0.0000
0.5676	0.6180	0.0000	0.0000
0.5686	0.6194	0.0000	0.0000
0.5696	0.6207	0.0000	0.0000
0.5706	0.6220	0.0000	0.0000
0.5716	0.6233	0.0000	0.0000
0.5726	0.6246	0.0000	0.0000
0.5736	0.6258	0.0000	0.0000
0.5746	0.6271	0.0000	0.0000
0.5756	0.6284	0.0000	0.0000
0.5766	0.6297	0.0000	0.0000
0.5776	0.6309	0.0000	0.0000
0.5786	0.6322	0.0000	0.0000
0.5796	0.6334	0.0000	0.0000
0.5806	0.6347	0.0000	0.0000
0.5816	0.6359	0.0000	0.0000
0.5826	0.6371	0.0000	0.0000
0.5836	0.6384	0.0000	0.0000
0.5846	0.6396	0.0000	0.0000
0.5856	0.6408	0.0000	0.0000
0.5866	0.6420	0.0000	0.0000
0.5876	0.6432	0.0000	0.0000
0.5886	0.6444	0.0000	0.0000
0.5896	0.6456	0.0000	0.0000
0.5906	0.6468	0.0000	0.0000
0.5916	0.6480	0.0000	0.0000
0.5926	0.6492	0.0000	0.0000
0.5936	0.6504	0.0000	0.0000
0.5946	0.6515	0.0000	0.0000
0.5956	0.6527	0.0000	0.0000
0.5966	0.6539	0.0000	0.0000
0.5976	0.6550	0.0000	0.0000
0.5986	0.6562	0.0000	0.0000
0.5996	0.6573	0.0000	0.0000
0.6006	0.6584	0.0000	0.0000
0.6016	0.6596	0.0000	0.0000
0.6026	0.6607	0.0000	0.0000
0.6036	0.6618	0.0000	0.0000
0.6046	0.6630	0.0000	0.0000
0.6056	0.6641	0.0000	0.0000
0.6066	0.6652	0.0000	0.0000
0.6076	0.6663	0.0000	0.0000
0.6086	0.6674	0.0000	0.0000
0.6096	0.6685	0.0000	0.0000
0.6106	0.6696	0.0000	0.0000
0.6116	0.6707	0.0000	0.0000
0.6126	0.6717	0.0000	0.0000
0.6136	0.6728	0.0000	0.0000
0.6146	0.6739	0.0000	0.0000
0.6156	0.6750	0.0000	0.0000
0.6166	0.6760	0.0000	0.0000
0.6176	0.6771	0.0000	0.0000
0.6186	0.6781	0.0000	0.0000
0.6196	0.6792	0.0000	0.0000
0.6206	0.6802	0.0000	0.0000
0.6216	0.6813	0.0000	0.0000
0.6226	0.6823	0.0000	0.0000
0.6236	0.6833	0.0000	0.0000
0.6246	0.6844	0.0000	0.0000
0.6256	0.6854	0.0000	0.0000
0.6266	0.6864	0.0000	0.0000
0.6276	0.6874	0.0000	0.0000
0.6286	0.6884	0.0000	0.0000
0.6296	0.6895	0.0000	0.0000
0.6306	0.6905	0.0000	0.0000
0.6316	0.6915	0.0000	0.0000
0.6326	0.6924	0.0000	0.0000
0.6336	0.6934	0.0000	0.0000
0.6346	0.6944	0.0000	0.0000
0.6356	0.6954	0.0000	0.0000
0.6366	0.6964	0.0000	0.0000
0.6376	0.6974	0.0000	0.0000
0.6386	0.6983	0.0000	0.0000
0.6396	0.6993	0.0000	0.0000
0.6406	0.7003	0.0000	0.0000
0.6416	0.7012	0.0000	0.0000
0.6426	0.7022	0.0000	0.0000
0.6436	0.7031	0.0000	0.0000
0.6446	0.7041	0.0000	0.0000
0.6456	0.7050	0.0000	0.0000
0.6466	0.7059	0.0000	0.0000
0.6476	0.7069	0.0000	0.0000
0.6486	0.7078	0.0000	0.0000
0.6496	0.7087	0.0000	0.0000
0.6507	0.7097	0.0000	0.0000
0.6517	0.7106	0.0000	0.0000
0.6527	0.7115	0.0000	0.0000
0.6537	0.7124	0.0000	0.0000
0.6547	0.7133	0.0000	0.0000
0.6557	0.7142	0.0000	0.0000
0.6567	0.7151	0.0000	0.0000
0.6577	0.7160	0.0000	0.0000
0.6587	0.7169	0.0000	0.0000
0.6597	0.7178	0.0000	0.0000
0.6607	0.7187	0.0000	0.0000
0.6617	0.7196	0.0000	0.0000
0.6627	0.7205	0.0000	0.0000
0.6637	0.7213	0.0000	0.0000
0.6647	0.7222	0.0000	0.0000
0.6657	0.7231	0.0000	0.0000
0.6667	0.7239	0.0000	0.0000
0.6677	0.7248	0.0000	0.0000
0.6687	0.7257	0.0000	0.0000
0.6697	0.7265	0.0000	0.0000
0.6707	0.7274	0.0000	0.0000
0.6717	0.7282	0.0000	0.0000
0.6727	0.7291	0.0000	0.0000
0.6737	0.7299	0.0000	0.0000
0.6747	0.7308	0.0000	0.0000
0.6757	0.7316	0.0000	0.0000
0.6767	0.7324	0.0000	0.0000
0.6777	0.7333	0.0000	0.0000
0.6787	0.7341	0.0000	0.0000
0.6797	0.7349	0.0000	0.0000
0.6807	0.7357	0.0000	0.0000
0.6817	0.7365	0.0000	0.0000
0.6827	0.7374	0.0000	0.0000
0.6837	0.7382	0.0000	0.0000
0.6847	0.7390	0.0000	0.0000
0.6857	0.7398	0.0000	0.0000
0.6867	0.7406	0.0000	0.0000
0.6877	0.7414	0.0000	0.0000
0.6887	0.7422	0.0000	0.0000
0.6897	0.7430	0.0000	0.0000
0.6907	0.7438	0.0000	0.0000
0.6917	0.7445	0.0000	0.0000
0.6927	0.7453	0.0000	0.0000
0.6937	0.7461	0.0000	0.0000
0.6947	0.7469	0.0000	0.0000
0.6957	0.7477	0.0000	0.0000
0.6967	0.7484	0.0000	0.0000
0.6977	0.7492	0.0000	0.0000
0.6987	0.7500	0.0000	0.0000
0.6997	0.7507	0.0000	0.0000
0.7007	0.7515	0.0000	0.0000
0.7017	0.7522	0.0000	0.0000
0.7027	0.7530	0.0000	0.0000
0.7037	0.7537	0.0000	0.0000
0.7047	0.7545	0.0000	0.0000
0.7057	0.7552	0.0000	0.0000
0.7067	0.7560	0.0000	0.0000
0.7077	0.7567	0.0000	0.0000
0.7087	0.7575	0.0000	0.0000
0.7097	0.7582	0.0000	0.0000
0.7107	0.7589	0.0000	0.0000
0.7117	0.7597	0.0000	0.0000
0.7127	0.7604	0.0000	0.0000
0.7137	0.7611	0.0000	0.0000
0.7147	0.7618	0.0000	0.0000
0.7157	0.7625	0.0000	0.0000
0.7167	0.7633	0.0000	0.0000
0.7177	0.7640	0.0000	0.0000
0.7187	0.7647	0.0000	0.0000
0.7197	0.7654	0.0000	0.0000
0.7207	0.7661	0.0000	0.0000
0.7217	0.7668	0.0000	0.0000
0.7227	0.7675	0.0000	0.0000
0.7237	0.7682	0.0000	0.0000
0.7247	0.7689	0.0000	0.0000
0.7257	0.7696	0.0000	0.0000
0.7267	0.7703	0.0000	0.0000
0.7277	0.7710	0.0000	0.0000
0.7287	0.7717	0.0000	0.0000
0.7297	0.7723	0.0000	0.0000
0.7307	0.7730	0.0000	0.0000
0.7317	0.7737	0.0000	0.0000
0.7327	0.7744	0.0000	0.0000
0.7337	0.7751	0.0000	0.0000
0.7347	0.7757	0.0000	0.0000
0.7357	0.7764	0.0000	0.0000
0.7367	0.7771	0.0000	0.0000
0.7377	0.7777	0.0000	0.0000
0.7387	0.7784	0.0000	0.0000
0.7397	0.7791	0.0000	0.0000
0.7407	0.7797	0.0000	0.0000
0.7417	0.7804	0.0000	0.0000
0.7427	0.7810	0.0000	0.0000
0.7437	0.7817	0.0000	0.0000
0.7447	0.7823	0.0000	0.0000
0.7457	0.7830	0.0000	0.0000
0.7467	0.7836	0.0000	0.0000
0.7477	0.7843	0.0000	0.0000
0.7487	0.7849	0.0000	0.0000
0.7497	0.7855	0.0000	0.0000
0.7508	0.7862	0.0000	0.0000
0.7518	0.7868	0.0000	0.0000
0.7528	0.7874	0.0000	0.0000
0.7538	0.7881	0.0000	0.0000
0.7548	0.7887	0.0000	0.0000
0.7558	0.7893	0.0000	0.0000
0.7568	0.7899	0.0000	0.0000
0.7578	0.7906	0.0000	0.0000
0.7588	0.7912	0.0000	0.0000
0.7598	0.7918	0.0000	0.0000
0.7608	0.7924	0.0000	0.0000
0.7618	0.7930	0.0000	0.0000
0.7628	0.7936	0.0000	0.0000
0.7638	0.7942	0.0000	0.0000
0.7648	0.7948	0.0000	0.0000
0.7658	0.7955	0.0000	0.0000
0.7668	0.7961	0.0000	0.0000
0.7678	0.7967	0.0000	0.0000
0.7688	0.7973	0.0000	0.0000
0.7698	0.7978	0.0000	0.0000
0.7708	0.7984	0.0000	0.0000
0.7718	0.7990	0.0000	0.0000
0.7728	0.7996	0.0000	0.0000
0.7738	0.8002	0.0000	0.0000
0.7748	0.8008	0.0000	0.0000
0.7758	0.8014	0.0000	0.0000
0.7768	0.8020	0.0000	0.0000
0.7778	0.8026	0.0000	0.0000
0.7788	0.8031	0.0000	0.0000
0.7798	0.8037	0.0000	0.0000
0.7808	0.8043	0.0000	0.0000
0.7818	0.8049	0.0000	0.0000
0.7828	0.8054	0.0000	0.0000
0.7838	0.8060	0.0000	0.0000
0.7848	0.8066	0.0000	0.0000
0.7858	0.8071	0.0000	0.0000
0.7868	0.8077	0.0000	0.0000
0.7878	0.8083	0.0000	0.0000
0.7888	0.8088	0.0000	0.0000
0.7898	0.8094	0.0000	0.0000
0.7908	0.8100	0.0000	0.0000
0.7918	0.8105	0.0000	0.0000
0.7928	0.8111	0.0000	0.0000
0.7938	0.8116	0.0000	0.0000
0.7948	0.8122	0.0000	0.0000
0.7958	0.8127	0.0000	0.0000
0.7968	0.8133	0.0000	0.0000
0.7978	0.8138	0.0000	0.0000
0.7988	0.8144	0.0000	0.0000
0.7998	0.8149	0.0000	0.0000
0.8008	0.8155	0.0000	0.0000
0.8018	0.8160	0.0000	0.0000
0.8028	0.8165	0.0000	0.0000
0.8038	0.8171	0.0000	0.0000
0.8048	0.8176	0.0000	0.0000
0.8058	0.8181	0.0000	0.0000
0.8068	0.8187	0.0000	0.0000
0.8078	0.8192	0.0000	0.0000
0.8088	0.8197	0.0000	0.0000
0.8098	0.8203	0.0000	0.0000
0.8108	0.8208	0.0000	0.0000
0.8118	0.8213	0.0000	0.0000
0.8128	0.8218	0.0000	0.0000
0.8138	0.8224	0.0000	0.0000
0.8148	0.8229	0.0000	0.0000
0.8158	0.8234	0.0000	0.0000
0.8168	0.8239	0.0000	0.0000
0.8178	0.8244	0.0000	0.0000
0.8188	0.8249	0.0000	0.0000
0.8198	0.8255	0.0000	0.0000
0.8208	0.8260	0.0000	0.0000
0.8218	0.8265	0.0000	0.0000
0.8228	0.8270	0.0000	0.0000
0.8238	0.8275	0.0000	0.0000
0.8248	0.8280	0.0000	0.0000
0.8258	0.8285	0.0000	0.0000
0.8268	0.8290	0.0000	0.0000
0.8278	0.8295	0.0000	0.0000
0.8288	0.8300	0.0000	0.0000
0.8298	0.8305	0.0000	0.0000
0.8308	0.8310	0.0000	0.0000
0.8318	0.8315	0.0000	0.0000
0.8328	0.8320	0.0000	0.0000
0.8338	0.8325	0.0000	0.0000
0.8348	0.8330	0.0000	0.0000
0.8358	0.8335	0.0000	0.0000
0.8368	0.8340	0.0000	0.0000
0.8378	0.8345	0.0000	0.0000
0.8388	0.8349	0.0000	0.0000
0.8398	0.8354	0.0000	0.0000
0.8408	0.8359	0.0000	0.0000
0.8418	0.8364	0.0000	0.0000
0.8428	0.8369	0.0000	0.0000
0.8438	0.8374	0.0000	0.0000
0.8448	0.8378	0.0000	0.0000
0.8458	0.8383	0.0000	0.0000
0.8468	0.8388	0.0000	0.0000
0.8478	0.8393	0.0000	0.0000
0.8488	0.8398	0.0000	0.0000
0.8498	0.8402	0.0000	0.0000
0.8509	0.8407	0.0000	0.0000
0.8519	0.8412	0.0000	0.0000
0.8529	0.8416	0.0000	0.0000
0.8539	0.8421	0.0000	0.0000
0.8549	0.8426	0.0000	0.0000
0.8559	0.8431	0.0000	0.0000
0.8569	0.8435	0.0000	0.0000
0.8579	0.8440	0.0000	0.0000
0.8589	0.8445	0.0000	0.0000
0.8599	0.8449	0.0000	0.0000
0.8609	0.8454	0.0000	0.0000
0.8619	0.8458	0.0000	0.0000
0.8629	0.8463	0.0000	0.0000
0.8639	0.8468	0.0000	0.0000
0.8649	0.8472	0.0000	0.0000
0.8659	0.8477	0.0000	0.0000
0.8669	0.8481	0.0000	0.0000
0.8679	0.8486	0.0000	0.0000
0.8689	0.8490	0.0000	0.0000
0.8699	0.8495	0.0000	0.0000
0.8709	0.8499	0.0000	0.0000
0.8719	0.8504	0.0000	0.0000
0.8729	0.8508	0.0000	0.0000
0.8739	0.8513	0.0000	0.0000
0.8749	0.8517	0.0000	0.0000
0.8759	0.8522	0.0000	0.0000
0.8769	0.8526	0.0000	0.0000
0.8779	0.8531	0.0000	0.0000
0.8789	0.8535	0.0000	0.0000
0.8799	0.8540	0.0000	0.0000
0.8809	0.8544	0.0000	0.0000
0.8819	0.8548	0.0000	0.0000
0.8829	0.8553	0.0000	0.0000
0.8839	0.8557	0.0000	0.0000
0.8849	0.8562	0.0000	0.0000
0.8859	0.8566	0.0000	0.0000
0.8869	0.8570	0.0000	0.0000
0.8879	0.8575	0.0000	0.0000
0.8889	0.8579	0.0000	0.0000
0.8899	0.8583	0.0000	0.0000
0.8909	0.8588	0.0000	0.0000
0.8919	0.8592	0.0000	0.0000
0.8929	0.8596	0.0000	0.0000
0.8939	0.8601	0.0000	0.0000
0.8949	0.8605	0.0000	0.0000
0.8959	0.8609	0.0000	0.0000
0.8969	0.8614	0.0000	0.0000
0.8979	0.8618	0.0000	0.0000
0.8989	0.8622	0.0000	0.0000
0.8999	0.8626	0.0000	0.0000
0.9009	0.8631	0.0000	0.0000
0.9019	0.8635	0.0000	0.0000
0.9029	0.8639	0.0000	0.0000
0.9039	0.8643	0.0000	0.0000
0.9049	0.8648	0.0000	0.0000
0.9059	0.8652	0.0000	0.0000
0.9069	0.8656	0.0000	0.0000
0.9079	0.8660	0.0000	0.0000
0.9089	0.8664	0.0000	0.0000
0.9099	0.8669	0.0000	0.0000
0.9109	0.8673	0.0000	0.0000
0.9119	0.8677	0.0000	0.0000
0.9129	0.8681	0.0000	0.0000
0.9139	0.8685	0.0000	0.0000
0.9149	0.8690	0.0000	0.0000
0.9159	0.8694	0.0000	0.0000
0.9169	0.8698	0.0000	0.0000
0.9179	0.8702	0.0000	0.0000
0.9189	0.8706	0.0000	0.0000
0.9199	0.8710	0.0000	0.0000
0.9209	0.8714	0.0000	0.0000
0.9219	0.8718	0.0000	0.0000
0.9229	0.8723	0.0000	0.0000
0.9239	0.8727	0.0000	0.0000
0.9249	0.8731	0.0000	0.0000
0.9259	0.8735	0.0000	0.0000
0.9269	0.8739	0.0000	0.0000
0.9279	0.8743	0.0000	0.0000
0.9289	0.8747	0.0000	0.0000
0.9299	0.8751	0.0000	0.0000
0.9309	0.8755	0.0000	0.0000
0.9319	0.8759	0.0000	0.0000
0.9329	0.8763	0.0000	0.0000
0.9339	0.8767	0.0000	0.0000
0.9349	0.8772	0.0000	0.0000
0.9359	0.8776	0.0000	0.0000
0.9369	0.8780	0.0000	0.0000
0.9379	0.8784	0.0000	0.0000
0.9389	0.8788	0.0000	0.0000
0.9399	0.8792	0.0000	0.0000
0.9409	0.8796	0.0000	0.0000
0.9419	0.8800	0.0000	0.0000
0.9429	0.8804	0.0000	0.0000
0.9439	0.8808	0.0000	0.0000
0.9449	0.8812	0.0000	0.0000
0.9459	0.8816	0.0000	0.0000
0.9469	0.8820	0.0000	0.0000
0.9479	0.8824	0.0000	0.0000
0.9489	0.8828	0.0000	0.0000
0.9499	0.8832	0.0000	0.0000
0.9510	0.8836	0.0000	0.0000
0.9520	0.8840	0.0000	0.0000
0.9530	0.8844	0.0000	0.0000
0.9540	0.8848	0.0000	0.0000
0.9550	0.8852	0.0000	0.0000
0.9560	0.8856	0.0000	0.0000
0.9570	0.8860	0.0000	0.0000
0.9580	0.8863	0.0000	0.0000
0.9590	0.8867	0.0000	0.0000
0.9600	0.8871	0.0000	0.0000
0.9610	0.8875	0.0000	0.0000
0.9620	0.8879	0.0000	0.0000
0.9630	0.8883	0.0000	0.0000
0.9640	0.8887	0.0000	0.0000
0.9650	0.8891	0.0000	0.0000
0.9660	0.8895	0.0000	0.0000
0.9670	0.8899	0.0000	0.0000
0.9680	0.8903	0.0000	0.0000
0.9690	0.8907	0.0000	0.0000
0.9700	0.8911	0.0000	0.0000
0.9710	0.8915	0.0000	0.0000
0.9720	0.8919	0.0000	0.0000
0.9730	0.8923	0.0000	0.0000
0.9740	0.8927	0.0000	0.0000
0.9750	0.8931	0.0000	0.0000
0.9760	0.8934	0.0000	0.0000
0.9770	0.8938	0.0000	0.0000
0.9780	0.8942	0.0000	0.0000
0.9790	0.8946	0.0000	0.0000
0.9800	0.8950	0.0000	0.0000
0.9810	0.8954	0.0000	0.0000
0.9820	0.8958	0.0000	0.0000
0.9830	0.8962	0.0000	0.0000
0.9840	0.8966	0.0000	0.0000
0.9850	0.8970	0.0000	0.0000
0.9860	0.8974	0.0000	0.0000
0.9870	0.8978	0.0000	0.0000
0.9880	0.8982	0.0000	0.0000
0.9890	0.8986	0.0000	0.0000
0.9900	0.8990	0.0000	0.0000
0.9910	0.8994	0.0000	0.0000
0.9920	0.8997	0.0000	0.0000
0.9930	0.9001	0.0000	0.0000
0.9940	0.9005	0.0000	0.0000
0.9950	0.9009	0.0000	0.0000
0.9960	0.9013	0.0000	0.0000
0.9970	0.9017	0.0000	0.0000
0.9980	0.9021	0.0000	0.0000
0.9990	0.9025	0.0000	0.0000
1.0000	0.9029	0.0000	0.0000
0.8318
