0.0000	0.0977	0.0000	0.0000
0.0010	0.0985	0.0000	0.0000
0.0020	0.0993	0.0000	0.0000
0.0030	0.1001	0.0000	0.0000
0.0040	0.1009	0.0000	0.0000
0.0050	0.1017	0.0000	0.0000
0.0060	0.1025	0.0000	0.0000
0.0070	0.1033	0.0000	0.0000
0.0080	0.1041	0.0000	0.0000
0.0090	0.1049	0.0000	0.0000
0.0100	0.1057	0.0000	0.0000
0.0110	0.1065	0.0000	0.0000
0.0120	0.1073	0.0000	0.0000
0.0130	0.1081	0.0000	0.0000
0.0140	0.1089	0.0000	0.0000
0.0150	0.1097	0.0000	0.0000
0.0160	0.1105	0.0000	0.0000
0.0170	0.1113	0.0000	0.0000
0.0180	0.1120	0.0000	0.0000
0.0190	0.1128	0.0000	0.0000
0.0200	0.1136	0.0000	0.0000
0.0210	0.1144	0.0000	0.0000
0.0220	0.1152	0.0000	0.0000
0.0230	0.1160	0.0000	0.0000
0.0240	0.1168	0.0000	0.0000
0.0250	0.1176	0.0000	0.0000
0.0260	0.1184	0.0000	0.0000
0.0270	0.1192	0.0000	0.0000
0.0280	0.1199	0.0000	0.0000
0.0290	0.1207	0.0000	0.0000
0.0300	0.1215	0.0000	0.0000
0.0310	0.1223	0.0000	0.0000
0.0320	0.1231	0.0000	0.0000
0.0330	0.1239	0.0000	0.0000
0.0340	0.1247	0.0000	0.0000
0.0350	0.1255	0.0000	0.0000
0.0360	0.1262	0.0000	0.0000
0.0370	0.1270	0.0000	0.0000
0.0380	0.1278	0.0000	0.0000
0.0390	0.1286	0.0000	0.0000
0.0400	0.1294	0.0000	0.0000
0.0410	0.1302	0.0000	0.0000
0.0420	0.1310	0.0000	0.0000
0.0430	0.1317	0.0000	0.0000
0.0440	0.1325	0.0000	0.0000
0.0450	0.1333	0.0000	0.0000
0.0460	0.1341	0.0000	0.0000
0.0470	0.1349	0.0000	0.0000
0.0480	0.1357	0.0000	0.0000
0.0490	0.1365	0.0000	0.0000
0.0501	0.1372	0.0000	0.0000
0.0511	0.1380	0.0000	0.0000
0.0521	0.1388	0.0000	0.0000
0.0531	0.1396	0.0000	0.0000
0.0541	0.1404	0.0000	0.0000
0.0551	0.1412	0.0000	0.0000
0.0561	0.1419	0.0000	0.0000
0.0571	0.1427	0.0000	0.0000
0.0581	0.1435	0.0000	0.0000
0.0591	0.1443	0.0000	0.0000
0.0601	0.1451	0.0000	0.0000
0.0611	0.1458	0.0000	0.0000
0.0621	0.1466	0.0000	0.0000
0.0631	0.1474	0.0000	0.0000
0.0641	0.1482	0.0000	0.0000
0.0651	0.1490	0.0000	0.0000
0.0661	0.1497	0.0000	0.0000
0.0671	0.1505	0.0000	0.0000
0.0681	0.1513	0.0000	0.0000
0.0691	0.1521	0.0000	0.0000
0.0701	0.1529	0.0000	0.0000
0.0711	0.1536	0.0000	0.0000
0.0721	0.1544	0.0000	0.0000
0.0731	0.1552	0.0000	0.0000
0.0741	0.1560	0.0000	0.0000
0.0751	0.1568	0.0000	0.0000
0.0761	0.1575	0.0000	0.0000
0.0771	0.1583	0.0000	0.0000
0.0781	0.1591	0.0000	0.0000
0.0791	0.1599	0.0000	0.0000
0.0801	0.1607	0.0000	0.0000
0.0811	0.1614	0.0000	0.0000
0.0821	0.1622	0.0000	0.0000
0.0831	0.1630	0.0000	0.0000
0.0841	0.1638	0.0000	0.0000
0.0851	0.1645	0.0000	0.0000
0.0861	0.1653	0.0000	0.0000
0.0871	0.1661	0.0000	0.0000
0.0881	0.1669	0.0000	0.0000
0.0891	0.1676	0.0000	0.0000
0.0901	0.1684	0.0000	0.0000
0.0911	0.1692	0.0000	0.0000
0.0921	0.1700	0.0000	0.0000
0.0931	0.1708	0.0000	0.0000
0.0941	0.1715	0.0000	0.0000
0.0951	0.1723	0.0000	0.0000
0.0961	0.1731	0.0000	0.0000
0.0971	0.1739	0.0000	0.0000
0.0981	0.1746	0.0000	0.0000
0.0991	0.1754	0.0000	0.0000
0.1001	0.1762	0.0000	0.0000
0.1011	0.1770	0.0000	0.0000
0.1021	0.1777	0.0000	0.0000
0.1031	0.1785	0.0000	0.0000
0.1041	0.1793	0.0000	0.0000
0.1051	0.1801	0.0000	0.0000
0.1061	0.1808	0.0000	0.0000
0.1071	0.1816	0.0000	0.0000
0.1081	0.1824	0.0000	0.0000
0.1091	0.1832	0.0000	0.0000
0.1101	0.1839	0.0000	0.0000
0.1111	0.1847	0.0000	0.0000
0.1121	0.1855	0.0000	0.0000
0.1131	0.1863	0.0000	0.0000
0.1141	0.1870	0.0000	0.0000
0.1151	0.1878	0.0000	0.0000
0.1161	0.1886	0.0000	0.0000
0.1171	0.1894	0.0000	0.0000
0.1181	0.1901	0.0000	0.0000
0.1191	0.1909	0.0000	0.0000
0.1201	0.1917	0.0000	0.0000
0.1211	0.1925	0.0000	0.0000
0.1221	0.1932	0.0000	0.0000
0.1231	0.1940	0.0000	0.0000
0.1241	0.1948	0.0000	0.0000
0.1251	0.1955	0.0000	0.0000
0.1261	0.1963	0.0000	0.0000
0.1271	0.1971	0.0000	0.0000
0.1281	0.1979	0.0000	0.0000
0.1291	0.1986	0.0000	0.0000
0.1301	0.1994	0.0000	0.0000
0.1311	0.2002	0.0000	0.0000
0.1321	0.2010	0.0000	0.0000
0.1331	0.2017	0.0000	0.0000
0.1341	0.2025	0.0000	0.0000
0.1351	0.2033	0.0000	0.0000
0.1361	0.2041	0.0000	0.0000
0.1371	0.2048	0.0000	0.0000
0.1381	0.2056	0.0000	0.0000
0.1391	0.2064	0.0000	0.0000
0.1401	0.2072	0.0000	0.0000
0.1411	0.2079	0.0000	0.0000
0.1421	0.2087	0.0000	0.0000
0.1431	0.2095	0.0000	0.0000
0.1441	0.2102	0.0000	0.0000
0.1451	0.2110	0.0000	0.0000
0.1461	0.2118	0.0000	0.0000
0.1471	0.2126	0.0000	0.0000
0.1481	0.2133	0.0000	0.0000
0.1491	0.2141	0.0000	0.0000
0.1502	0.2149	0.0000	0.0000
0.1512	0.2157	0.0000	0.0000
0.1522	0.2164	0.0000	0.0000
0.1532	0.2172	0.0000	0.0000
0.1542	0.2180	0.0000	0.0000
0.1552	0.2188	0.0000	0.0000
0.1562	0.2195	0.0000	0.0000
0.1572	0.2203	0.0000	0.0000
0.1582	0.2211	0.0000	0.0000
0.1592	0.2218	0.0000	0.0000
0.1602	0.2226	0.0000	0.0000
0.1612	0.2234	0.0000	0.0000
0.1622	0.2242	0.0000	0.0000
0.1632	0.2249	0.0000	0.0000
0.1642	0.2257	0.0000	0.0000
0.1652	0.2265	0.0000	0.0000
0.1662	0.2273	0.0000	0.0000
0.1672	0.2280	0.0000	0.0000
0.1682	0.2288	0.0000	0.0000
0.1692	0.2296	0.0000	0.0000
0.1702	0.2304	0.0000	0.0000
0.1712	0.2311	0.0000	0.0000
0.1722	0.2319	0.0000	0.0000
0.1732	0.2327	0.0000	0.0000
0.1742	0.2335	0.0000	0.0000
0.1752	0.2342	0.0000	0.0000
0.1762	0.2350	0.0000	0.0000
0.1772	0.2358	0.0000	0.0000
0.1782	0.2366	0.0000	0.0000
0.1792	0.2373	0.0000	0.0000
0.1802	0.2381	0.0000	0.0000
0.1812	0.2389	0.0000	0.0000
0.1822	0.2397	0.0000	0.0000
0.1832	0.2404	0.0000	0.0000
0.1842	0.2412	0.0000	0.0000
0.1852	0.2420	0.0000	0.0000
0.1862	0.2428	0.0000	0.0000
0.1872	0.2435	0.0000	0.0000
0.1882	0.2443	0.0000	0.0000
0.1892	0.2451	0.0000	0.0000
0.1902	0.2459	0.0000	0.0000
0.1912	0.2466	0.0000	0.0000
0.1922	0.2474	0.0000	0.0000
0.1932	0.2482	0.0000	0.0000
0.1942	0.2490	0.0000	0.0000
0.1952	0.2497	0.0000	0.0000
0.1962	0.2505	0.0000	0.0000
0.1972	0.2513	0.0000	0.0000
0.1982	0.2521	0.0000	0.0000
0.1992	0.2529	0.0000	0.0000
0.2002	0.2536	0.0000	0.0000
0.2012	0.2544	0.0000	0.0000
0.2022	0.2552	0.0000	0.0000
0.2032	0.2560	0.0000	0.0000
0.2042	0.2567	0.0000	0.0000
0.2052	0.2575	0.0000	0.0000
0.2062	0.2583	0.0000	0.0000
0.2072	0.2591	0.0000	0.0000
0.2082	0.2599	0.0000	0.0000
0.2092	0.2606	0.0000	0.0000
0.2102	0.2614	0.0000	0.0000
0.2112	0.2622	0.0000	0.0000
0.2122	0.2630	0.0000	0.0000
0.2132	0.2638	0.0000	0.0000
0.2142	0.2645	0.0000	0.0000
0.2152	0.2653	0.0000	0.0000
0.2162	0.2661	0.0000	0.0000
0.2172	0.2669	0.0000	0.0000
0.2182	0.2677	0.0000	0.0000
0.2192	0.2684	0.0000	0.0000
0.2202	0.2692	0.0000	0.0000
0.2212	0.2700	0.0000	0.0000
0.2222	0.2708	0.0000	0.0000
0.2232	0.2716	0.0000	0.0000
0.2242	0.2723	0.0000	0.0000
0.2252	0.2731	0.0000	0.0000
0.2262	0.2739	0.0000	0.0000
0.2272	0.2747	0.0000	0.0000
0.2282	0.2755	0.0000	0.0000
0.2292	0.2763	0.0000	0.0000
0.2302	0.2770	0.0000	0.0000
0.2312	0.2778	0.0000	0.0000
0.2322	0.2786	0.0000	0.0000
0.2332	0.2794	0.0000	0.0000
0.2342	0.2802	0.0000	0.0000
0.2352	0.2810	0.0000	0.0000
0.2362	0.2817	0.0000	0.0000
0.2372	0.2825	0.0000	0.0000
0.2382	0.2833	0.0000	0.0000
0.2392	0.2841	0.0000	0.0000
0.2402	0.2849	0.0000	0.0000
0.2412	0.2857	0.0000	0.0000
0.2422	0.2865	0.0000	0.0000
0.2432	0.2872	0.0000	0.0000
0.2442	0.2880	0.0000	0.0000
0.2452	0.2888	0.0000	0.0000
0.2462	0.2896	0.0000	0.0000
0.2472	0.2904	0.0000	0.0000
0.2482	0.2912	0.0000	0.0000
0.2492	0.2920	0.0000	0.0000
0.2503	0.2928	0.0000	0.0000
0.2513	0.2936	0.0000	0.0000
0.2523	0.2943	0.0000	0.0000
0.2533	0.2951	0.0000	0.0000
0.2543	0.2959	0.0000	0.0000
0.2553	0.2967	0.0000	0.0000
0.2563	0.2975	0.0000	0.0000
0.2573	0.2983	0.0000	0.0000
0.2583	0.2991	0.0000	0.0000
0.2593	0.2999	0.0000	0.0000
0.2603	0.3007	0.0000	0.0000
0.2613	0.3015	0.0000	0.0000
0.2623	0.3023	0.0000	0.0000
0.2633	0.3031	0.0000	0.0000
0.2643	0.3038	0.0000	0.0000
0.2653	0.3046	0.0000	0.0000
0.2663	0.3054	0.0000	0.0000
0.2673	0.3062	0.0000	0.0000
0.2683	0.3070	0.0000	0.0000
0.2693	0.3078	0.0000	0.0000
0.2703	0.3086	0.0000	0.0000
0.2713	0.3094	0.0000	0.0000
0.2723	0.3102	0.0000	0.0000
0.2733	0.3110	0.0000	0.0000
0.2743	0.3118	0.0000	0.0000
0.2753	0.3126	0.0000	0.0000
0.2763	0.3134	0.0000	0.0000
0.2773	0.3142	0.0000	0.0000
0.2783	0.3150	0.0000	0.0000
0.2793	0.3158	0.0000	0.0000
0.2803	0.3166	0.0000	0.0000
0.2813	0.3174	0.0000	0.0000
0.2823	0.3182	0.0000	0.0000
0.2833	0.3190	0.0000	0.0000
0.2843	0.3198	0.0000	0.0000
0.2853	0.3206	0.0000	0.0000
0.2863	0.3214	0.0000	0.0000
0.2873	0.3222	0.0000	0.0000
0.2883	0.3230	0.0000	0.0000
0.2893	0.3238	0.0000	0.0000
0.2903	0.3246	0.0000	0.0000
0.2913	0.3254	0.0000	0.0000
0.2923	0.3262	0.0000	0.0000
0.2933	0.3270	0.0000	0.0000
0.2943	0.3278	0.0000	0.0000
0.2953	0.3287	0.0000	0.0000
0.2963	0.3295	0.0000	0.0000
0.2973	0.3303	0.0000	0.0000
0.2983	0.3311	0.0000	0.0000
0.2993	0.3319	0.0000	0.0000
0.3003	0.3327	0.0000	0.0000
0.3013	0.3335	0.0000	0.0000
0.3023	0.3343	0.0000	0.0000
0.3033	0.3351	0.0000	0.0000
0.3043	0.3359	0.0000	0.0000
0.3053	0.3368	0.0000	0.0000
0.3063	0.3376	0.0000	0.0000
0.3073	0.3384	0.0000	0.0000
0.3083	0.3392	0.0000	0.0000
0.3093	0.3400	0.0000	0.0000
0.3103	0.3408	0.0000	0.0000
0.3113	0.3416	0.0000	0.0000
0.3123	0.3425	0.0000	0.0000
0.3133	0.3433	0.0000	0.0000
0.3143	0.3441	0.0000	0.0000
0.3153	0.3449	0.0000	0.0000
0.3163	0.3457	0.0000	0.0000
0.3173	0.3465	0.0000	0.0000
0.3183	0.3474	0.0000	0.0000
0.3193	0.3482	0.0000	0.0000
0.3203	0.3490	0.0000	0.0000
0.3213	0.3498	0.0000	0.0000
0.3223	0.3506	0.0000	0.0000
0.3233	0.3515	0.0000	0.0000
0.3243	0.3523	0.0000	0.0000
0.3253	0.3531	0.0000	0.0000
0.3263	0.3539	0.0000	0.0000
0.3273	0.3548	0.0000	0.0000
0.3283	0.3556	0.0000	0.0000
0.3293	0.3564	0.0000	0.0000
0.3303	0.3573	0.0000	0.0000
0.3313	0.3581	0.0000	0.0000
0.3323	0.3589	0.0000	0.0000
0.3333	0.3597	0.0000	0.0000
0.3343	0.3606	0.0000	0.0000
0.3353	0.3614	0.0000	0.0000
0.3363	0.3622	0.0000	0.0000
0.3373	0.3631	0.0000	0.0000
0.3383	0.3639	0.0000	0.0000
0.3393	0.3647	0.0000	0.0000
0.3403	0.3656	0.0000	0.0000
0.3413	0.3664	0.0000	0.0000
0.3423	0.3672	0.0000	0.0000
0.3433	0.3681	0.0000	0.0000
0.3443	0.3689	0.0000	0.0000
0.3453	0.3698	0.0000	0.0000
0.3463	0.3706	0.0000	0.0000
0.3473	0.3714	0.0000	0.0000
0.3483	0.3723	0.0000	0.0000
0.3493	0.3731	0.0000	0.0000
0.3504	0.3740	0.0000	0.0000
0.3514	0.3748	0.0000	0.0000
0.3524	0.3756	0.0000	0.0000
0.3534	0.3765	0.0000	0.0000
0.3544	0.3773	0.0000	0.0000
0.3554	0.3782	0.0000	0.0000
0.3564	0.3790	0.0000	0.0000
0.3574	0.3799	0.0000	0.0000
0.3584	0.3807	0.0000	0.0000
0.3594	0.3816	0.0000	0.0000
0.3604	0.3824	0.0000	0.0000
0.3614	0.3833	0.0000	0.0000
0.3624	0.3841	0.0000	0.0000
0.3634	0.3850	0.0000	0.0000
0.3644	0.3858	0.0000	0.0000
0.3654	0.3867	0.0000	0.0000
0.3664	0.3876	0.0000	0.0000
0.3674	0.3884	0.0000	0.0000
0.3684	0.3893	0.0000	0.0000
0.3694	0.3901	0.0000	0.0000
0.3704	0.3910	0.0000	0.0000
0.3714	0.3918	0.0000	0.0000
0.3724	0.3927	0.0000	0.0000
0.3734	0.3936	0.0000	0.0000
0.3744	0.3944	0.0000	0.0000
0.3754	0.3953	0.0000	0.0000
0.3764	0.3962	0.0000	0.0000
0.3774	0.3970	0.0000	0.0000
0.3784	0.3979	0.0000	0.0000
0.3794	0.3988	0.0000	0.0000
0.3804	0.3996	0.0000	0.0000
0.3814	0.4005	0.0000	0.0000
0.3824	0.4014	0.0000	0.0000
0.3834	0.4023	0.0000	0.0000
0.3844	0.4031	0.0000	0.0000
0.3854	0.4040	0.0000	0.0000
0.3864	0.4049	0.0000	0.0000
0.3874	0.4058	0.0000	0.0000
0.3884	0.4066	0.0000	0.0000
0.3894	0.4075	0.0000	0.0000
0.3904	0.4084	0.0000	0.0000
0.3914	0.4093	0.0000	0.0000
0.3924	0.4102	0.0000	0.0000
0.3934	0.4110	0.0000	0.0000
0.3944	0.4119	0.0000	0.0000
0.3954	0.4128	0.0000	0.0000
0.3964	0.4137	0.0000	0.0000
0.3974	0.4146	0.0000	0.0000
0.3984	0.4155	0.0000	0.0000
0.3994	0.4164	0.0000	0.0000
0.4004	0.4173	0.0000	0.0000
0.4014	0.4182	0.0000	0.0000
0.4024	0.4190	0.0000	0.0000
0.4034	0.4199	0.0000	0.0000
0.4044	0.4208	0.0000	0.0000
0.4054	0.4217	0.0000	0.0000
0.4064	0.4226	0.0000	0.0000
0.4074	0.4235	0.0000	0.0000
0.4084	0.4244	0.0000	0.0000
0.4094	0.4253	0.0000	0.0000
0.4104	0.4262	0.0000	0.0000
0.4114	0.4272	0.0000	0.0000
0.4124	0.4281	0.0000	0.0000
0.4134	0.4290	0.0000	0.0000
0.4144	0.4299	0.0000	0.0000
0.4154	0.4308	0.0000	0.0000
0.4164	0.4317	0.0000	0.0000
0.4174	0.4326	0.0000	0.0000
0.4184	0.4335	0.0000	0.0000
0.4194	0.4344	0.0000	0.0000
0.4204	0.4354	0.0000	0.0000
0.4214	0.4363	0.0000	0.0000
0.4224	0.4372	0.0000	0.0000
0.4234	0.4381	0.0000	0.0000
0.4244	0.4390	0.0000	0.0000
0.4254	0.4400	0.0000	0.0000
0.4264	0.4409	0.0000	0.0000
0.4274	0.4418	0.0000	0.0000
0.4284	0.4428	0.0000	0.0000
0.4294	0.4437	0.0000	0.0000
0.4304	0.4446	0.0000	0.0000
0.4314	0.4455	0.0000	0.0000
0.4324	0.4465	0.0000	0.0000
0.4334	0.4474	0.0000	0.0000
0.4344	0.4484	0.0000	0.0000
0.4354	0.4493	0.0000	0.0000
0.4364	0.4502	0.0000	0.0000
0.4374	0.4512	0.0000	0.0000
0.4384	0.4521	0.0000	0.0000
0.4394	0.4531	0.0000	0.0000
0.4404	0.4540	0.0000	0.0000
0.4414	0.4550	0.0000	0.0000
0.4424	0.4559	0.0000	0.0000
0.4434	0.4569	0.0000	0.0000
0.4444	0.4578	0.0000	0.0000
0.4454	0.4588	0.0000	0.0000
0.4464	0.4597	0.0000	0.0000
0.4474	0.4607	0.0000	0.0000
0.4484	0.4617	0.0000	0.0000
0.4494	0.4626	0.0000	0.0000
0.4505	0.4636	0.0000	0.0000
0.4515	0.4645	0.0000	0.0000
0.4525	0.4655	0.0000	0.0000
0.4535	0.4665	0.0000	0.0000
0.4545	0.4675	0.0000	0.0000
0.4555	0.4684	0.0000	0.0000
0.4565	0.4694	0.0000	0.0000
0.4575	0.4704	0.0000	0.0000
0.4585	0.4714	0.0000	0.0000
0.4595	0.4723	0.0000	0.0000
0.4605	0.4733	0.0000	0.0000
0.4615	0.4743	0.0000	0.0000
0.4625	0.4753	0.0000	0.0000
0.4635	0.4763	0.0000	0.0000
0.4645	0.4773	0.0000	0.0000
0.4655	0.4783	0.0000	0.0000
0.4665	0.4792	0.0000	0.0000
0.4675	0.4802	0.0000	0.0000
0.4685	0.4812	0.0000	0.0000
0.4695	0.4822	0.0000	0.0000
0.4705	0.4832	0.0000	0.0000
0.4715	0.4842	0.0000	0.0000
0.4725	0.4852	0.0000	0.0000
0.4735	0.4863	0.0000	0.0000
0.4745	0.4873	0.0000	0.0000
0.4755	0.4883	0.0000	0.0000
0.4765	0.4893	0.0000	0.0000
0.4775	0.4903	0.0000	0.0000
0.4785	0.4913	0.0000	0.0000
0.4795	0.4923	0.0000	0.0000
0.4805	0.4934	0.0000	0.0000
0.4815	0.4944	0.0000	0.0000
0.4825	0.4954	0.0000	0.0000
0.4835	0.4964	0.0000	0.0000
0.4845	0.4975	0.0000	0.0000
0.4855	0.4985	0.0000	0.0000
0.4865	0.4995	0.0000	0.0000
0.4875	0.5006	0.0000	0.0000
0.4885	0.5016	0.0000	0.0000
0.4895	0.5027	0.0000	0.0000
0.4905	0.5037	0.0000	0.0000
0.4915	0.5047	0.0000	0.0000
0.4925	0.5058	0.0000	0.0000
0.4935	0.5068	0.0000	0.0000
0.4945	0.5079	0.0000	0.0000
0.4955	0.5090	0.0000	0.0000
0.4965	0.5100	0.0000	0.0000
0.4975	0.5111	0.0000	0.0000
0.4985	0.5121	0.0000	0.0000
0.4995	0.5132	0.0000	0.0000
0.5005	0.5146	0.0000	0.0000
0.5015	0.5164	0.0000	0.0000
0.5025	0.5182	0.0000	0.0000
0.5035	0.5200	0.0000	0.0000
0.5045	0.5218	0.0000	0.0000
0.5055	0.5236	0.0000	0.0000
0.5065	0.5253	0.0000	0.0000
0.5075	0.5271	0.0000	0.0000
0.5085	0.5288	0.0000	0.0000
0.5095	0.5305	0.0000	0.0000
0.5105	0.5323	0.0000	0.0000
0.5115	0.5340	0.0000	0.0000
0.5125	0.5357	0.0000	0.0000
0.5135	0.5374	0.0000	0.0000
0.5145	0.5391	0.0000	0.0000
0.5155	0.5408	0.0000	0.0000
0.5165	0.5424	0.0000	0.0000
0.5175	0.5441	0.0000	0.0000
0.5185	0.5457	0.0000	0.0000
0.5195	0.5474	0.0000	0.0000
0.5205	0.5490	0.0000	0.0000
0.5215	0.5507	0.0000	0.0000
0.5225	0.5523	0.0000	0.0000
0.5235	0.5539	0.0000	0.0000
0.5245	0.5555	0.0000	0.0000
0.5255	0.5571	0.0000	0.0000
0.5265	0.5587	0.0000	0.0000
0.5275	0.5603	0.0000	0.0000
0.5285	0.5619	0.0000	0.0000
0.5295	0.5635	0.0000	0.0000
0.5305	0.5650	0.0000	0.0000
0.5315	0.5666	0.0000	0.0000
0.5325	0.5681	0.0000	0.0000
0.5335	0.5697	0.0000	0.0000
0.5345	0.5712	0.0000	0.0000
0.5355	0.5727	0.0000	0.0000
0.5365	0.5743	0.0000	0.0000
0.5375	0.5758	0.0000	0.0000
0.5385	0.5773	0.0000	0.0000
0.5395	0.5788	0.0000	0.0000
0.5405	0.5803	0.0000	0.0000
0.5415	0.5817	0.0000	0.0000
0.5425	0.5832	0.0000	0.0000
0.5435	0.5847	0.0000	0.0000
0.5445	0.5862	0.0000	0.0000
0.5455	0.5876	0.0000	0.0000
0.5465	0.5891	0.0000	0.0000
0.5475	0.5905	0.0000	0.0000
0.5485	0.5919	0.0000	0.0000
0.5495	0.5934	0.0000	0.0000
0.5506	0.5948	0.0000	0.0000
0.5516	0.5962	0.0000	0.0000
0.5526	0.5976	0.0000	0.0000
0.5536	0.5990	0.0000	0.0000
0.5546	0.6004	0.0000	0.0000
0.5556	0.6018	0.0000	0.0000
0.5566	0.6032	0.0000	0.0000
0.5576	0.6046	0.0000	0.0000
0.5586	0.6059	0.0000	0.0000
0.5596	0.6073	0.0000	0.0000
0.5606	0.6087	0.0000	0.0000
0.5616	0.6100	0.0000	0.0000
0.5626	0.6114	0.0000	0.0000
0.5636	0.6127	0.0000	0.0000
0.5646	0.6140	0.0000	0.0000
0.5656	0.6154	0.0000	0.0000
0.5666	0.6167	0.0000	0.0000
0.5676	0.6180	0.0000	0.0000
0.5686	0.6193	0.0000	0.0000
0.5696	0.6206	0.0000	0.0000
0.5706	0.6219	0.0000	0.0000
0.5716	0.6232	0.0000	0.0000
0.5726	0.6245	0.0000	0.0000
0.5736	0.6258	0.0000	0.0000
0.5746	0.6271	0.0000	0.0000
0.5756	0.6283	0.0000	0.0000
0.5766	0.6296	0.0000	0.0000
0.5776	0.6308	0.0000	0.0000
0.5786	0.6321	0.0000	0.0000
0.5796	0.6333	0.0000	0.0000
0.5806	0.6346	0.0000	0.0000
0.5816	0.6358	0.0000	0.0000
0.5826	0.6371	0.0000	0.0000
0.5836	0.6383	0.0000	0.0000
0.5846	0.6395	0.0000	0.0000
0.5856	0.6407	0.0000	0.0000
0.5866	0.6419	0.0000	0.0000
0.5876	0.6431	0.0000	0.0000
0.5886	0.6443	0.0000	0.0000
0.5896	0.6455	0.0000	0.0000
0.5906	0.6467	0.0000	0.0000
0.5916	0.6479	0.0000	0.0000
0.5926	0.6491	0.0000	0.0000
0.5936	0.6502	0.0000	0.0000
0.5946	0.6514	0.0000	0.0000
0.5956	0.6526	0.0000	0.0000
0.5966	0.6537	0.0000	0.0000
0.5976	0.6549	0.0000	0.0000
0.5986	0.6560	0.0000	0.0000
0.5996	0.6572	0.0000	0.0000
0.6006	0.6583	0.0000	0.0000
0.6016	0.6594	0.0000	0.0000
0.6026	0.6606	0.0000	0.0000
0.6036	0.6617	0.0000	0.0000
0.6046	0.6628	0.0000	0.0000
0.6056	0.6639	0.0000	0.0000
0.6066	0.6650	0.0000	0.0000
0.6076	0.6661	0.0000	0.0000
0.6086	0.6672	0.0000	0.0000
0.6096	0.6683	0.0000	0.0000
0.6106	0.6694	0.0000	0.0000
0.6116	0.6705	0.0000	0.0000
0.6126	0.6716	0.0000	0.0000
0.6136	0.6726	0.0000	0.0000
0.6146	0.6737	0.0000	0.0000
0.6156	0.6748	0.0000	0.0000
0.6166	0.6758	0.0000	0.0000
0.6176	0.6769	0.0000	0.0000
0.6186	0.6779	0.0000	0.0000
0.6196	0.6790	0.0000	0.0000
0.6206	0.6800	0.0000	0.0000
0.6216	0.6811	0.0000	0.0000
0.6226	0.6821	0.0000	0.0000
0.6236	0.6831	0.0000	0.0000
0.6246	0.6842	0.0000	0.0000
0.6256	0.6852	0.0000	0.0000
0.6266	0.6862	0.0000	0.0000
0.6276	0.6872	0.0000	0.0000
0.6286	0.6882	0.0000	0.0000
0.6296	0.6892	0.0000	0.0000
0.6306	0.6902	0.0000	0.0000
0.6316	0.6912	0.0000	0.0000
0.6326	0.6922	0.0000	0.0000
0.6336	0.6932	0.0000	0.0000
0.6346	0.6942	0.0000	0.0000
0.6356	0.6952	0.0000	0.0000
0.6366	0.6961	0.0000	0.0000
0.6376	0.6971	0.0000	0.0000
0.6386	0.6981	0.0000	0.0000
0.6396	0.6990	0.0000	0.0000
0.6406	0.7000	0.0000	0.0000
0.6416	0.7009	0.0000	0.0000
0.6426	0.7019	0.0000	0.0000
0.6436	0.7028	0.0000	0.0000
0.6446	0.7038	0.0000	0.0000
0.6456	0.7047	0.0000	0.0000
0.6466	0.7057	0.0000	0.0000
0.6476	0.7066	0.0000	0.0000
0.6486	0.7075	0.0000	0.0000
0.6496	0.7085	0.0000	0.0000
0.6507	0.7094	0.0000	0.0000
0.6517	0.7103	0.0000	0.0000
0.6527	0.7112	0.0000	0.0000
0.6537	0.7121	0.0000	0.0000
0.6547	0.7130	0.0000	0.0000
0.6557	0.7139	0.0000	0.0000
0.6567	0.7148	0.0000	0.0000
0.6577	0.7157	0.0000	0.0000
0.6587	0.7166	0.0000	0.0000
0.6597	0.7175	0.0000	0.0000
0.6607	0.7184	0.0000	0.0000
0.6617	0.7193	0.0000	0.0000
0.6627	0.7201	0.0000	0.0000
0.6637	0.7210	0.0000	0.0000
0.6647	0.7219	0.0000	0.0000
0.6657	0.7228	0.0000	0.0000
0.6667	0.7236	0.0000	0.0000
0.6677	0.7245	0.0000	0.0000
0.6687	0.7253	0.0000	0.0000
0.6697	0.7262	0.0000	0.0000
0.6707	0.7270	0.0000	0.0000
0.6717	0.7279	0.0000	0.0000
0.6727	0.7287	0.0000	0.0000
0.6737	0.7296	0.0000	0.0000
0.6747	0.7304	0.0000	0.0000
0.6757	0.7312	0.0000	0.0000
0.6767	0.7321	0.0000	0.0000
0.6777	0.7329	0.0000	0.0000
0.6787	0.7337	0.0000	0.0000
0.6797	0.7345	0.0000	0.0000
0.6807	0.7354	0.0000	0.0000
0.6817	0.7362	0.0000	0.0000
0.6827	0.7370	0.0000	0.0000
0.6837	0.7378	0.0000	0.0000
0.6847	0.7386	0.0000	0.0000
0.6857	0.7394	0.0000	0.0000
0.6867	0.7402	0.0000	0.0000
0.6877	0.7410	0.0000	0.0000
0.6887	0.7418	0.0000	0.0000
0.6897	0.7426	0.0000	0.0000
0.6907	0.7434	0.0000	0.0000
0.6917	0.7441	0.0000	0.0000
0.6927	0.7449	0.0000	0.0000
0.6937	0.7457	0.0000	0.0000
0.6947	0.7465	0.0000	0.0000
0.6957	0.7473	0.0000	0.0000
0.6967	0.7480	0.0000	0.0000
0.6977	0.7488	0.0000	0.0000
0.6987	0.7496	0.0000	0.0000
0.6997	0.7503	0.0000	0.0000
0.7007	0.7511	0.0000	0.0000
0.7017	0.7518	0.0000	0.0000
0.7027	0.7526	0.0000	0.0000
0.7037	0.7533	0.0000	0.0000
0.7047	0.7541	0.0000	0.0000
0.7057	0.7548	0.0000	0.0000
0.7067	0.7556	0.0000	0.0000
0.7077	0.7563	0.0000	0.0000
0.7087	0.7570	0.0000	0.0000
0.7097	0.7578	0.0000	0.0000
0.7107	0.7585	0.0000	0.0000
0.7117	0.7592	0.0000	0.0000
0.7127	0.7599	0.0000	0.0000
0.7137	0.7607	0.0000	0.0000
0.7147	0.7614	0.0000	0.0000
0.7157	0.7621	0.0000	0.0000
0.7167	0.7628	0.0000	0.0000
0.7177	0.7635	0.0000	0.0000
0.7187	0.7642	0.0000	0.0000
0.7197	0.7649	0.0000	0.0000
0.7207	0.7657	0.0000	0.0000
0.7217	0.7664	0.0000	0.0000
0.7227	0.7671	0.0000	0.0000
0.7237	0.7677	0.0000	0.0000
0.7247	0.7684	0.0000	0.0000
0.7257	0.7691	0.0000	0.0000
0.7267	0.7698	0.0000	0.0000
0.7277	0.7705	0.0000	0.0000
0.7287	0.7712	0.0000	0.0000
0.7297	0.7719	0.0000	0.0000
0.7307	0.7726	0.0000	0.0000
0.7317	0.7732	0.0000	0.0000
0.7327	0.7739	0.0000	0.0000
0.7337	0.7746	0.0000	0.0000
0.7347	0.7752	0.0000	0.0000
0.7357	0.7759	0.0000	0.0000
0.7367	0.7766	0.0000	0.0000
0.7377	0.7772	0.0000	0.0000
0.7387	0.7779	0.0000	0.0000
0.7397	0.7786	0.0000	0.0000
0.7407	0.7792	0.0000	0.0000
0.7417	0.7799	0.0000	0.0000
0.7427	0.7805	0.0000	0.0000
0.7437	0.7812	0.0000	0.0000
0.7447	0.7818	0.0000	0.0000
0.7457	0.7825	0.0000	0.0000
0.7467	0.7831	0.0000	0.0000
0.7477	0.7837	0.0000	0.0000
0.7487	0.7844	0.0000	0.0000
0.7497	0.7850	0.0000	0.0000
0.7508	0.7857	0.0000	0.0000
0.7518	0.7863	0.0000	0.0000
0.7528	0.7869	0.0000	0.0000
0.7538	0.7875	0.0000	0.0000
0.7548	0.7882	0.0000	0.0000
0.7558	0.7888	0.0000	0.0000
0.7568	0.7894	0.0000	0.0000
0.7578	0.7900	0.0000	0.0000
0.7588	0.7907	0.0000	0.0000
0.7598	0.7913	0.0000	0.0000
0.7608	0.7919	0.0000	0.0000
0.7618	0.7925	0.0000	0.0000
0.7628	0.7931	0.0000	0.0000
0.7638	0.7937	0.0000	0.0000
0.7648	0.7943	0.0000	0.0000
0.7658	0.7949	0.0000	0.0000
0.7668	0.7955	0.0000	0.0000
0.7678	0.7961	0.0000	0.0000
0.7688	0.7967	0.0000	0.0000
0.7698	0.7973	0.0000	0.0000
0.7708	0.7979	0.0000	0.0000
0.7718	0.7985	0.0000	0.0000
0.7728	0.7991	0.0000	0.0000
0.7738	0.7997	0.0000	0.0000
0.7748	0.8003	0.0000	0.0000
0.7758	0.8008	0.0000	0.0000
0.7768	0.8014	0.0000	0.0000
0.7778	0.8020	0.0000	0.0000
0.7788	0.8026	0.0000	0.0000
0.7798	0.8032	0.0000	0.0000
0.7808	0.8037	0.0000	0.0000
0.7818	0.8043	0.0000	0.0000
0.7828	0.8049	0.0000	0.0000
0.7838	0.8054	0.0000	0.0000
0.7848	0.8060	0.0000	0.0000
0.7858	0.8066	0.0000	0.0000
0.7868	0.8071	0.0000	0.0000
0.7878	0.8077	0.0000	0.0000
0.7888	0.8083	0.0000	0.0000
0.7898	0.8088	0.0000	0.0000
0.7908	0.8094	0.0000	0.0000
0.7918	0.8099	0.0000	0.0000
0.7928	0.8105	0.0000	0.0000
0.7938	0.8110	0.0000	0.0000
0.7948	0.8116	0.0000	0.0000
0.7958	0.8121	0.0000	0.0000
0.7968	0.8127	0.0000	0.0000
0.7978	0.8132	0.0000	0.0000
0.7988	0.8138	0.0000	0.0000
0.7998	0.8143	0.0000	0.0000
0.8008	0.8149	0.0000	0.0000
0.8018	0.8154	0.0000	0.0000
0.8028	0.8159	0.0000	0.0000
0.8038	0.8165	0.0000	0.0000
0.8048	0.8170	0.0000	0.0000
0.8058	0.8175	0.0000	0.0000
0.8068	0.8181	0.0000	0.0000
0.8078	0.8186	0.0000	0.0000
0.8088	0.8191	0.0000	0.0000
0.8098	0.8197	0.0000	0.0000
0.8108	0.8202	0.0000	0.0000
0.8118	0.8207	0.0000	0.0000
0.8128	0.8212	0.0000	0.0000
0.8138	0.8218	0.0000	0.0000
0.8148	0.8223	0.0000	0.0000
0.8158	0.8228	0.0000	0.0000
0.8168	0.8233	0.0000	0.0000
0.8178	0.8238	0.0000	0.0000
0.8188	0.8243	0.0000	0.0000
0.8198	0.8249	0.0000	0.0000
0.8208	0.8254	0.0000	0.0000
0.8218	0.8259	0.0000	0.0000
0.8228	0.8264	0.0000	0.0000
0.8238	0.8269	0.0000	0.0000
0.8248	0.8274	0.0000	0.0000
0.8258	0.8279	0.0000	0.0000
0.8268	0.8284	0.0000	0.0000
0.8278	0.8289	0.0000	0.0000
0.8288	0.8294	0.0000	0.0000
0.8298	0.8299	0.0000	0.0000
0.8308	0.8304	0.0000	0.0000
0.8318	0.8309	0.0000	0.0000
0.8328	0.8314	0.0000	0.0000
0.8338	0.8319	0.0000	0.0000
0.8348	0.8324	0.0000	0.0000
0.8358	0.8329	0.0000	0.0000
0.8368	0.8333	0.0000	0.0000
0.8378	0.8338	0.0000	0.0000
0.8388	0.8343	0.0000	0.0000
0.8398	0.8348	0.0000	0.0000
0.8408	0.8353	0.0000	0.0000
0.8418	0.8358	0.0000	0.0000
0.8428	0.8363	0.0000	0.0000
0.8438	0.8367	0.0000	0.0000
0.8448	0.8372	0.0000	0.0000
0.8458	0.8377	0.0000	0.0000
0.8468	0.8382	0.0000	0.0000
0.8478	0.8386	0.0000	0.0000
0.8488	0.8391	0.0000	0.0000
0.8498	0.8396	0.0000	0.0000
0.8509	0.8401	0.0000	0.0000
0.8519	0.8405	0.0000	0.0000
0.8529	0.8410	0.0000	0.0000
0.8539	0.8415	0.0000	0.0000
0.8549	0.8419	0.0000	0.0000
0.8559	0.8424	0.0000	0.0000
0.8569	0.8429	0.0000	0.0000
0.8579	0.8433	0.0000	0.0000
0.8589	0.8438	0.0000	0.0000
0.8599	0.8443	0.0000	0.0000
0.8609	0.8447	0.0000	0.0000
0.8619	0.8452	0.0000	0.0000
0.8629	0.8457	0.0000	0.0000
0.8639	0.8461	0.0000	0.0000
0.8649	0.8466	0.0000	0.0000
0.8659	0.8470	0.0000	0.0000
0.8669	0.8475	0.0000	0.0000
0.8679	0.8479	0.0000	0.0000
0.8689	0.8484	0.0000	0.0000
0.8699	0.8488	0.0000	0.0000
0.8709	0.8493	0.0000	0.0000
0.8719	0.8497	0.0000	0.0000
0.8729	0.8502	0.0000	0.0000
0.8739	0.8506	0.0000	0.0000
0.8749	0.8511	0.0000	0.0000
0.8759	0.8515	0.0000	0.0000
0.8769	0.8520	0.0000	0.0000
0.8779	0.8524	0.0000	0.0000
0.8789	0.8529	0.0000	0.0000
0.8799	0.8533	0.0000	0.0000
0.8809	0.8537	0.0000	0.0000
0.8819	0.8542	0.0000	0.0000
0.8829	0.8546	0.0000	0.0000
0.8839	0.8551	0.0000	0.0000
0.8849	0.8555	0.0000	0.0000
0.8859	0.8559	0.0000	0.0000
0.8869	0.8564	0.0000	0.0000
0.8879	0.8568	0.0000	0.0000
0.8889	0.8572	0.0000	0.0000
0.8899	0.8577	0.0000	0.0000
0.8909	0.8581	0.0000	0.0000
0.8919	0.8585	0.0000	0.0000
0.8929	0.8590	0.0000	0.0000
0.8939	0.8594	0.0000	0.0000
0.8949	0.8598	0.0000	0.0000
0.8959	0.8603	0.0000	0.0000
0.8969	0.8607	0.0000	0.0000
0.8979	0.8611	0.0000	0.0000
0.8989	0.8616	0.0000	0.0000
0.8999	0.8620	0.0000	0.0000
0.9009	0.8624	0.0000	0.0000
0.9019	0.8628	0.0000	0.0000
0.9029	0.8633	0.0000	0.0000
0.9039	0.8637	0.0000	0.0000
0.9049	0.8641	0.0000	0.0000
0.9059	0.8645	0.0000	0.0000
0.9069	0.8649	0.0000	0.0000
0.9079	0.8654	0.0000	0.0000
0.9089	0.8658	0.0000	0.0000
0.9099	0.8662	0.0000	0.0000
0.9109	0.8666	0.0000	0.0000
0.9119	0.8670	0.0000	0.0000
0.9129	0.8675	0.0000	0.0000
0.9139	0.8679	0.0000	0.0000
0.9149	0.8683	0.0000	0.0000
0.9159	0.8687	0.0000	0.0000
0.9169	0.8691	0.0000	0.0000
0.9179	0.8695	0.0000	0.0000
0.9189	0.8699	0.0000	0.0000
0.9199	0.8704	0.0000	0.0000
0.9209	0.8708	0.0000	0.0000
0.9219	0.8712	0.0000	0.0000
0.9229	0.8716	0.0000	0.0000
0.9239	0.8720	0.0000	0.0000
0.9249	0.8724	0.0000	0.0000
0.9259	0.8728	0.0000	0.0000
0.9269	0.8732	0.0000	0.0000
0.9279	0.8736	0.0000	0.0000
0.9289	0.8740	0.0000	0.0000
0.9299	0.8744	0.0000	0.0000
0.9309	0.8749	0.0000	0.0000
0.9319	0.8753	0.0000	0.0000
0.9329	0.8757	0.0000	0.0000
0.9339	0.8761	0.0000	0.0000
0.9349	0.8765	0.0000	0.0000
0.9359	0.8769	0.0000	0.0000
0.9369	0.8773	0.0000	0.0000
0.9379	0.8777	0.0000	0.0000
0.9389	0.8781	0.0000	0.0000
0.9399	0.8785	0.0000	0.0000
0.9409	0.8789	0.0000	0.0000
0.9419	0.8793	0.0000	0.0000
0.9429	0.8797	0.0000	0.0000
0.9439	0.8801	0.0000	0.0000
0.9449	0.8805	0.0000	0.0000
0.9459	0.8809	0.0000	0.0000
0.9469	0.8813	0.0000	0.0000
0.9479	0.8817	0.0000	0.0000
0.9489	0.8821	0.0000	0.0000
0.9499	0.8825	0.0000	0.0000
0.9510	0.8829	0.0000	0.0000
0.9520	0.8833	0.0000	0.0000
0.9530	0.8837	0.0000	0.0000
0.9540	0.8841	0.0000	0.0000
0.9550	0.8845	0.0000	0.0000
0.9560	0.8849	0.0000	0.0000
0.9570	0.8853	0.0000	0.0000
0.9580	0.8857	0.0000	0.0000
0.9590	0.8861	0.0000	0.0000
0.9600	0.8865	0.0000	0.0000
0.9610	0.8869	0.0000	0.0000
0.9620	0.8873	0.0000	0.0000
0.9630	0.8877	0.0000	0.0000
0.9640	0.8880	0.0000	0.0000
0.9650	0.8884	0.0000	0.0000
0.9660	0.8888	0.0000	0.0000
0.9670	0.8892	0.0000	0.0000
0.9680	0.8896	0.0000	0.0000
0.9690	0.8900	0.0000	0.0000
0.9700	0.8904	0.0000	0.0000
0.9710	0.8908	0.0000	0.0000
0.9720	0.8912	0.0000	0.0000
0.9730	0.8916	0.0000	0.0000
0.9740	0.8920	0.0000	0.0000
0.9750	0.8924	0.0000	0.0000
0.9760	0.8928	0.0000	0.0000
0.9770	0.8932	0.0000	0.0000
0.9780	0.8936	0.0000	0.0000
0.9790	0.8940	0.0000	0.0000
0.9800	0.8944	0.0000	0.0000
0.9810	0.8947	0.0000	0.0000
0.9820	0.8951	0.0000	0.0000
0.9830	0.8955	0.0000	0.0000
0.9840	0.8959	0.0000	0.0000
0.9850	0.8963	0.0000	0.0000
0.9860	0.8967	0.0000	0.0000
0.9870	0.8971	0.0000	0.0000
0.9880	0.8975	0.0000	0.0000
0.9890	0.8979	0.0000	0.0000
0.9900	0.8983	0.0000	0.0000
0.9910	0.8987	0.0000	0.0000
0.9920	0.8991	0.0000	0.0000
0.9930	0.8995	0.0000	0.0000
0.9940	0.8999	0.0000	0.0000
0.9950	0.9003	0.0000	0.0000
0.9960	0.9007	0.0000	0.0000
0.9970	0.9011	0.0000	0.0000
0.9980	0.9015	0.0000	0.0000
0.9990	0.9019	0.0000	0.0000
1.0000	0.9023	0.0000	0.0000
0.8308
