0.0000	0.1755	0.0000	0.0000
0.0010	0.1762	0.0000	0.0000
0.0020	0.1769	0.0000	0.0000
0.0030	0.1775	0.0000	0.0000
0.0040	0.1782	0.0000	0.0000
0.0050	0.1789	0.0000	0.0000
0.0060	0.1796	0.0000	0.0000
0.0070	0.1802	0.0000	0.0000
0.0080	0.1809	0.0000	0.0000
0.0090	0.1816	0.0000	0.0000
0.0100	0.1822	0.0000	0.0000
0.0110	0.1829	0.0000	0.0000
0.0120	0.1836	0.0000	0.0000
0.0130	0.1842	0.0000	0.0000
0.0140	0.1849	0.0000	0.0000
0.0150	0.1856	0.0000	0.0000
0.0160	0.1862	0.0000	0.0000
0.0170	0.1869	0.0000	0.0000
0.0180	0.1876	0.0000	0.0000
0.0190	0.1882	0.0000	0.0000
0.0200	0.1889	0.0000	0.0000
0.0210	0.1896	0.0000	0.0000
0.0220	0.1902	0.0000	0.0000
0.0230	0.1909	0.0000	0.0000
0.0240	0.1916	0.0000	0.0000
0.0250	0.1922	0.0000	0.0000
0.0260	0.1929	0.0000	0.0000
0.0270	0.1935	0.0000	0.0000
0.0280	0.1942	0.0000	0.0000
0.0290	0.1949	0.0000	0.0000
0.0300	0.1955	0.0000	0.0000
0.0310	0.1962	0.0000	0.0000
0.0320	0.1968	0.0000	0.0000
0.0330	0.1975	0.0000	0.0000
0.0340	0.1981	0.0000	0.0000
0.0350	0.1988	0.0000	0.0000
0.0360	0.1994	0.0000	0.0000
0.0370	0.2001	0.0000	0.0000
0.0380	0.2007	0.0000	0.0000
0.0390	0.2014	0.0000	0.0000
0.0400	0.2020	0.0000	0.0000
0.0410	0.2027	0.0000	0.0000
0.0420	0.2034	0.0000	0.0000
0.0430	0.2040	0.0000	0.0000
0.0440	0.2046	0.0000	0.0000
0.0450	0.2053	0.0000	0.0000
0.0460	0.2059	0.0000	0.0000
0.0470	0.2066	0.0000	0.0000
0.0480	0.2072	0.0000	0.0000
0.0490	0.2079	0.0000	0.0000
0.0501	0.2085	0.0000	0.0000
0.0511	0.2092	0.0000	0.0000
0.0521	0.2098	0.0000	0.0000
0.0531	0.2105	0.0000	0.0000
0.0541	0.2111	0.0000	0.0000
0.0551	0.2117	0.0000	0.0000
0.0561	0.2124	0.0000	0.0000
0.0571	0.2130	0.0000	0.0000
0.0581	0.2137	0.0000	0.0000
0.0591	0.2143	0.0000	0.0000
0.0601	0.2149	0.0000	0.0000
0.0611	0.2156	0.0000	0.0000
0.0621	0.2162	0.0000	0.0000
0.0631	0.2169	0.0000	0.0000
0.0641	0.2175	0.0000	0.0000
0.0651	0.2181	0.0000	0.0000
0.0661	0.2188	0.0000	0.0000
0.0671	0.2194	0.0000	0.0000
0.0681	0.2200	0.0000	0.0000
0.0691	0.2207	0.0000	0.0000
0.0701	0.2213	0.0000	0.0000
0.0711	0.2219	0.0000	0.0000
0.0721	0.2226	0.0000	0.0000
0.0731	0.2232	0.0000	0.0000
0.0741	0.2238	0.0000	0.0000
0.0751	0.2245	0.0000	0.0000
0.0761	0.2251	0.0000	0.0000
0.0771	0.2257	0.0000	0.0000
0.0781	0.2264	0.0000	0.0000
0.0791	0.2270	0.0000	0.0000
0.0801	0.2276	0.0000	0.0000
0.0811	0.2282	0.0000	0.0000
0.0821	0.2289	0.0000	0.0000
0.0831	0.2295	0.0000	0.0000
0.0841	0.2301	0.0000	0.0000
0.0851	0.2307	0.0000	0.0000
0.0861	0.2314	0.0000	0.0000
0.0871	0.2320	0.0000	0.0000
0.0881	0.2326	0.0000	0.0000
0.0891	0.2332	0.0000	0.0000
0.0901	0.2339	0.0000	0.0000
0.0911	0.2345	0.0000	0.0000
0.0921	0.2351	0.0000	0.0000
0.0931	0.2357	0.0000	0.0000
0.0941	0.2363	0.0000	0.0000
0.0951	0.2370	0.0000	0.0000
0.0961	0.2376	0.0000	0.0000
0.0971	0.2382	0.0000	0.0000
0.0981	0.2388	0.0000	0.0000
0.0991	0.2394	0.0000	0.0000
0.1001	0.2401	0.0000	0.0000
0.1011	0.2407	0.0000	0.0000
0.1021	0.2413	0.0000	0.0000
0.1031	0.2419	0.0000	0.0000
0.1041	0.2425	0.0000	0.0000
0.1051	0.2431	0.0000	0.0000
0.1061	0.2438	0.0000	0.0000
0.1071	0.2444	0.0000	0.0000
0.1081	0.2450	0.0000	0.0000
0.1091	0.2456	0.0000	0.0000
0.1101	0.2462	0.0000	0.0000
0.1111	0.2468	0.0000	0.0000
0.1121	0.2474	0.0000	0.0000
0.1131	0.2480	0.0000	0.0000
0.1141	0.2486	0.0000	0.0000
0.1151	0.2493	0.0000	0.0000
0.1161	0.2499	0.0000	0.0000
0.1171	0.2505	0.0000	0.0000
0.1181	0.2511	0.0000	0.0000
0.1191	0.2517	0.0000	0.0000
0.1201	0.2523	0.0000	0.0000
0.1211	0.2529	0.0000	0.0000
0.1221	0.2535	0.0000	0.0000
0.1231	0.2541	0.0000	0.0000
0.1241	0.2547	0.0000	0.0000
0.1251	0.2553	0.0000	0.0000
0.1261	0.2559	0.0000	0.0000
0.1271	0.2565	0.0000	0.0000
0.1281	0.2571	0.0000	0.0000
0.1291	0.2578	0.0000	0.0000
0.1301	0.2584	0.0000	0.0000
0.1311	0.2590	0.0000	0.0000
0.1321	0.2596	0.0000	0.0000
0.1331	0.2602	0.0000	0.0000
0.1341	0.2608	0.0000	0.0000
0.1351	0.2614	0.0000	0.0000
0.1361	0.2620	0.0000	0.0000
0.1371	0.2626	0.0000	0.0000
0.1381	0.2632	0.0000	0.0000
0.1391	0.2638	0.0000	0.0000
0.1401	0.2644	0.0000	0.0000
0.1411	0.2650	0.0000	0.0000
0.1421	0.2656	0.0000	0.0000
0.1431	0.2662	0.0000	0.0000
0.1441	0.2668	0.0000	0.0000
0.1451	0.2674	0.0000	0.0000
0.1461	0.2680	0.0000	0.0000
0.1471	0.2686	0.0000	0.0000
0.1481	0.2691	0.0000	0.0000
0.1491	0.2697	0.0000	0.0000
0.1502	0.2703	0.0000	0.0000
0.1512	0.2709	0.0000	0.0000
0.1522	0.2715	0.0000	0.0000
0.1532	0.2721	0.0000	0.0000
0.1542	0.2727	0.0000	0.0000
0.1552	0.2733	0.0000	0.0000
0.1562	0.2739	0.0000	0.0000
0.1572	0.2745	0.0000	0.0000
0.1582	0.2751	0.0000	0.0000
0.1592	0.2757	0.0000	0.0000
0.1602	0.2763	0.0000	0.0000
0.1612	0.2769	0.0000	0.0000
0.1622	0.2775	0.0000	0.0000
0.1632	0.2780	0.0000	0.0000
0.1642	0.2786	0.0000	0.0000
0.1652	0.2792	0.0000	0.0000
0.1662	0.2798	0.0000	0.0000
0.1672	0.2804	0.0000	0.0000
0.1682	0.2810	0.0000	0.0000
0.1692	0.2816	0.0000	0.0000
0.1702	0.2822	0.0000	0.0000
0.1712	0.2828	0.0000	0.0000
0.1722	0.2834	0.0000	0.0000
0.1732	0.2839	0.0000	0.0000
0.1742	0.2845	0.0000	0.0000
0.1752	0.2851	0.0000	0.0000
0.1762	0.2857	0.0000	0.0000
0.1772	0.2863	0.0000	0.0000
0.1782	0.2869	0.0000	0.0000
0.1792	0.2875	0.0000	0.0000
0.1802	0.2881	0.0000	0.0000
0.1812	0.2886	0.0000	0.0000
0.1822	0.2892	0.0000	0.0000
0.1832	0.2898	0.0000	0.0000
0.1842	0.2904	0.0000	0.0000
0.1852	0.2910	0.0000	0.0000
0.1862	0.2916	0.0000	0.0000
0.1872	0.2922	0.0000	0.0000
0.1882	0.2927	0.0000	0.0000
0.1892	0.2933	0.0000	0.0000
0.1902	0.2939	0.0000	0.0000
0.1912	0.2945	0.0000	0.0000
0.1922	0.2951	0.0000	0.0000
0.1932	0.2957	0.0000	0.0000
0.1942	0.2962	0.0000	0.0000
0.1952	0.2968	0.0000	0.0000
0.1962	0.2974	0.0000	0.0000
0.1972	0.2980	0.0000	0.0000
0.1982	0.2986	0.0000	0.0000
0.1992	0.2991	0.0000	0.0000
0.2002	0.2997	0.0000	0.0000
0.2012	0.3003	0.0000	0.0000
0.2022	0.3009	0.0000	0.0000
0.2032	0.3015	0.0000	0.0000
0.2042	0.3021	0.0000	0.0000
0.2052	0.3026	0.0000	0.0000
0.2062	0.3032	0.0000	0.0000
0.2072	0.3038	0.0000	0.0000
0.2082	0.3044	0.0000	0.0000
0.2092	0.3050	0.0000	0.0000
0.2102	0.3055	0.0000	0.0000
0.2112	0.3061	0.0000	0.0000
0.2122	0.3067	0.0000	0.0000
0.2132	0.3073	0.0000	0.0000
0.2142	0.3079	0.0000	0.0000
0.2152	0.3084	0.0000	0.0000
0.2162	0.3090	0.0000	0.0000
0.2172	0.3096	0.0000	0.0000
0.2182	0.3102	0.0000	0.0000
0.2192	0.3108	0.0000	0.0000
0.2202	0.3113	0.0000	0.0000
0.2212	0.3119	0.0000	0.0000
0.2222	0.3125	0.0000	0.0000
0.2232	0.3131	0.0000	0.0000
0.2242	0.3137	0.0000	0.0000
0.2252	0.3142	0.0000	0.0000
0.2262	0.3148	0.0000	0.0000
0.2272	0.3154	0.0000	0.0000
0.2282	0.3160	0.0000	0.0000
0.2292	0.3166	0.0000	0.0000
0.2302	0.3171	0.0000	0.0000
0.2312	0.3177	0.0000	0.0000
0.2322	0.3183	0.0000	0.0000
0.2332	0.3189	0.0000	0.0000
0.2342	0.3195	0.0000	0.0000
0.2352	0.3200	0.0000	0.0000
0.2362	0.3206	0.0000	0.0000
0.2372	0.3212	0.0000	0.0000
0.2382	0.3218	0.0000	0.0000
0.2392	0.3223	0.0000	0.0000
0.2402	0.3229	0.0000	0.0000
0.2412	0.3235	0.0000	0.0000
0.2422	0.3241	0.0000	0.0000
0.2432	0.3247	0.0000	0.0000
0.2442	0.3252	0.0000	0.0000
0.2452	0.3258	0.0000	0.0000
0.2462	0.3264	0.0000	0.0000
0.2472	0.3270	0.0000	0.0000
0.2482	0.3276	0.0000	0.0000
0.2492	0.3281	0.0000	0.0000
0.2503	0.3287	0.0000	0.0000
0.2513	0.3293	0.0000	0.0000
0.2523	0.3299	0.0000	0.0000
0.2533	0.3305	0.0000	0.0000
0.2543	0.3310	0.0000	0.0000
0.2553	0.3316	0.0000	0.0000
0.2563	0.3322	0.0000	0.0000
0.2573	0.3328	0.0000	0.0000
0.2583	0.3334	0.0000	0.0000
0.2593	0.3339	0.0000	0.0000
0.2603	0.3345	0.0000	0.0000
0.2613	0.3351	0.0000	0.0000
0.2623	0.3357	0.0000	0.0000
0.2633	0.3363	0.0000	0.0000
0.2643	0.3369	0.0000	0.0000
0.2653	0.3374	0.0000	0.0000
0.2663	0.3380	0.0000	0.0000
0.2673	0.3386	0.0000	0.0000
0.2683	0.3392	0.0000	0.0000
0.2693	0.3398	0.0000	0.0000
0.2703	0.3403	0.0000	0.0000
0.2713	0.3409	0.0000	0.0000
0.2723	0.3415	0.0000	0.0000
0.2733	0.3421	0.0000	0.0000
0.2743	0.3427	0.0000	0.0000
0.2753	0.3433	0.0000	0.0000
0.2763	0.3438	0.0000	0.0000
0.2773	0.3444	0.0000	0.0000
0.2783	0.3450	0.0000	0.0000
0.2793	0.3456	0.0000	0.0000
0.2803	0.3462	0.0000	0.0000
0.2813	0.3468	0.0000	0.0000
0.2823	0.3474	0.0000	0.0000
0.2833	0.3479	0.0000	0.0000
0.2843	0.3485	0.0000	0.0000
0.2853	0.3491	0.0000	0.0000
0.2863	0.3497	0.0000	0.0000
0.2873	0.3503	0.0000	0.0000
0.2883	0.3509	0.0000	0.0000
0.2893	0.3515	0.0000	0.0000
0.2903	0.3521	0.0000	0.0000
0.2913	0.3526	0.0000	0.0000
0.2923	0.3532	0.0000	0.0000
0.2933	0.3538	0.0000	0.0000
0.2943	0.3544	0.0000	0.0000
0.2953	0.3550	0.0000	0.0000
0.2963	0.3556	0.0000	0.0000
0.2973	0.3562	0.0000	0.0000
0.2983	0.3568	0.0000	0.0000
0.2993	0.3574	0.0000	0.0000
0.3003	0.3580	0.0000	0.0000
0.3013	0.3586	0.0000	0.0000
0.3023	0.3592	0.0000	0.0000
0.3033	0.3597	0.0000	0.0000
0.3043	0.3603	0.0000	0.0000
0.3053	0.3609	0.0000	0.0000
0.3063	0.3615	0.0000	0.0000
0.3073	0.3621	0.0000	0.0000
0.3083	0.3627	0.0000	0.0000
0.3093	0.3633	0.0000	0.0000
0.3103	0.3639	0.0000	0.0000
0.3113	0.3645	0.0000	0.0000
0.3123	0.3651	0.0000	0.0000
0.3133	0.3657	0.0000	0.0000
0.3143	0.3663	0.0000	0.0000
0.3153	0.3669	0.0000	0.0000
0.3163	0.3675	0.0000	0.0000
0.3173	0.3681	0.0000	0.0000
0.3183	0.3687	0.0000	0.0000
0.3193	0.3693	0.0000	0.0000
0.3203	0.3699	0.0000	0.0000
0.3213	0.3705	0.0000	0.0000
0.3223	0.3711	0.0000	0.0000
0.3233	0.3717	0.0000	0.0000
0.3243	0.3723	0.0000	0.0000
0.3253	0.3729	0.0000	0.0000
0.3263	0.3736	0.0000	0.0000
0.3273	0.3742	0.0000	0.0000
0.3283	0.3748	0.0000	0.0000
0.3293	0.3754	0.0000	0.0000
0.3303	0.3760	0.0000	0.0000
0.3313	0.3766	0.0000	0.0000
0.3323	0.3772	0.0000	0.0000
0.3333	0.3778	0.0000	0.0000
0.3343	0.3784	0.0000	0.0000
0.3353	0.3790	0.0000	0.0000
0.3363	0.3797	0.0000	0.0000
0.3373	0.3803	0.0000	0.0000
0.3383	0.3809	0.0000	0.0000
0.3393	0.3815	0.0000	0.0000
0.3403	0.3821	0.0000	0.0000
0.3413	0.3827	0.0000	0.0000
0.3423	0.3834	0.0000	0.0000
0.3433	0.3840	0.0000	0.0000
0.3443	0.3846	0.0000	0.0000
0.3453	0.3852	0.0000	0.0000
0.3463	0.3858	0.0000	0.0000
0.3473	0.3865	0.0000	0.0000
0.3483	0.3871	0.0000	0.0000
0.3493	0.3877	0.0000	0.0000
0.3504	0.3883	0.0000	0.0000
0.3514	0.3890	0.0000	0.0000
0.3524	0.3896	0.0000	0.0000
0.3534	0.3902	0.0000	0.0000
0.3544	0.3909	0.0000	0.0000
0.3554	0.3915	0.0000	0.0000
0.3564	0.3921	0.0000	0.0000
0.3574	0.3927	0.0000	0.0000
0.3584	0.3934	0.0000	0.0000
0.3594	0.3940	0.0000	0.0000
0.3604	0.3946	0.0000	0.0000
0.3614	0.3953	0.0000	0.0000
0.3624	0.3959	0.0000	0.0000
0.3634	0.3966	0.0000	0.0000
0.3644	0.3972	0.0000	0.0000
0.3654	0.3978	0.0000	0.0000
0.3664	0.3985	0.0000	0.0000
0.3674	0.3991	0.0000	0.0000
0.3684	0.3998	0.0000	0.0000
0.3694	0.4004	0.0000	0.0000
0.3704	0.4011	0.0000	0.0000
0.3714	0.4017	0.0000	0.0000
0.3724	0.4024	0.0000	0.0000
0.3734	0.4030	0.0000	0.0000
0.3744	0.4037	0.0000	0.0000
0.3754	0.4043	0.0000	0.0000
0.3764	0.4050	0.0000	0.0000
0.3774	0.4056	0.0000	0.0000
0.3784	0.4063	0.0000	0.0000
0.3794	0.4069	0.0000	0.0000
0.3804	0.4076	0.0000	0.0000
0.3814	0.4082	0.0000	0.0000
0.3824	0.4089	0.0000	0.0000
0.3834	0.4096	0.0000	0.0000
0.3844	0.4102	0.0000	0.0000
0.3854	0.4109	0.0000	0.0000
0.3864	0.4116	0.0000	0.0000
0.3874	0.4122	0.0000	0.0000
0.3884	0.4129	0.0000	0.0000
0.3894	0.4136	0.0000	0.0000
0.3904	0.4142	0.0000	0.0000
0.3914	0.4149	0.0000	0.0000
0.3924	0.4156	0.0000	0.0000
0.3934	0.4163	0.0000	0.0000
0.3944	0.4169	0.0000	0.0000
0.3954	0.4176	0.0000	0.0000
0.3964	0.4183	0.0000	0.0000
0.3974	0.4190	0.0000	0.0000
0.3984	0.4197	0.0000	0.0000
0.3994	0.4203	0.0000	0.0000
0.4004	0.4210	0.0000	0.0000
0.4014	0.4217	0.0000	0.0000
0.4024	0.4224	0.0000	0.0000
0.4034	0.4231	0.0000	0.0000
0.4044	0.4238	0.0000	0.0000
0.4054	0.4245	0.0000	0.0000
0.4064	0.4252	0.0000	0.0000
0.4074	0.4259	0.0000	0.0000
0.4084	0.4266	0.0000	0.0000
0.4094	0.4273	0.0000	0.0000
0.4104	0.4280	0.0000	0.0000
0.4114	0.4287	0.0000	0.0000
0.4124	0.4294	0.0000	0.0000
0.4134	0.4301	0.0000	0.0000
0.4144	0.4308	0.0000	0.0000
0.4154	0.4315	0.0000	0.0000
0.4164	0.4322	0.0000	0.0000
0.4174	0.4329	0.0000	0.0000
0.4184	0.4337	0.0000	0.0000
0.4194	0.4344	0.0000	0.0000
0.4204	0.4351	0.0000	0.0000
0.4214	0.4358	0.0000	0.0000
0.4224	0.4365	0.0000	0.0000
0.4234	0.4373	0.0000	0.0000
0.4244	0.4380	0.0000	0.0000
0.4254	0.4387	0.0000	0.0000
0.4264	0.4395	0.0000	0.0000
0.4274	0.4402	0.0000	0.0000
0.4284	0.4409	0.0000	0.0000
0.4294	0.4417	0.0000	0.0000
0.4304	0.4424	0.0000	0.0000
0.4314	0.4431	0.0000	0.0000
0.4324	0.4439	0.0000	0.0000
0.4334	0.4446	0.0000	0.0000
0.4344	0.4454	0.0000	0.0000
0.4354	0.4461	0.0000	0.0000
0.4364	0.4469	0.0000	0.0000
0.4374	0.4476	0.0000	0.0000
0.4384	0.4484	0.0000	0.0000
0.4394	0.4492	0.0000	0.0000
0.4404	0.4499	0.0000	0.0000
0.4414	0.4507	0.0000	0.0000
0.4424	0.4515	0.0000	0.0000
0.4434	0.4522	0.0000	0.0000
0.4444	0.4530	0.0000	0.0000
0.4454	0.4538	0.0000	0.0000
0.4464	0.4545	0.0000	0.0000
0.4474	0.4553	0.0000	0.0000
0.4484	0.4561	0.0000	0.0000
0.4494	0.4569	0.0000	0.0000
0.4505	0.4577	0.0000	0.0000
0.4515	0.4584	0.0000	0.0000
0.4525	0.4592	0.0000	0.0000
0.4535	0.4600	0.0000	0.0000
0.4545	0.4608	0.0000	0.0000
0.4555	0.4616	0.0000	0.0000
0.4565	0.4624	0.0000	0.0000
0.4575	0.4632	0.0000	0.0000
0.4585	0.4640	0.0000	0.0000
0.4595	0.4648	0.0000	0.0000
0.4605	0.4656	0.0000	0.0000
0.4615	0.4665	0.0000	0.0000
0.4625	0.4673	0.0000	0.0000
0.4635	0.4681	0.0000	0.0000
0.4645	0.4689	0.0000	0.0000
0.4655	0.4697	0.0000	0.0000
0.4665	0.4706	0.0000	0.0000
0.4675	0.4714	0.0000	0.0000
0.4685	0.4722	0.0000	0.0000
0.4695	0.4731	0.0000	0.0000
0.4705	0.4739	0.0000	0.0000
0.4715	0.4747	0.0000	0.0000
0.4725	0.4756	0.0000	0.0000
0.4735	0.4764	0.0000	0.0000
0.4745	0.4773	0.0000	0.0000
0.4755	0.4781	0.0000	0.0000
0.4765	0.4790	0.0000	0.0000
0.4775	0.4799	0.0000	0.0000
0.4785	0.4807	0.0000	0.0000
0.4795	0.4816	0.0000	0.0000
0.4805	0.4825	0.0000	0.0000
0.4815	0.4833	0.0000	0.0000
0.4825	0.4842	0.0000	0.0000
0.4835	0.4851	0.0000	0.0000
0.4845	0.4860	0.0000	0.0000
0.4855	0.4868	0.0000	0.0000
0.4865	0.4877	0.0000	0.0000
0.4875	0.4886	0.0000	0.0000
0.4885	0.4895	0.0000	0.0000
0.4895	0.4904	0.0000	0.0000
0.4905	0.4913	0.0000	0.0000
0.4915	0.4922	0.0000	0.0000
0.4925	0.4931	0.0000	0.0000
0.4935	0.4941	0.0000	0.0000
0.4945	0.4950	0.0000	0.0000
0.4955	0.4959	0.0000	0.0000
0.4965	0.4968	0.0000	0.0000
0.4975	0.4977	0.0000	0.0000
0.4985	0.4987	0.0000	0.0000
0.4995	0.4996	0.0000	0.0000
0.5005	0.5005	0.0000	0.0000
0.5015	0.5015	0.0000	0.0000
0.5025	0.5024	0.0000	0.0000
0.5035	0.5033	0.0000	0.0000
0.5045	0.5043	0.0000	0.0000
0.5055	0.5052	0.0000	0.0000
0.5065	0.5061	0.0000	0.0000
0.5075	0.5070	0.0000	0.0000
0.5085	0.5079	0.0000	0.0000
0.5095	0.5088	0.0000	0.0000
0.5105	0.5097	0.0000	0.0000
0.5115	0.5106	0.0000	0.0000
0.5125	0.5115	0.0000	0.0000
0.5135	0.5124	0.0000	0.0000
0.5145	0.5133	0.0000	0.0000
0.5155	0.5142	0.0000	0.0000
0.5165	0.5151	0.0000	0.0000
0.5175	0.5160	0.0000	0.0000
0.5185	0.5168	0.0000	0.0000
0.5195	0.5177	0.0000	0.0000
0.5205	0.5186	0.0000	0.0000
0.5215	0.5194	0.0000	0.0000
0.5225	0.5203	0.0000	0.0000
0.5235	0.5212	0.0000	0.0000
0.5245	0.5220	0.0000	0.0000
0.5255	0.5229	0.0000	0.0000
0.5265	0.5237	0.0000	0.0000
0.5275	0.5246	0.0000	0.0000
0.5285	0.5254	0.0000	0.0000
0.5295	0.5263	0.0000	0.0000
0.5305	0.5271	0.0000	0.0000
0.5315	0.5279	0.0000	0.0000
0.5325	0.5288	0.0000	0.0000
0.5335	0.5296	0.0000	0.0000
0.5345	0.5304	0.0000	0.0000
0.5355	0.5313	0.0000	0.0000
0.5365	0.5321	0.0000	0.0000
0.5375	0.5329	0.0000	0.0000
0.5385	0.5337	0.0000	0.0000
0.5395	0.5345	0.0000	0.0000
0.5405	0.5353	0.0000	0.0000
0.5415	0.5362	0.0000	0.0000
0.5425	0.5370	0.0000	0.0000
0.5435	0.5378	0.0000	0.0000
0.5445	0.5386	0.0000	0.0000
0.5455	0.5394	0.0000	0.0000
0.5465	0.5402	0.0000	0.0000
0.5475	0.5409	0.0000	0.0000
0.5485	0.5417	0.0000	0.0000
0.5495	0.5425	0.0000	0.0000
0.5506	0.5433	0.0000	0.0000
0.5516	0.5441	0.0000	0.0000
0.5526	0.5449	0.0000	0.0000
0.5536	0.5457	0.0000	0.0000
0.5546	0.5464	0.0000	0.0000
0.5556	0.5472	0.0000	0.0000
0.5566	0.5480	0.0000	0.0000
0.5576	0.5487	0.0000	0.0000
0.5586	0.5495	0.0000	0.0000
0.5596	0.5503	0.0000	0.0000
0.5606	0.5510	0.0000	0.0000
0.5616	0.5518	0.0000	0.0000
0.5626	0.5526	0.0000	0.0000
0.5636	0.5533	0.0000	0.0000
0.5646	0.5541	0.0000	0.0000
0.5656	0.5548	0.0000	0.0000
0.5666	0.5556	0.0000	0.0000
0.5676	0.5563	0.0000	0.0000
0.5686	0.5571	0.0000	0.0000
0.5696	0.5578	0.0000	0.0000
0.5706	0.5585	0.0000	0.0000
0.5716	0.5593	0.0000	0.0000
0.5726	0.5600	0.0000	0.0000
0.5736	0.5607	0.0000	0.0000
0.5746	0.5615	0.0000	0.0000
0.5756	0.5622	0.0000	0.0000
0.5766	0.5629	0.0000	0.0000
0.5776	0.5637	0.0000	0.0000
0.5786	0.5644	0.0000	0.0000
0.5796	0.5651	0.0000	0.0000
0.5806	0.5658	0.0000	0.0000
0.5816	0.5666	0.0000	0.0000
0.5826	0.5673	0.0000	0.0000
0.5836	0.5680	0.0000	0.0000
0.5846	0.5687	0.0000	0.0000
0.5856	0.5694	0.0000	0.0000
0.5866	0.5701	0.0000	0.0000
0.5876	0.5708	0.0000	0.0000
0.5886	0.5715	0.0000	0.0000
0.5896	0.5722	0.0000	0.0000
0.5906	0.5729	0.0000	0.0000
0.5916	0.5736	0.0000	0.0000
0.5926	0.5743	0.0000	0.0000
0.5936	0.5750	0.0000	0.0000
0.5946	0.5757	0.0000	0.0000
0.5956	0.5764	0.0000	0.0000
0.5966	0.5771	0.0000	0.0000
0.5976	0.5778	0.0000	0.0000
0.5986	0.5785	0.0000	0.0000
0.5996	0.5792	0.0000	0.0000
0.6006	0.5799	0.0000	0.0000
0.6016	0.5806	0.0000	0.0000
0.6026	0.5812	0.0000	0.0000
0.6036	0.5819	0.0000	0.0000
0.6046	0.5826	0.0000	0.0000
0.6056	0.5833	0.0000	0.0000
0.6066	0.5840	0.0000	0.0000
0.6076	0.5846	0.0000	0.0000
0.6086	0.5853	0.0000	0.0000
0.6096	0.5860	0.0000	0.0000
0.6106	0.5867	0.0000	0.0000
0.6116	0.5873	0.0000	0.0000
0.6126	0.5880	0.0000	0.0000
0.6136	0.5887	0.0000	0.0000
0.6146	0.5893	0.0000	0.0000
0.6156	0.5900	0.0000	0.0000
0.6166	0.5907	0.0000	0.0000
0.6176	0.5913	0.0000	0.0000
0.6186	0.5920	0.0000	0.0000
0.6196	0.5926	0.0000	0.0000
0.6206	0.5933	0.0000	0.0000
0.6216	0.5940	0.0000	0.0000
0.6226	0.5946	0.0000	0.0000
0.6236	0.5953	0.0000	0.0000
0.6246	0.5959	0.0000	0.0000
0.6256	0.5966	0.0000	0.0000
0.6266	0.5972	0.0000	0.0000
0.6276	0.5979	0.0000	0.0000
0.6286	0.5985	0.0000	0.0000
0.6296	0.5992	0.0000	0.0000
0.6306	0.5998	0.0000	0.0000
0.6316	0.6005	0.0000	0.0000
0.6326	0.6011	0.0000	0.0000
0.6336	0.6017	0.0000	0.0000
0.6346	0.6024	0.0000	0.0000
0.6356	0.6030	0.0000	0.0000
0.6366	0.6037	0.0000	0.0000
0.6376	0.6043	0.0000	0.0000
0.6386	0.6049	0.0000	0.0000
0.6396	0.6056	0.0000	0.0000
0.6406	0.6062	0.0000	0.0000
0.6416	0.6068	0.0000	0.0000
0.6426	0.6075	0.0000	0.0000
0.6436	0.6081	0.0000	0.0000
0.6446	0.6087	0.0000	0.0000
0.6456	0.6094	0.0000	0.0000
0.6466	0.6100	0.0000	0.0000
0.6476	0.6106	0.0000	0.0000
0.6486	0.6113	0.0000	0.0000
0.6496	0.6119	0.0000	0.0000
0.6507	0.6125	0.0000	0.0000
0.6517	0.6131	0.0000	0.0000
0.6527	0.6138	0.0000	0.0000
0.6537	0.6144	0.0000	0.0000
0.6547	0.6150	0.0000	0.0000
0.6557	0.6156	0.0000	0.0000
0.6567	0.6162	0.0000	0.0000
0.6577	0.6169	0.0000	0.0000
0.6587	0.6175	0.0000	0.0000
0.6597	0.6181	0.0000	0.0000
0.6607	0.6187	0.0000	0.0000
0.6617	0.6193	0.0000	0.0000
0.6627	0.6200	0.0000	0.0000
0.6637	0.6206	0.0000	0.0000
0.6647	0.6212	0.0000	0.0000
0.6657	0.6218	0.0000	0.0000
0.6667	0.6224	0.0000	0.0000
0.6677	0.6230	0.0000	0.0000
0.6687	0.6236	0.0000	0.0000
0.6697	0.6242	0.0000	0.0000
0.6707	0.6248	0.0000	0.0000
0.6717	0.6255	0.0000	0.0000
0.6727	0.6261	0.0000	0.0000
0.6737	0.6267	0.0000	0.0000
0.6747	0.6273	0.0000	0.0000
0.6757	0.6279	0.0000	0.0000
0.6767	0.6285	0.0000	0.0000
0.6777	0.6291	0.0000	0.0000
0.6787	0.6297	0.0000	0.0000
0.6797	0.6303	0.0000	0.0000
0.6807	0.6309	0.0000	0.0000
0.6817	0.6315	0.0000	0.0000
0.6827	0.6321	0.0000	0.0000
0.6837	0.6327	0.0000	0.0000
0.6847	0.6333	0.0000	0.0000
0.6857	0.6339	0.0000	0.0000
0.6867	0.6345	0.0000	0.0000
0.6877	0.6351	0.0000	0.0000
0.6887	0.6357	0.0000	0.0000
0.6897	0.6363	0.0000	0.0000
0.6907	0.6369	0.0000	0.0000
0.6917	0.6375	0.0000	0.0000
0.6927	0.6381	0.0000	0.0000
0.6937	0.6387	0.0000	0.0000
0.6947	0.6393	0.0000	0.0000
0.6957	0.6399	0.0000	0.0000
0.6967	0.6405	0.0000	0.0000
0.6977	0.6411	0.0000	0.0000
0.6987	0.6417	0.0000	0.0000
0.6997	0.6423	0.0000	0.0000
0.7007	0.6428	0.0000	0.0000
0.7017	0.6434	0.0000	0.0000
0.7027	0.6440	0.0000	0.0000
0.7037	0.6446	0.0000	0.0000
0.7047	0.6452	0.0000	0.0000
0.7057	0.6458	0.0000	0.0000
0.7067	0.6464	0.0000	0.0000
0.7077	0.6470	0.0000	0.0000
0.7087	0.6476	0.0000	0.0000
0.7097	0.6482	0.0000	0.0000
0.7107	0.6487	0.0000	0.0000
0.7117	0.6493	0.0000	0.0000
0.7127	0.6499	0.0000	0.0000
0.7137	0.6505	0.0000	0.0000
0.7147	0.6511	0.0000	0.0000
0.7157	0.6517	0.0000	0.0000
0.7167	0.6523	0.0000	0.0000
0.7177	0.6529	0.0000	0.0000
0.7187	0.6534	0.0000	0.0000
0.7197	0.6540	0.0000	0.0000
0.7207	0.6546	0.0000	0.0000
0.7217	0.6552	0.0000	0.0000
0.7227	0.6558	0.0000	0.0000
0.7237	0.6564	0.0000	0.0000
0.7247	0.6569	0.0000	0.0000
0.7257	0.6575	0.0000	0.0000
0.7267	0.6581	0.0000	0.0000
0.7277	0.6587	0.0000	0.0000
0.7287	0.6593	0.0000	0.0000
0.7297	0.6599	0.0000	0.0000
0.7307	0.6604	0.0000	0.0000
0.7317	0.6610	0.0000	0.0000
0.7327	0.6616	0.0000	0.0000
0.7337	0.6622	0.0000	0.0000
0.7347	0.6628	0.0000	0.0000
0.7357	0.6634	0.0000	0.0000
0.7367	0.6639	0.0000	0.0000
0.7377	0.6645	0.0000	0.0000
0.7387	0.6651	0.0000	0.0000
0.7397	0.6657	0.0000	0.0000
0.7407	0.6663	0.0000	0.0000
0.7417	0.6668	0.0000	0.0000
0.7427	0.6674	0.0000	0.0000
0.7437	0.6680	0.0000	0.0000
0.7447	0.6686	0.0000	0.0000
0.7457	0.6692	0.0000	0.0000
0.7467	0.6697	0.0000	0.0000
0.7477	0.6703	0.0000	0.0000
0.7487	0.6709	0.0000	0.0000
0.7497	0.6715	0.0000	0.0000
0.7508	0.6721	0.0000	0.0000
0.7518	0.6726	0.0000	0.0000
0.7528	0.6732	0.0000	0.0000
0.7538	0.6738	0.0000	0.0000
0.7548	0.6744	0.0000	0.0000
0.7558	0.6749	0.0000	0.0000
0.7568	0.6755	0.0000	0.0000
0.7578	0.6761	0.0000	0.0000
0.7588	0.6767	0.0000	0.0000
0.7598	0.6773	0.0000	0.0000
0.7608	0.6778	0.0000	0.0000
0.7618	0.6784	0.0000	0.0000
0.7628	0.6790	0.0000	0.0000
0.7638	0.6796	0.0000	0.0000
0.7648	0.6802	0.0000	0.0000
0.7658	0.6807	0.0000	0.0000
0.7668	0.6813	0.0000	0.0000
0.7678	0.6819	0.0000	0.0000
0.7688	0.6825	0.0000	0.0000
0.7698	0.6830	0.0000	0.0000
0.7708	0.6836	0.0000	0.0000
0.7718	0.6842	0.0000	0.0000
0.7728	0.6848	0.0000	0.0000
0.7738	0.6854	0.0000	0.0000
0.7748	0.6859	0.0000	0.0000
0.7758	0.6865	0.0000	0.0000
0.7768	0.6871	0.0000	0.0000
0.7778	0.6877	0.0000	0.0000
0.7788	0.6883	0.0000	0.0000
0.7798	0.6888	0.0000	0.0000
0.7808	0.6894	0.0000	0.0000
0.7818	0.6900	0.0000	0.0000
0.7828	0.6906	0.0000	0.0000
0.7838	0.6911	0.0000	0.0000
0.7848	0.6917	0.0000	0.0000
0.7858	0.6923	0.0000	0.0000
0.7868	0.6929	0.0000	0.0000
0.7878	0.6935	0.0000	0.0000
0.7888	0.6940	0.0000	0.0000
0.7898	0.6946	0.0000	0.0000
0.7908	0.6952	0.0000	0.0000
0.7918	0.6958	0.0000	0.0000
0.7928	0.6964	0.0000	0.0000
0.7938	0.6969	0.0000	0.0000
0.7948	0.6975	0.0000	0.0000
0.7958	0.6981	0.0000	0.0000
0.7968	0.6987	0.0000	0.0000
0.7978	0.6993	0.0000	0.0000
0.7988	0.6999	0.0000	0.0000
0.7998	0.7004	0.0000	0.0000
0.8008	0.7010	0.0000	0.0000
0.8018	0.7016	0.0000	0.0000
0.8028	0.7022	0.0000	0.0000
0.8038	0.7028	0.0000	0.0000
0.8048	0.7033	0.0000	0.0000
0.8058	0.7039	0.0000	0.0000
0.8068	0.7045	0.0000	0.0000
0.8078	0.7051	0.0000	0.0000
0.8088	0.7057	0.0000	0.0000
0.8098	0.7063	0.0000	0.0000
0.8108	0.7068	0.0000	0.0000
0.8118	0.7074	0.0000	0.0000
0.8128	0.7080	0.0000	0.0000
0.8138	0.7086	0.0000	0.0000
0.8148	0.7092	0.0000	0.0000
0.8158	0.7098	0.0000	0.0000
0.8168	0.7103	0.0000	0.0000
0.8178	0.7109	0.0000	0.0000
0.8188	0.7115	0.0000	0.0000
0.8198	0.7121	0.0000	0.0000
0.8208	0.7127	0.0000	0.0000
0.8218	0.7133	0.0000	0.0000
0.8228	0.7139	0.0000	0.0000
0.8238	0.7144	0.0000	0.0000
0.8248	0.7150	0.0000	0.0000
0.8258	0.7156	0.0000	0.0000
0.8268	0.7162	0.0000	0.0000
0.8278	0.7168	0.0000	0.0000
0.8288	0.7174	0.0000	0.0000
0.8298	0.7180	0.0000	0.0000
0.8308	0.7185	0.0000	0.0000
0.8318	0.7191	0.0000	0.0000
0.8328	0.7197	0.0000	0.0000
0.8338	0.7203	0.0000	0.0000
0.8348	0.7209	0.0000	0.0000
0.8358	0.7215	0.0000	0.0000
0.8368	0.7221	0.0000	0.0000
0.8378	0.7227	0.0000	0.0000
0.8388	0.7233	0.0000	0.0000
0.8398	0.7239	0.0000	0.0000
0.8408	0.7244	0.0000	0.0000
0.8418	0.7250	0.0000	0.0000
0.8428	0.7256	0.0000	0.0000
0.8438	0.7262	0.0000	0.0000
0.8448	0.7268	0.0000	0.0000
0.8458	0.7274	0.0000	0.0000
0.8468	0.7280	0.0000	0.0000
0.8478	0.7286	0.0000	0.0000
0.8488	0.7292	0.0000	0.0000
0.8498	0.7298	0.0000	0.0000
0.8509	0.7304	0.0000	0.0000
0.8519	0.7310	0.0000	0.0000
0.8529	0.7316	0.0000	0.0000
0.8539	0.7322	0.0000	0.0000
0.8549	0.7328	0.0000	0.0000
0.8559	0.7334	0.0000	0.0000
0.8569	0.7340	0.0000	0.0000
0.8579	0.7346	0.0000	0.0000
0.8589	0.7351	0.0000	0.0000
0.8599	0.7357	0.0000	0.0000
0.8609	0.7363	0.0000	0.0000
0.8619	0.7369	0.0000	0.0000
0.8629	0.7375	0.0000	0.0000
0.8639	0.7381	0.0000	0.0000
0.8649	0.7387	0.0000	0.0000
0.8659	0.7393	0.0000	0.0000
0.8669	0.7399	0.0000	0.0000
0.8679	0.7405	0.0000	0.0000
0.8689	0.7411	0.0000	0.0000
0.8699	0.7417	0.0000	0.0000
0.8709	0.7424	0.0000	0.0000
0.8719	0.7430	0.0000	0.0000
0.8729	0.7436	0.0000	0.0000
0.8739	0.7442	0.0000	0.0000
0.8749	0.7448	0.0000	0.0000
0.8759	0.7454	0.0000	0.0000
0.8769	0.7460	0.0000	0.0000
0.8779	0.7466	0.0000	0.0000
0.8789	0.7472	0.0000	0.0000
0.8799	0.7478	0.0000	0.0000
0.8809	0.7484	0.0000	0.0000
0.8819	0.7490	0.0000	0.0000
0.8829	0.7496	0.0000	0.0000
0.8839	0.7502	0.0000	0.0000
0.8849	0.7508	0.0000	0.0000
0.8859	0.7514	0.0000	0.0000
0.8869	0.7521	0.0000	0.0000
0.8879	0.7527	0.0000	0.0000
0.8889	0.7533	0.0000	0.0000
0.8899	0.7539	0.0000	0.0000
0.8909	0.7545	0.0000	0.0000
0.8919	0.7551	0.0000	0.0000
0.8929	0.7557	0.0000	0.0000
0.8939	0.7563	0.0000	0.0000
0.8949	0.7569	0.0000	0.0000
0.8959	0.7576	0.0000	0.0000
0.8969	0.7582	0.0000	0.0000
0.8979	0.7588	0.0000	0.0000
0.8989	0.7594	0.0000	0.0000
0.8999	0.7600	0.0000	0.0000
0.9009	0.7606	0.0000	0.0000
0.9019	0.7613	0.0000	0.0000
0.9029	0.7619	0.0000	0.0000
0.9039	0.7625	0.0000	0.0000
0.9049	0.7631	0.0000	0.0000
0.9059	0.7637	0.0000	0.0000
0.9069	0.7643	0.0000	0.0000
0.9079	0.7650	0.0000	0.0000
0.9089	0.7656	0.0000	0.0000
0.9099	0.7662	0.0000	0.0000
0.9109	0.7668	0.0000	0.0000
0.9119	0.7675	0.0000	0.0000
0.9129	0.7681	0.0000	0.0000
0.9139	0.7687	0.0000	0.0000
0.9149	0.7693	0.0000	0.0000
0.9159	0.7699	0.0000	0.0000
0.9169	0.7706	0.0000	0.0000
0.9179	0.7712	0.0000	0.0000
0.9189	0.7718	0.0000	0.0000
0.9199	0.7724	0.0000	0.0000
0.9209	0.7731	0.0000	0.0000
0.9219	0.7737	0.0000	0.0000
0.9229	0.7743	0.0000	0.0000
0.9239	0.7750	0.0000	0.0000
0.9249	0.7756	0.0000	0.0000
0.9259	0.7762	0.0000	0.0000
0.9269	0.7768	0.0000	0.0000
0.9279	0.7775	0.0000	0.0000
0.9289	0.7781	0.0000	0.0000
0.9299	0.7787	0.0000	0.0000
0.9309	0.7794	0.0000	0.0000
0.9319	0.7800	0.0000	0.0000
0.9329	0.7806	0.0000	0.0000
0.9339	0.7813	0.0000	0.0000
0.9349	0.7819	0.0000	0.0000
0.9359	0.7825	0.0000	0.0000
0.9369	0.7832	0.0000	0.0000
0.9379	0.7838	0.0000	0.0000
0.9389	0.7845	0.0000	0.0000
0.9399	0.7851	0.0000	0.0000
0.9409	0.7857	0.0000	0.0000
0.9419	0.7864	0.0000	0.0000
0.9429	0.7870	0.0000	0.0000
0.9439	0.7877	0.0000	0.0000
0.9449	0.7883	0.0000	0.0000
0.9459	0.7889	0.0000	0.0000
0.9469	0.7896	0.0000	0.0000
0.9479	0.7902	0.0000	0.0000
0.9489	0.7909	0.0000	0.0000
0.9499	0.7915	0.0000	0.0000
0.9510	0.7922	0.0000	0.0000
0.9520	0.7928	0.0000	0.0000
0.9530	0.7934	0.0000	0.0000
0.9540	0.7941	0.0000	0.0000
0.9550	0.7947	0.0000	0.0000
0.9560	0.7954	0.0000	0.0000
0.9570	0.7960	0.0000	0.0000
0.9580	0.7967	0.0000	0.0000
0.9590	0.7973	0.0000	0.0000
0.9600	0.7980	0.0000	0.0000
0.9610	0.7986	0.0000	0.0000
0.9620	0.7993	0.0000	0.0000
0.9630	0.7999	0.0000	0.0000
0.9640	0.8006	0.0000	0.0000
0.9650	0.8012	0.0000	0.0000
0.9660	0.8019	0.0000	0.0000
0.9670	0.8025	0.0000	0.0000
0.9680	0.8032	0.0000	0.0000
0.9690	0.8039	0.0000	0.0000
0.9700	0.8045	0.0000	0.0000
0.9710	0.8052	0.0000	0.0000
0.9720	0.8058	0.0000	0.0000
0.9730	0.8065	0.0000	0.0000
0.9740	0.8071	0.0000	0.0000
0.9750	0.8078	0.0000	0.0000
0.9760	0.8085	0.0000	0.0000
0.9770	0.8091	0.0000	0.0000
0.9780	0.8098	0.0000	0.0000
0.9790	0.8104	0.0000	0.0000
0.9800	0.8111	0.0000	0.0000
0.9810	0.8118	0.0000	0.0000
0.9820	0.8124	0.0000	0.0000
0.9830	0.8131	0.0000	0.0000
0.9840	0.8138	0.0000	0.0000
0.9850	0.8144	0.0000	0.0000
0.9860	0.8151	0.0000	0.0000
0.9870	0.8158	0.0000	0.0000
0.9880	0.8164	0.0000	0.0000
0.9890	0.8171	0.0000	0.0000
0.9900	0.8178	0.0000	0.0000
0.9910	0.8184	0.0000	0.0000
0.9920	0.8191	0.0000	0.0000
0.9930	0.8198	0.0000	0.0000
0.9940	0.8205	0.0000	0.0000
0.9950	0.8211	0.0000	0.0000
0.9960	0.8218	0.0000	0.0000
0.9970	0.8225	0.0000	0.0000
0.9980	0.8231	0.0000	0.0000
0.9990	0.8238	0.0000	0.0000
1.0000	0.8245	0.0000	0.0000
0.5015
