0.0000	0.0690	0.0000	0.0000
0.0010	0.0695	0.0000	0.0000
0.0020	0.0701	0.0000	0.0000
0.0030	0.0707	0.0000	0.0000
0.0040	0.0712	0.0000	0.0000
0.0050	0.0718	0.0000	0.0000
0.0060	0.0724	0.0000	0.0000
0.0070	0.0730	0.0000	0.0000
0.0080	0.0735	0.0000	0.0000
0.0090	0.0741	0.0000	0.0000
0.0100	0.0747	0.0000	0.0000
0.0110	0.0752	0.0000	0.0000
0.0120	0.0758	0.0000	0.0000
0.0130	0.0764	0.0000	0.0000
0.0140	0.0769	0.0000	0.0000
0.0150	0.0775	0.0000	0.0000
0.0160	0.0781	0.0000	0.0000
0.0170	0.0786	0.0000	0.0000
0.0180	0.0792	0.0000	0.0000
0.0190	0.0798	0.0000	0.0000
0.0200	0.0803	0.0000	0.0000
0.0210	0.0809	0.0000	0.0000
0.0220	0.0815	0.0000	0.0000
0.0230	0.0820	0.0000	0.0000
0.0240	0.0826	0.0000	0.0000
0.0250	0.0832	0.0000	0.0000
0.0260	0.0838	0.0000	0.0000
0.0270	0.0843	0.0000	0.0000
0.0280	0.0849	0.0000	0.0000
0.0290	0.0855	0.0000	0.0000
0.0300	0.0860	0.0000	0.0000
0.0310	0.0866	0.0000	0.0000
0.0320	0.0872	0.0000	0.0000
0.0330	0.0877	0.0000	0.0000
0.0340	0.0883	0.0000	0.0000
0.0350	0.0889	0.0000	0.0000
0.0360	0.0895	0.0000	0.0000
0.0370	0.0900	0.0000	0.0000
0.0380	0.0906	0.0000	0.0000
0.0390	0.0912	0.0000	0.0000
0.0400	0.0918	0.0000	0.0000
0.0410	0.0923	0.0000	0.0000
0.0420	0.0929	0.0000	0.0000
0.0430	0.0935	0.0000	0.0000
0.0440	0.0941	0.0000	0.0000
0.0450	0.0946	0.0000	0.0000
0.0460	0.0952	0.0000	0.0000
0.0470	0.0958	0.0000	0.0000
0.0480	0.0964	0.0000	0.0000
0.0490	0.0969	0.0000	0.0000
0.0501	0.0975	0.0000	0.0000
0.0511	0.0981	0.0000	0.0000
0.0521	0.0987	0.0000	0.0000
0.0531	0.0992	0.0000	0.0000
0.0541	0.0998	0.0000	0.0000
0.0551	0.1004	0.0000	0.0000
0.0561	0.1010	0.0000	0.0000
0.0571	0.1015	0.0000	0.0000
0.0581	0.1021	0.0000	0.0000
0.0591	0.1027	0.0000	0.0000
0.0601	0.1033	0.0000	0.0000
0.0611	0.1039	0.0000	0.0000
0.0621	0.1045	0.0000	0.0000
0.0631	0.1050	0.0000	0.0000
0.0641	0.1056	0.0000	0.0000
0.0651	0.1062	0.0000	0.0000
0.0661	0.1068	0.0000	0.0000
0.0671	0.1074	0.0000	0.0000
0.0681	0.1079	0.0000	0.0000
0.0691	0.1085	0.0000	0.0000
0.0701	0.1091	0.0000	0.0000
0.0711	0.1097	0.0000	0.0000
0.0721	0.1103	0.0000	0.0000
0.0731	0.1109	0.0000	0.0000
0.0741	0.1115	0.0000	0.0000
0.0751	0.1120	0.0000	0.0000
0.0761	0.1126	0.0000	0.0000
0.0771	0.1132	0.0000	0.0000
0.0781	0.1138	0.0000	0.0000
0.0791	0.1144	0.0000	0.0000
0.0801	0.1150	0.0000	0.0000
0.0811	0.1156	0.0000	0.0000
0.0821	0.1162	0.0000	0.0000
0.0831	0.1168	0.0000	0.0000
0.0841	0.1174	0.0000	0.0000
0.0851	0.1179	0.0000	0.0000
0.0861	0.1185	0.0000	0.0000
0.0871	0.1191	0.0000	0.0000
0.0881	0.1197	0.0000	0.0000
0.0891	0.1203	0.0000	0.0000
0.0901	0.1209	0.0000	0.0000
0.0911	0.1215	0.0000	0.0000
0.0921	0.1221	0.0000	0.0000
0.0931	0.1227	0.0000	0.0000
0.0941	0.1233	0.0000	0.0000
0.0951	0.1239	0.0000	0.0000
0.0961	0.1245	0.0000	0.0000
0.0971	0.1251	0.0000	0.0000
0.0981	0.1257	0.0000	0.0000
0.0991	0.1263	0.0000	0.0000
0.1001	0.1269	0.0000	0.0000
0.1011	0.1275	0.0000	0.0000
0.1021	0.1281	0.0000	0.0000
0.1031	0.1287	0.0000	0.0000
0.1041	0.1293	0.0000	0.0000
0.1051	0.1299	0.0000	0.0000
0.1061	0.1305	0.0000	0.0000
0.1071	0.1311	0.0000	0.0000
0.1081	0.1317	0.0000	0.0000
0.1091	0.1324	0.0000	0.0000
0.1101	0.1330	0.0000	0.0000
0.1111	0.1336	0.0000	0.0000
0.1121	0.1342	0.0000	0.0000
0.1131	0.1348	0.0000	0.0000
0.1141	0.1354	0.0000	0.0000
0.1151	0.1360	0.0000	0.0000
0.1161	0.1366	0.0000	0.0000
0.1171	0.1372	0.0000	0.0000
0.1181	0.1379	0.0000	0.0000
0.1191	0.1385	0.0000	0.0000
0.1201	0.1391	0.0000	0.0000
0.1211	0.1397	0.0000	0.0000
0.1221	0.1403	0.0000	0.0000
0.1231	0.1409	0.0000	0.0000
0.1241	0.1416	0.0000	0.0000
0.1251	0.1422	0.0000	0.0000
0.1261	0.1428	0.0000	0.0000
0.1271	0.1434	0.0000	0.0000
0.1281	0.1440	0.0000	0.0000
0.1291	0.1447	0.0000	0.0000
0.1301	0.1453	0.0000	0.0000
0.1311	0.1459	0.0000	0.0000
0.1321	0.1465	0.0000	0.0000
0.1331	0.1472	0.0000	0.0000
0.1341	0.1478	0.0000	0.0000
0.1351	0.1484	0.0000	0.0000
0.1361	0.1490	0.0000	0.0000
0.1371	0.1497	0.0000	0.0000
0.1381	0.1503	0.0000	0.0000
0.1391	0.1509	0.0000	0.0000
0.1401	0.1516	0.0000	0.0000
0.1411	0.1522	0.0000	0.0000
0.1421	0.1528	0.0000	0.0000
0.1431	0.1535	0.0000	0.0000
0.1441	0.1541	0.0000	0.0000
0.1451	0.1547	0.0000	0.0000
0.1461	0.1554	0.0000	0.0000
0.1471	0.1560	0.0000	0.0000
0.1481	0.1566	0.0000	0.0000
0.1491	0.1573	0.0000	0.0000
0.1502	0.1579	0.0000	0.0000
0.1512	0.1586	0.0000	0.0000
0.1522	0.1592	0.0000	0.0000
0.1532	0.1598	0.0000	0.0000
0.1542	0.1605	0.0000	0.0000
0.1552	0.1611	0.0000	0.0000
0.1562	0.1618	0.0000	0.0000
0.1572	0.1624	0.0000	0.0000
0.1582	0.1631	0.0000	0.0000
0.1592	0.1637	0.0000	0.0000
0.1602	0.1644	0.0000	0.0000
0.1612	0.1650	0.0000	0.0000
0.1622	0.1657	0.0000	0.0000
0.1632	0.1663	0.0000	0.0000
0.1642	0.1670	0.0000	0.0000
0.1652	0.1676	0.0000	0.0000
0.1662	0.1683	0.0000	0.0000
0.1672	0.1689	0.0000	0.0000
0.1682	0.1696	0.0000	0.0000
0.1692	0.1703	0.0000	0.0000
0.1702	0.1709	0.0000	0.0000
0.1712	0.1716	0.0000	0.0000
0.1722	0.1722	0.0000	0.0000
0.1732	0.1729	0.0000	0.0000
0.1742	0.1736	0.0000	0.0000
0.1752	0.1742	0.0000	0.0000
0.1762	0.1749	0.0000	0.0000
0.1772	0.1756	0.0000	0.0000
0.1782	0.1762	0.0000	0.0000
0.1792	0.1769	0.0000	0.0000
0.1802	0.1776	0.0000	0.0000
0.1812	0.1782	0.0000	0.0000
0.1822	0.1789	0.0000	0.0000
0.1832	0.1796	0.0000	0.0000
0.1842	0.1803	0.0000	0.0000
0.1852	0.1809	0.0000	0.0000
0.1862	0.1816	0.0000	0.0000
0.1872	0.1823	0.0000	0.0000
0.1882	0.1830	0.0000	0.0000
0.1892	0.1836	0.0000	0.0000
0.1902	0.1843	0.0000	0.0000
0.1912	0.1850	0.0000	0.0000
0.1922	0.1857	0.0000	0.0000
0.1932	0.1864	0.0000	0.0000
0.1942	0.1871	0.0000	0.0000
0.1952	0.1878	0.0000	0.0000
0.1962	0.1884	0.0000	0.0000
0.1972	0.1891	0.0000	0.0000
0.1982	0.1898	0.0000	0.0000
0.1992	0.1905	0.0000	0.0000
0.2002	0.1912	0.0000	0.0000
0.2012	0.1919	0.0000	0.0000
0.2022	0.1926	0.0000	0.0000
0.2032	0.1933	0.0000	0.0000
0.2042	0.1940	0.0000	0.0000
0.2052	0.1947	0.0000	0.0000
0.2062	0.1954	0.0000	0.0000
0.2072	0.1961	0.0000	0.0000
0.2082	0.1968	0.0000	0.0000
0.2092	0.1975	0.0000	0.0000
0.2102	0.1982	0.0000	0.0000
0.2112	0.1989	0.0000	0.0000
0.2122	0.1996	0.0000	0.0000
0.2132	0.2003	0.0000	0.0000
0.2142	0.2010	0.0000	0.0000
0.2152	0.2018	0.0000	0.0000
0.2162	0.2025	0.0000	0.0000
0.2172	0.2032	0.0000	0.0000
0.2182	0.2039	0.0000	0.0000
0.2192	0.2046	0.0000	0.0000
0.2202	0.2053	0.0000	0.0000
0.2212	0.2061	0.0000	0.0000
0.2222	0.2068	0.0000	0.0000
0.2232	0.2075	0.0000	0.0000
0.2242	0.2082	0.0000	0.0000
0.2252	0.2089	0.0000	0.0000
0.2262	0.2097	0.0000	0.0000
0.2272	0.2104	0.0000	0.0000
0.2282	0.2111	0.0000	0.0000
0.2292	0.2119	0.0000	0.0000
0.2302	0.2126	0.0000	0.0000
0.2312	0.2133	0.0000	0.0000
0.2322	0.2141	0.0000	0.0000
0.2332	0.2148	0.0000	0.0000
0.2342	0.2155	0.0000	0.0000
0.2352	0.2163	0.0000	0.0000
0.2362	0.2170	0.0000	0.0000
0.2372	0.2178	0.0000	0.0000
0.2382	0.2185	0.0000	0.0000
0.2392	0.2193	0.0000	0.0000
0.2402	0.2200	0.0000	0.0000
0.2412	0.2208	0.0000	0.0000
0.2422	0.2215	0.0000	0.0000
0.2432	0.2223	0.0000	0.0000
0.2442	0.2230	0.0000	0.0000
0.2452	0.2238	0.0000	0.0000
0.2462	0.2245	0.0000	0.0000
0.2472	0.2253	0.0000	0.0000
0.2482	0.2260	0.0000	0.0000
0.2492	0.2268	0.0000	0.0000
0.2503	0.2276	0.0000	0.0000
0.2513	0.2283	0.0000	0.0000
0.2523	0.2291	0.0000	0.0000
0.2533	0.2299	0.0000	0.0000
0.2543	0.2306	0.0000	0.0000
0.2553	0.2314	0.0000	0.0000
0.2563	0.2322	0.0000	0.0000
0.2573	0.2330	0.0000	0.0000
0.2583	0.2337	0.0000	0.0000
0.2593	0.2345	0.0000	0.0000
0.2603	0.2353	0.0000	0.0000
0.2613	0.2361	0.0000	0.0000
0.2623	0.2368	0.0000	0.0000
0.2633	0.2376	0.0000	0.0000
0.2643	0.2384	0.0000	0.0000
0.2653	0.2392	0.0000	0.0000
0.2663	0.2400	0.0000	0.0000
0.2673	0.2408	0.0000	0.0000
0.2683	0.2416	0.0000	0.0000
0.2693	0.2424	0.0000	0.0000
0.2703	0.2432	0.0000	0.0000
0.2713	0.2440	0.0000	0.0000
0.2723	0.2448	0.0000	0.0000
0.2733	0.2456	0.0000	0.0000
0.2743	0.2464	0.0000	0.0000
0.2753	0.2472	0.0000	0.0000
0.2763	0.2480	0.0000	0.0000
0.2773	0.2488	0.0000	0.0000
0.2783	0.2496	0.0000	0.0000
0.2793	0.2504	0.0000	0.0000
0.2803	0.2512	0.0000	0.0000
0.2813	0.2521	0.0000	0.0000
0.2823	0.2529	0.0000	0.0000
0.2833	0.2537	0.0000	0.0000
0.2843	0.2545	0.0000	0.0000
0.2853	0.2553	0.0000	0.0000
0.2863	0.2562	0.0000	0.0000
0.2873	0.2570	0.0000	0.0000
0.2883	0.2578	0.0000	0.0000
0.2893	0.2587	0.0000	0.0000
0.2903	0.2595	0.0000	0.0000
0.2913	0.2603	0.0000	0.0000
0.2923	0.2612	0.0000	0.0000
0.2933	0.2620	0.0000	0.0000
0.2943	0.2629	0.0000	0.0000
0.2953	0.2637	0.0000	0.0000
0.2963	0.2645	0.0000	0.0000
0.2973	0.2654	0.0000	0.0000
0.2983	0.2662	0.0000	0.0000
0.2993	0.2671	0.0000	0.0000
0.3003	0.2679	0.0000	0.0000
0.3013	0.2688	0.0000	0.0000
0.3023	0.2697	0.0000	0.0000
0.3033	0.2705	0.0000	0.0000
0.3043	0.2714	0.0000	0.0000
0.3053	0.2722	0.0000	0.0000
0.3063	0.2731	0.0000	0.0000
0.3073	0.2740	0.0000	0.0000
0.3083	0.2749	0.0000	0.0000
0.3093	0.2757	0.0000	0.0000
0.3103	0.2766	0.0000	0.0000
0.3113	0.2775	0.0000	0.0000
0.3123	0.2784	0.0000	0.0000
0.3133	0.2792	0.0000	0.0000
0.3143	0.2801	0.0000	0.0000
0.3153	0.2810	0.0000	0.0000
0.3163	0.2819	0.0000	0.0000
0.3173	0.2828	0.0000	0.0000
0.3183	0.2837	0.0000	0.0000
0.3193	0.2846	0.0000	0.0000
0.3203	0.2855	0.0000	0.0000
0.3213	0.2864	0.0000	0.0000
0.3223	0.2873	0.0000	0.0000
0.3233	0.2882	0.0000	0.0000
0.3243	0.2891	0.0000	0.0000
0.3253	0.2900	0.0000	0.0000
0.3263	0.2909	0.0000	0.0000
0.3273	0.2918	0.0000	0.0000
0.3283	0.2928	0.0000	0.0000
0.3293	0.2937	0.0000	0.0000
0.3303	0.2946	0.0000	0.0000
0.3313	0.2955	0.0000	0.0000
0.3323	0.2964	0.0000	0.0000
0.3333	0.2974	0.0000	0.0000
0.3343	0.2983	0.0000	0.0000
0.3353	0.2992	0.0000	0.0000
0.3363	0.3002	0.0000	0.0000
0.3373	0.3011	0.0000	0.0000
0.3383	0.3021	0.0000	0.0000
0.3393	0.3030	0.0000	0.0000
0.3403	0.3040	0.0000	0.0000
0.3413	0.3049	0.0000	0.0000
0.3423	0.3059	0.0000	0.0000
0.3433	0.3068	0.0000	0.0000
0.3443	0.3078	0.0000	0.0000
0.3453	0.3087	0.0000	0.0000
0.3463	0.3097	0.0000	0.0000
0.3473	0.3107	0.0000	0.0000
0.3483	0.3116	0.0000	0.0000
0.3493	0.3126	0.0000	0.0000
0.3504	0.3136	0.0000	0.0000
0.3514	0.3145	0.0000	0.0000
0.3524	0.3155	0.0000	0.0000
0.3534	0.3165	0.0000	0.0000
0.3544	0.3175	0.0000	0.0000
0.3554	0.3185	0.0000	0.0000
0.3564	0.3195	0.0000	0.0000
0.3574	0.3205	0.0000	0.0000
0.3584	0.3214	0.0000	0.0000
0.3594	0.3224	0.0000	0.0000
0.3604	0.3234	0.0000	0.0000
0.3614	0.3245	0.0000	0.0000
0.3624	0.3255	0.0000	0.0000
0.3634	0.3265	0.0000	0.0000
0.3644	0.3275	0.0000	0.0000
0.3654	0.3285	0.0000	0.0000
0.3664	0.3295	0.0000	0.0000
0.3674	0.3305	0.0000	0.0000
0.3684	0.3316	0.0000	0.0000
0.3694	0.3326	0.0000	0.0000
0.3704	0.3336	0.0000	0.0000
0.3714	0.3346	0.0000	0.0000
0.3724	0.3357	0.0000	0.0000
0.3734	0.3367	0.0000	0.0000
0.3744	0.3378	0.0000	0.0000
0.3754	0.3388	0.0000	0.0000
0.3764	0.3399	0.0000	0.0000
0.3774	0.3409	0.0000	0.0000
0.3784	0.3420	0.0000	0.0000
0.3794	0.3430	0.0000	0.0000
0.3804	0.3441	0.0000	0.0000
0.3814	0.3452	0.0000	0.0000
0.3824	0.3462	0.0000	0.0000
0.3834	0.3473	0.0000	0.0000
0.3844	0.3484	0.0000	0.0000
0.3854	0.3494	0.0000	0.0000
0.3864	0.3505	0.0000	0.0000
0.3874	0.3516	0.0000	0.0000
0.3884	0.3527	0.0000	0.0000
0.3894	0.3538	0.0000	0.0000
0.3904	0.3549	0.0000	0.0000
0.3914	0.3560	0.0000	0.0000
0.3924	0.3571	0.0000	0.0000
0.3934	0.3582	0.0000	0.0000
0.3944	0.3593	0.0000	0.0000
0.3954	0.3604	0.0000	0.0000
0.3964	0.3615	0.0000	0.0000
0.3974	0.3626	0.0000	0.0000
0.3984	0.3638	0.0000	0.0000
0.3994	0.3649	0.0000	0.0000
0.4004	0.3660	0.0000	0.0000
0.4014	0.3671	0.0000	0.0000
0.4024	0.3683	0.0000	0.0000
0.4034	0.3694	0.0000	0.0000
0.4044	0.3706	0.0000	0.0000
0.4054	0.3717	0.0000	0.0000
0.4064	0.3729	0.0000	0.0000
0.4074	0.3740	0.0000	0.0000
0.4084	0.3752	0.0000	0.0000
0.4094	0.3763	0.0000	0.0000
0.4104	0.3775	0.0000	0.0000
0.4114	0.3787	0.0000	0.0000
0.4124	0.3798	0.0000	0.0000
0.4134	0.3810	0.0000	0.0000
0.4144	0.3822	0.0000	0.0000
0.4154	0.3834	0.0000	0.0000
0.4164	0.3846	0.0000	0.0000
0.4174	0.3858	0.0000	0.0000
0.4184	0.3870	0.0000	0.0000
0.4194	0.3882	0.0000	0.0000
0.4204	0.3894	0.0000	0.0000
0.4214	0.3906	0.0000	0.0000
0.4224	0.3918	0.0000	0.0000
0.4234	0.3930	0.0000	0.0000
0.4244	0.3942	0.0000	0.0000
0.4254	0.3954	0.0000	0.0000
0.4264	0.3967	0.0000	0.0000
0.4274	0.3979	0.0000	0.0000
0.4284	0.3991	0.0000	0.0000
0.4294	0.4004	0.0000	0.0000
0.4304	0.4016	0.0000	0.0000
0.4314	0.4029	0.0000	0.0000
0.4324	0.4041	0.0000	0.0000
0.4334	0.4054	0.0000	0.0000
0.4344	0.4066	0.0000	0.0000
0.4354	0.4079	0.0000	0.0000
0.4364	0.4092	0.0000	0.0000
0.4374	0.4105	0.0000	0.0000
0.4384	0.4117	0.0000	0.0000
0.4394	0.4130	0.0000	0.0000
0.4404	0.4143	0.0000	0.0000
0.4414	0.4156	0.0000	0.0000
0.4424	0.4169	0.0000	0.0000
0.4434	0.4182	0.0000	0.0000
0.4444	0.4195	0.0000	0.0000
0.4454	0.4208	0.0000	0.0000
0.4464	0.4221	0.0000	0.0000
0.4474	0.4235	0.0000	0.0000
0.4484	0.4248	0.0000	0.0000
0.4494	0.4261	0.0000	0.0000
0.4505	0.4274	0.0000	0.0000
0.4515	0.4288	0.0000	0.0000
0.4525	0.4301	0.0000	0.0000
0.4535	0.4315	0.0000	0.0000
0.4545	0.4328	0.0000	0.0000
0.4555	0.4342	0.0000	0.0000
0.4565	0.4355	0.0000	0.0000
0.4575	0.4369	0.0000	0.0000
0.4585	0.4383	0.0000	0.0000
0.4595	0.4397	0.0000	0.0000
0.4605	0.4411	0.0000	0.0000
0.4615	0.4424	0.0000	0.0000
0.4625	0.4438	0.0000	0.0000
0.4635	0.4452	0.0000	0.0000
0.4645	0.4466	0.0000	0.0000
0.4655	0.4480	0.0000	0.0000
0.4665	0.4495	0.0000	0.0000
0.4675	0.4509	0.0000	0.0000
0.4685	0.4523	0.0000	0.0000
0.4695	0.4537	0.0000	0.0000
0.4705	0.4552	0.0000	0.0000
0.4715	0.4566	0.0000	0.0000
0.4725	0.4581	0.0000	0.0000
0.4735	0.4595	0.0000	0.0000
0.4745	0.4610	0.0000	0.0000
0.4755	0.4624	0.0000	0.0000
0.4765	0.4639	0.0000	0.0000
0.4775	0.4654	0.0000	0.0000
0.4785	0.4668	0.0000	0.0000
0.4795	0.4683	0.0000	0.0000
0.4805	0.4698	0.0000	0.0000
0.4815	0.4713	0.0000	0.0000
0.4825	0.4728	0.0000	0.0000
0.4835	0.4743	0.0000	0.0000
0.4845	0.4758	0.0000	0.0000
0.4855	0.4774	0.0000	0.0000
0.4865	0.4789	0.0000	0.0000
0.4875	0.4804	0.0000	0.0000
0.4885	0.4820	0.0000	0.0000
0.4895	0.4835	0.0000	0.0000
0.4905	0.4851	0.0000	0.0000
0.4915	0.4866	0.0000	0.0000
0.4925	0.4882	0.0000	0.0000
0.4935	0.4897	0.0000	0.0000
0.4945	0.4913	0.0000	0.0000
0.4955	0.4929	0.0000	0.0000
0.4965	0.4945	0.0000	0.0000
0.4975	0.4961	0.0000	0.0000
0.4985	0.4977	0.0000	0.0000
0.4995	0.4993	0.0000	0.0000
0.5005	0.5009	0.0000	0.0000
0.5015	0.5025	0.0000	0.0000
0.5025	0.5041	0.0000	0.0000
0.5035	0.5057	0.0000	0.0000
0.5045	0.5073	0.0000	0.0000
0.5055	0.5088	0.0000	0.0000
0.5065	0.5104	0.0000	0.0000
0.5075	0.5120	0.0000	0.0000
0.5085	0.5135	0.0000	0.0000
0.5095	0.5151	0.0000	0.0000
0.5105	0.5166	0.0000	0.0000
0.5115	0.5182	0.0000	0.0000
0.5125	0.5197	0.0000	0.0000
0.5135	0.5212	0.0000	0.0000
0.5145	0.5228	0.0000	0.0000
0.5155	0.5243	0.0000	0.0000
0.5165	0.5258	0.0000	0.0000
0.5175	0.5273	0.0000	0.0000
0.5185	0.5288	0.0000	0.0000
0.5195	0.5303	0.0000	0.0000
0.5205	0.5318	0.0000	0.0000
0.5215	0.5333	0.0000	0.0000
0.5225	0.5348	0.0000	0.0000
0.5235	0.5362	0.0000	0.0000
0.5245	0.5377	0.0000	0.0000
0.5255	0.5392	0.0000	0.0000
0.5265	0.5406	0.0000	0.0000
0.5275	0.5421	0.0000	0.0000
0.5285	0.5435	0.0000	0.0000
0.5295	0.5449	0.0000	0.0000
0.5305	0.5464	0.0000	0.0000
0.5315	0.5478	0.0000	0.0000
0.5325	0.5492	0.0000	0.0000
0.5335	0.5506	0.0000	0.0000
0.5345	0.5521	0.0000	0.0000
0.5355	0.5535	0.0000	0.0000
0.5365	0.5549	0.0000	0.0000
0.5375	0.5563	0.0000	0.0000
0.5385	0.5577	0.0000	0.0000
0.5395	0.5591	0.0000	0.0000
0.5405	0.5604	0.0000	0.0000
0.5415	0.5618	0.0000	0.0000
0.5425	0.5632	0.0000	0.0000
0.5435	0.5645	0.0000	0.0000
0.5445	0.5659	0.0000	0.0000
0.5455	0.5673	0.0000	0.0000
0.5465	0.5686	0.0000	0.0000
0.5475	0.5700	0.0000	0.0000
0.5485	0.5713	0.0000	0.0000
0.5495	0.5727	0.0000	0.0000
0.5506	0.5740	0.0000	0.0000
0.5516	0.5753	0.0000	0.0000
0.5526	0.5766	0.0000	0.0000
0.5536	0.5780	0.0000	0.0000
0.5546	0.5793	0.0000	0.0000
0.5556	0.5806	0.0000	0.0000
0.5566	0.5819	0.0000	0.0000
0.5576	0.5832	0.0000	0.0000
0.5586	0.5845	0.0000	0.0000
0.5596	0.5858	0.0000	0.0000
0.5606	0.5871	0.0000	0.0000
0.5616	0.5883	0.0000	0.0000
0.5626	0.5896	0.0000	0.0000
0.5636	0.5909	0.0000	0.0000
0.5646	0.5922	0.0000	0.0000
0.5656	0.5934	0.0000	0.0000
0.5666	0.5947	0.0000	0.0000
0.5676	0.5960	0.0000	0.0000
0.5686	0.5972	0.0000	0.0000
0.5696	0.5985	0.0000	0.0000
0.5706	0.5997	0.0000	0.0000
0.5716	0.6009	0.0000	0.0000
0.5726	0.6022	0.0000	0.0000
0.5736	0.6034	0.0000	0.0000
0.5746	0.6046	0.0000	0.0000
0.5756	0.6059	0.0000	0.0000
0.5766	0.6071	0.0000	0.0000
0.5776	0.6083	0.0000	0.0000
0.5786	0.6095	0.0000	0.0000
0.5796	0.6107	0.0000	0.0000
0.5806	0.6119	0.0000	0.0000
0.5816	0.6131	0.0000	0.0000
0.5826	0.6143	0.0000	0.0000
0.5836	0.6155	0.0000	0.0000
0.5846	0.6167	0.0000	0.0000
0.5856	0.6179	0.0000	0.0000
0.5866	0.6190	0.0000	0.0000
0.5876	0.6202	0.0000	0.0000
0.5886	0.6214	0.0000	0.0000
0.5896	0.6226	0.0000	0.0000
0.5906	0.6237	0.0000	0.0000
0.5916	0.6249	0.0000	0.0000
0.5926	0.6260	0.0000	0.0000
0.5936	0.6272	0.0000	0.0000
0.5946	0.6283	0.0000	0.0000
0.5956	0.6295	0.0000	0.0000
0.5966	0.6306	0.0000	0.0000
0.5976	0.6318	0.0000	0.0000
0.5986	0.6329	0.0000	0.0000
0.5996	0.6340	0.0000	0.0000
0.6006	0.6352	0.0000	0.0000
0.6016	0.6363	0.0000	0.0000
0.6026	0.6374	0.0000	0.0000
0.6036	0.6385	0.0000	0.0000
0.6046	0.6396	0.0000	0.0000
0.6056	0.6408	0.0000	0.0000
0.6066	0.6419	0.0000	0.0000
0.6076	0.6430	0.0000	0.0000
0.6086	0.6441	0.0000	0.0000
0.6096	0.6452	0.0000	0.0000
0.6106	0.6463	0.0000	0.0000
0.6116	0.6473	0.0000	0.0000
0.6126	0.6484	0.0000	0.0000
0.6136	0.6495	0.0000	0.0000
0.6146	0.6506	0.0000	0.0000
0.6156	0.6517	0.0000	0.0000
0.6166	0.6527	0.0000	0.0000
0.6176	0.6538	0.0000	0.0000
0.6186	0.6549	0.0000	0.0000
0.6196	0.6559	0.0000	0.0000
0.6206	0.6570	0.0000	0.0000
0.6216	0.6581	0.0000	0.0000
0.6226	0.6591	0.0000	0.0000
0.6236	0.6602	0.0000	0.0000
0.6246	0.6612	0.0000	0.0000
0.6256	0.6623	0.0000	0.0000
0.6266	0.6633	0.0000	0.0000
0.6276	0.6643	0.0000	0.0000
0.6286	0.6654	0.0000	0.0000
0.6296	0.6664	0.0000	0.0000
0.6306	0.6674	0.0000	0.0000
0.6316	0.6685	0.0000	0.0000
0.6326	0.6695	0.0000	0.0000
0.6336	0.6705	0.0000	0.0000
0.6346	0.6715	0.0000	0.0000
0.6356	0.6725	0.0000	0.0000
0.6366	0.6736	0.0000	0.0000
0.6376	0.6746	0.0000	0.0000
0.6386	0.6756	0.0000	0.0000
0.6396	0.6766	0.0000	0.0000
0.6406	0.6776	0.0000	0.0000
0.6416	0.6786	0.0000	0.0000
0.6426	0.6796	0.0000	0.0000
0.6436	0.6806	0.0000	0.0000
0.6446	0.6815	0.0000	0.0000
0.6456	0.6825	0.0000	0.0000
0.6466	0.6835	0.0000	0.0000
0.6476	0.6845	0.0000	0.0000
0.6486	0.6855	0.0000	0.0000
0.6496	0.6864	0.0000	0.0000
0.6507	0.6874	0.0000	0.0000
0.6517	0.6884	0.0000	0.0000
0.6527	0.6894	0.0000	0.0000
0.6537	0.6903	0.0000	0.0000
0.6547	0.6913	0.0000	0.0000
0.6557	0.6922	0.0000	0.0000
0.6567	0.6932	0.0000	0.0000
0.6577	0.6942	0.0000	0.0000
0.6587	0.6951	0.0000	0.0000
0.6597	0.6961	0.0000	0.0000
0.6607	0.6970	0.0000	0.0000
0.6617	0.6979	0.0000	0.0000
0.6627	0.6989	0.0000	0.0000
0.6637	0.6998	0.0000	0.0000
0.6647	0.7008	0.0000	0.0000
0.6657	0.7017	0.0000	0.0000
0.6667	0.7026	0.0000	0.0000
0.6677	0.7036	0.0000	0.0000
0.6687	0.7045	0.0000	0.0000
0.6697	0.7054	0.0000	0.0000
0.6707	0.7063	0.0000	0.0000
0.6717	0.7072	0.0000	0.0000
0.6727	0.7082	0.0000	0.0000
0.6737	0.7091	0.0000	0.0000
0.6747	0.7100	0.0000	0.0000
0.6757	0.7109	0.0000	0.0000
0.6767	0.7118	0.0000	0.0000
0.6777	0.7127	0.0000	0.0000
0.6787	0.7136	0.0000	0.0000
0.6797	0.7145	0.0000	0.0000
0.6807	0.7154	0.0000	0.0000
0.6817	0.7163	0.0000	0.0000
0.6827	0.7172	0.0000	0.0000
0.6837	0.7181	0.0000	0.0000
0.6847	0.7190	0.0000	0.0000
0.6857	0.7199	0.0000	0.0000
0.6867	0.7207	0.0000	0.0000
0.6877	0.7216	0.0000	0.0000
0.6887	0.7225	0.0000	0.0000
0.6897	0.7234	0.0000	0.0000
0.6907	0.7243	0.0000	0.0000
0.6917	0.7251	0.0000	0.0000
0.6927	0.7260	0.0000	0.0000
0.6937	0.7269	0.0000	0.0000
0.6947	0.7277	0.0000	0.0000
0.6957	0.7286	0.0000	0.0000
0.6967	0.7295	0.0000	0.0000
0.6977	0.7303	0.0000	0.0000
0.6987	0.7312	0.0000	0.0000
0.6997	0.7320	0.0000	0.0000
0.7007	0.7329	0.0000	0.0000
0.7017	0.7337	0.0000	0.0000
0.7027	0.7346	0.0000	0.0000
0.7037	0.7354	0.0000	0.0000
0.7047	0.7363	0.0000	0.0000
0.7057	0.7371	0.0000	0.0000
0.7067	0.7380	0.0000	0.0000
0.7077	0.7388	0.0000	0.0000
0.7087	0.7396	0.0000	0.0000
0.7097	0.7405	0.0000	0.0000
0.7107	0.7413	0.0000	0.0000
0.7117	0.7421	0.0000	0.0000
0.7127	0.7430	0.0000	0.0000
0.7137	0.7438	0.0000	0.0000
0.7147	0.7446	0.0000	0.0000
0.7157	0.7455	0.0000	0.0000
0.7167	0.7463	0.0000	0.0000
0.7177	0.7471	0.0000	0.0000
0.7187	0.7479	0.0000	0.0000
0.7197	0.7487	0.0000	0.0000
0.7207	0.7495	0.0000	0.0000
0.7217	0.7504	0.0000	0.0000
0.7227	0.7512	0.0000	0.0000
0.7237	0.7520	0.0000	0.0000
0.7247	0.7528	0.0000	0.0000
0.7257	0.7536	0.0000	0.0000
0.7267	0.7544	0.0000	0.0000
0.7277	0.7552	0.0000	0.0000
0.7287	0.7560	0.0000	0.0000
0.7297	0.7568	0.0000	0.0000
0.7307	0.7576	0.0000	0.0000
0.7317	0.7584	0.0000	0.0000
0.7327	0.7592	0.0000	0.0000
0.7337	0.7600	0.0000	0.0000
0.7347	0.7608	0.0000	0.0000
0.7357	0.7615	0.0000	0.0000
0.7367	0.7623	0.0000	0.0000
0.7377	0.7631	0.0000	0.0000
0.7387	0.7639	0.0000	0.0000
0.7397	0.7647	0.0000	0.0000
0.7407	0.7655	0.0000	0.0000
0.7417	0.7662	0.0000	0.0000
0.7427	0.7670	0.0000	0.0000
0.7437	0.7678	0.0000	0.0000
0.7447	0.7686	0.0000	0.0000
0.7457	0.7693	0.0000	0.0000
0.7467	0.7701	0.0000	0.0000
0.7477	0.7709	0.0000	0.0000
0.7487	0.7716	0.0000	0.0000
0.7497	0.7724	0.0000	0.0000
0.7508	0.7732	0.0000	0.0000
0.7518	0.7739	0.0000	0.0000
0.7528	0.7747	0.0000	0.0000
0.7538	0.7754	0.0000	0.0000
0.7548	0.7762	0.0000	0.0000
0.7558	0.7769	0.0000	0.0000
0.7568	0.7777	0.0000	0.0000
0.7578	0.7785	0.0000	0.0000
0.7588	0.7792	0.0000	0.0000
0.7598	0.7800	0.0000	0.0000
0.7608	0.7807	0.0000	0.0000
0.7618	0.7814	0.0000	0.0000
0.7628	0.7822	0.0000	0.0000
0.7638	0.7829	0.0000	0.0000
0.7648	0.7837	0.0000	0.0000
0.7658	0.7844	0.0000	0.0000
0.7668	0.7852	0.0000	0.0000
0.7678	0.7859	0.0000	0.0000
0.7688	0.7866	0.0000	0.0000
0.7698	0.7874	0.0000	0.0000
0.7708	0.7881	0.0000	0.0000
0.7718	0.7888	0.0000	0.0000
0.7728	0.7896	0.0000	0.0000
0.7738	0.7903	0.0000	0.0000
0.7748	0.7910	0.0000	0.0000
0.7758	0.7917	0.0000	0.0000
0.7768	0.7925	0.0000	0.0000
0.7778	0.7932	0.0000	0.0000
0.7788	0.7939	0.0000	0.0000
0.7798	0.7946	0.0000	0.0000
0.7808	0.7953	0.0000	0.0000
0.7818	0.7961	0.0000	0.0000
0.7828	0.7968	0.0000	0.0000
0.7838	0.7975	0.0000	0.0000
0.7848	0.7982	0.0000	0.0000
0.7858	0.7989	0.0000	0.0000
0.7868	0.7996	0.0000	0.0000
0.7878	0.8003	0.0000	0.0000
0.7888	0.8010	0.0000	0.0000
0.7898	0.8017	0.0000	0.0000
0.7908	0.8025	0.0000	0.0000
0.7918	0.8032	0.0000	0.0000
0.7928	0.8039	0.0000	0.0000
0.7938	0.8046	0.0000	0.0000
0.7948	0.8053	0.0000	0.0000
0.7958	0.8060	0.0000	0.0000
0.7968	0.8067	0.0000	0.0000
0.7978	0.8074	0.0000	0.0000
0.7988	0.8080	0.0000	0.0000
0.7998	0.8087	0.0000	0.0000
0.8008	0.8094	0.0000	0.0000
0.8018	0.8101	0.0000	0.0000
0.8028	0.8108	0.0000	0.0000
0.8038	0.8115	0.0000	0.0000
0.8048	0.8122	0.0000	0.0000
0.8058	0.8129	0.0000	0.0000
0.8068	0.8136	0.0000	0.0000
0.8078	0.8143	0.0000	0.0000
0.8088	0.8149	0.0000	0.0000
0.8098	0.8156	0.0000	0.0000
0.8108	0.8163	0.0000	0.0000
0.8118	0.8170	0.0000	0.0000
0.8128	0.8177	0.0000	0.0000
0.8138	0.8183	0.0000	0.0000
0.8148	0.8190	0.0000	0.0000
0.8158	0.8197	0.0000	0.0000
0.8168	0.8204	0.0000	0.0000
0.8178	0.8210	0.0000	0.0000
0.8188	0.8217	0.0000	0.0000
0.8198	0.8224	0.0000	0.0000
0.8208	0.8230	0.0000	0.0000
0.8218	0.8237	0.0000	0.0000
0.8228	0.8244	0.0000	0.0000
0.8238	0.8251	0.0000	0.0000
0.8248	0.8257	0.0000	0.0000
0.8258	0.8264	0.0000	0.0000
0.8268	0.8270	0.0000	0.0000
0.8278	0.8277	0.0000	0.0000
0.8288	0.8284	0.0000	0.0000
0.8298	0.8290	0.0000	0.0000
0.8308	0.8297	0.0000	0.0000
0.8318	0.8303	0.0000	0.0000
0.8328	0.8310	0.0000	0.0000
0.8338	0.8317	0.0000	0.0000
0.8348	0.8323	0.0000	0.0000
0.8358	0.8330	0.0000	0.0000
0.8368	0.8336	0.0000	0.0000
0.8378	0.8343	0.0000	0.0000
0.8388	0.8349	0.0000	0.0000
0.8398	0.8356	0.0000	0.0000
0.8408	0.8362	0.0000	0.0000
0.8418	0.8369	0.0000	0.0000
0.8428	0.8375	0.0000	0.0000
0.8438	0.8382	0.0000	0.0000
0.8448	0.8388	0.0000	0.0000
0.8458	0.8395	0.0000	0.0000
0.8468	0.8401	0.0000	0.0000
0.8478	0.8407	0.0000	0.0000
0.8488	0.8414	0.0000	0.0000
0.8498	0.8420	0.0000	0.0000
0.8509	0.8427	0.0000	0.0000
0.8519	0.8433	0.0000	0.0000
0.8529	0.8439	0.0000	0.0000
0.8539	0.8446	0.0000	0.0000
0.8549	0.8452	0.0000	0.0000
0.8559	0.8459	0.0000	0.0000
0.8569	0.8465	0.0000	0.0000
0.8579	0.8471	0.0000	0.0000
0.8589	0.8478	0.0000	0.0000
0.8599	0.8484	0.0000	0.0000
0.8609	0.8490	0.0000	0.0000
0.8619	0.8497	0.0000	0.0000
0.8629	0.8503	0.0000	0.0000
0.8639	0.8509	0.0000	0.0000
0.8649	0.8515	0.0000	0.0000
0.8659	0.8522	0.0000	0.0000
0.8669	0.8528	0.0000	0.0000
0.8679	0.8534	0.0000	0.0000
0.8689	0.8540	0.0000	0.0000
0.8699	0.8547	0.0000	0.0000
0.8709	0.8553	0.0000	0.0000
0.8719	0.8559	0.0000	0.0000
0.8729	0.8565	0.0000	0.0000
0.8739	0.8572	0.0000	0.0000
0.8749	0.8578	0.0000	0.0000
0.8759	0.8584	0.0000	0.0000
0.8769	0.8590	0.0000	0.0000
0.8779	0.8596	0.0000	0.0000
0.8789	0.8603	0.0000	0.0000
0.8799	0.8609	0.0000	0.0000
0.8809	0.8615	0.0000	0.0000
0.8819	0.8621	0.0000	0.0000
0.8829	0.8627	0.0000	0.0000
0.8839	0.8633	0.0000	0.0000
0.8849	0.8639	0.0000	0.0000
0.8859	0.8645	0.0000	0.0000
0.8869	0.8652	0.0000	0.0000
0.8879	0.8658	0.0000	0.0000
0.8889	0.8664	0.0000	0.0000
0.8899	0.8670	0.0000	0.0000
0.8909	0.8676	0.0000	0.0000
0.8919	0.8682	0.0000	0.0000
0.8929	0.8688	0.0000	0.0000
0.8939	0.8694	0.0000	0.0000
0.8949	0.8700	0.0000	0.0000
0.8959	0.8706	0.0000	0.0000
0.8969	0.8712	0.0000	0.0000
0.8979	0.8718	0.0000	0.0000
0.8989	0.8724	0.0000	0.0000
0.8999	0.8730	0.0000	0.0000
0.9009	0.8736	0.0000	0.0000
0.9019	0.8742	0.0000	0.0000
0.9029	0.8748	0.0000	0.0000
0.9039	0.8754	0.0000	0.0000
0.9049	0.8760	0.0000	0.0000
0.9059	0.8766	0.0000	0.0000
0.9069	0.8772	0.0000	0.0000
0.9079	0.8778	0.0000	0.0000
0.9089	0.8784	0.0000	0.0000
0.9099	0.8790	0.0000	0.0000
0.9109	0.8796	0.0000	0.0000
0.9119	0.8802	0.0000	0.0000
0.9129	0.8808	0.0000	0.0000
0.9139	0.8814	0.0000	0.0000
0.9149	0.8820	0.0000	0.0000
0.9159	0.8826	0.0000	0.0000
0.9169	0.8832	0.0000	0.0000
0.9179	0.8838	0.0000	0.0000
0.9189	0.8844	0.0000	0.0000
0.9199	0.8850	0.0000	0.0000
0.9209	0.8856	0.0000	0.0000
0.9219	0.8861	0.0000	0.0000
0.9229	0.8867	0.0000	0.0000
0.9239	0.8873	0.0000	0.0000
0.9249	0.8879	0.0000	0.0000
0.9259	0.8885	0.0000	0.0000
0.9269	0.8891	0.0000	0.0000
0.9279	0.8897	0.0000	0.0000
0.9289	0.8903	0.0000	0.0000
0.9299	0.8908	0.0000	0.0000
0.9309	0.8914	0.0000	0.0000
0.9319	0.8920	0.0000	0.0000
0.9329	0.8926	0.0000	0.0000
0.9339	0.8932	0.0000	0.0000
0.9349	0.8938	0.0000	0.0000
0.9359	0.8944	0.0000	0.0000
0.9369	0.8949	0.0000	0.0000
0.9379	0.8955	0.0000	0.0000
0.9389	0.8961	0.0000	0.0000
0.9399	0.8967	0.0000	0.0000
0.9409	0.8973	0.0000	0.0000
0.9419	0.8978	0.0000	0.0000
0.9429	0.8984	0.0000	0.0000
0.9439	0.8990	0.0000	0.0000
0.9449	0.8996	0.0000	0.0000
0.9459	0.9002	0.0000	0.0000
0.9469	0.9007	0.0000	0.0000
0.9479	0.9013	0.0000	0.0000
0.9489	0.9019	0.0000	0.0000
0.9499	0.9025	0.0000	0.0000
0.9510	0.9030	0.0000	0.0000
0.9520	0.9036	0.0000	0.0000
0.9530	0.9042	0.0000	0.0000
0.9540	0.9048	0.0000	0.0000
0.9550	0.9054	0.0000	0.0000
0.9560	0.9059	0.0000	0.0000
0.9570	0.9065	0.0000	0.0000
0.9580	0.9071	0.0000	0.0000
0.9590	0.9076	0.0000	0.0000
0.9600	0.9082	0.0000	0.0000
0.9610	0.9088	0.0000	0.0000
0.9620	0.9094	0.0000	0.0000
0.9630	0.9099	0.0000	0.0000
0.9640	0.9105	0.0000	0.0000
0.9650	0.9111	0.0000	0.0000
0.9660	0.9117	0.0000	0.0000
0.9670	0.9122	0.0000	0.0000
0.9680	0.9128	0.0000	0.0000
0.9690	0.9134	0.0000	0.0000
0.9700	0.9139	0.0000	0.0000
0.9710	0.9145	0.0000	0.0000
0.9720	0.9151	0.0000	0.0000
0.9730	0.9157	0.0000	0.0000
0.9740	0.9162	0.0000	0.0000
0.9750	0.9168	0.0000	0.0000
0.9760	0.9174	0.0000	0.0000
0.9770	0.9179	0.0000	0.0000
0.9780	0.9185	0.0000	0.0000
0.9790	0.9191	0.0000	0.0000
0.9800	0.9196	0.0000	0.0000
0.9810	0.9202	0.0000	0.0000
0.9820	0.9208	0.0000	0.0000
0.9830	0.9214	0.0000	0.0000
0.9840	0.9219	0.0000	0.0000
0.9850	0.9225	0.0000	0.0000
0.9860	0.9231	0.0000	0.0000
0.9870	0.9236	0.0000	0.0000
0.9880	0.9242	0.0000	0.0000
0.9890	0.9248	0.0000	0.0000
0.9900	0.9253	0.0000	0.0000
0.9910	0.9259	0.0000	0.0000
0.9920	0.9265	0.0000	0.0000
0.9930	0.9270	0.0000	0.0000
0.9940	0.9276	0.0000	0.0000
0.9950	0.9282	0.0000	0.0000
0.9960	0.9287	0.0000	0.0000
0.9970	0.9293	0.0000	0.0000
0.9980	0.9299	0.0000	0.0000
0.9990	0.9305	0.0000	0.0000
1.0000	0.9310	0.0000	0.0000
0.1732
0.5005
0.8278
