0.0000	0.1130	0.0000	0.0000
0.0010	0.1138	0.0000	0.0000
0.0020	0.1146	0.0000	0.0000
0.0030	0.1154	0.0000	0.0000
0.0040	0.1162	0.0000	0.0000
0.0050	0.1170	0.0000	0.0000
0.0060	0.1178	0.0000	0.0000
0.0070	0.1187	0.0000	0.0000
0.0080	0.1195	0.0000	0.0000
0.0090	0.1203	0.0000	0.0000
0.0100	0.1211	0.0000	0.0000
0.0110	0.1219	0.0000	0.0000
0.0120	0.1227	0.0000	0.0000
0.0130	0.1235	0.0000	0.0000
0.0140	0.1243	0.0000	0.0000
0.0150	0.1251	0.0000	0.0000
0.0160	0.1259	0.0000	0.0000
0.0170	0.1267	0.0000	0.0000
0.0180	0.1276	0.0000	0.0000
0.0190	0.1284	0.0000	0.0000
0.0200	0.1292	0.0000	0.0000
0.0210	0.1300	0.0000	0.0000
0.0220	0.1308	0.0000	0.0000
0.0230	0.1316	0.0000	0.0000
0.0240	0.1324	0.0000	0.0000
0.0250	0.1332	0.0000	0.0000
0.0260	0.1340	0.0000	0.0000
0.0270	0.1348	0.0000	0.0000
0.0280	0.1356	0.0000	0.0000
0.0290	0.1364	0.0000	0.0000
0.0300	0.1372	0.0000	0.0000
0.0310	0.1380	0.0000	0.0000
0.0320	0.1388	0.0000	0.0000
0.0330	0.1396	0.0000	0.0000
0.0340	0.1404	0.0000	0.0000
0.0350	0.1412	0.0000	0.0000
0.0360	0.1420	0.0000	0.0000
0.0370	0.1428	0.0000	0.0000
0.0380	0.1436	0.0000	0.0000
0.0390	0.1444	0.0000	0.0000
0.0400	0.1452	0.0000	0.0000
0.0410	0.1460	0.0000	0.0000
0.0420	0.1468	0.0000	0.0000
0.0430	0.1476	0.0000	0.0000
0.0440	0.1484	0.0000	0.0000
0.0450	0.1492	0.0000	0.0000
0.0460	0.1500	0.0000	0.0000
0.0470	0.1508	0.0000	0.0000
0.0480	0.1516	0.0000	0.0000
0.0490	0.1524	0.0000	0.0000
0.0501	0.1532	0.0000	0.0000
0.0511	0.1540	0.0000	0.0000
0.0521	0.1548	0.0000	0.0000
0.0531	0.1556	0.0000	0.0000
0.0541	0.1564	0.0000	0.0000
0.0551	0.1572	0.0000	0.0000
0.0561	0.1580	0.0000	0.0000
0.0571	0.1588	0.0000	0.0000
0.0581	0.1596	0.0000	0.0000
0.0591	0.1604	0.0000	0.0000
0.0601	0.1612	0.0000	0.0000
0.0611	0.1620	0.0000	0.0000
0.0621	0.1628	0.0000	0.0000
0.0631	0.1636	0.0000	0.0000
0.0641	0.1644	0.0000	0.0000
0.0651	0.1652	0.0000	0.0000
0.0661	0.1660	0.0000	0.0000
0.0671	0.1667	0.0000	0.0000
0.0681	0.1675	0.0000	0.0000
0.0691	0.1683	0.0000	0.0000
0.0701	0.1691	0.0000	0.0000
0.0711	0.1699	0.0000	0.0000
0.0721	0.1707	0.0000	0.0000
0.0731	0.1715	0.0000	0.0000
0.0741	0.1723	0.0000	0.0000
0.0751	0.1731	0.0000	0.0000
0.0761	0.1739	0.0000	0.0000
0.0771	0.1747	0.0000	0.0000
0.0781	0.1755	0.0000	0.0000
0.0791	0.1762	0.0000	0.0000
0.0801	0.1770	0.0000	0.0000
0.0811	0.1778	0.0000	0.0000
0.0821	0.1786	0.0000	0.0000
0.0831	0.1794	0.0000	0.0000
0.0841	0.1802	0.0000	0.0000
0.0851	0.1810	0.0000	0.0000
0.0861	0.1818	0.0000	0.0000
0.0871	0.1826	0.0000	0.0000
0.0881	0.1833	0.0000	0.0000
0.0891	0.1841	0.0000	0.0000
0.0901	0.1849	0.0000	0.0000
0.0911	0.1857	0.0000	0.0000
0.0921	0.1865	0.0000	0.0000
0.0931	0.1873	0.0000	0.0000
0.0941	0.1881	0.0000	0.0000
0.0951	0.1889	0.0000	0.0000
0.0961	0.1896	0.0000	0.0000
0.0971	0.1904	0.0000	0.0000
0.0981	0.1912	0.0000	0.0000
0.0991	0.1920	0.0000	0.0000
0.1001	0.1928	0.0000	0.0000
0.1011	0.1936	0.0000	0.0000
0.1021	0.1944	0.0000	0.0000
0.1031	0.1951	0.0000	0.0000
0.1041	0.1959	0.0000	0.0000
0.1051	0.1967	0.0000	0.0000
0.1061	0.1975	0.0000	0.0000
0.1071	0.1983	0.0000	0.0000
0.1081	0.1991	0.0000	0.0000
0.1091	0.1998	0.0000	0.0000
0.1101	0.2006	0.0000	0.0000
0.1111	0.2014	0.0000	0.0000
0.1121	0.2022	0.0000	0.0000
0.1131	0.2030	0.0000	0.0000
0.1141	0.2038	0.0000	0.0000
0.1151	0.2045	0.0000	0.0000
0.1161	0.2053	0.0000	0.0000
0.1171	0.2061	0.0000	0.0000
0.1181	0.2069	0.0000	0.0000
0.1191	0.2077	0.0000	0.0000
0.1201	0.2084	0.0000	0.0000
0.1211	0.2092	0.0000	0.0000
0.1221	0.2100	0.0000	0.0000
0.1231	0.2108	0.0000	0.0000
0.1241	0.2116	0.0000	0.0000
0.1251	0.2124	0.0000	0.0000
0.1261	0.2131	0.0000	0.0000
0.1271	0.2139	0.0000	0.0000
0.1281	0.2147	0.0000	0.0000
0.1291	0.2155	0.0000	0.0000
0.1301	0.2163	0.0000	0.0000
0.1311	0.2170	0.0000	0.0000
0.1321	0.2178	0.0000	0.0000
0.1331	0.2186	0.0000	0.0000
0.1341	0.2194	0.0000	0.0000
0.1351	0.2202	0.0000	0.0000
0.1361	0.2209	0.0000	0.0000
0.1371	0.2217	0.0000	0.0000
0.1381	0.2225	0.0000	0.0000
0.1391	0.2233	0.0000	0.0000
0.1401	0.2240	0.0000	0.0000
0.1411	0.2248	0.0000	0.0000
0.1421	0.2256	0.0000	0.0000
0.1431	0.2264	0.0000	0.0000
0.1441	0.2272	0.0000	0.0000
0.1451	0.2279	0.0000	0.0000
0.1461	0.2287	0.0000	0.0000
0.1471	0.2295	0.0000	0.0000
0.1481	0.2303	0.0000	0.0000
0.1491	0.2310	0.0000	0.0000
0.1502	0.2318	0.0000	0.0000
0.1512	0.2326	0.0000	0.0000
0.1522	0.2334	0.0000	0.0000
0.1532	0.2342	0.0000	0.0000
0.1542	0.2349	0.0000	0.0000
0.1552	0.2357	0.0000	0.0000
0.1562	0.2365	0.0000	0.0000
0.1572	0.2373	0.0000	0.0000
0.1582	0.2380	0.0000	0.0000
0.1592	0.2388	0.0000	0.0000
0.1602	0.2396	0.0000	0.0000
0.1612	0.2404	0.0000	0.0000
0.1622	0.2411	0.0000	0.0000
0.1632	0.2419	0.0000	0.0000
0.1642	0.2427	0.0000	0.0000
0.1652	0.2435	0.0000	0.0000
0.1662	0.2442	0.0000	0.0000
0.1672	0.2450	0.0000	0.0000
0.1682	0.2458	0.0000	0.0000
0.1692	0.2466	0.0000	0.0000
0.1702	0.2473	0.0000	0.0000
0.1712	0.2481	0.0000	0.0000
0.1722	0.2489	0.0000	0.0000
0.1732	0.2497	0.0000	0.0000
0.1742	0.2504	0.0000	0.0000
0.1752	0.2512	0.0000	0.0000
0.1762	0.2520	0.0000	0.0000
0.1772	0.2528	0.0000	0.0000
0.1782	0.2535	0.0000	0.0000
0.1792	0.2543	0.0000	0.0000
0.1802	0.2551	0.0000	0.0000
0.1812	0.2559	0.0000	0.0000
0.1822	0.2566	0.0000	0.0000
0.1832	0.2574	0.0000	0.0000
0.1842	0.2582	0.0000	0.0000
0.1852	0.2590	0.0000	0.0000
0.1862	0.2597	0.0000	0.0000
0.1872	0.2605	0.0000	0.0000
0.1882	0.2613	0.0000	0.0000
0.1892	0.2621	0.0000	0.0000
0.1902	0.2628	0.0000	0.0000
0.1912	0.2636	0.0000	0.0000
0.1922	0.2644	0.0000	0.0000
0.1932	0.2652	0.0000	0.0000
0.1942	0.2659	0.0000	0.0000
0.1952	0.2667	0.0000	0.0000
0.1962	0.2675	0.0000	0.0000
0.1972	0.2682	0.0000	0.0000
0.1982	0.2690	0.0000	0.0000
0.1992	0.2698	0.0000	0.0000
0.2002	0.2706	0.0000	0.0000
0.2012	0.2713	0.0000	0.0000
0.2022	0.2721	0.0000	0.0000
0.2032	0.2729	0.0000	0.0000
0.2042	0.2737	0.0000	0.0000
0.2052	0.2744	0.0000	0.0000
0.2062	0.2752	0.0000	0.0000
0.2072	0.2760	0.0000	0.0000
0.2082	0.2768	0.0000	0.0000
0.2092	0.2775	0.0000	0.0000
0.2102	0.2783	0.0000	0.0000
0.2112	0.2791	0.0000	0.0000
0.2122	0.2799	0.0000	0.0000
0.2132	0.2806	0.0000	0.0000
0.2142	0.2814	0.0000	0.0000
0.2152	0.2822	0.0000	0.0000
0.2162	0.2829	0.0000	0.0000
0.2172	0.2837	0.0000	0.0000
0.2182	0.2845	0.0000	0.0000
0.2192	0.2853	0.0000	0.0000
0.2202	0.2860	0.0000	0.0000
0.2212	0.2868	0.0000	0.0000
0.2222	0.2876	0.0000	0.0000
0.2232	0.2884	0.0000	0.0000
0.2242	0.2891	0.0000	0.0000
0.2252	0.2899	0.0000	0.0000
0.2262	0.2907	0.0000	0.0000
0.2272	0.2915	0.0000	0.0000
0.2282	0.2922	0.0000	0.0000
0.2292	0.2930	0.0000	0.0000
0.2302	0.2938	0.0000	0.0000
0.2312	0.2946	0.0000	0.0000
0.2322	0.2953	0.0000	0.0000
0.2332	0.2961	0.0000	0.0000
0.2342	0.2969	0.0000	0.0000
0.2352	0.2977	0.0000	0.0000
0.2362	0.2984	0.0000	0.0000
0.2372	0.2992	0.0000	0.0000
0.2382	0.3000	0.0000	0.0000
0.2392	0.3008	0.0000	0.0000
0.2402	0.3015	0.0000	0.0000
0.2412	0.3023	0.0000	0.0000
0.2422	0.3031	0.0000	0.0000
0.2432	0.3039	0.0000	0.0000
0.2442	0.3046	0.0000	0.0000
0.2452	0.3054	0.0000	0.0000
0.2462	0.3062	0.0000	0.0000
0.2472	0.3070	0.0000	0.0000
0.2482	0.3077	0.0000	0.0000
0.2492	0.3085	0.0000	0.0000
0.2503	0.3093	0.0000	0.0000
0.2513	0.3101	0.0000	0.0000
0.2523	0.3109	0.0000	0.0000
0.2533	0.3116	0.0000	0.0000
0.2543	0.3124	0.0000	0.0000
0.2553	0.3132	0.0000	0.0000
0.2563	0.3140	0.0000	0.0000
0.2573	0.3147	0.0000	0.0000
0.2583	0.3155	0.0000	0.0000
0.2593	0.3163	0.0000	0.0000
0.2603	0.3171	0.0000	0.0000
0.2613	0.3178	0.0000	0.0000
0.2623	0.3186	0.0000	0.0000
0.2633	0.3194	0.0000	0.0000
0.2643	0.3202	0.0000	0.0000
0.2653	0.3210	0.0000	0.0000
0.2663	0.3217	0.0000	0.0000
0.2673	0.3225	0.0000	0.0000
0.2683	0.3233	0.0000	0.0000
0.2693	0.3241	0.0000	0.0000
0.2703	0.3249	0.0000	0.0000
0.2713	0.3256	0.0000	0.0000
0.2723	0.3264	0.0000	0.0000
0.2733	0.3272	0.0000	0.0000
0.2743	0.3280	0.0000	0.0000
0.2753	0.3288	0.0000	0.0000
0.2763	0.3295	0.0000	0.0000
0.2773	0.3303	0.0000	0.0000
0.2783	0.3311	0.0000	0.0000
0.2793	0.3319	0.0000	0.0000
0.2803	0.3327	0.0000	0.0000
0.2813	0.3335	0.0000	0.0000
0.2823	0.3342	0.0000	0.0000
0.2833	0.3350	0.0000	0.0000
0.2843	0.3358	0.0000	0.0000
0.2853	0.3366	0.0000	0.0000
0.2863	0.3374	0.0000	0.0000
0.2873	0.3381	0.0000	0.0000
0.2883	0.3389	0.0000	0.0000
0.2893	0.3397	0.0000	0.0000
0.2903	0.3405	0.0000	0.0000
0.2913	0.3413	0.0000	0.0000
0.2923	0.3421	0.0000	0.0000
0.2933	0.3429	0.0000	0.0000
0.2943	0.3436	0.0000	0.0000
0.2953	0.3444	0.0000	0.0000
0.2963	0.3452	0.0000	0.0000
0.2973	0.3460	0.0000	0.0000
0.2983	0.3468	0.0000	0.0000
0.2993	0.3476	0.0000	0.0000
0.3003	0.3484	0.0000	0.0000
0.3013	0.3492	0.0000	0.0000
0.3023	0.3499	0.0000	0.0000
0.3033	0.3507	0.0000	0.0000
0.3043	0.3515	0.0000	0.0000
0.3053	0.3523	0.0000	0.0000
0.3063	0.3531	0.0000	0.0000
0.3073	0.3539	0.0000	0.0000
0.3083	0.3547	0.0000	0.0000
0.3093	0.3555	0.0000	0.0000
0.3103	0.3563	0.0000	0.0000
0.3113	0.3570	0.0000	0.0000
0.3123	0.3578	0.0000	0.0000
0.3133	0.3586	0.0000	0.0000
0.3143	0.3594	0.0000	0.0000
0.3153	0.3602	0.0000	0.0000
0.3163	0.3610	0.0000	0.0000
0.3173	0.3618	0.0000	0.0000
0.3183	0.3626	0.0000	0.0000
0.3193	0.3634	0.0000	0.0000
0.3203	0.3642	0.0000	0.0000
0.3213	0.3650	0.0000	0.0000
0.3223	0.3658	0.0000	0.0000
0.3233	0.3666	0.0000	0.0000
0.3243	0.3674	0.0000	0.0000
0.3253	0.3682	0.0000	0.0000
0.3263	0.3690	0.0000	0.0000
0.3273	0.3698	0.0000	0.0000
0.3283	0.3706	0.0000	0.0000
0.3293	0.3713	0.0000	0.0000
0.3303	0.3721	0.0000	0.0000
0.3313	0.3729	0.0000	0.0000
0.3323	0.3737	0.0000	0.0000
0.3333	0.3745	0.0000	0.0000
0.3343	0.3753	0.0000	0.0000
0.3353	0.3761	0.0000	0.0000
0.3363	0.3770	0.0000	0.0000
0.3373	0.3778	0.0000	0.0000
0.3383	0.3786	0.0000	0.0000
0.3393	0.3794	0.0000	0.0000
0.3403	0.3802	0.0000	0.0000
0.3413	0.3810	0.0000	0.0000
0.3423	0.3818	0.0000	0.0000
0.3433	0.3826	0.0000	0.0000
0.3443	0.3834	0.0000	0.0000
0.3453	0.3842	0.0000	0.0000
0.3463	0.3850	0.0000	0.0000
0.3473	0.3858	0.0000	0.0000
0.3483	0.3866	0.0000	0.0000
0.3493	0.3874	0.0000	0.0000
0.3504	0.3882	0.0000	0.0000
0.3514	0.3890	0.0000	0.0000
0.3524	0.3898	0.0000	0.0000
0.3534	0.3907	0.0000	0.0000
0.3544	0.3915	0.0000	0.0000
0.3554	0.3923	0.0000	0.0000
0.3564	0.3931	0.0000	0.0000
0.3574	0.3939	0.0000	0.0000
0.3584	0.3947	0.0000	0.0000
0.3594	0.3955	0.0000	0.0000
0.3604	0.3963	0.0000	0.0000
0.3614	0.3972	0.0000	0.0000
0.3624	0.3980	0.0000	0.0000
0.3634	0.3988	0.0000	0.0000
0.3644	0.3996	0.0000	0.0000
0.3654	0.4004	0.0000	0.0000
0.3664	0.4012	0.0000	0.0000
0.3674	0.4021	0.0000	0.0000
0.3684	0.4029	0.0000	0.0000
0.3694	0.4037	0.0000	0.0000
0.3704	0.4045	0.0000	0.0000
0.3714	0.4053	0.0000	0.0000
0.3724	0.4062	0.0000	0.0000
0.3734	0.4070	0.0000	0.0000
0.3744	0.4078	0.0000	0.0000
0.3754	0.4086	0.0000	0.0000
0.3764	0.4095	0.0000	0.0000
0.3774	0.4103	0.0000	0.0000
0.3784	0.4111	0.0000	0.0000
0.3794	0.4119	0.0000	0.0000
0.3804	0.4128	0.0000	0.0000
0.3814	0.4136	0.0000	0.0000
0.3824	0.4144	0.0000	0.0000
0.3834	0.4153	0.0000	0.0000
0.3844	0.4161	0.0000	0.0000
0.3854	0.4169	0.0000	0.0000
0.3864	0.4178	0.0000	0.0000
0.3874	0.4186	0.0000	0.0000
0.3884	0.4194	0.0000	0.0000
0.3894	0.4203	0.0000	0.0000
0.3904	0.4211	0.0000	0.0000
0.3914	0.4219	0.0000	0.0000
0.3924	0.4228	0.0000	0.0000
0.3934	0.4236	0.0000	0.0000
0.3944	0.4245	0.0000	0.0000
0.3954	0.4253	0.0000	0.0000
0.3964	0.4261	0.0000	0.0000
0.3974	0.4270	0.0000	0.0000
0.3984	0.4278	0.0000	0.0000
0.3994	0.4287	0.0000	0.0000
0.4004	0.4295	0.0000	0.0000
0.4014	0.4304	0.0000	0.0000
0.4024	0.4312	0.0000	0.0000
0.4034	0.4320	0.0000	0.0000
0.4044	0.4329	0.0000	0.0000
0.4054	0.4337	0.0000	0.0000
0.4064	0.4346	0.0000	0.0000
0.4074	0.4354	0.0000	0.0000
0.4084	0.4363	0.0000	0.0000
0.4094	0.4371	0.0000	0.0000
0.4104	0.4380	0.0000	0.0000
0.4114	0.4389	0.0000	0.0000
0.4124	0.4397	0.0000	0.0000
0.4134	0.4406	0.0000	0.0000
0.4144	0.4414	0.0000	0.0000
0.4154	0.4423	0.0000	0.0000
0.4164	0.4431	0.0000	0.0000
0.4174	0.4440	0.0000	0.0000
0.4184	0.4449	0.0000	0.0000
0.4194	0.4457	0.0000	0.0000
0.4204	0.4466	0.0000	0.0000
0.4214	0.4475	0.0000	0.0000
0.4224	0.4483	0.0000	0.0000
0.4234	0.4492	0.0000	0.0000
0.4244	0.4501	0.0000	0.0000
0.4254	0.4509	0.0000	0.0000
0.4264	0.4518	0.0000	0.0000
0.4274	0.4527	0.0000	0.0000
0.4284	0.4535	0.0000	0.0000
0.4294	0.4544	0.0000	0.0000
0.4304	0.4553	0.0000	0.0000
0.4314	0.4562	0.0000	0.0000
0.4324	0.4571	0.0000	0.0000
0.4334	0.4579	0.0000	0.0000
0.4344	0.4588	0.0000	0.0000
0.4354	0.4597	0.0000	0.0000
0.4364	0.4606	0.0000	0.0000
0.4374	0.4615	0.0000	0.0000
0.4384	0.4623	0.0000	0.0000
0.4394	0.4632	0.0000	0.0000
0.4404	0.4641	0.0000	0.0000
0.4414	0.4650	0.0000	0.0000
0.4424	0.4659	0.0000	0.0000
0.4434	0.4668	0.0000	0.0000
0.4444	0.4677	0.0000	0.0000
0.4454	0.4686	0.0000	0.0000
0.4464	0.4695	0.0000	0.0000
0.4474	0.4704	0.0000	0.0000
0.4484	0.4713	0.0000	0.0000
0.4494	0.4722	0.0000	0.0000
0.4505	0.4731	0.0000	0.0000
0.4515	0.4740	0.0000	0.0000
0.4525	0.4749	0.0000	0.0000
0.4535	0.4758	0.0000	0.0000
0.4545	0.4767	0.0000	0.0000
0.4555	0.4776	0.0000	0.0000
0.4565	0.4785	0.0000	0.0000
0.4575	0.4794	0.0000	0.0000
0.4585	0.4803	0.0000	0.0000
0.4595	0.4812	0.0000	0.0000
0.4605	0.4821	0.0000	0.0000
0.4615	0.4831	0.0000	0.0000
0.4625	0.4840	0.0000	0.0000
0.4635	0.4849	0.0000	0.0000
0.4645	0.4858	0.0000	0.0000
0.4655	0.4867	0.0000	0.0000
0.4665	0.4877	0.0000	0.0000
0.4675	0.4886	0.0000	0.0000
0.4685	0.4895	0.0000	0.0000
0.4695	0.4904	0.0000	0.0000
0.4705	0.4914	0.0000	0.0000
0.4715	0.4923	0.0000	0.0000
0.4725	0.4932	0.0000	0.0000
0.4735	0.4942	0.0000	0.0000
0.4745	0.4951	0.0000	0.0000
0.4755	0.4961	0.0000	0.0000
0.4765	0.4970	0.0000	0.0000
0.4775	0.4979	0.0000	0.0000
0.4785	0.4989	0.0000	0.0000
0.4795	0.4998	0.0000	0.0000
0.4805	0.5008	0.0000	0.0000
0.4815	0.5017	0.0000	0.0000
0.4825	0.5027	0.0000	0.0000
0.4835	0.5036	0.0000	0.0000
0.4845	0.5046	0.0000	0.0000
0.4855	0.5055	0.0000	0.0000
0.4865	0.5065	0.0000	0.0000
0.4875	0.5075	0.0000	0.0000
0.4885	0.5084	0.0000	0.0000
0.4895	0.5094	0.0000	0.0000
0.4905	0.5104	0.0000	0.0000
0.4915	0.5113	0.0000	0.0000
0.4925	0.5123	0.0000	0.0000
0.4935	0.5133	0.0000	0.0000
0.4945	0.5142	0.0000	0.0000
0.4955	0.5152	0.0000	0.0000
0.4965	0.5162	0.0000	0.0000
0.4975	0.5172	0.0000	0.0000
0.4985	0.5182	0.0000	0.0000
0.4995	0.5191	0.0000	0.0000
0.5005	0.5205	0.0000	0.0000
0.5015	0.5222	0.0000	0.0000
0.5025	0.5239	0.0000	0.0000
0.5035	0.5256	0.0000	0.0000
0.5045	0.5272	0.0000	0.0000
0.5055	0.5289	0.0000	0.0000
0.5065	0.5305	0.0000	0.0000
0.5075	0.5322	0.0000	0.0000
0.5085	0.5338	0.0000	0.0000
0.5095	0.5355	0.0000	0.0000
0.5105	0.5371	0.0000	0.0000
0.5115	0.5387	0.0000	0.0000
0.5125	0.5403	0.0000	0.0000
0.5135	0.5419	0.0000	0.0000
0.5145	0.5435	0.0000	0.0000
0.5155	0.5451	0.0000	0.0000
0.5165	0.5467	0.0000	0.0000
0.5175	0.5482	0.0000	0.0000
0.5185	0.5498	0.0000	0.0000
0.5195	0.5513	0.0000	0.0000
0.5205	0.5529	0.0000	0.0000
0.5215	0.5544	0.0000	0.0000
0.5225	0.5559	0.0000	0.0000
0.5235	0.5575	0.0000	0.0000
0.5245	0.5590	0.0000	0.0000
0.5255	0.5605	0.0000	0.0000
0.5265	0.5620	0.0000	0.0000
0.5275	0.5635	0.0000	0.0000
0.5285	0.5650	0.0000	0.0000
0.5295	0.5664	0.0000	0.0000
0.5305	0.5679	0.0000	0.0000
0.5315	0.5694	0.0000	0.0000
0.5325	0.5708	0.0000	0.0000
0.5335	0.5723	0.0000	0.0000
0.5345	0.5737	0.0000	0.0000
0.5355	0.5752	0.0000	0.0000
0.5365	0.5766	0.0000	0.0000
0.5375	0.5780	0.0000	0.0000
0.5385	0.5794	0.0000	0.0000
0.5395	0.5808	0.0000	0.0000
0.5405	0.5822	0.0000	0.0000
0.5415	0.5836	0.0000	0.0000
0.5425	0.5850	0.0000	0.0000
0.5435	0.5864	0.0000	0.0000
0.5445	0.5878	0.0000	0.0000
0.5455	0.5891	0.0000	0.0000
0.5465	0.5905	0.0000	0.0000
0.5475	0.5918	0.0000	0.0000
0.5485	0.5932	0.0000	0.0000
0.5495	0.5945	0.0000	0.0000
0.5506	0.5959	0.0000	0.0000
0.5516	0.5972	0.0000	0.0000
0.5526	0.5985	0.0000	0.0000
0.5536	0.5998	0.0000	0.0000
0.5546	0.6011	0.0000	0.0000
0.5556	0.6025	0.0000	0.0000
0.5566	0.6038	0.0000	0.0000
0.5576	0.6050	0.0000	0.0000
0.5586	0.6063	0.0000	0.0000
0.5596	0.6076	0.0000	0.0000
0.5606	0.6089	0.0000	0.0000
0.5616	0.6101	0.0000	0.0000
0.5626	0.6114	0.0000	0.0000
0.5636	0.6127	0.0000	0.0000
0.5646	0.6139	0.0000	0.0000
0.5656	0.6152	0.0000	0.0000
0.5666	0.6164	0.0000	0.0000
0.5676	0.6176	0.0000	0.0000
0.5686	0.6189	0.0000	0.0000
0.5696	0.6201	0.0000	0.0000
0.5706	0.6213	0.0000	0.0000
0.5716	0.6225	0.0000	0.0000
0.5726	0.6237	0.0000	0.0000
0.5736	0.6249	0.0000	0.0000
0.5746	0.6261	0.0000	0.0000
0.5756	0.6273	0.0000	0.0000
0.5766	0.6285	0.0000	0.0000
0.5776	0.6296	0.0000	0.0000
0.5786	0.6308	0.0000	0.0000
0.5796	0.6320	0.0000	0.0000
0.5806	0.6331	0.0000	0.0000
0.5816	0.6343	0.0000	0.0000
0.5826	0.6355	0.0000	0.0000
0.5836	0.6366	0.0000	0.0000
0.5846	0.6377	0.0000	0.0000
0.5856	0.6389	0.0000	0.0000
0.5866	0.6400	0.0000	0.0000
0.5876	0.6411	0.0000	0.0000
0.5886	0.6422	0.0000	0.0000
0.5896	0.6434	0.0000	0.0000
0.5906	0.6445	0.0000	0.0000
0.5916	0.6456	0.0000	0.0000
0.5926	0.6467	0.0000	0.0000
0.5936	0.6478	0.0000	0.0000
0.5946	0.6489	0.0000	0.0000
0.5956	0.6499	0.0000	0.0000
0.5966	0.6510	0.0000	0.0000
0.5976	0.6521	0.0000	0.0000
0.5986	0.6532	0.0000	0.0000
0.5996	0.6542	0.0000	0.0000
0.6006	0.6553	0.0000	0.0000
0.6016	0.6564	0.0000	0.0000
0.6026	0.6574	0.0000	0.0000
0.6036	0.6585	0.0000	0.0000
0.6046	0.6595	0.0000	0.0000
0.6056	0.6605	0.0000	0.0000
0.6066	0.6616	0.0000	0.0000
0.6076	0.6626	0.0000	0.0000
0.6086	0.6636	0.0000	0.0000
0.6096	0.6646	0.0000	0.0000
0.6106	0.6657	0.0000	0.0000
0.6116	0.6667	0.0000	0.0000
0.6126	0.6677	0.0000	0.0000
0.6136	0.6687	0.0000	0.0000
0.6146	0.6697	0.0000	0.0000
0.6156	0.6707	0.0000	0.0000
0.6166	0.6717	0.0000	0.0000
0.6176	0.6726	0.0000	0.0000
0.6186	0.6736	0.0000	0.0000
0.6196	0.6746	0.0000	0.0000
0.6206	0.6756	0.0000	0.0000
0.6216	0.6765	0.0000	0.0000
0.6226	0.6775	0.0000	0.0000
0.6236	0.6785	0.0000	0.0000
0.6246	0.6794	0.0000	0.0000
0.6256	0.6804	0.0000	0.0000
0.6266	0.6813	0.0000	0.0000
0.6276	0.6823	0.0000	0.0000
0.6286	0.6832	0.0000	0.0000
0.6296	0.6841	0.0000	0.0000
0.6306	0.6851	0.0000	0.0000
0.6316	0.6860	0.0000	0.0000
0.6326	0.6869	0.0000	0.0000
0.6336	0.6878	0.0000	0.0000
0.6346	0.6888	0.0000	0.0000
0.6356	0.6897	0.0000	0.0000
0.6366	0.6906	0.0000	0.0000
0.6376	0.6915	0.0000	0.0000
0.6386	0.6924	0.0000	0.0000
0.6396	0.6933	0.0000	0.0000
0.6406	0.6942	0.0000	0.0000
0.6416	0.6951	0.0000	0.0000
0.6426	0.6960	0.0000	0.0000
0.6436	0.6968	0.0000	0.0000
0.6446	0.6977	0.0000	0.0000
0.6456	0.6986	0.0000	0.0000
0.6466	0.6995	0.0000	0.0000
0.6476	0.7003	0.0000	0.0000
0.6486	0.7012	0.0000	0.0000
0.6496	0.7021	0.0000	0.0000
0.6507	0.7029	0.0000	0.0000
0.6517	0.7038	0.0000	0.0000
0.6527	0.7046	0.0000	0.0000
0.6537	0.7055	0.0000	0.0000
0.6547	0.7063	0.0000	0.0000
0.6557	0.7072	0.0000	0.0000
0.6567	0.7080	0.0000	0.0000
0.6577	0.7088	0.0000	0.0000
0.6587	0.7097	0.0000	0.0000
0.6597	0.7105	0.0000	0.0000
0.6607	0.7113	0.0000	0.0000
0.6617	0.7121	0.0000	0.0000
0.6627	0.7129	0.0000	0.0000
0.6637	0.7138	0.0000	0.0000
0.6647	0.7146	0.0000	0.0000
0.6657	0.7154	0.0000	0.0000
0.6667	0.7162	0.0000	0.0000
0.6677	0.7170	0.0000	0.0000
0.6687	0.7178	0.0000	0.0000
0.6697	0.7186	0.0000	0.0000
0.6707	0.7194	0.0000	0.0000
0.6717	0.7202	0.0000	0.0000
0.6727	0.7209	0.0000	0.0000
0.6737	0.7217	0.0000	0.0000
0.6747	0.7225	0.0000	0.0000
0.6757	0.7233	0.0000	0.0000
0.6767	0.7240	0.0000	0.0000
0.6777	0.7248	0.0000	0.0000
0.6787	0.7256	0.0000	0.0000
0.6797	0.7263	0.0000	0.0000
0.6807	0.7271	0.0000	0.0000
0.6817	0.7279	0.0000	0.0000
0.6827	0.7286	0.0000	0.0000
0.6837	0.7294	0.0000	0.0000
0.6847	0.7301	0.0000	0.0000
0.6857	0.7309	0.0000	0.0000
0.6867	0.7316	0.0000	0.0000
0.6877	0.7324	0.0000	0.0000
0.6887	0.7331	0.0000	0.0000
0.6897	0.7338	0.0000	0.0000
0.6907	0.7346	0.0000	0.0000
0.6917	0.7353	0.0000	0.0000
0.6927	0.7360	0.0000	0.0000
0.6937	0.7367	0.0000	0.0000
0.6947	0.7375	0.0000	0.0000
0.6957	0.7382	0.0000	0.0000
0.6967	0.7389	0.0000	0.0000
0.6977	0.7396	0.0000	0.0000
0.6987	0.7403	0.0000	0.0000
0.6997	0.7410	0.0000	0.0000
0.7007	0.7417	0.0000	0.0000
0.7017	0.7424	0.0000	0.0000
0.7027	0.7431	0.0000	0.0000
0.7037	0.7438	0.0000	0.0000
0.7047	0.7445	0.0000	0.0000
0.7057	0.7452	0.0000	0.0000
0.7067	0.7459	0.0000	0.0000
0.7077	0.7466	0.0000	0.0000
0.7087	0.7473	0.0000	0.0000
0.7097	0.7480	0.0000	0.0000
0.7107	0.7487	0.0000	0.0000
0.7117	0.7493	0.0000	0.0000
0.7127	0.7500	0.0000	0.0000
0.7137	0.7507	0.0000	0.0000
0.7147	0.7513	0.0000	0.0000
0.7157	0.7520	0.0000	0.0000
0.7167	0.7527	0.0000	0.0000
0.7177	0.7533	0.0000	0.0000
0.7187	0.7540	0.0000	0.0000
0.7197	0.7547	0.0000	0.0000
0.7207	0.7553	0.0000	0.0000
0.7217	0.7560	0.0000	0.0000
0.7227	0.7566	0.0000	0.0000
0.7237	0.7573	0.0000	0.0000
0.7247	0.7579	0.0000	0.0000
0.7257	0.7586	0.0000	0.0000
0.7267	0.7592	0.0000	0.0000
0.7277	0.7598	0.0000	0.0000
0.7287	0.7605	0.0000	0.0000
0.7297	0.7611	0.0000	0.0000
0.7307	0.7618	0.0000	0.0000
0.7317	0.7624	0.0000	0.0000
0.7327	0.7630	0.0000	0.0000
0.7337	0.7636	0.0000	0.0000
0.7347	0.7643	0.0000	0.0000
0.7357	0.7649	0.0000	0.0000
0.7367	0.7655	0.0000	0.0000
0.7377	0.7661	0.0000	0.0000
0.7387	0.7667	0.0000	0.0000
0.7397	0.7674	0.0000	0.0000
0.7407	0.7680	0.0000	0.0000
0.7417	0.7686	0.0000	0.0000
0.7427	0.7692	0.0000	0.0000
0.7437	0.7698	0.0000	0.0000
0.7447	0.7704	0.0000	0.0000
0.7457	0.7710	0.0000	0.0000
0.7467	0.7716	0.0000	0.0000
0.7477	0.7722	0.0000	0.0000
0.7487	0.7728	0.0000	0.0000
0.7497	0.7734	0.0000	0.0000
0.7508	0.7740	0.0000	0.0000
0.7518	0.7746	0.0000	0.0000
0.7528	0.7752	0.0000	0.0000
0.7538	0.7758	0.0000	0.0000
0.7548	0.7763	0.0000	0.0000
0.7558	0.7769	0.0000	0.0000
0.7568	0.7775	0.0000	0.0000
0.7578	0.7781	0.0000	0.0000
0.7588	0.7787	0.0000	0.0000
0.7598	0.7792	0.0000	0.0000
0.7608	0.7798	0.0000	0.0000
0.7618	0.7804	0.0000	0.0000
0.7628	0.7810	0.0000	0.0000
0.7638	0.7815	0.0000	0.0000
0.7648	0.7821	0.0000	0.0000
0.7658	0.7826	0.0000	0.0000
0.7668	0.7832	0.0000	0.0000
0.7678	0.7838	0.0000	0.0000
0.7688	0.7843	0.0000	0.0000
0.7698	0.7849	0.0000	0.0000
0.7708	0.7854	0.0000	0.0000
0.7718	0.7860	0.0000	0.0000
0.7728	0.7866	0.0000	0.0000
0.7738	0.7871	0.0000	0.0000
0.7748	0.7877	0.0000	0.0000
0.7758	0.7882	0.0000	0.0000
0.7768	0.7887	0.0000	0.0000
0.7778	0.7893	0.0000	0.0000
0.7788	0.7898	0.0000	0.0000
0.7798	0.7904	0.0000	0.0000
0.7808	0.7909	0.0000	0.0000
0.7818	0.7915	0.0000	0.0000
0.7828	0.7920	0.0000	0.0000
0.7838	0.7925	0.0000	0.0000
0.7848	0.7931	0.0000	0.0000
0.7858	0.7936	0.0000	0.0000
0.7868	0.7941	0.0000	0.0000
0.7878	0.7947	0.0000	0.0000
0.7888	0.7952	0.0000	0.0000
0.7898	0.7957	0.0000	0.0000
0.7908	0.7962	0.0000	0.0000
0.7918	0.7968	0.0000	0.0000
0.7928	0.7973	0.0000	0.0000
0.7938	0.7978	0.0000	0.0000
0.7948	0.7983	0.0000	0.0000
0.7958	0.7988	0.0000	0.0000
0.7968	0.7993	0.0000	0.0000
0.7978	0.7999	0.0000	0.0000
0.7988	0.8004	0.0000	0.0000
0.7998	0.8009	0.0000	0.0000
0.8008	0.8014	0.0000	0.0000
0.8018	0.8019	0.0000	0.0000
0.8028	0.8024	0.0000	0.0000
0.8038	0.8029	0.0000	0.0000
0.8048	0.8034	0.0000	0.0000
0.8058	0.8039	0.0000	0.0000
0.8068	0.8044	0.0000	0.0000
0.8078	0.8049	0.0000	0.0000
0.8088	0.8054	0.0000	0.0000
0.8098	0.8059	0.0000	0.0000
0.8108	0.8064	0.0000	0.0000
0.8118	0.8069	0.0000	0.0000
0.8128	0.8074	0.0000	0.0000
0.8138	0.8079	0.0000	0.0000
0.8148	0.8084	0.0000	0.0000
0.8158	0.8089	0.0000	0.0000
0.8168	0.8094	0.0000	0.0000
0.8178	0.8099	0.0000	0.0000
0.8188	0.8103	0.0000	0.0000
0.8198	0.8108	0.0000	0.0000
0.8208	0.8113	0.0000	0.0000
0.8218	0.8118	0.0000	0.0000
0.8228	0.8123	0.0000	0.0000
0.8238	0.8128	0.0000	0.0000
0.8248	0.8132	0.0000	0.0000
0.8258	0.8137	0.0000	0.0000
0.8268	0.8142	0.0000	0.0000
0.8278	0.8147	0.0000	0.0000
0.8288	0.8151	0.0000	0.0000
0.8298	0.8156	0.0000	0.0000
0.8308	0.8161	0.0000	0.0000
0.8318	0.8166	0.0000	0.0000
0.8328	0.8170	0.0000	0.0000
0.8338	0.8175	0.0000	0.0000
0.8348	0.8180	0.0000	0.0000
0.8358	0.8184	0.0000	0.0000
0.8368	0.8189	0.0000	0.0000
0.8378	0.8194	0.0000	0.0000
0.8388	0.8198	0.0000	0.0000
0.8398	0.8203	0.0000	0.0000
0.8408	0.8207	0.0000	0.0000
0.8418	0.8212	0.0000	0.0000
0.8428	0.8217	0.0000	0.0000
0.8438	0.8221	0.0000	0.0000
0.8448	0.8226	0.0000	0.0000
0.8458	0.8230	0.0000	0.0000
0.8468	0.8235	0.0000	0.0000
0.8478	0.8239	0.0000	0.0000
0.8488	0.8244	0.0000	0.0000
0.8498	0.8249	0.0000	0.0000
0.8509	0.8253	0.0000	0.0000
0.8519	0.8258	0.0000	0.0000
0.8529	0.8262	0.0000	0.0000
0.8539	0.8267	0.0000	0.0000
0.8549	0.8271	0.0000	0.0000
0.8559	0.8276	0.0000	0.0000
0.8569	0.8280	0.0000	0.0000
0.8579	0.8284	0.0000	0.0000
0.8589	0.8289	0.0000	0.0000
0.8599	0.8293	0.0000	0.0000
0.8609	0.8298	0.0000	0.0000
0.8619	0.8302	0.0000	0.0000
0.8629	0.8307	0.0000	0.0000
0.8639	0.8311	0.0000	0.0000
0.8649	0.8315	0.0000	0.0000
0.8659	0.8320	0.0000	0.0000
0.8669	0.8324	0.0000	0.0000
0.8679	0.8329	0.0000	0.0000
0.8689	0.8333	0.0000	0.0000
0.8699	0.8337	0.0000	0.0000
0.8709	0.8342	0.0000	0.0000
0.8719	0.8346	0.0000	0.0000
0.8729	0.8350	0.0000	0.0000
0.8739	0.8355	0.0000	0.0000
0.8749	0.8359	0.0000	0.0000
0.8759	0.8363	0.0000	0.0000
0.8769	0.8368	0.0000	0.0000
0.8779	0.8372	0.0000	0.0000
0.8789	0.8376	0.0000	0.0000
0.8799	0.8381	0.0000	0.0000
0.8809	0.8385	0.0000	0.0000
0.8819	0.8389	0.0000	0.0000
0.8829	0.8393	0.0000	0.0000
0.8839	0.8398	0.0000	0.0000
0.8849	0.8402	0.0000	0.0000
0.8859	0.8406	0.0000	0.0000
0.8869	0.8410	0.0000	0.0000
0.8879	0.8415	0.0000	0.0000
0.8889	0.8419	0.0000	0.0000
0.8899	0.8423	0.0000	0.0000
0.8909	0.8427	0.0000	0.0000
0.8919	0.8431	0.0000	0.0000
0.8929	0.8436	0.0000	0.0000
0.8939	0.8440	0.0000	0.0000
0.8949	0.8444	0.0000	0.0000
0.8959	0.8448	0.0000	0.0000
0.8969	0.8452	0.0000	0.0000
0.8979	0.8457	0.0000	0.0000
0.8989	0.8461	0.0000	0.0000
0.8999	0.8465	0.0000	0.0000
0.9009	0.8469	0.0000	0.0000
0.9019	0.8473	0.0000	0.0000
0.9029	0.8477	0.0000	0.0000
0.9039	0.8482	0.0000	0.0000
0.9049	0.8486	0.0000	0.0000
0.9059	0.8490	0.0000	0.0000
0.9069	0.8494	0.0000	0.0000
0.9079	0.8498	0.0000	0.0000
0.9089	0.8502	0.0000	0.0000
0.9099	0.8506	0.0000	0.0000
0.9109	0.8510	0.0000	0.0000
0.9119	0.8515	0.0000	0.0000
0.9129	0.8519	0.0000	0.0000
0.9139	0.8523	0.0000	0.0000
0.9149	0.8527	0.0000	0.0000
0.9159	0.8531	0.0000	0.0000
0.9169	0.8535	0.0000	0.0000
0.9179	0.8539	0.0000	0.0000
0.9189	0.8543	0.0000	0.0000
0.9199	0.8547	0.0000	0.0000
0.9209	0.8551	0.0000	0.0000
0.9219	0.8555	0.0000	0.0000
0.9229	0.8559	0.0000	0.0000
0.9239	0.8564	0.0000	0.0000
0.9249	0.8568	0.0000	0.0000
0.9259	0.8572	0.0000	0.0000
0.9269	0.8576	0.0000	0.0000
0.9279	0.8580	0.0000	0.0000
0.9289	0.8584	0.0000	0.0000
0.9299	0.8588	0.0000	0.0000
0.9309	0.8592	0.0000	0.0000
0.9319	0.8596	0.0000	0.0000
0.9329	0.8600	0.0000	0.0000
0.9339	0.8604	0.0000	0.0000
0.9349	0.8608	0.0000	0.0000
0.9359	0.8612	0.0000	0.0000
0.9369	0.8616	0.0000	0.0000
0.9379	0.8620	0.0000	0.0000
0.9389	0.8624	0.0000	0.0000
0.9399	0.8628	0.0000	0.0000
0.9409	0.8632	0.0000	0.0000
0.9419	0.8636	0.0000	0.0000
0.9429	0.8640	0.0000	0.0000
0.9439	0.8644	0.0000	0.0000
0.9449	0.8648	0.0000	0.0000
0.9459	0.8652	0.0000	0.0000
0.9469	0.8656	0.0000	0.0000
0.9479	0.8660	0.0000	0.0000
0.9489	0.8664	0.0000	0.0000
0.9499	0.8668	0.0000	0.0000
0.9510	0.8672	0.0000	0.0000
0.9520	0.8676	0.0000	0.0000
0.9530	0.8680	0.0000	0.0000
0.9540	0.8684	0.0000	0.0000
0.9550	0.8688	0.0000	0.0000
0.9560	0.8692	0.0000	0.0000
0.9570	0.8696	0.0000	0.0000
0.9580	0.8700	0.0000	0.0000
0.9590	0.8704	0.0000	0.0000
0.9600	0.8708	0.0000	0.0000
0.9610	0.8712	0.0000	0.0000
0.9620	0.8716	0.0000	0.0000
0.9630	0.8721	0.0000	0.0000
0.9640	0.8725	0.0000	0.0000
0.9650	0.8729	0.0000	0.0000
0.9660	0.8733	0.0000	0.0000
0.9670	0.8737	0.0000	0.0000
0.9680	0.8741	0.0000	0.0000
0.9690	0.8745	0.0000	0.0000
0.9700	0.8749	0.0000	0.0000
0.9710	0.8753	0.0000	0.0000
0.9720	0.8757	0.0000	0.0000
0.9730	0.8761	0.0000	0.0000
0.9740	0.8765	0.0000	0.0000
0.9750	0.8769	0.0000	0.0000
0.9760	0.8773	0.0000	0.0000
0.9770	0.8777	0.0000	0.0000
0.9780	0.8781	0.0000	0.0000
0.9790	0.8785	0.0000	0.0000
0.9800	0.8789	0.0000	0.0000
0.9810	0.8793	0.0000	0.0000
0.9820	0.8797	0.0000	0.0000
0.9830	0.8801	0.0000	0.0000
0.9840	0.8805	0.0000	0.0000
0.9850	0.8809	0.0000	0.0000
0.9860	0.8813	0.0000	0.0000
0.9870	0.8817	0.0000	0.0000
0.9880	0.8821	0.0000	0.0000
0.9890	0.8825	0.0000	0.0000
0.9900	0.8829	0.0000	0.0000
0.9910	0.8833	0.0000	0.0000
0.9920	0.8837	0.0000	0.0000
0.9930	0.8842	0.0000	0.0000
0.9940	0.8846	0.0000	0.0000
0.9950	0.8850	0.0000	0.0000
0.9960	0.8854	0.0000	0.0000
0.9970	0.8858	0.0000	0.0000
0.9980	0.8862	0.0000	0.0000
0.9990	0.8866	0.0000	0.0000
1.0000	0.8870	0.0000	0.0000
0.8028
