0.0000	0.1142	0.0000	0.0000
0.0010	0.1150	0.0000	0.0000
0.0020	0.1158	0.0000	0.0000
0.0030	0.1166	0.0000	0.0000
0.0040	0.1175	0.0000	0.0000
0.0050	0.1183	0.0000	0.0000
0.0060	0.1191	0.0000	0.0000
0.0070	0.1199	0.0000	0.0000
0.0080	0.1207	0.0000	0.0000
0.0090	0.1215	0.0000	0.0000
0.0100	0.1223	0.0000	0.0000
0.0110	0.1231	0.0000	0.0000
0.0120	0.1240	0.0000	0.0000
0.0130	0.1248	0.0000	0.0000
0.0140	0.1256	0.0000	0.0000
0.0150	0.1264	0.0000	0.0000
0.0160	0.1272	0.0000	0.0000
0.0170	0.1280	0.0000	0.0000
0.0180	0.1288	0.0000	0.0000
0.0190	0.1296	0.0000	0.0000
0.0200	0.1304	0.0000	0.0000
0.0210	0.1312	0.0000	0.0000
0.0220	0.1320	0.0000	0.0000
0.0230	0.1329	0.0000	0.0000
0.0240	0.1337	0.0000	0.0000
0.0250	0.1345	0.0000	0.0000
0.0260	0.1353	0.0000	0.0000
0.0270	0.1361	0.0000	0.0000
0.0280	0.1369	0.0000	0.0000
0.0290	0.1377	0.0000	0.0000
0.0300	0.1385	0.0000	0.0000
0.0310	0.1393	0.0000	0.0000
0.0320	0.1401	0.0000	0.0000
0.0330	0.1409	0.0000	0.0000
0.0340	0.1417	0.0000	0.0000
0.0350	0.1425	0.0000	0.0000
0.0360	0.1433	0.0000	0.0000
0.0370	0.1441	0.0000	0.0000
0.0380	0.1449	0.0000	0.0000
0.0390	0.1457	0.0000	0.0000
0.0400	0.1465	0.0000	0.0000
0.0410	0.1473	0.0000	0.0000
0.0420	0.1481	0.0000	0.0000
0.0430	0.1489	0.0000	0.0000
0.0440	0.1497	0.0000	0.0000
0.0450	0.1505	0.0000	0.0000
0.0460	0.1513	0.0000	0.0000
0.0470	0.1521	0.0000	0.0000
0.0480	0.1529	0.0000	0.0000
0.0490	0.1537	0.0000	0.0000
0.0501	0.1545	0.0000	0.0000
0.0511	0.1553	0.0000	0.0000
0.0521	0.1561	0.0000	0.0000
0.0531	0.1569	0.0000	0.0000
0.0541	0.1577	0.0000	0.0000
0.0551	0.1585	0.0000	0.0000
0.0561	0.1593	0.0000	0.0000
0.0571	0.1601	0.0000	0.0000
0.0581	0.1609	0.0000	0.0000
0.0591	0.1617	0.0000	0.0000
0.0601	0.1625	0.0000	0.0000
0.0611	0.1633	0.0000	0.0000
0.0621	0.1641	0.0000	0.0000
0.0631	0.1649	0.0000	0.0000
0.0641	0.1657	0.0000	0.0000
0.0651	0.1665	0.0000	0.0000
0.0661	0.1673	0.0000	0.0000
0.0671	0.1681	0.0000	0.0000
0.0681	0.1689	0.0000	0.0000
0.0691	0.1697	0.0000	0.0000
0.0701	0.1705	0.0000	0.0000
0.0711	0.1713	0.0000	0.0000
0.0721	0.1721	0.0000	0.0000
0.0731	0.1728	0.0000	0.0000
0.0741	0.1736	0.0000	0.0000
0.0751	0.1744	0.0000	0.0000
0.0761	0.1752	0.0000	0.0000
0.0771	0.1760	0.0000	0.0000
0.0781	0.1768	0.0000	0.0000
0.0791	0.1776	0.0000	0.0000
0.0801	0.1784	0.0000	0.0000
0.0811	0.1792	0.0000	0.0000
0.0821	0.1800	0.0000	0.0000
0.0831	0.1808	0.0000	0.0000
0.0841	0.1816	0.0000	0.0000
0.0851	0.1823	0.0000	0.0000
0.0861	0.1831	0.0000	0.0000
0.0871	0.1839	0.0000	0.0000
0.0881	0.1847	0.0000	0.0000
0.0891	0.1855	0.0000	0.0000
0.0901	0.1863	0.0000	0.0000
0.0911	0.1871	0.0000	0.0000
0.0921	0.1879	0.0000	0.0000
0.0931	0.1887	0.0000	0.0000
0.0941	0.1894	0.0000	0.0000
0.0951	0.1902	0.0000	0.0000
0.0961	0.1910	0.0000	0.0000
0.0971	0.1918	0.0000	0.0000
0.0981	0.1926	0.0000	0.0000
0.0991	0.1934	0.0000	0.0000
0.1001	0.1942	0.0000	0.0000
0.1011	0.1950	0.0000	0.0000
0.1021	0.1957	0.0000	0.0000
0.1031	0.1965	0.0000	0.0000
0.1041	0.1973	0.0000	0.0000
0.1051	0.1981	0.0000	0.0000
0.1061	0.1989	0.0000	0.0000
0.1071	0.1997	0.0000	0.0000
0.1081	0.2005	0.0000	0.0000
0.1091	0.2012	0.0000	0.0000
0.1101	0.2020	0.0000	0.0000
0.1111	0.2028	0.0000	0.0000
0.1121	0.2036	0.0000	0.0000
0.1131	0.2044	0.0000	0.0000
0.1141	0.2052	0.0000	0.0000
0.1151	0.2059	0.0000	0.0000
0.1161	0.2067	0.0000	0.0000
0.1171	0.2075	0.0000	0.0000
0.1181	0.2083	0.0000	0.0000
0.1191	0.2091	0.0000	0.0000
0.1201	0.2099	0.0000	0.0000
0.1211	0.2106	0.0000	0.0000
0.1221	0.2114	0.0000	0.0000
0.1231	0.2122	0.0000	0.0000
0.1241	0.2130	0.0000	0.0000
0.1251	0.2138	0.0000	0.0000
0.1261	0.2146	0.0000	0.0000
0.1271	0.2153	0.0000	0.0000
0.1281	0.2161	0.0000	0.0000
0.1291	0.2169	0.0000	0.0000
0.1301	0.2177	0.0000	0.0000
0.1311	0.2185	0.0000	0.0000
0.1321	0.2192	0.0000	0.0000
0.1331	0.2200	0.0000	0.0000
0.1341	0.2208	0.0000	0.0000
0.1351	0.2216	0.0000	0.0000
0.1361	0.2224	0.0000	0.0000
0.1371	0.2231	0.0000	0.0000
0.1381	0.2239	0.0000	0.0000
0.1391	0.2247	0.0000	0.0000
0.1401	0.2255	0.0000	0.0000
0.1411	0.2263	0.0000	0.0000
0.1421	0.2270	0.0000	0.0000
0.1431	0.2278	0.0000	0.0000
0.1441	0.2286	0.0000	0.0000
0.1451	0.2294	0.0000	0.0000
0.1461	0.2302	0.0000	0.0000
0.1471	0.2309	0.0000	0.0000
0.1481	0.2317	0.0000	0.0000
0.1491	0.2325	0.0000	0.0000
0.1502	0.2333	0.0000	0.0000
0.1512	0.2340	0.0000	0.0000
0.1522	0.2348	0.0000	0.0000
0.1532	0.2356	0.0000	0.0000
0.1542	0.2364	0.0000	0.0000
0.1552	0.2372	0.0000	0.0000
0.1562	0.2379	0.0000	0.0000
0.1572	0.2387	0.0000	0.0000
0.1582	0.2395	0.0000	0.0000
0.1592	0.2403	0.0000	0.0000
0.1602	0.2410	0.0000	0.0000
0.1612	0.2418	0.0000	0.0000
0.1622	0.2426	0.0000	0.0000
0.1632	0.2434	0.0000	0.0000
0.1642	0.2441	0.0000	0.0000
0.1652	0.2449	0.0000	0.0000
0.1662	0.2457	0.0000	0.0000
0.1672	0.2465	0.0000	0.0000
0.1682	0.2472	0.0000	0.0000
0.1692	0.2480	0.0000	0.0000
0.1702	0.2488	0.0000	0.0000
0.1712	0.2496	0.0000	0.0000
0.1722	0.2504	0.0000	0.0000
0.1732	0.2511	0.0000	0.0000
0.1742	0.2519	0.0000	0.0000
0.1752	0.2527	0.0000	0.0000
0.1762	0.2535	0.0000	0.0000
0.1772	0.2542	0.0000	0.0000
0.1782	0.2550	0.0000	0.0000
0.1792	0.2558	0.0000	0.0000
0.1802	0.2566	0.0000	0.0000
0.1812	0.2573	0.0000	0.0000
0.1822	0.2581	0.0000	0.0000
0.1832	0.2589	0.0000	0.0000
0.1842	0.2597	0.0000	0.0000
0.1852	0.2604	0.0000	0.0000
0.1862	0.2612	0.0000	0.0000
0.1872	0.2620	0.0000	0.0000
0.1882	0.2628	0.0000	0.0000
0.1892	0.2635	0.0000	0.0000
0.1902	0.2643	0.0000	0.0000
0.1912	0.2651	0.0000	0.0000
0.1922	0.2658	0.0000	0.0000
0.1932	0.2666	0.0000	0.0000
0.1942	0.2674	0.0000	0.0000
0.1952	0.2682	0.0000	0.0000
0.1962	0.2689	0.0000	0.0000
0.1972	0.2697	0.0000	0.0000
0.1982	0.2705	0.0000	0.0000
0.1992	0.2713	0.0000	0.0000
0.2002	0.2720	0.0000	0.0000
0.2012	0.2728	0.0000	0.0000
0.2022	0.2736	0.0000	0.0000
0.2032	0.2744	0.0000	0.0000
0.2042	0.2751	0.0000	0.0000
0.2052	0.2759	0.0000	0.0000
0.2062	0.2767	0.0000	0.0000
0.2072	0.2775	0.0000	0.0000
0.2082	0.2782	0.0000	0.0000
0.2092	0.2790	0.0000	0.0000
0.2102	0.2798	0.0000	0.0000
0.2112	0.2806	0.0000	0.0000
0.2122	0.2813	0.0000	0.0000
0.2132	0.2821	0.0000	0.0000
0.2142	0.2829	0.0000	0.0000
0.2152	0.2837	0.0000	0.0000
0.2162	0.2844	0.0000	0.0000
0.2172	0.2852	0.0000	0.0000
0.2182	0.2860	0.0000	0.0000
0.2192	0.2868	0.0000	0.0000
0.2202	0.2875	0.0000	0.0000
0.2212	0.2883	0.0000	0.0000
0.2222	0.2891	0.0000	0.0000
0.2232	0.2898	0.0000	0.0000
0.2242	0.2906	0.0000	0.0000
0.2252	0.2914	0.0000	0.0000
0.2262	0.2922	0.0000	0.0000
0.2272	0.2929	0.0000	0.0000
0.2282	0.2937	0.0000	0.0000
0.2292	0.2945	0.0000	0.0000
0.2302	0.2953	0.0000	0.0000
0.2312	0.2960	0.0000	0.0000
0.2322	0.2968	0.0000	0.0000
0.2332	0.2976	0.0000	0.0000
0.2342	0.2984	0.0000	0.0000
0.2352	0.2991	0.0000	0.0000
0.2362	0.2999	0.0000	0.0000
0.2372	0.3007	0.0000	0.0000
0.2382	0.3015	0.0000	0.0000
0.2392	0.3022	0.0000	0.0000
0.2402	0.3030	0.0000	0.0000
0.2412	0.3038	0.0000	0.0000
0.2422	0.3046	0.0000	0.0000
0.2432	0.3053	0.0000	0.0000
0.2442	0.3061	0.0000	0.0000
0.2452	0.3069	0.0000	0.0000
0.2462	0.3077	0.0000	0.0000
0.2472	0.3084	0.0000	0.0000
0.2482	0.3092	0.0000	0.0000
0.2492	0.3100	0.0000	0.0000
0.2503	0.3108	0.0000	0.0000
0.2513	0.3116	0.0000	0.0000
0.2523	0.3123	0.0000	0.0000
0.2533	0.3131	0.0000	0.0000
0.2543	0.3139	0.0000	0.0000
0.2553	0.3147	0.0000	0.0000
0.2563	0.3154	0.0000	0.0000
0.2573	0.3162	0.0000	0.0000
0.2583	0.3170	0.0000	0.0000
0.2593	0.3178	0.0000	0.0000
0.2603	0.3185	0.0000	0.0000
0.2613	0.3193	0.0000	0.0000
0.2623	0.3201	0.0000	0.0000
0.2633	0.3209	0.0000	0.0000
0.2643	0.3217	0.0000	0.0000
0.2653	0.3224	0.0000	0.0000
0.2663	0.3232	0.0000	0.0000
0.2673	0.3240	0.0000	0.0000
0.2683	0.3248	0.0000	0.0000
0.2693	0.3255	0.0000	0.0000
0.2703	0.3263	0.0000	0.0000
0.2713	0.3271	0.0000	0.0000
0.2723	0.3279	0.0000	0.0000
0.2733	0.3287	0.0000	0.0000
0.2743	0.3294	0.0000	0.0000
0.2753	0.3302	0.0000	0.0000
0.2763	0.3310	0.0000	0.0000
0.2773	0.3318	0.0000	0.0000
0.2783	0.3326	0.0000	0.0000
0.2793	0.3333	0.0000	0.0000
0.2803	0.3341	0.0000	0.0000
0.2813	0.3349	0.0000	0.0000
0.2823	0.3357	0.0000	0.0000
0.2833	0.3365	0.0000	0.0000
0.2843	0.3373	0.0000	0.0000
0.2853	0.3380	0.0000	0.0000
0.2863	0.3388	0.0000	0.0000
0.2873	0.3396	0.0000	0.0000
0.2883	0.3404	0.0000	0.0000
0.2893	0.3412	0.0000	0.0000
0.2903	0.3420	0.0000	0.0000
0.2913	0.3427	0.0000	0.0000
0.2923	0.3435	0.0000	0.0000
0.2933	0.3443	0.0000	0.0000
0.2943	0.3451	0.0000	0.0000
0.2953	0.3459	0.0000	0.0000
0.2963	0.3467	0.0000	0.0000
0.2973	0.3474	0.0000	0.0000
0.2983	0.3482	0.0000	0.0000
0.2993	0.3490	0.0000	0.0000
0.3003	0.3498	0.0000	0.0000
0.3013	0.3506	0.0000	0.0000
0.3023	0.3514	0.0000	0.0000
0.3033	0.3522	0.0000	0.0000
0.3043	0.3529	0.0000	0.0000
0.3053	0.3537	0.0000	0.0000
0.3063	0.3545	0.0000	0.0000
0.3073	0.3553	0.0000	0.0000
0.3083	0.3561	0.0000	0.0000
0.3093	0.3569	0.0000	0.0000
0.3103	0.3577	0.0000	0.0000
0.3113	0.3585	0.0000	0.0000
0.3123	0.3593	0.0000	0.0000
0.3133	0.3601	0.0000	0.0000
0.3143	0.3608	0.0000	0.0000
0.3153	0.3616	0.0000	0.0000
0.3163	0.3624	0.0000	0.0000
0.3173	0.3632	0.0000	0.0000
0.3183	0.3640	0.0000	0.0000
0.3193	0.3648	0.0000	0.0000
0.3203	0.3656	0.0000	0.0000
0.3213	0.3664	0.0000	0.0000
0.3223	0.3672	0.0000	0.0000
0.3233	0.3680	0.0000	0.0000
0.3243	0.3688	0.0000	0.0000
0.3253	0.3696	0.0000	0.0000
0.3263	0.3704	0.0000	0.0000
0.3273	0.3712	0.0000	0.0000
0.3283	0.3719	0.0000	0.0000
0.3293	0.3727	0.0000	0.0000
0.3303	0.3735	0.0000	0.0000
0.3313	0.3743	0.0000	0.0000
0.3323	0.3751	0.0000	0.0000
0.3333	0.3759	0.0000	0.0000
0.3343	0.3767	0.0000	0.0000
0.3353	0.3775	0.0000	0.0000
0.3363	0.3783	0.0000	0.0000
0.3373	0.3791	0.0000	0.0000
0.3383	0.3799	0.0000	0.0000
0.3393	0.3807	0.0000	0.0000
0.3403	0.3815	0.0000	0.0000
0.3413	0.3823	0.0000	0.0000
0.3423	0.3831	0.0000	0.0000
0.3433	0.3839	0.0000	0.0000
0.3443	0.3847	0.0000	0.0000
0.3453	0.3856	0.0000	0.0000
0.3463	0.3864	0.0000	0.0000
0.3473	0.3872	0.0000	0.0000
0.3483	0.3880	0.0000	0.0000
0.3493	0.3888	0.0000	0.0000
0.3504	0.3896	0.0000	0.0000
0.3514	0.3904	0.0000	0.0000
0.3524	0.3912	0.0000	0.0000
0.3534	0.3920	0.0000	0.0000
0.3544	0.3928	0.0000	0.0000
0.3554	0.3936	0.0000	0.0000
0.3564	0.3944	0.0000	0.0000
0.3574	0.3952	0.0000	0.0000
0.3584	0.3961	0.0000	0.0000
0.3594	0.3969	0.0000	0.0000
0.3604	0.3977	0.0000	0.0000
0.3614	0.3985	0.0000	0.0000
0.3624	0.3993	0.0000	0.0000
0.3634	0.4001	0.0000	0.0000
0.3644	0.4009	0.0000	0.0000
0.3654	0.4017	0.0000	0.0000
0.3664	0.4026	0.0000	0.0000
0.3674	0.4034	0.0000	0.0000
0.3684	0.4042	0.0000	0.0000
0.3694	0.4050	0.0000	0.0000
0.3704	0.4058	0.0000	0.0000
0.3714	0.4066	0.0000	0.0000
0.3724	0.4075	0.0000	0.0000
0.3734	0.4083	0.0000	0.0000
0.3744	0.4091	0.0000	0.0000
0.3754	0.4099	0.0000	0.0000
0.3764	0.4108	0.0000	0.0000
0.3774	0.4116	0.0000	0.0000
0.3784	0.4124	0.0000	0.0000
0.3794	0.4132	0.0000	0.0000
0.3804	0.4140	0.0000	0.0000
0.3814	0.4149	0.0000	0.0000
0.3824	0.4157	0.0000	0.0000
0.3834	0.4165	0.0000	0.0000
0.3844	0.4174	0.0000	0.0000
0.3854	0.4182	0.0000	0.0000
0.3864	0.4190	0.0000	0.0000
0.3874	0.4198	0.0000	0.0000
0.3884	0.4207	0.0000	0.0000
0.3894	0.4215	0.0000	0.0000
0.3904	0.4223	0.0000	0.0000
0.3914	0.4232	0.0000	0.0000
0.3924	0.4240	0.0000	0.0000
0.3934	0.4248	0.0000	0.0000
0.3944	0.4257	0.0000	0.0000
0.3954	0.4265	0.0000	0.0000
0.3964	0.4274	0.0000	0.0000
0.3974	0.4282	0.0000	0.0000
0.3984	0.4290	0.0000	0.0000
0.3994	0.4299	0.0000	0.0000
0.4004	0.4307	0.0000	0.0000
0.4014	0.4316	0.0000	0.0000
0.4024	0.4324	0.0000	0.0000
0.4034	0.4332	0.0000	0.0000
0.4044	0.4341	0.0000	0.0000
0.4054	0.4349	0.0000	0.0000
0.4064	0.4358	0.0000	0.0000
0.4074	0.4366	0.0000	0.0000
0.4084	0.4375	0.0000	0.0000
0.4094	0.4383	0.0000	0.0000
0.4104	0.4392	0.0000	0.0000
0.4114	0.4400	0.0000	0.0000
0.4124	0.4409	0.0000	0.0000
0.4134	0.4417	0.0000	0.0000
0.4144	0.4426	0.0000	0.0000
0.4154	0.4434	0.0000	0.0000
0.4164	0.4443	0.0000	0.0000
0.4174	0.4451	0.0000	0.0000
0.4184	0.4460	0.0000	0.0000
0.4194	0.4469	0.0000	0.0000
0.4204	0.4477	0.0000	0.0000
0.4214	0.4486	0.0000	0.0000
0.4224	0.4494	0.0000	0.0000
0.4234	0.4503	0.0000	0.0000
0.4244	0.4512	0.0000	0.0000
0.4254	0.4520	0.0000	0.0000
0.4264	0.4529	0.0000	0.0000
0.4274	0.4538	0.0000	0.0000
0.4284	0.4546	0.0000	0.0000
0.4294	0.4555	0.0000	0.0000
0.4304	0.4564	0.0000	0.0000
0.4314	0.4573	0.0000	0.0000
0.4324	0.4581	0.0000	0.0000
0.4334	0.4590	0.0000	0.0000
0.4344	0.4599	0.0000	0.0000
0.4354	0.4608	0.0000	0.0000
0.4364	0.4616	0.0000	0.0000
0.4374	0.4625	0.0000	0.0000
0.4384	0.4634	0.0000	0.0000
0.4394	0.4643	0.0000	0.0000
0.4404	0.4652	0.0000	0.0000
0.4414	0.4660	0.0000	0.0000
0.4424	0.4669	0.0000	0.0000
0.4434	0.4678	0.0000	0.0000
0.4444	0.4687	0.0000	0.0000
0.4454	0.4696	0.0000	0.0000
0.4464	0.4705	0.0000	0.0000
0.4474	0.4714	0.0000	0.0000
0.4484	0.4723	0.0000	0.0000
0.4494	0.4732	0.0000	0.0000
0.4505	0.4741	0.0000	0.0000
0.4515	0.4750	0.0000	0.0000
0.4525	0.4758	0.0000	0.0000
0.4535	0.4767	0.0000	0.0000
0.4545	0.4776	0.0000	0.0000
0.4555	0.4786	0.0000	0.0000
0.4565	0.4795	0.0000	0.0000
0.4575	0.4804	0.0000	0.0000
0.4585	0.4813	0.0000	0.0000
0.4595	0.4822	0.0000	0.0000
0.4605	0.4831	0.0000	0.0000
0.4615	0.4840	0.0000	0.0000
0.4625	0.4849	0.0000	0.0000
0.4635	0.4858	0.0000	0.0000
0.4645	0.4867	0.0000	0.0000
0.4655	0.4877	0.0000	0.0000
0.4665	0.4886	0.0000	0.0000
0.4675	0.4895	0.0000	0.0000
0.4685	0.4904	0.0000	0.0000
0.4695	0.4913	0.0000	0.0000
0.4705	0.4923	0.0000	0.0000
0.4715	0.4932	0.0000	0.0000
0.4725	0.4941	0.0000	0.0000
0.4735	0.4950	0.0000	0.0000
0.4745	0.4960	0.0000	0.0000
0.4755	0.4969	0.0000	0.0000
0.4765	0.4978	0.0000	0.0000
0.4775	0.4988	0.0000	0.0000
0.4785	0.4997	0.0000	0.0000
0.4795	0.5007	0.0000	0.0000
0.4805	0.5016	0.0000	0.0000
0.4815	0.5025	0.0000	0.0000
0.4825	0.5035	0.0000	0.0000
0.4835	0.5044	0.0000	0.0000
0.4845	0.5054	0.0000	0.0000
0.4855	0.5063	0.0000	0.0000
0.4865	0.5073	0.0000	0.0000
0.4875	0.5082	0.0000	0.0000
0.4885	0.5092	0.0000	0.0000
0.4895	0.5102	0.0000	0.0000
0.4905	0.5111	0.0000	0.0000
0.4915	0.5121	0.0000	0.0000
0.4925	0.5130	0.0000	0.0000
0.4935	0.5140	0.0000	0.0000
0.4945	0.5150	0.0000	0.0000
0.4955	0.5159	0.0000	0.0000
0.4965	0.5169	0.0000	0.0000
0.4975	0.5179	0.0000	0.0000
0.4985	0.5189	0.0000	0.0000
0.4995	0.5198	0.0000	0.0000
0.5005	0.5212	0.0000	0.0000
0.5015	0.5229	0.0000	0.0000
0.5025	0.5245	0.0000	0.0000
0.5035	0.5262	0.0000	0.0000
0.5045	0.5279	0.0000	0.0000
0.5055	0.5295	0.0000	0.0000
0.5065	0.5312	0.0000	0.0000
0.5075	0.5328	0.0000	0.0000
0.5085	0.5345	0.0000	0.0000
0.5095	0.5361	0.0000	0.0000
0.5105	0.5377	0.0000	0.0000
0.5115	0.5393	0.0000	0.0000
0.5125	0.5409	0.0000	0.0000
0.5135	0.5425	0.0000	0.0000
0.5145	0.5441	0.0000	0.0000
0.5155	0.5457	0.0000	0.0000
0.5165	0.5472	0.0000	0.0000
0.5175	0.5488	0.0000	0.0000
0.5185	0.5503	0.0000	0.0000
0.5195	0.5519	0.0000	0.0000
0.5205	0.5534	0.0000	0.0000
0.5215	0.5549	0.0000	0.0000
0.5225	0.5565	0.0000	0.0000
0.5235	0.5580	0.0000	0.0000
0.5245	0.5595	0.0000	0.0000
0.5255	0.5610	0.0000	0.0000
0.5265	0.5625	0.0000	0.0000
0.5275	0.5640	0.0000	0.0000
0.5285	0.5654	0.0000	0.0000
0.5295	0.5669	0.0000	0.0000
0.5305	0.5684	0.0000	0.0000
0.5315	0.5698	0.0000	0.0000
0.5325	0.5713	0.0000	0.0000
0.5335	0.5727	0.0000	0.0000
0.5345	0.5742	0.0000	0.0000
0.5355	0.5756	0.0000	0.0000
0.5365	0.5770	0.0000	0.0000
0.5375	0.5784	0.0000	0.0000
0.5385	0.5798	0.0000	0.0000
0.5395	0.5812	0.0000	0.0000
0.5405	0.5826	0.0000	0.0000
0.5415	0.5840	0.0000	0.0000
0.5425	0.5854	0.0000	0.0000
0.5435	0.5868	0.0000	0.0000
0.5445	0.5881	0.0000	0.0000
0.5455	0.5895	0.0000	0.0000
0.5465	0.5908	0.0000	0.0000
0.5475	0.5922	0.0000	0.0000
0.5485	0.5935	0.0000	0.0000
0.5495	0.5949	0.0000	0.0000
0.5506	0.5962	0.0000	0.0000
0.5516	0.5975	0.0000	0.0000
0.5526	0.5988	0.0000	0.0000
0.5536	0.6001	0.0000	0.0000
0.5546	0.6014	0.0000	0.0000
0.5556	0.6027	0.0000	0.0000
0.5566	0.6040	0.0000	0.0000
0.5576	0.6053	0.0000	0.0000
0.5586	0.6066	0.0000	0.0000
0.5596	0.6079	0.0000	0.0000
0.5606	0.6091	0.0000	0.0000
0.5616	0.6104	0.0000	0.0000
0.5626	0.6116	0.0000	0.0000
0.5636	0.6129	0.0000	0.0000
0.5646	0.6141	0.0000	0.0000
0.5656	0.6154	0.0000	0.0000
0.5666	0.6166	0.0000	0.0000
0.5676	0.6178	0.0000	0.0000
0.5686	0.6190	0.0000	0.0000
0.5696	0.6203	0.0000	0.0000
0.5706	0.6215	0.0000	0.0000
0.5716	0.6227	0.0000	0.0000
0.5726	0.6239	0.0000	0.0000
0.5736	0.6251	0.0000	0.0000
0.5746	0.6262	0.0000	0.0000
0.5756	0.6274	0.0000	0.0000
0.5766	0.6286	0.0000	0.0000
0.5776	0.6298	0.0000	0.0000
0.5786	0.6309	0.0000	0.0000
0.5796	0.6321	0.0000	0.0000
0.5806	0.6332	0.0000	0.0000
0.5816	0.6344	0.0000	0.0000
0.5826	0.6355	0.0000	0.0000
0.5836	0.6367	0.0000	0.0000
0.5846	0.6378	0.0000	0.0000
0.5856	0.6389	0.0000	0.0000
0.5866	0.6401	0.0000	0.0000
0.5876	0.6412	0.0000	0.0000
0.5886	0.6423	0.0000	0.0000
0.5896	0.6434	0.0000	0.0000
0.5906	0.6445	0.0000	0.0000
0.5916	0.6456	0.0000	0.0000
0.5926	0.6467	0.0000	0.0000
0.5936	0.6478	0.0000	0.0000
0.5946	0.6489	0.0000	0.0000
0.5956	0.6499	0.0000	0.0000
0.5966	0.6510	0.0000	0.0000
0.5976	0.6521	0.0000	0.0000
0.5986	0.6532	0.0000	0.0000
0.5996	0.6542	0.0000	0.0000
0.6006	0.6553	0.0000	0.0000
0.6016	0.6563	0.0000	0.0000
0.6026	0.6574	0.0000	0.0000
0.6036	0.6584	0.0000	0.0000
0.6046	0.6594	0.0000	0.0000
0.6056	0.6605	0.0000	0.0000
0.6066	0.6615	0.0000	0.0000
0.6076	0.6625	0.0000	0.0000
0.6086	0.6635	0.0000	0.0000
0.6096	0.6646	0.0000	0.0000
0.6106	0.6656	0.0000	0.0000
0.6116	0.6666	0.0000	0.0000
0.6126	0.6676	0.0000	0.0000
0.6136	0.6686	0.0000	0.0000
0.6146	0.6696	0.0000	0.0000
0.6156	0.6705	0.0000	0.0000
0.6166	0.6715	0.0000	0.0000
0.6176	0.6725	0.0000	0.0000
0.6186	0.6735	0.0000	0.0000
0.6196	0.6745	0.0000	0.0000
0.6206	0.6754	0.0000	0.0000
0.6216	0.6764	0.0000	0.0000
0.6226	0.6773	0.0000	0.0000
0.6236	0.6783	0.0000	0.0000
0.6246	0.6792	0.0000	0.0000
0.6256	0.6802	0.0000	0.0000
0.6266	0.6811	0.0000	0.0000
0.6276	0.6821	0.0000	0.0000
0.6286	0.6830	0.0000	0.0000
0.6296	0.6839	0.0000	0.0000
0.6306	0.6849	0.0000	0.0000
0.6316	0.6858	0.0000	0.0000
0.6326	0.6867	0.0000	0.0000
0.6336	0.6876	0.0000	0.0000
0.6346	0.6885	0.0000	0.0000
0.6356	0.6894	0.0000	0.0000
0.6366	0.6903	0.0000	0.0000
0.6376	0.6912	0.0000	0.0000
0.6386	0.6921	0.0000	0.0000
0.6396	0.6930	0.0000	0.0000
0.6406	0.6939	0.0000	0.0000
0.6416	0.6948	0.0000	0.0000
0.6426	0.6957	0.0000	0.0000
0.6436	0.6966	0.0000	0.0000
0.6446	0.6974	0.0000	0.0000
0.6456	0.6983	0.0000	0.0000
0.6466	0.6992	0.0000	0.0000
0.6476	0.7000	0.0000	0.0000
0.6486	0.7009	0.0000	0.0000
0.6496	0.7017	0.0000	0.0000
0.6507	0.7026	0.0000	0.0000
0.6517	0.7034	0.0000	0.0000
0.6527	0.7043	0.0000	0.0000
0.6537	0.7051	0.0000	0.0000
0.6547	0.7060	0.0000	0.0000
0.6557	0.7068	0.0000	0.0000
0.6567	0.7076	0.0000	0.0000
0.6577	0.7085	0.0000	0.0000
0.6587	0.7093	0.0000	0.0000
0.6597	0.7101	0.0000	0.0000
0.6607	0.7109	0.0000	0.0000
0.6617	0.7117	0.0000	0.0000
0.6627	0.7125	0.0000	0.0000
0.6637	0.7134	0.0000	0.0000
0.6647	0.7142	0.0000	0.0000
0.6657	0.7150	0.0000	0.0000
0.6667	0.7158	0.0000	0.0000
0.6677	0.7166	0.0000	0.0000
0.6687	0.7174	0.0000	0.0000
0.6697	0.7181	0.0000	0.0000
0.6707	0.7189	0.0000	0.0000
0.6717	0.7197	0.0000	0.0000
0.6727	0.7205	0.0000	0.0000
0.6737	0.7213	0.0000	0.0000
0.6747	0.7220	0.0000	0.0000
0.6757	0.7228	0.0000	0.0000
0.6767	0.7236	0.0000	0.0000
0.6777	0.7243	0.0000	0.0000
0.6787	0.7251	0.0000	0.0000
0.6797	0.7259	0.0000	0.0000
0.6807	0.7266	0.0000	0.0000
0.6817	0.7274	0.0000	0.0000
0.6827	0.7281	0.0000	0.0000
0.6837	0.7289	0.0000	0.0000
0.6847	0.7296	0.0000	0.0000
0.6857	0.7304	0.0000	0.0000
0.6867	0.7311	0.0000	0.0000
0.6877	0.7318	0.0000	0.0000
0.6887	0.7326	0.0000	0.0000
0.6897	0.7333	0.0000	0.0000
0.6907	0.7340	0.0000	0.0000
0.6917	0.7347	0.0000	0.0000
0.6927	0.7355	0.0000	0.0000
0.6937	0.7362	0.0000	0.0000
0.6947	0.7369	0.0000	0.0000
0.6957	0.7376	0.0000	0.0000
0.6967	0.7383	0.0000	0.0000
0.6977	0.7390	0.0000	0.0000
0.6987	0.7397	0.0000	0.0000
0.6997	0.7404	0.0000	0.0000
0.7007	0.7411	0.0000	0.0000
0.7017	0.7418	0.0000	0.0000
0.7027	0.7425	0.0000	0.0000
0.7037	0.7432	0.0000	0.0000
0.7047	0.7439	0.0000	0.0000
0.7057	0.7446	0.0000	0.0000
0.7067	0.7453	0.0000	0.0000
0.7077	0.7460	0.0000	0.0000
0.7087	0.7467	0.0000	0.0000
0.7097	0.7473	0.0000	0.0000
0.7107	0.7480	0.0000	0.0000
0.7117	0.7487	0.0000	0.0000
0.7127	0.7494	0.0000	0.0000
0.7137	0.7500	0.0000	0.0000
0.7147	0.7507	0.0000	0.0000
0.7157	0.7514	0.0000	0.0000
0.7167	0.7520	0.0000	0.0000
0.7177	0.7527	0.0000	0.0000
0.7187	0.7533	0.0000	0.0000
0.7197	0.7540	0.0000	0.0000
0.7207	0.7546	0.0000	0.0000
0.7217	0.7553	0.0000	0.0000
0.7227	0.7559	0.0000	0.0000
0.7237	0.7566	0.0000	0.0000
0.7247	0.7572	0.0000	0.0000
0.7257	0.7579	0.0000	0.0000
0.7267	0.7585	0.0000	0.0000
0.7277	0.7591	0.0000	0.0000
0.7287	0.7598	0.0000	0.0000
0.7297	0.7604	0.0000	0.0000
0.7307	0.7610	0.0000	0.0000
0.7317	0.7617	0.0000	0.0000
0.7327	0.7623	0.0000	0.0000
0.7337	0.7629	0.0000	0.0000
0.7347	0.7635	0.0000	0.0000
0.7357	0.7641	0.0000	0.0000
0.7367	0.7648	0.0000	0.0000
0.7377	0.7654	0.0000	0.0000
0.7387	0.7660	0.0000	0.0000
0.7397	0.7666	0.0000	0.0000
0.7407	0.7672	0.0000	0.0000
0.7417	0.7678	0.0000	0.0000
0.7427	0.7684	0.0000	0.0000
0.7437	0.7690	0.0000	0.0000
0.7447	0.7696	0.0000	0.0000
0.7457	0.7702	0.0000	0.0000
0.7467	0.7708	0.0000	0.0000
0.7477	0.7714	0.0000	0.0000
0.7487	0.7720	0.0000	0.0000
0.7497	0.7726	0.0000	0.0000
0.7508	0.7732	0.0000	0.0000
0.7518	0.7738	0.0000	0.0000
0.7528	0.7743	0.0000	0.0000
0.7538	0.7749	0.0000	0.0000
0.7548	0.7755	0.0000	0.0000
0.7558	0.7761	0.0000	0.0000
0.7568	0.7767	0.0000	0.0000
0.7578	0.7772	0.0000	0.0000
0.7588	0.7778	0.0000	0.0000
0.7598	0.7784	0.0000	0.0000
0.7608	0.7790	0.0000	0.0000
0.7618	0.7795	0.0000	0.0000
0.7628	0.7801	0.0000	0.0000
0.7638	0.7807	0.0000	0.0000
0.7648	0.7812	0.0000	0.0000
0.7658	0.7818	0.0000	0.0000
0.7668	0.7823	0.0000	0.0000
0.7678	0.7829	0.0000	0.0000
0.7688	0.7835	0.0000	0.0000
0.7698	0.7840	0.0000	0.0000
0.7708	0.7846	0.0000	0.0000
0.7718	0.7851	0.0000	0.0000
0.7728	0.7857	0.0000	0.0000
0.7738	0.7862	0.0000	0.0000
0.7748	0.7868	0.0000	0.0000
0.7758	0.7873	0.0000	0.0000
0.7768	0.7878	0.0000	0.0000
0.7778	0.7884	0.0000	0.0000
0.7788	0.7889	0.0000	0.0000
0.7798	0.7895	0.0000	0.0000
0.7808	0.7900	0.0000	0.0000
0.7818	0.7905	0.0000	0.0000
0.7828	0.7911	0.0000	0.0000
0.7838	0.7916	0.0000	0.0000
0.7848	0.7921	0.0000	0.0000
0.7858	0.7926	0.0000	0.0000
0.7868	0.7932	0.0000	0.0000
0.7878	0.7937	0.0000	0.0000
0.7888	0.7942	0.0000	0.0000
0.7898	0.7947	0.0000	0.0000
0.7908	0.7953	0.0000	0.0000
0.7918	0.7958	0.0000	0.0000
0.7928	0.7963	0.0000	0.0000
0.7938	0.7968	0.0000	0.0000
0.7948	0.7973	0.0000	0.0000
0.7958	0.7979	0.0000	0.0000
0.7968	0.7984	0.0000	0.0000
0.7978	0.7989	0.0000	0.0000
0.7988	0.7994	0.0000	0.0000
0.7998	0.7999	0.0000	0.0000
0.8008	0.8004	0.0000	0.0000
0.8018	0.8009	0.0000	0.0000
0.8028	0.8014	0.0000	0.0000
0.8038	0.8019	0.0000	0.0000
0.8048	0.8024	0.0000	0.0000
0.8058	0.8029	0.0000	0.0000
0.8068	0.8034	0.0000	0.0000
0.8078	0.8039	0.0000	0.0000
0.8088	0.8044	0.0000	0.0000
0.8098	0.8049	0.0000	0.0000
0.8108	0.8054	0.0000	0.0000
0.8118	0.8059	0.0000	0.0000
0.8128	0.8064	0.0000	0.0000
0.8138	0.8069	0.0000	0.0000
0.8148	0.8074	0.0000	0.0000
0.8158	0.8078	0.0000	0.0000
0.8168	0.8083	0.0000	0.0000
0.8178	0.8088	0.0000	0.0000
0.8188	0.8093	0.0000	0.0000
0.8198	0.8098	0.0000	0.0000
0.8208	0.8103	0.0000	0.0000
0.8218	0.8107	0.0000	0.0000
0.8228	0.8112	0.0000	0.0000
0.8238	0.8117	0.0000	0.0000
0.8248	0.8122	0.0000	0.0000
0.8258	0.8126	0.0000	0.0000
0.8268	0.8131	0.0000	0.0000
0.8278	0.8136	0.0000	0.0000
0.8288	0.8141	0.0000	0.0000
0.8298	0.8145	0.0000	0.0000
0.8308	0.8150	0.0000	0.0000
0.8318	0.8155	0.0000	0.0000
0.8328	0.8159	0.0000	0.0000
0.8338	0.8164	0.0000	0.0000
0.8348	0.8169	0.0000	0.0000
0.8358	0.8173	0.0000	0.0000
0.8368	0.8178	0.0000	0.0000
0.8378	0.8183	0.0000	0.0000
0.8388	0.8187	0.0000	0.0000
0.8398	0.8192	0.0000	0.0000
0.8408	0.8196	0.0000	0.0000
0.8418	0.8201	0.0000	0.0000
0.8428	0.8206	0.0000	0.0000
0.8438	0.8210	0.0000	0.0000
0.8448	0.8215	0.0000	0.0000
0.8458	0.8219	0.0000	0.0000
0.8468	0.8224	0.0000	0.0000
0.8478	0.8228	0.0000	0.0000
0.8488	0.8233	0.0000	0.0000
0.8498	0.8237	0.0000	0.0000
0.8509	0.8242	0.0000	0.0000
0.8519	0.8246	0.0000	0.0000
0.8529	0.8251	0.0000	0.0000
0.8539	0.8255	0.0000	0.0000
0.8549	0.8260	0.0000	0.0000
0.8559	0.8264	0.0000	0.0000
0.8569	0.8269	0.0000	0.0000
0.8579	0.8273	0.0000	0.0000
0.8589	0.8278	0.0000	0.0000
0.8599	0.8282	0.0000	0.0000
0.8609	0.8286	0.0000	0.0000
0.8619	0.8291	0.0000	0.0000
0.8629	0.8295	0.0000	0.0000
0.8639	0.8300	0.0000	0.0000
0.8649	0.8304	0.0000	0.0000
0.8659	0.8308	0.0000	0.0000
0.8669	0.8313	0.0000	0.0000
0.8679	0.8317	0.0000	0.0000
0.8689	0.8321	0.0000	0.0000
0.8699	0.8326	0.0000	0.0000
0.8709	0.8330	0.0000	0.0000
0.8719	0.8334	0.0000	0.0000
0.8729	0.8339	0.0000	0.0000
0.8739	0.8343	0.0000	0.0000
0.8749	0.8347	0.0000	0.0000
0.8759	0.8352	0.0000	0.0000
0.8769	0.8356	0.0000	0.0000
0.8779	0.8360	0.0000	0.0000
0.8789	0.8364	0.0000	0.0000
0.8799	0.8369	0.0000	0.0000
0.8809	0.8373	0.0000	0.0000
0.8819	0.8377	0.0000	0.0000
0.8829	0.8381	0.0000	0.0000
0.8839	0.8386	0.0000	0.0000
0.8849	0.8390	0.0000	0.0000
0.8859	0.8394	0.0000	0.0000
0.8869	0.8398	0.0000	0.0000
0.8879	0.8403	0.0000	0.0000
0.8889	0.8407	0.0000	0.0000
0.8899	0.8411	0.0000	0.0000
0.8909	0.8415	0.0000	0.0000
0.8919	0.8419	0.0000	0.0000
0.8929	0.8424	0.0000	0.0000
0.8939	0.8428	0.0000	0.0000
0.8949	0.8432	0.0000	0.0000
0.8959	0.8436	0.0000	0.0000
0.8969	0.8440	0.0000	0.0000
0.8979	0.8445	0.0000	0.0000
0.8989	0.8449	0.0000	0.0000
0.8999	0.8453	0.0000	0.0000
0.9009	0.8457	0.0000	0.0000
0.9019	0.8461	0.0000	0.0000
0.9029	0.8465	0.0000	0.0000
0.9039	0.8469	0.0000	0.0000
0.9049	0.8474	0.0000	0.0000
0.9059	0.8478	0.0000	0.0000
0.9069	0.8482	0.0000	0.0000
0.9079	0.8486	0.0000	0.0000
0.9089	0.8490	0.0000	0.0000
0.9099	0.8494	0.0000	0.0000
0.9109	0.8498	0.0000	0.0000
0.9119	0.8502	0.0000	0.0000
0.9129	0.8506	0.0000	0.0000
0.9139	0.8511	0.0000	0.0000
0.9149	0.8515	0.0000	0.0000
0.9159	0.8519	0.0000	0.0000
0.9169	0.8523	0.0000	0.0000
0.9179	0.8527	0.0000	0.0000
0.9189	0.8531	0.0000	0.0000
0.9199	0.8535	0.0000	0.0000
0.9209	0.8539	0.0000	0.0000
0.9219	0.8543	0.0000	0.0000
0.9229	0.8547	0.0000	0.0000
0.9239	0.8551	0.0000	0.0000
0.9249	0.8555	0.0000	0.0000
0.9259	0.8559	0.0000	0.0000
0.9269	0.8563	0.0000	0.0000
0.9279	0.8567	0.0000	0.0000
0.9289	0.8571	0.0000	0.0000
0.9299	0.8576	0.0000	0.0000
0.9309	0.8580	0.0000	0.0000
0.9319	0.8584	0.0000	0.0000
0.9329	0.8588	0.0000	0.0000
0.9339	0.8592	0.0000	0.0000
0.9349	0.8596	0.0000	0.0000
0.9359	0.8600	0.0000	0.0000
0.9369	0.8604	0.0000	0.0000
0.9379	0.8608	0.0000	0.0000
0.9389	0.8612	0.0000	0.0000
0.9399	0.8616	0.0000	0.0000
0.9409	0.8620	0.0000	0.0000
0.9419	0.8624	0.0000	0.0000
0.9429	0.8628	0.0000	0.0000
0.9439	0.8632	0.0000	0.0000
0.9449	0.8636	0.0000	0.0000
0.9459	0.8640	0.0000	0.0000
0.9469	0.8644	0.0000	0.0000
0.9479	0.8648	0.0000	0.0000
0.9489	0.8652	0.0000	0.0000
0.9499	0.8656	0.0000	0.0000
0.9510	0.8660	0.0000	0.0000
0.9520	0.8664	0.0000	0.0000
0.9530	0.8668	0.0000	0.0000
0.9540	0.8672	0.0000	0.0000
0.9550	0.8676	0.0000	0.0000
0.9560	0.8680	0.0000	0.0000
0.9570	0.8684	0.0000	0.0000
0.9580	0.8688	0.0000	0.0000
0.9590	0.8692	0.0000	0.0000
0.9600	0.8696	0.0000	0.0000
0.9610	0.8700	0.0000	0.0000
0.9620	0.8704	0.0000	0.0000
0.9630	0.8708	0.0000	0.0000
0.9640	0.8712	0.0000	0.0000
0.9650	0.8716	0.0000	0.0000
0.9660	0.8720	0.0000	0.0000
0.9670	0.8724	0.0000	0.0000
0.9680	0.8728	0.0000	0.0000
0.9690	0.8732	0.0000	0.0000
0.9700	0.8736	0.0000	0.0000
0.9710	0.8740	0.0000	0.0000
0.9720	0.8744	0.0000	0.0000
0.9730	0.8748	0.0000	0.0000
0.9740	0.8752	0.0000	0.0000
0.9750	0.8756	0.0000	0.0000
0.9760	0.8760	0.0000	0.0000
0.9770	0.8764	0.0000	0.0000
0.9780	0.8768	0.0000	0.0000
0.9790	0.8772	0.0000	0.0000
0.9800	0.8776	0.0000	0.0000
0.9810	0.8780	0.0000	0.0000
0.9820	0.8784	0.0000	0.0000
0.9830	0.8789	0.0000	0.0000
0.9840	0.8793	0.0000	0.0000
0.9850	0.8797	0.0000	0.0000
0.9860	0.8801	0.0000	0.0000
0.9870	0.8805	0.0000	0.0000
0.9880	0.8809	0.0000	0.0000
0.9890	0.8813	0.0000	0.0000
0.9900	0.8817	0.0000	0.0000
0.9910	0.8821	0.0000	0.0000
0.9920	0.8825	0.0000	0.0000
0.9930	0.8829	0.0000	0.0000
0.9940	0.8833	0.0000	0.0000
0.9950	0.8837	0.0000	0.0000
0.9960	0.8842	0.0000	0.0000
0.9970	0.8846	0.0000	0.0000
0.9980	0.8850	0.0000	0.0000
0.9990	0.8854	0.0000	0.0000
1.0000	0.8858	0.0000	0.0000
0.8008
