0.0000	0.1154	0.0000	0.0000
0.0010	0.1163	0.0000	0.0000
0.0020	0.1171	0.0000	0.0000
0.0030	0.1179	0.0000	0.0000
0.0040	0.1187	0.0000	0.0000
0.0050	0.1195	0.0000	0.0000
0.0060	0.1203	0.0000	0.0000
0.0070	0.1211	0.0000	0.0000
0.0080	0.1220	0.0000	0.0000
0.0090	0.1228	0.0000	0.0000
0.0100	0.1236	0.0000	0.0000
0.0110	0.1244	0.0000	0.0000
0.0120	0.1252	0.0000	0.0000
0.0130	0.1260	0.0000	0.0000
0.0140	0.1268	0.0000	0.0000
0.0150	0.1277	0.0000	0.0000
0.0160	0.1285	0.0000	0.0000
0.0170	0.1293	0.0000	0.0000
0.0180	0.1301	0.0000	0.0000
0.0190	0.1309	0.0000	0.0000
0.0200	0.1317	0.0000	0.0000
0.0210	0.1325	0.0000	0.0000
0.0220	0.1333	0.0000	0.0000
0.0230	0.1341	0.0000	0.0000
0.0240	0.1349	0.0000	0.0000
0.0250	0.1357	0.0000	0.0000
0.0260	0.1366	0.0000	0.0000
0.0270	0.1374	0.0000	0.0000
0.0280	0.1382	0.0000	0.0000
0.0290	0.1390	0.0000	0.0000
0.0300	0.1398	0.0000	0.0000
0.0310	0.1406	0.0000	0.0000
0.0320	0.1414	0.0000	0.0000
0.0330	0.1422	0.0000	0.0000
0.0340	0.1430	0.0000	0.0000
0.0350	0.1438	0.0000	0.0000
0.0360	0.1446	0.0000	0.0000
0.0370	0.1454	0.0000	0.0000
0.0380	0.1462	0.0000	0.0000
0.0390	0.1470	0.0000	0.0000
0.0400	0.1478	0.0000	0.0000
0.0410	0.1486	0.0000	0.0000
0.0420	0.1494	0.0000	0.0000
0.0430	0.1502	0.0000	0.0000
0.0440	0.1510	0.0000	0.0000
0.0450	0.1518	0.0000	0.0000
0.0460	0.1526	0.0000	0.0000
0.0470	0.1534	0.0000	0.0000
0.0480	0.1542	0.0000	0.0000
0.0490	0.1551	0.0000	0.0000
0.0501	0.1559	0.0000	0.0000
0.0511	0.1567	0.0000	0.0000
0.0521	0.1575	0.0000	0.0000
0.0531	0.1583	0.0000	0.0000
0.0541	0.1591	0.0000	0.0000
0.0551	0.1598	0.0000	0.0000
0.0561	0.1606	0.0000	0.0000
0.0571	0.1614	0.0000	0.0000
0.0581	0.1622	0.0000	0.0000
0.0591	0.1630	0.0000	0.0000
0.0601	0.1638	0.0000	0.0000
0.0611	0.1646	0.0000	0.0000
0.0621	0.1654	0.0000	0.0000
0.0631	0.1662	0.0000	0.0000
0.0641	0.1670	0.0000	0.0000
0.0651	0.1678	0.0000	0.0000
0.0661	0.1686	0.0000	0.0000
0.0671	0.1694	0.0000	0.0000
0.0681	0.1702	0.0000	0.0000
0.0691	0.1710	0.0000	0.0000
0.0701	0.1718	0.0000	0.0000
0.0711	0.1726	0.0000	0.0000
0.0721	0.1734	0.0000	0.0000
0.0731	0.1742	0.0000	0.0000
0.0741	0.1750	0.0000	0.0000
0.0751	0.1758	0.0000	0.0000
0.0761	0.1766	0.0000	0.0000
0.0771	0.1774	0.0000	0.0000
0.0781	0.1782	0.0000	0.0000
0.0791	0.1789	0.0000	0.0000
0.0801	0.1797	0.0000	0.0000
0.0811	0.1805	0.0000	0.0000
0.0821	0.1813	0.0000	0.0000
0.0831	0.1821	0.0000	0.0000
0.0841	0.1829	0.0000	0.0000
0.0851	0.1837	0.0000	0.0000
0.0861	0.1845	0.0000	0.0000
0.0871	0.1853	0.0000	0.0000
0.0881	0.1861	0.0000	0.0000
0.0891	0.1869	0.0000	0.0000
0.0901	0.1876	0.0000	0.0000
0.0911	0.1884	0.0000	0.0000
0.0921	0.1892	0.0000	0.0000
0.0931	0.1900	0.0000	0.0000
0.0941	0.1908	0.0000	0.0000
0.0951	0.1916	0.0000	0.0000
0.0961	0.1924	0.0000	0.0000
0.0971	0.1932	0.0000	0.0000
0.0981	0.1940	0.0000	0.0000
0.0991	0.1947	0.0000	0.0000
0.1001	0.1955	0.0000	0.0000
0.1011	0.1963	0.0000	0.0000
0.1021	0.1971	0.0000	0.0000
0.1031	0.1979	0.0000	0.0000
0.1041	0.1987	0.0000	0.0000
0.1051	0.1995	0.0000	0.0000
0.1061	0.2003	0.0000	0.0000
0.1071	0.2010	0.0000	0.0000
0.1081	0.2018	0.0000	0.0000
0.1091	0.2026	0.0000	0.0000
0.1101	0.2034	0.0000	0.0000
0.1111	0.2042	0.0000	0.0000
0.1121	0.2050	0.0000	0.0000
0.1131	0.2058	0.0000	0.0000
0.1141	0.2065	0.0000	0.0000
0.1151	0.2073	0.0000	0.0000
0.1161	0.2081	0.0000	0.0000
0.1171	0.2089	0.0000	0.0000
0.1181	0.2097	0.0000	0.0000
0.1191	0.2105	0.0000	0.0000
0.1201	0.2112	0.0000	0.0000
0.1211	0.2120	0.0000	0.0000
0.1221	0.2128	0.0000	0.0000
0.1231	0.2136	0.0000	0.0000
0.1241	0.2144	0.0000	0.0000
0.1251	0.2152	0.0000	0.0000
0.1261	0.2159	0.0000	0.0000
0.1271	0.2167	0.0000	0.0000
0.1281	0.2175	0.0000	0.0000
0.1291	0.2183	0.0000	0.0000
0.1301	0.2191	0.0000	0.0000
0.1311	0.2198	0.0000	0.0000
0.1321	0.2206	0.0000	0.0000
0.1331	0.2214	0.0000	0.0000
0.1341	0.2222	0.0000	0.0000
0.1351	0.2230	0.0000	0.0000
0.1361	0.2238	0.0000	0.0000
0.1371	0.2245	0.0000	0.0000
0.1381	0.2253	0.0000	0.0000
0.1391	0.2261	0.0000	0.0000
0.1401	0.2269	0.0000	0.0000
0.1411	0.2277	0.0000	0.0000
0.1421	0.2284	0.0000	0.0000
0.1431	0.2292	0.0000	0.0000
0.1441	0.2300	0.0000	0.0000
0.1451	0.2308	0.0000	0.0000
0.1461	0.2316	0.0000	0.0000
0.1471	0.2323	0.0000	0.0000
0.1481	0.2331	0.0000	0.0000
0.1491	0.2339	0.0000	0.0000
0.1502	0.2347	0.0000	0.0000
0.1512	0.2354	0.0000	0.0000
0.1522	0.2362	0.0000	0.0000
0.1532	0.2370	0.0000	0.0000
0.1542	0.2378	0.0000	0.0000
0.1552	0.2386	0.0000	0.0000
0.1562	0.2393	0.0000	0.0000
0.1572	0.2401	0.0000	0.0000
0.1582	0.2409	0.0000	0.0000
0.1592	0.2417	0.0000	0.0000
0.1602	0.2424	0.0000	0.0000
0.1612	0.2432	0.0000	0.0000
0.1622	0.2440	0.0000	0.0000
0.1632	0.2448	0.0000	0.0000
0.1642	0.2456	0.0000	0.0000
0.1652	0.2463	0.0000	0.0000
0.1662	0.2471	0.0000	0.0000
0.1672	0.2479	0.0000	0.0000
0.1682	0.2487	0.0000	0.0000
0.1692	0.2494	0.0000	0.0000
0.1702	0.2502	0.0000	0.0000
0.1712	0.2510	0.0000	0.0000
0.1722	0.2518	0.0000	0.0000
0.1732	0.2525	0.0000	0.0000
0.1742	0.2533	0.0000	0.0000
0.1752	0.2541	0.0000	0.0000
0.1762	0.2549	0.0000	0.0000
0.1772	0.2556	0.0000	0.0000
0.1782	0.2564	0.0000	0.0000
0.1792	0.2572	0.0000	0.0000
0.1802	0.2580	0.0000	0.0000
0.1812	0.2587	0.0000	0.0000
0.1822	0.2595	0.0000	0.0000
0.1832	0.2603	0.0000	0.0000
0.1842	0.2611	0.0000	0.0000
0.1852	0.2618	0.0000	0.0000
0.1862	0.2626	0.0000	0.0000
0.1872	0.2634	0.0000	0.0000
0.1882	0.2642	0.0000	0.0000
0.1892	0.2649	0.0000	0.0000
0.1902	0.2657	0.0000	0.0000
0.1912	0.2665	0.0000	0.0000
0.1922	0.2673	0.0000	0.0000
0.1932	0.2680	0.0000	0.0000
0.1942	0.2688	0.0000	0.0000
0.1952	0.2696	0.0000	0.0000
0.1962	0.2704	0.0000	0.0000
0.1972	0.2711	0.0000	0.0000
0.1982	0.2719	0.0000	0.0000
0.1992	0.2727	0.0000	0.0000
0.2002	0.2735	0.0000	0.0000
0.2012	0.2742	0.0000	0.0000
0.2022	0.2750	0.0000	0.0000
0.2032	0.2758	0.0000	0.0000
0.2042	0.2766	0.0000	0.0000
0.2052	0.2773	0.0000	0.0000
0.2062	0.2781	0.0000	0.0000
0.2072	0.2789	0.0000	0.0000
0.2082	0.2796	0.0000	0.0000
0.2092	0.2804	0.0000	0.0000
0.2102	0.2812	0.0000	0.0000
0.2112	0.2820	0.0000	0.0000
0.2122	0.2827	0.0000	0.0000
0.2132	0.2835	0.0000	0.0000
0.2142	0.2843	0.0000	0.0000
0.2152	0.2851	0.0000	0.0000
0.2162	0.2858	0.0000	0.0000
0.2172	0.2866	0.0000	0.0000
0.2182	0.2874	0.0000	0.0000
0.2192	0.2882	0.0000	0.0000
0.2202	0.2889	0.0000	0.0000
0.2212	0.2897	0.0000	0.0000
0.2222	0.2905	0.0000	0.0000
0.2232	0.2913	0.0000	0.0000
0.2242	0.2920	0.0000	0.0000
0.2252	0.2928	0.0000	0.0000
0.2262	0.2936	0.0000	0.0000
0.2272	0.2943	0.0000	0.0000
0.2282	0.2951	0.0000	0.0000
0.2292	0.2959	0.0000	0.0000
0.2302	0.2967	0.0000	0.0000
0.2312	0.2974	0.0000	0.0000
0.2322	0.2982	0.0000	0.0000
0.2332	0.2990	0.0000	0.0000
0.2342	0.2998	0.0000	0.0000
0.2352	0.3005	0.0000	0.0000
0.2362	0.3013	0.0000	0.0000
0.2372	0.3021	0.0000	0.0000
0.2382	0.3029	0.0000	0.0000
0.2392	0.3036	0.0000	0.0000
0.2402	0.3044	0.0000	0.0000
0.2412	0.3052	0.0000	0.0000
0.2422	0.3060	0.0000	0.0000
0.2432	0.3067	0.0000	0.0000
0.2442	0.3075	0.0000	0.0000
0.2452	0.3083	0.0000	0.0000
0.2462	0.3091	0.0000	0.0000
0.2472	0.3098	0.0000	0.0000
0.2482	0.3106	0.0000	0.0000
0.2492	0.3114	0.0000	0.0000
0.2503	0.3122	0.0000	0.0000
0.2513	0.3129	0.0000	0.0000
0.2523	0.3137	0.0000	0.0000
0.2533	0.3145	0.0000	0.0000
0.2543	0.3153	0.0000	0.0000
0.2553	0.3160	0.0000	0.0000
0.2563	0.3168	0.0000	0.0000
0.2573	0.3176	0.0000	0.0000
0.2583	0.3184	0.0000	0.0000
0.2593	0.3191	0.0000	0.0000
0.2603	0.3199	0.0000	0.0000
0.2613	0.3207	0.0000	0.0000
0.2623	0.3215	0.0000	0.0000
0.2633	0.3223	0.0000	0.0000
0.2643	0.3230	0.0000	0.0000
0.2653	0.3238	0.0000	0.0000
0.2663	0.3246	0.0000	0.0000
0.2673	0.3254	0.0000	0.0000
0.2683	0.3261	0.0000	0.0000
0.2693	0.3269	0.0000	0.0000
0.2703	0.3277	0.0000	0.0000
0.2713	0.3285	0.0000	0.0000
0.2723	0.3293	0.0000	0.0000
0.2733	0.3300	0.0000	0.0000
0.2743	0.3308	0.0000	0.0000
0.2753	0.3316	0.0000	0.0000
0.2763	0.3324	0.0000	0.0000
0.2773	0.3331	0.0000	0.0000
0.2783	0.3339	0.0000	0.0000
0.2793	0.3347	0.0000	0.0000
0.2803	0.3355	0.0000	0.0000
0.2813	0.3363	0.0000	0.0000
0.2823	0.3370	0.0000	0.0000
0.2833	0.3378	0.0000	0.0000
0.2843	0.3386	0.0000	0.0000
0.2853	0.3394	0.0000	0.0000
0.2863	0.3402	0.0000	0.0000
0.2873	0.3409	0.0000	0.0000
0.2883	0.3417	0.0000	0.0000
0.2893	0.3425	0.0000	0.0000
0.2903	0.3433	0.0000	0.0000
0.2913	0.3441	0.0000	0.0000
0.2923	0.3449	0.0000	0.0000
0.2933	0.3456	0.0000	0.0000
0.2943	0.3464	0.0000	0.0000
0.2953	0.3472	0.0000	0.0000
0.2963	0.3480	0.0000	0.0000
0.2973	0.3488	0.0000	0.0000
0.2983	0.3496	0.0000	0.0000
0.2993	0.3503	0.0000	0.0000
0.3003	0.3511	0.0000	0.0000
0.3013	0.3519	0.0000	0.0000
0.3023	0.3527	0.0000	0.0000
0.3033	0.3535	0.0000	0.0000
0.3043	0.3543	0.0000	0.0000
0.3053	0.3551	0.0000	0.0000
0.3063	0.3558	0.0000	0.0000
0.3073	0.3566	0.0000	0.0000
0.3083	0.3574	0.0000	0.0000
0.3093	0.3582	0.0000	0.0000
0.3103	0.3590	0.0000	0.0000
0.3113	0.3598	0.0000	0.0000
0.3123	0.3606	0.0000	0.0000
0.3133	0.3613	0.0000	0.0000
0.3143	0.3621	0.0000	0.0000
0.3153	0.3629	0.0000	0.0000
0.3163	0.3637	0.0000	0.0000
0.3173	0.3645	0.0000	0.0000
0.3183	0.3653	0.0000	0.0000
0.3193	0.3661	0.0000	0.0000
0.3203	0.3669	0.0000	0.0000
0.3213	0.3677	0.0000	0.0000
0.3223	0.3685	0.0000	0.0000
0.3233	0.3693	0.0000	0.0000
0.3243	0.3700	0.0000	0.0000
0.3253	0.3708	0.0000	0.0000
0.3263	0.3716	0.0000	0.0000
0.3273	0.3724	0.0000	0.0000
0.3283	0.3732	0.0000	0.0000
0.3293	0.3740	0.0000	0.0000
0.3303	0.3748	0.0000	0.0000
0.3313	0.3756	0.0000	0.0000
0.3323	0.3764	0.0000	0.0000
0.3333	0.3772	0.0000	0.0000
0.3343	0.3780	0.0000	0.0000
0.3353	0.3788	0.0000	0.0000
0.3363	0.3796	0.0000	0.0000
0.3373	0.3804	0.0000	0.0000
0.3383	0.3812	0.0000	0.0000
0.3393	0.3820	0.0000	0.0000
0.3403	0.3828	0.0000	0.0000
0.3413	0.3836	0.0000	0.0000
0.3423	0.3844	0.0000	0.0000
0.3433	0.3852	0.0000	0.0000
0.3443	0.3860	0.0000	0.0000
0.3453	0.3868	0.0000	0.0000
0.3463	0.3876	0.0000	0.0000
0.3473	0.3884	0.0000	0.0000
0.3483	0.3892	0.0000	0.0000
0.3493	0.3900	0.0000	0.0000
0.3504	0.3908	0.0000	0.0000
0.3514	0.3916	0.0000	0.0000
0.3524	0.3924	0.0000	0.0000
0.3534	0.3932	0.0000	0.0000
0.3544	0.3940	0.0000	0.0000
0.3554	0.3948	0.0000	0.0000
0.3564	0.3956	0.0000	0.0000
0.3574	0.3964	0.0000	0.0000
0.3584	0.3972	0.0000	0.0000
0.3594	0.3981	0.0000	0.0000
0.3604	0.3989	0.0000	0.0000
0.3614	0.3997	0.0000	0.0000
0.3624	0.4005	0.0000	0.0000
0.3634	0.4013	0.0000	0.0000
0.3644	0.4021	0.0000	0.0000
0.3654	0.4029	0.0000	0.0000
0.3664	0.4037	0.0000	0.0000
0.3674	0.4045	0.0000	0.0000
0.3684	0.4054	0.0000	0.0000
0.3694	0.4062	0.0000	0.0000
0.3704	0.4070	0.0000	0.0000
0.3714	0.4078	0.0000	0.0000
0.3724	0.4086	0.0000	0.0000
0.3734	0.4094	0.0000	0.0000
0.3744	0.4103	0.0000	0.0000
0.3754	0.4111	0.0000	0.0000
0.3764	0.4119	0.0000	0.0000
0.3774	0.4127	0.0000	0.0000
0.3784	0.4135	0.0000	0.0000
0.3794	0.4144	0.0000	0.0000
0.3804	0.4152	0.0000	0.0000
0.3814	0.4160	0.0000	0.0000
0.3824	0.4168	0.0000	0.0000
0.3834	0.4176	0.0000	0.0000
0.3844	0.4185	0.0000	0.0000
0.3854	0.4193	0.0000	0.0000
0.3864	0.4201	0.0000	0.0000
0.3874	0.4209	0.0000	0.0000
0.3884	0.4218	0.0000	0.0000
0.3894	0.4226	0.0000	0.0000
0.3904	0.4234	0.0000	0.0000
0.3914	0.4243	0.0000	0.0000
0.3924	0.4251	0.0000	0.0000
0.3934	0.4259	0.0000	0.0000
0.3944	0.4268	0.0000	0.0000
0.3954	0.4276	0.0000	0.0000
0.3964	0.4284	0.0000	0.0000
0.3974	0.4293	0.0000	0.0000
0.3984	0.4301	0.0000	0.0000
0.3994	0.4309	0.0000	0.0000
0.4004	0.4318	0.0000	0.0000
0.4014	0.4326	0.0000	0.0000
0.4024	0.4334	0.0000	0.0000
0.4034	0.4343	0.0000	0.0000
0.4044	0.4351	0.0000	0.0000
0.4054	0.4360	0.0000	0.0000
0.4064	0.4368	0.0000	0.0000
0.4074	0.4377	0.0000	0.0000
0.4084	0.4385	0.0000	0.0000
0.4094	0.4393	0.0000	0.0000
0.4104	0.4402	0.0000	0.0000
0.4114	0.4410	0.0000	0.0000
0.4124	0.4419	0.0000	0.0000
0.4134	0.4427	0.0000	0.0000
0.4144	0.4436	0.0000	0.0000
0.4154	0.4444	0.0000	0.0000
0.4164	0.4453	0.0000	0.0000
0.4174	0.4461	0.0000	0.0000
0.4184	0.4470	0.0000	0.0000
0.4194	0.4478	0.0000	0.0000
0.4204	0.4487	0.0000	0.0000
0.4214	0.4496	0.0000	0.0000
0.4224	0.4504	0.0000	0.0000
0.4234	0.4513	0.0000	0.0000
0.4244	0.4521	0.0000	0.0000
0.4254	0.4530	0.0000	0.0000
0.4264	0.4539	0.0000	0.0000
0.4274	0.4547	0.0000	0.0000
0.4284	0.4556	0.0000	0.0000
0.4294	0.4564	0.0000	0.0000
0.4304	0.4573	0.0000	0.0000
0.4314	0.4582	0.0000	0.0000
0.4324	0.4590	0.0000	0.0000
0.4334	0.4599	0.0000	0.0000
0.4344	0.4608	0.0000	0.0000
0.4354	0.4617	0.0000	0.0000
0.4364	0.4625	0.0000	0.0000
0.4374	0.4634	0.0000	0.0000
0.4384	0.4643	0.0000	0.0000
0.4394	0.4652	0.0000	0.0000
0.4404	0.4660	0.0000	0.0000
0.4414	0.4669	0.0000	0.0000
0.4424	0.4678	0.0000	0.0000
0.4434	0.4687	0.0000	0.0000
0.4444	0.4696	0.0000	0.0000
0.4454	0.4704	0.0000	0.0000
0.4464	0.4713	0.0000	0.0000
0.4474	0.4722	0.0000	0.0000
0.4484	0.4731	0.0000	0.0000
0.4494	0.4740	0.0000	0.0000
0.4505	0.4749	0.0000	0.0000
0.4515	0.4758	0.0000	0.0000
0.4525	0.4767	0.0000	0.0000
0.4535	0.4776	0.0000	0.0000
0.4545	0.4785	0.0000	0.0000
0.4555	0.4794	0.0000	0.0000
0.4565	0.4803	0.0000	0.0000
0.4575	0.4812	0.0000	0.0000
0.4585	0.4821	0.0000	0.0000
0.4595	0.4830	0.0000	0.0000
0.4605	0.4839	0.0000	0.0000
0.4615	0.4848	0.0000	0.0000
0.4625	0.4857	0.0000	0.0000
0.4635	0.4866	0.0000	0.0000
0.4645	0.4875	0.0000	0.0000
0.4655	0.4884	0.0000	0.0000
0.4665	0.4893	0.0000	0.0000
0.4675	0.4902	0.0000	0.0000
0.4685	0.4911	0.0000	0.0000
0.4695	0.4921	0.0000	0.0000
0.4705	0.4930	0.0000	0.0000
0.4715	0.4939	0.0000	0.0000
0.4725	0.4948	0.0000	0.0000
0.4735	0.4958	0.0000	0.0000
0.4745	0.4967	0.0000	0.0000
0.4755	0.4976	0.0000	0.0000
0.4765	0.4985	0.0000	0.0000
0.4775	0.4995	0.0000	0.0000
0.4785	0.5004	0.0000	0.0000
0.4795	0.5013	0.0000	0.0000
0.4805	0.5023	0.0000	0.0000
0.4815	0.5032	0.0000	0.0000
0.4825	0.5041	0.0000	0.0000
0.4835	0.5051	0.0000	0.0000
0.4845	0.5060	0.0000	0.0000
0.4855	0.5070	0.0000	0.0000
0.4865	0.5079	0.0000	0.0000
0.4875	0.5089	0.0000	0.0000
0.4885	0.5098	0.0000	0.0000
0.4895	0.5108	0.0000	0.0000
0.4905	0.5117	0.0000	0.0000
0.4915	0.5127	0.0000	0.0000
0.4925	0.5136	0.0000	0.0000
0.4935	0.5146	0.0000	0.0000
0.4945	0.5155	0.0000	0.0000
0.4955	0.5165	0.0000	0.0000
0.4965	0.5175	0.0000	0.0000
0.4975	0.5184	0.0000	0.0000
0.4985	0.5194	0.0000	0.0000
0.4995	0.5204	0.0000	0.0000
0.5005	0.5217	0.0000	0.0000
0.5015	0.5234	0.0000	0.0000
0.5025	0.5251	0.0000	0.0000
0.5035	0.5267	0.0000	0.0000
0.5045	0.5284	0.0000	0.0000
0.5055	0.5300	0.0000	0.0000
0.5065	0.5317	0.0000	0.0000
0.5075	0.5333	0.0000	0.0000
0.5085	0.5349	0.0000	0.0000
0.5095	0.5365	0.0000	0.0000
0.5105	0.5381	0.0000	0.0000
0.5115	0.5397	0.0000	0.0000
0.5125	0.5413	0.0000	0.0000
0.5135	0.5429	0.0000	0.0000
0.5145	0.5445	0.0000	0.0000
0.5155	0.5461	0.0000	0.0000
0.5165	0.5476	0.0000	0.0000
0.5175	0.5492	0.0000	0.0000
0.5185	0.5507	0.0000	0.0000
0.5195	0.5523	0.0000	0.0000
0.5205	0.5538	0.0000	0.0000
0.5215	0.5553	0.0000	0.0000
0.5225	0.5568	0.0000	0.0000
0.5235	0.5583	0.0000	0.0000
0.5245	0.5598	0.0000	0.0000
0.5255	0.5613	0.0000	0.0000
0.5265	0.5628	0.0000	0.0000
0.5275	0.5643	0.0000	0.0000
0.5285	0.5657	0.0000	0.0000
0.5295	0.5672	0.0000	0.0000
0.5305	0.5687	0.0000	0.0000
0.5315	0.5701	0.0000	0.0000
0.5325	0.5716	0.0000	0.0000
0.5335	0.5730	0.0000	0.0000
0.5345	0.5744	0.0000	0.0000
0.5355	0.5758	0.0000	0.0000
0.5365	0.5772	0.0000	0.0000
0.5375	0.5787	0.0000	0.0000
0.5385	0.5801	0.0000	0.0000
0.5395	0.5814	0.0000	0.0000
0.5405	0.5828	0.0000	0.0000
0.5415	0.5842	0.0000	0.0000
0.5425	0.5856	0.0000	0.0000
0.5435	0.5869	0.0000	0.0000
0.5445	0.5883	0.0000	0.0000
0.5455	0.5897	0.0000	0.0000
0.5465	0.5910	0.0000	0.0000
0.5475	0.5923	0.0000	0.0000
0.5485	0.5937	0.0000	0.0000
0.5495	0.5950	0.0000	0.0000
0.5506	0.5963	0.0000	0.0000
0.5516	0.5976	0.0000	0.0000
0.5526	0.5989	0.0000	0.0000
0.5536	0.6002	0.0000	0.0000
0.5546	0.6015	0.0000	0.0000
0.5556	0.6028	0.0000	0.0000
0.5566	0.6041	0.0000	0.0000
0.5576	0.6054	0.0000	0.0000
0.5586	0.6067	0.0000	0.0000
0.5596	0.6079	0.0000	0.0000
0.5606	0.6092	0.0000	0.0000
0.5616	0.6104	0.0000	0.0000
0.5626	0.6117	0.0000	0.0000
0.5636	0.6129	0.0000	0.0000
0.5646	0.6142	0.0000	0.0000
0.5656	0.6154	0.0000	0.0000
0.5666	0.6166	0.0000	0.0000
0.5676	0.6178	0.0000	0.0000
0.5686	0.6191	0.0000	0.0000
0.5696	0.6203	0.0000	0.0000
0.5706	0.6215	0.0000	0.0000
0.5716	0.6227	0.0000	0.0000
0.5726	0.6239	0.0000	0.0000
0.5736	0.6250	0.0000	0.0000
0.5746	0.6262	0.0000	0.0000
0.5756	0.6274	0.0000	0.0000
0.5766	0.6286	0.0000	0.0000
0.5776	0.6297	0.0000	0.0000
0.5786	0.6309	0.0000	0.0000
0.5796	0.6320	0.0000	0.0000
0.5806	0.6332	0.0000	0.0000
0.5816	0.6343	0.0000	0.0000
0.5826	0.6355	0.0000	0.0000
0.5836	0.6366	0.0000	0.0000
0.5846	0.6377	0.0000	0.0000
0.5856	0.6388	0.0000	0.0000
0.5866	0.6400	0.0000	0.0000
0.5876	0.6411	0.0000	0.0000
0.5886	0.6422	0.0000	0.0000
0.5896	0.6433	0.0000	0.0000
0.5906	0.6444	0.0000	0.0000
0.5916	0.6455	0.0000	0.0000
0.5926	0.6466	0.0000	0.0000
0.5936	0.6476	0.0000	0.0000
0.5946	0.6487	0.0000	0.0000
0.5956	0.6498	0.0000	0.0000
0.5966	0.6509	0.0000	0.0000
0.5976	0.6519	0.0000	0.0000
0.5986	0.6530	0.0000	0.0000
0.5996	0.6540	0.0000	0.0000
0.6006	0.6551	0.0000	0.0000
0.6016	0.6561	0.0000	0.0000
0.6026	0.6572	0.0000	0.0000
0.6036	0.6582	0.0000	0.0000
0.6046	0.6592	0.0000	0.0000
0.6056	0.6603	0.0000	0.0000
0.6066	0.6613	0.0000	0.0000
0.6076	0.6623	0.0000	0.0000
0.6086	0.6633	0.0000	0.0000
0.6096	0.6643	0.0000	0.0000
0.6106	0.6653	0.0000	0.0000
0.6116	0.6663	0.0000	0.0000
0.6126	0.6673	0.0000	0.0000
0.6136	0.6683	0.0000	0.0000
0.6146	0.6693	0.0000	0.0000
0.6156	0.6703	0.0000	0.0000
0.6166	0.6712	0.0000	0.0000
0.6176	0.6722	0.0000	0.0000
0.6186	0.6732	0.0000	0.0000
0.6196	0.6741	0.0000	0.0000
0.6206	0.6751	0.0000	0.0000
0.6216	0.6761	0.0000	0.0000
0.6226	0.6770	0.0000	0.0000
0.6236	0.6780	0.0000	0.0000
0.6246	0.6789	0.0000	0.0000
0.6256	0.6798	0.0000	0.0000
0.6266	0.6808	0.0000	0.0000
0.6276	0.6817	0.0000	0.0000
0.6286	0.6826	0.0000	0.0000
0.6296	0.6836	0.0000	0.0000
0.6306	0.6845	0.0000	0.0000
0.6316	0.6854	0.0000	0.0000
0.6326	0.6863	0.0000	0.0000
0.6336	0.6872	0.0000	0.0000
0.6346	0.6881	0.0000	0.0000
0.6356	0.6890	0.0000	0.0000
0.6366	0.6899	0.0000	0.0000
0.6376	0.6908	0.0000	0.0000
0.6386	0.6917	0.0000	0.0000
0.6396	0.6926	0.0000	0.0000
0.6406	0.6935	0.0000	0.0000
0.6416	0.6944	0.0000	0.0000
0.6426	0.6952	0.0000	0.0000
0.6436	0.6961	0.0000	0.0000
0.6446	0.6970	0.0000	0.0000
0.6456	0.6978	0.0000	0.0000
0.6466	0.6987	0.0000	0.0000
0.6476	0.6996	0.0000	0.0000
0.6486	0.7004	0.0000	0.0000
0.6496	0.7013	0.0000	0.0000
0.6507	0.7021	0.0000	0.0000
0.6517	0.7030	0.0000	0.0000
0.6527	0.7038	0.0000	0.0000
0.6537	0.7046	0.0000	0.0000
0.6547	0.7055	0.0000	0.0000
0.6557	0.7063	0.0000	0.0000
0.6567	0.7071	0.0000	0.0000
0.6577	0.7079	0.0000	0.0000
0.6587	0.7088	0.0000	0.0000
0.6597	0.7096	0.0000	0.0000
0.6607	0.7104	0.0000	0.0000
0.6617	0.7112	0.0000	0.0000
0.6627	0.7120	0.0000	0.0000
0.6637	0.7128	0.0000	0.0000
0.6647	0.7136	0.0000	0.0000
0.6657	0.7144	0.0000	0.0000
0.6667	0.7152	0.0000	0.0000
0.6677	0.7160	0.0000	0.0000
0.6687	0.7168	0.0000	0.0000
0.6697	0.7176	0.0000	0.0000
0.6707	0.7183	0.0000	0.0000
0.6717	0.7191	0.0000	0.0000
0.6727	0.7199	0.0000	0.0000
0.6737	0.7207	0.0000	0.0000
0.6747	0.7214	0.0000	0.0000
0.6757	0.7222	0.0000	0.0000
0.6767	0.7230	0.0000	0.0000
0.6777	0.7237	0.0000	0.0000
0.6787	0.7245	0.0000	0.0000
0.6797	0.7252	0.0000	0.0000
0.6807	0.7260	0.0000	0.0000
0.6817	0.7267	0.0000	0.0000
0.6827	0.7275	0.0000	0.0000
0.6837	0.7282	0.0000	0.0000
0.6847	0.7290	0.0000	0.0000
0.6857	0.7297	0.0000	0.0000
0.6867	0.7304	0.0000	0.0000
0.6877	0.7312	0.0000	0.0000
0.6887	0.7319	0.0000	0.0000
0.6897	0.7326	0.0000	0.0000
0.6907	0.7333	0.0000	0.0000
0.6917	0.7341	0.0000	0.0000
0.6927	0.7348	0.0000	0.0000
0.6937	0.7355	0.0000	0.0000
0.6947	0.7362	0.0000	0.0000
0.6957	0.7369	0.0000	0.0000
0.6967	0.7376	0.0000	0.0000
0.6977	0.7383	0.0000	0.0000
0.6987	0.7390	0.0000	0.0000
0.6997	0.7397	0.0000	0.0000
0.7007	0.7404	0.0000	0.0000
0.7017	0.7411	0.0000	0.0000
0.7027	0.7418	0.0000	0.0000
0.7037	0.7425	0.0000	0.0000
0.7047	0.7432	0.0000	0.0000
0.7057	0.7439	0.0000	0.0000
0.7067	0.7445	0.0000	0.0000
0.7077	0.7452	0.0000	0.0000
0.7087	0.7459	0.0000	0.0000
0.7097	0.7466	0.0000	0.0000
0.7107	0.7472	0.0000	0.0000
0.7117	0.7479	0.0000	0.0000
0.7127	0.7486	0.0000	0.0000
0.7137	0.7492	0.0000	0.0000
0.7147	0.7499	0.0000	0.0000
0.7157	0.7506	0.0000	0.0000
0.7167	0.7512	0.0000	0.0000
0.7177	0.7519	0.0000	0.0000
0.7187	0.7525	0.0000	0.0000
0.7197	0.7532	0.0000	0.0000
0.7207	0.7538	0.0000	0.0000
0.7217	0.7545	0.0000	0.0000
0.7227	0.7551	0.0000	0.0000
0.7237	0.7558	0.0000	0.0000
0.7247	0.7564	0.0000	0.0000
0.7257	0.7570	0.0000	0.0000
0.7267	0.7577	0.0000	0.0000
0.7277	0.7583	0.0000	0.0000
0.7287	0.7589	0.0000	0.0000
0.7297	0.7596	0.0000	0.0000
0.7307	0.7602	0.0000	0.0000
0.7317	0.7608	0.0000	0.0000
0.7327	0.7614	0.0000	0.0000
0.7337	0.7620	0.0000	0.0000
0.7347	0.7627	0.0000	0.0000
0.7357	0.7633	0.0000	0.0000
0.7367	0.7639	0.0000	0.0000
0.7377	0.7645	0.0000	0.0000
0.7387	0.7651	0.0000	0.0000
0.7397	0.7657	0.0000	0.0000
0.7407	0.7663	0.0000	0.0000
0.7417	0.7669	0.0000	0.0000
0.7427	0.7675	0.0000	0.0000
0.7437	0.7681	0.0000	0.0000
0.7447	0.7687	0.0000	0.0000
0.7457	0.7693	0.0000	0.0000
0.7467	0.7699	0.0000	0.0000
0.7477	0.7705	0.0000	0.0000
0.7487	0.7711	0.0000	0.0000
0.7497	0.7717	0.0000	0.0000
0.7508	0.7723	0.0000	0.0000
0.7518	0.7728	0.0000	0.0000
0.7528	0.7734	0.0000	0.0000
0.7538	0.7740	0.0000	0.0000
0.7548	0.7746	0.0000	0.0000
0.7558	0.7751	0.0000	0.0000
0.7568	0.7757	0.0000	0.0000
0.7578	0.7763	0.0000	0.0000
0.7588	0.7769	0.0000	0.0000
0.7598	0.7774	0.0000	0.0000
0.7608	0.7780	0.0000	0.0000
0.7618	0.7786	0.0000	0.0000
0.7628	0.7791	0.0000	0.0000
0.7638	0.7797	0.0000	0.0000
0.7648	0.7802	0.0000	0.0000
0.7658	0.7808	0.0000	0.0000
0.7668	0.7814	0.0000	0.0000
0.7678	0.7819	0.0000	0.0000
0.7688	0.7825	0.0000	0.0000
0.7698	0.7830	0.0000	0.0000
0.7708	0.7836	0.0000	0.0000
0.7718	0.7841	0.0000	0.0000
0.7728	0.7847	0.0000	0.0000
0.7738	0.7852	0.0000	0.0000
0.7748	0.7857	0.0000	0.0000
0.7758	0.7863	0.0000	0.0000
0.7768	0.7868	0.0000	0.0000
0.7778	0.7874	0.0000	0.0000
0.7788	0.7879	0.0000	0.0000
0.7798	0.7884	0.0000	0.0000
0.7808	0.7890	0.0000	0.0000
0.7818	0.7895	0.0000	0.0000
0.7828	0.7900	0.0000	0.0000
0.7838	0.7906	0.0000	0.0000
0.7848	0.7911	0.0000	0.0000
0.7858	0.7916	0.0000	0.0000
0.7868	0.7921	0.0000	0.0000
0.7878	0.7927	0.0000	0.0000
0.7888	0.7932	0.0000	0.0000
0.7898	0.7937	0.0000	0.0000
0.7908	0.7942	0.0000	0.0000
0.7918	0.7947	0.0000	0.0000
0.7928	0.7952	0.0000	0.0000
0.7938	0.7958	0.0000	0.0000
0.7948	0.7963	0.0000	0.0000
0.7958	0.7968	0.0000	0.0000
0.7968	0.7973	0.0000	0.0000
0.7978	0.7978	0.0000	0.0000
0.7988	0.7983	0.0000	0.0000
0.7998	0.7988	0.0000	0.0000
0.8008	0.7993	0.0000	0.0000
0.8018	0.7998	0.0000	0.0000
0.8028	0.8003	0.0000	0.0000
0.8038	0.8008	0.0000	0.0000
0.8048	0.8013	0.0000	0.0000
0.8058	0.8018	0.0000	0.0000
0.8068	0.8023	0.0000	0.0000
0.8078	0.8028	0.0000	0.0000
0.8088	0.8033	0.0000	0.0000
0.8098	0.8038	0.0000	0.0000
0.8108	0.8043	0.0000	0.0000
0.8118	0.8048	0.0000	0.0000
0.8128	0.8053	0.0000	0.0000
0.8138	0.8057	0.0000	0.0000
0.8148	0.8062	0.0000	0.0000
0.8158	0.8067	0.0000	0.0000
0.8168	0.8072	0.0000	0.0000
0.8178	0.8077	0.0000	0.0000
0.8188	0.8082	0.0000	0.0000
0.8198	0.8086	0.0000	0.0000
0.8208	0.8091	0.0000	0.0000
0.8218	0.8096	0.0000	0.0000
0.8228	0.8101	0.0000	0.0000
0.8238	0.8106	0.0000	0.0000
0.8248	0.8110	0.0000	0.0000
0.8258	0.8115	0.0000	0.0000
0.8268	0.8120	0.0000	0.0000
0.8278	0.8124	0.0000	0.0000
0.8288	0.8129	0.0000	0.0000
0.8298	0.8134	0.0000	0.0000
0.8308	0.8139	0.0000	0.0000
0.8318	0.8143	0.0000	0.0000
0.8328	0.8148	0.0000	0.0000
0.8338	0.8152	0.0000	0.0000
0.8348	0.8157	0.0000	0.0000
0.8358	0.8162	0.0000	0.0000
0.8368	0.8166	0.0000	0.0000
0.8378	0.8171	0.0000	0.0000
0.8388	0.8176	0.0000	0.0000
0.8398	0.8180	0.0000	0.0000
0.8408	0.8185	0.0000	0.0000
0.8418	0.8189	0.0000	0.0000
0.8428	0.8194	0.0000	0.0000
0.8438	0.8198	0.0000	0.0000
0.8448	0.8203	0.0000	0.0000
0.8458	0.8207	0.0000	0.0000
0.8468	0.8212	0.0000	0.0000
0.8478	0.8216	0.0000	0.0000
0.8488	0.8221	0.0000	0.0000
0.8498	0.8225	0.0000	0.0000
0.8509	0.8230	0.0000	0.0000
0.8519	0.8234	0.0000	0.0000
0.8529	0.8239	0.0000	0.0000
0.8539	0.8243	0.0000	0.0000
0.8549	0.8248	0.0000	0.0000
0.8559	0.8252	0.0000	0.0000
0.8569	0.8257	0.0000	0.0000
0.8579	0.8261	0.0000	0.0000
0.8589	0.8265	0.0000	0.0000
0.8599	0.8270	0.0000	0.0000
0.8609	0.8274	0.0000	0.0000
0.8619	0.8279	0.0000	0.0000
0.8629	0.8283	0.0000	0.0000
0.8639	0.8287	0.0000	0.0000
0.8649	0.8292	0.0000	0.0000
0.8659	0.8296	0.0000	0.0000
0.8669	0.8300	0.0000	0.0000
0.8679	0.8305	0.0000	0.0000
0.8689	0.8309	0.0000	0.0000
0.8699	0.8313	0.0000	0.0000
0.8709	0.8318	0.0000	0.0000
0.8719	0.8322	0.0000	0.0000
0.8729	0.8326	0.0000	0.0000
0.8739	0.8331	0.0000	0.0000
0.8749	0.8335	0.0000	0.0000
0.8759	0.8339	0.0000	0.0000
0.8769	0.8344	0.0000	0.0000
0.8779	0.8348	0.0000	0.0000
0.8789	0.8352	0.0000	0.0000
0.8799	0.8356	0.0000	0.0000
0.8809	0.8361	0.0000	0.0000
0.8819	0.8365	0.0000	0.0000
0.8829	0.8369	0.0000	0.0000
0.8839	0.8373	0.0000	0.0000
0.8849	0.8378	0.0000	0.0000
0.8859	0.8382	0.0000	0.0000
0.8869	0.8386	0.0000	0.0000
0.8879	0.8390	0.0000	0.0000
0.8889	0.8394	0.0000	0.0000
0.8899	0.8399	0.0000	0.0000
0.8909	0.8403	0.0000	0.0000
0.8919	0.8407	0.0000	0.0000
0.8929	0.8411	0.0000	0.0000
0.8939	0.8415	0.0000	0.0000
0.8949	0.8419	0.0000	0.0000
0.8959	0.8424	0.0000	0.0000
0.8969	0.8428	0.0000	0.0000
0.8979	0.8432	0.0000	0.0000
0.8989	0.8436	0.0000	0.0000
0.8999	0.8440	0.0000	0.0000
0.9009	0.8444	0.0000	0.0000
0.9019	0.8449	0.0000	0.0000
0.9029	0.8453	0.0000	0.0000
0.9039	0.8457	0.0000	0.0000
0.9049	0.8461	0.0000	0.0000
0.9059	0.8465	0.0000	0.0000
0.9069	0.8469	0.0000	0.0000
0.9079	0.8473	0.0000	0.0000
0.9089	0.8477	0.0000	0.0000
0.9099	0.8481	0.0000	0.0000
0.9109	0.8486	0.0000	0.0000
0.9119	0.8490	0.0000	0.0000
0.9129	0.8494	0.0000	0.0000
0.9139	0.8498	0.0000	0.0000
0.9149	0.8502	0.0000	0.0000
0.9159	0.8506	0.0000	0.0000
0.9169	0.8510	0.0000	0.0000
0.9179	0.8514	0.0000	0.0000
0.9189	0.8518	0.0000	0.0000
0.9199	0.8522	0.0000	0.0000
0.9209	0.8526	0.0000	0.0000
0.9219	0.8530	0.0000	0.0000
0.9229	0.8534	0.0000	0.0000
0.9239	0.8539	0.0000	0.0000
0.9249	0.8543	0.0000	0.0000
0.9259	0.8547	0.0000	0.0000
0.9269	0.8551	0.0000	0.0000
0.9279	0.8555	0.0000	0.0000
0.9289	0.8559	0.0000	0.0000
0.9299	0.8563	0.0000	0.0000
0.9309	0.8567	0.0000	0.0000
0.9319	0.8571	0.0000	0.0000
0.9329	0.8575	0.0000	0.0000
0.9339	0.8579	0.0000	0.0000
0.9349	0.8583	0.0000	0.0000
0.9359	0.8587	0.0000	0.0000
0.9369	0.8591	0.0000	0.0000
0.9379	0.8595	0.0000	0.0000
0.9389	0.8599	0.0000	0.0000
0.9399	0.8603	0.0000	0.0000
0.9409	0.8607	0.0000	0.0000
0.9419	0.8611	0.0000	0.0000
0.9429	0.8615	0.0000	0.0000
0.9439	0.8619	0.0000	0.0000
0.9449	0.8623	0.0000	0.0000
0.9459	0.8627	0.0000	0.0000
0.9469	0.8631	0.0000	0.0000
0.9479	0.8635	0.0000	0.0000
0.9489	0.8639	0.0000	0.0000
0.9499	0.8643	0.0000	0.0000
0.9510	0.8647	0.0000	0.0000
0.9520	0.8651	0.0000	0.0000
0.9530	0.8655	0.0000	0.0000
0.9540	0.8659	0.0000	0.0000
0.9550	0.8663	0.0000	0.0000
0.9560	0.8667	0.0000	0.0000
0.9570	0.8671	0.0000	0.0000
0.9580	0.8675	0.0000	0.0000
0.9590	0.8679	0.0000	0.0000
0.9600	0.8683	0.0000	0.0000
0.9610	0.8687	0.0000	0.0000
0.9620	0.8691	0.0000	0.0000
0.9630	0.8695	0.0000	0.0000
0.9640	0.8699	0.0000	0.0000
0.9650	0.8703	0.0000	0.0000
0.9660	0.8707	0.0000	0.0000
0.9670	0.8711	0.0000	0.0000
0.9680	0.8715	0.0000	0.0000
0.9690	0.8719	0.0000	0.0000
0.9700	0.8723	0.0000	0.0000
0.9710	0.8727	0.0000	0.0000
0.9720	0.8732	0.0000	0.0000
0.9730	0.8736	0.0000	0.0000
0.9740	0.8740	0.0000	0.0000
0.9750	0.8744	0.0000	0.0000
0.9760	0.8748	0.0000	0.0000
0.9770	0.8752	0.0000	0.0000
0.9780	0.8756	0.0000	0.0000
0.9790	0.8760	0.0000	0.0000
0.9800	0.8764	0.0000	0.0000
0.9810	0.8768	0.0000	0.0000
0.9820	0.8772	0.0000	0.0000
0.9830	0.8776	0.0000	0.0000
0.9840	0.8780	0.0000	0.0000
0.9850	0.8784	0.0000	0.0000
0.9860	0.8788	0.0000	0.0000
0.9870	0.8792	0.0000	0.0000
0.9880	0.8796	0.0000	0.0000
0.9890	0.8800	0.0000	0.0000
0.9900	0.8804	0.0000	0.0000
0.9910	0.8809	0.0000	0.0000
0.9920	0.8813	0.0000	0.0000
0.9930	0.8817	0.0000	0.0000
0.9940	0.8821	0.0000	0.0000
0.9950	0.8825	0.0000	0.0000
0.9960	0.8829	0.0000	0.0000
0.9970	0.8833	0.0000	0.0000
0.9980	0.8837	0.0000	0.0000
0.9990	0.8841	0.0000	0.0000
1.0000	0.8846	0.0000	0.0000
0.7988
