0.0000	0.1172	0.0000	0.0000
0.0010	0.1180	0.0000	0.0000
0.0020	0.1188	0.0000	0.0000
0.0030	0.1196	0.0000	0.0000
0.0040	0.1204	0.0000	0.0000
0.0050	0.1212	0.0000	0.0000
0.0060	0.1221	0.0000	0.0000
0.0070	0.1229	0.0000	0.0000
0.0080	0.1237	0.0000	0.0000
0.0090	0.1245	0.0000	0.0000
0.0100	0.1253	0.0000	0.0000
0.0110	0.1261	0.0000	0.0000
0.0120	0.1269	0.0000	0.0000
0.0130	0.1278	0.0000	0.0000
0.0140	0.1286	0.0000	0.0000
0.0150	0.1294	0.0000	0.0000
0.0160	0.1302	0.0000	0.0000
0.0170	0.1310	0.0000	0.0000
0.0180	0.1318	0.0000	0.0000
0.0190	0.1326	0.0000	0.0000
0.0200	0.1335	0.0000	0.0000
0.0210	0.1343	0.0000	0.0000
0.0220	0.1351	0.0000	0.0000
0.0230	0.1359	0.0000	0.0000
0.0240	0.1367	0.0000	0.0000
0.0250	0.1375	0.0000	0.0000
0.0260	0.1383	0.0000	0.0000
0.0270	0.1391	0.0000	0.0000
0.0280	0.1399	0.0000	0.0000
0.0290	0.1407	0.0000	0.0000
0.0300	0.1416	0.0000	0.0000
0.0310	0.1424	0.0000	0.0000
0.0320	0.1432	0.0000	0.0000
0.0330	0.1440	0.0000	0.0000
0.0340	0.1448	0.0000	0.0000
0.0350	0.1456	0.0000	0.0000
0.0360	0.1464	0.0000	0.0000
0.0370	0.1472	0.0000	0.0000
0.0380	0.1480	0.0000	0.0000
0.0390	0.1488	0.0000	0.0000
0.0400	0.1496	0.0000	0.0000
0.0410	0.1504	0.0000	0.0000
0.0420	0.1512	0.0000	0.0000
0.0430	0.1520	0.0000	0.0000
0.0440	0.1528	0.0000	0.0000
0.0450	0.1536	0.0000	0.0000
0.0460	0.1544	0.0000	0.0000
0.0470	0.1552	0.0000	0.0000
0.0480	0.1560	0.0000	0.0000
0.0490	0.1569	0.0000	0.0000
0.0501	0.1577	0.0000	0.0000
0.0511	0.1585	0.0000	0.0000
0.0521	0.1593	0.0000	0.0000
0.0531	0.1601	0.0000	0.0000
0.0541	0.1609	0.0000	0.0000
0.0551	0.1617	0.0000	0.0000
0.0561	0.1625	0.0000	0.0000
0.0571	0.1633	0.0000	0.0000
0.0581	0.1641	0.0000	0.0000
0.0591	0.1649	0.0000	0.0000
0.0601	0.1657	0.0000	0.0000
0.0611	0.1665	0.0000	0.0000
0.0621	0.1673	0.0000	0.0000
0.0631	0.1681	0.0000	0.0000
0.0641	0.1689	0.0000	0.0000
0.0651	0.1697	0.0000	0.0000
0.0661	0.1705	0.0000	0.0000
0.0671	0.1712	0.0000	0.0000
0.0681	0.1720	0.0000	0.0000
0.0691	0.1728	0.0000	0.0000
0.0701	0.1736	0.0000	0.0000
0.0711	0.1744	0.0000	0.0000
0.0721	0.1752	0.0000	0.0000
0.0731	0.1760	0.0000	0.0000
0.0741	0.1768	0.0000	0.0000
0.0751	0.1776	0.0000	0.0000
0.0761	0.1784	0.0000	0.0000
0.0771	0.1792	0.0000	0.0000
0.0781	0.1800	0.0000	0.0000
0.0791	0.1808	0.0000	0.0000
0.0801	0.1816	0.0000	0.0000
0.0811	0.1824	0.0000	0.0000
0.0821	0.1832	0.0000	0.0000
0.0831	0.1840	0.0000	0.0000
0.0841	0.1848	0.0000	0.0000
0.0851	0.1856	0.0000	0.0000
0.0861	0.1863	0.0000	0.0000
0.0871	0.1871	0.0000	0.0000
0.0881	0.1879	0.0000	0.0000
0.0891	0.1887	0.0000	0.0000
0.0901	0.1895	0.0000	0.0000
0.0911	0.1903	0.0000	0.0000
0.0921	0.1911	0.0000	0.0000
0.0931	0.1919	0.0000	0.0000
0.0941	0.1927	0.0000	0.0000
0.0951	0.1935	0.0000	0.0000
0.0961	0.1943	0.0000	0.0000
0.0971	0.1950	0.0000	0.0000
0.0981	0.1958	0.0000	0.0000
0.0991	0.1966	0.0000	0.0000
0.1001	0.1974	0.0000	0.0000
0.1011	0.1982	0.0000	0.0000
0.1021	0.1990	0.0000	0.0000
0.1031	0.1998	0.0000	0.0000
0.1041	0.2006	0.0000	0.0000
0.1051	0.2014	0.0000	0.0000
0.1061	0.2021	0.0000	0.0000
0.1071	0.2029	0.0000	0.0000
0.1081	0.2037	0.0000	0.0000
0.1091	0.2045	0.0000	0.0000
0.1101	0.2053	0.0000	0.0000
0.1111	0.2061	0.0000	0.0000
0.1121	0.2069	0.0000	0.0000
0.1131	0.2076	0.0000	0.0000
0.1141	0.2084	0.0000	0.0000
0.1151	0.2092	0.0000	0.0000
0.1161	0.2100	0.0000	0.0000
0.1171	0.2108	0.0000	0.0000
0.1181	0.2116	0.0000	0.0000
0.1191	0.2124	0.0000	0.0000
0.1201	0.2131	0.0000	0.0000
0.1211	0.2139	0.0000	0.0000
0.1221	0.2147	0.0000	0.0000
0.1231	0.2155	0.0000	0.0000
0.1241	0.2163	0.0000	0.0000
0.1251	0.2171	0.0000	0.0000
0.1261	0.2178	0.0000	0.0000
0.1271	0.2186	0.0000	0.0000
0.1281	0.2194	0.0000	0.0000
0.1291	0.2202	0.0000	0.0000
0.1301	0.2210	0.0000	0.0000
0.1311	0.2218	0.0000	0.0000
0.1321	0.2225	0.0000	0.0000
0.1331	0.2233	0.0000	0.0000
0.1341	0.2241	0.0000	0.0000
0.1351	0.2249	0.0000	0.0000
0.1361	0.2257	0.0000	0.0000
0.1371	0.2265	0.0000	0.0000
0.1381	0.2272	0.0000	0.0000
0.1391	0.2280	0.0000	0.0000
0.1401	0.2288	0.0000	0.0000
0.1411	0.2296	0.0000	0.0000
0.1421	0.2304	0.0000	0.0000
0.1431	0.2311	0.0000	0.0000
0.1441	0.2319	0.0000	0.0000
0.1451	0.2327	0.0000	0.0000
0.1461	0.2335	0.0000	0.0000
0.1471	0.2343	0.0000	0.0000
0.1481	0.2350	0.0000	0.0000
0.1491	0.2358	0.0000	0.0000
0.1502	0.2366	0.0000	0.0000
0.1512	0.2374	0.0000	0.0000
0.1522	0.2382	0.0000	0.0000
0.1532	0.2389	0.0000	0.0000
0.1542	0.2397	0.0000	0.0000
0.1552	0.2405	0.0000	0.0000
0.1562	0.2413	0.0000	0.0000
0.1572	0.2420	0.0000	0.0000
0.1582	0.2428	0.0000	0.0000
0.1592	0.2436	0.0000	0.0000
0.1602	0.2444	0.0000	0.0000
0.1612	0.2452	0.0000	0.0000
0.1622	0.2459	0.0000	0.0000
0.1632	0.2467	0.0000	0.0000
0.1642	0.2475	0.0000	0.0000
0.1652	0.2483	0.0000	0.0000
0.1662	0.2490	0.0000	0.0000
0.1672	0.2498	0.0000	0.0000
0.1682	0.2506	0.0000	0.0000
0.1692	0.2514	0.0000	0.0000
0.1702	0.2522	0.0000	0.0000
0.1712	0.2529	0.0000	0.0000
0.1722	0.2537	0.0000	0.0000
0.1732	0.2545	0.0000	0.0000
0.1742	0.2553	0.0000	0.0000
0.1752	0.2560	0.0000	0.0000
0.1762	0.2568	0.0000	0.0000
0.1772	0.2576	0.0000	0.0000
0.1782	0.2584	0.0000	0.0000
0.1792	0.2591	0.0000	0.0000
0.1802	0.2599	0.0000	0.0000
0.1812	0.2607	0.0000	0.0000
0.1822	0.2615	0.0000	0.0000
0.1832	0.2622	0.0000	0.0000
0.1842	0.2630	0.0000	0.0000
0.1852	0.2638	0.0000	0.0000
0.1862	0.2646	0.0000	0.0000
0.1872	0.2653	0.0000	0.0000
0.1882	0.2661	0.0000	0.0000
0.1892	0.2669	0.0000	0.0000
0.1902	0.2677	0.0000	0.0000
0.1912	0.2684	0.0000	0.0000
0.1922	0.2692	0.0000	0.0000
0.1932	0.2700	0.0000	0.0000
0.1942	0.2708	0.0000	0.0000
0.1952	0.2715	0.0000	0.0000
0.1962	0.2723	0.0000	0.0000
0.1972	0.2731	0.0000	0.0000
0.1982	0.2739	0.0000	0.0000
0.1992	0.2746	0.0000	0.0000
0.2002	0.2754	0.0000	0.0000
0.2012	0.2762	0.0000	0.0000
0.2022	0.2770	0.0000	0.0000
0.2032	0.2777	0.0000	0.0000
0.2042	0.2785	0.0000	0.0000
0.2052	0.2793	0.0000	0.0000
0.2062	0.2800	0.0000	0.0000
0.2072	0.2808	0.0000	0.0000
0.2082	0.2816	0.0000	0.0000
0.2092	0.2824	0.0000	0.0000
0.2102	0.2831	0.0000	0.0000
0.2112	0.2839	0.0000	0.0000
0.2122	0.2847	0.0000	0.0000
0.2132	0.2855	0.0000	0.0000
0.2142	0.2862	0.0000	0.0000
0.2152	0.2870	0.0000	0.0000
0.2162	0.2878	0.0000	0.0000
0.2172	0.2886	0.0000	0.0000
0.2182	0.2893	0.0000	0.0000
0.2192	0.2901	0.0000	0.0000
0.2202	0.2909	0.0000	0.0000
0.2212	0.2916	0.0000	0.0000
0.2222	0.2924	0.0000	0.0000
0.2232	0.2932	0.0000	0.0000
0.2242	0.2940	0.0000	0.0000
0.2252	0.2947	0.0000	0.0000
0.2262	0.2955	0.0000	0.0000
0.2272	0.2963	0.0000	0.0000
0.2282	0.2971	0.0000	0.0000
0.2292	0.2978	0.0000	0.0000
0.2302	0.2986	0.0000	0.0000
0.2312	0.2994	0.0000	0.0000
0.2322	0.3002	0.0000	0.0000
0.2332	0.3009	0.0000	0.0000
0.2342	0.3017	0.0000	0.0000
0.2352	0.3025	0.0000	0.0000
0.2362	0.3032	0.0000	0.0000
0.2372	0.3040	0.0000	0.0000
0.2382	0.3048	0.0000	0.0000
0.2392	0.3056	0.0000	0.0000
0.2402	0.3063	0.0000	0.0000
0.2412	0.3071	0.0000	0.0000
0.2422	0.3079	0.0000	0.0000
0.2432	0.3087	0.0000	0.0000
0.2442	0.3094	0.0000	0.0000
0.2452	0.3102	0.0000	0.0000
0.2462	0.3110	0.0000	0.0000
0.2472	0.3118	0.0000	0.0000
0.2482	0.3125	0.0000	0.0000
0.2492	0.3133	0.0000	0.0000
0.2503	0.3141	0.0000	0.0000
0.2513	0.3149	0.0000	0.0000
0.2523	0.3156	0.0000	0.0000
0.2533	0.3164	0.0000	0.0000
0.2543	0.3172	0.0000	0.0000
0.2553	0.3180	0.0000	0.0000
0.2563	0.3187	0.0000	0.0000
0.2573	0.3195	0.0000	0.0000
0.2583	0.3203	0.0000	0.0000
0.2593	0.3211	0.0000	0.0000
0.2603	0.3218	0.0000	0.0000
0.2613	0.3226	0.0000	0.0000
0.2623	0.3234	0.0000	0.0000
0.2633	0.3242	0.0000	0.0000
0.2643	0.3249	0.0000	0.0000
0.2653	0.3257	0.0000	0.0000
0.2663	0.3265	0.0000	0.0000
0.2673	0.3273	0.0000	0.0000
0.2683	0.3280	0.0000	0.0000
0.2693	0.3288	0.0000	0.0000
0.2703	0.3296	0.0000	0.0000
0.2713	0.3304	0.0000	0.0000
0.2723	0.3311	0.0000	0.0000
0.2733	0.3319	0.0000	0.0000
0.2743	0.3327	0.0000	0.0000
0.2753	0.3335	0.0000	0.0000
0.2763	0.3343	0.0000	0.0000
0.2773	0.3350	0.0000	0.0000
0.2783	0.3358	0.0000	0.0000
0.2793	0.3366	0.0000	0.0000
0.2803	0.3374	0.0000	0.0000
0.2813	0.3381	0.0000	0.0000
0.2823	0.3389	0.0000	0.0000
0.2833	0.3397	0.0000	0.0000
0.2843	0.3405	0.0000	0.0000
0.2853	0.3413	0.0000	0.0000
0.2863	0.3420	0.0000	0.0000
0.2873	0.3428	0.0000	0.0000
0.2883	0.3436	0.0000	0.0000
0.2893	0.3444	0.0000	0.0000
0.2903	0.3452	0.0000	0.0000
0.2913	0.3459	0.0000	0.0000
0.2923	0.3467	0.0000	0.0000
0.2933	0.3475	0.0000	0.0000
0.2943	0.3483	0.0000	0.0000
0.2953	0.3491	0.0000	0.0000
0.2963	0.3498	0.0000	0.0000
0.2973	0.3506	0.0000	0.0000
0.2983	0.3514	0.0000	0.0000
0.2993	0.3522	0.0000	0.0000
0.3003	0.3530	0.0000	0.0000
0.3013	0.3538	0.0000	0.0000
0.3023	0.3545	0.0000	0.0000
0.3033	0.3553	0.0000	0.0000
0.3043	0.3561	0.0000	0.0000
0.3053	0.3569	0.0000	0.0000
0.3063	0.3577	0.0000	0.0000
0.3073	0.3585	0.0000	0.0000
0.3083	0.3592	0.0000	0.0000
0.3093	0.3600	0.0000	0.0000
0.3103	0.3608	0.0000	0.0000
0.3113	0.3616	0.0000	0.0000
0.3123	0.3624	0.0000	0.0000
0.3133	0.3632	0.0000	0.0000
0.3143	0.3640	0.0000	0.0000
0.3153	0.3647	0.0000	0.0000
0.3163	0.3655	0.0000	0.0000
0.3173	0.3663	0.0000	0.0000
0.3183	0.3671	0.0000	0.0000
0.3193	0.3679	0.0000	0.0000
0.3203	0.3687	0.0000	0.0000
0.3213	0.3695	0.0000	0.0000
0.3223	0.3703	0.0000	0.0000
0.3233	0.3710	0.0000	0.0000
0.3243	0.3718	0.0000	0.0000
0.3253	0.3726	0.0000	0.0000
0.3263	0.3734	0.0000	0.0000
0.3273	0.3742	0.0000	0.0000
0.3283	0.3750	0.0000	0.0000
0.3293	0.3758	0.0000	0.0000
0.3303	0.3766	0.0000	0.0000
0.3313	0.3774	0.0000	0.0000
0.3323	0.3782	0.0000	0.0000
0.3333	0.3790	0.0000	0.0000
0.3343	0.3798	0.0000	0.0000
0.3353	0.3806	0.0000	0.0000
0.3363	0.3813	0.0000	0.0000
0.3373	0.3821	0.0000	0.0000
0.3383	0.3829	0.0000	0.0000
0.3393	0.3837	0.0000	0.0000
0.3403	0.3845	0.0000	0.0000
0.3413	0.3853	0.0000	0.0000
0.3423	0.3861	0.0000	0.0000
0.3433	0.3869	0.0000	0.0000
0.3443	0.3877	0.0000	0.0000
0.3453	0.3885	0.0000	0.0000
0.3463	0.3893	0.0000	0.0000
0.3473	0.3901	0.0000	0.0000
0.3483	0.3909	0.0000	0.0000
0.3493	0.3917	0.0000	0.0000
0.3504	0.3925	0.0000	0.0000
0.3514	0.3933	0.0000	0.0000
0.3524	0.3941	0.0000	0.0000
0.3534	0.3949	0.0000	0.0000
0.3544	0.3957	0.0000	0.0000
0.3554	0.3965	0.0000	0.0000
0.3564	0.3973	0.0000	0.0000
0.3574	0.3981	0.0000	0.0000
0.3584	0.3989	0.0000	0.0000
0.3594	0.3997	0.0000	0.0000
0.3604	0.4005	0.0000	0.0000
0.3614	0.4013	0.0000	0.0000
0.3624	0.4022	0.0000	0.0000
0.3634	0.4030	0.0000	0.0000
0.3644	0.4038	0.0000	0.0000
0.3654	0.4046	0.0000	0.0000
0.3664	0.4054	0.0000	0.0000
0.3674	0.4062	0.0000	0.0000
0.3684	0.4070	0.0000	0.0000
0.3694	0.4078	0.0000	0.0000
0.3704	0.4086	0.0000	0.0000
0.3714	0.4094	0.0000	0.0000
0.3724	0.4103	0.0000	0.0000
0.3734	0.4111	0.0000	0.0000
0.3744	0.4119	0.0000	0.0000
0.3754	0.4127	0.0000	0.0000
0.3764	0.4135	0.0000	0.0000
0.3774	0.4143	0.0000	0.0000
0.3784	0.4151	0.0000	0.0000
0.3794	0.4160	0.0000	0.0000
0.3804	0.4168	0.0000	0.0000
0.3814	0.4176	0.0000	0.0000
0.3824	0.4184	0.0000	0.0000
0.3834	0.4192	0.0000	0.0000
0.3844	0.4201	0.0000	0.0000
0.3854	0.4209	0.0000	0.0000
0.3864	0.4217	0.0000	0.0000
0.3874	0.4225	0.0000	0.0000
0.3884	0.4233	0.0000	0.0000
0.3894	0.4242	0.0000	0.0000
0.3904	0.4250	0.0000	0.0000
0.3914	0.4258	0.0000	0.0000
0.3924	0.4266	0.0000	0.0000
0.3934	0.4275	0.0000	0.0000
0.3944	0.4283	0.0000	0.0000
0.3954	0.4291	0.0000	0.0000
0.3964	0.4300	0.0000	0.0000
0.3974	0.4308	0.0000	0.0000
0.3984	0.4316	0.0000	0.0000
0.3994	0.4324	0.0000	0.0000
0.4004	0.4333	0.0000	0.0000
0.4014	0.4341	0.0000	0.0000
0.4024	0.4349	0.0000	0.0000
0.4034	0.4358	0.0000	0.0000
0.4044	0.4366	0.0000	0.0000
0.4054	0.4375	0.0000	0.0000
0.4064	0.4383	0.0000	0.0000
0.4074	0.4391	0.0000	0.0000
0.4084	0.4400	0.0000	0.0000
0.4094	0.4408	0.0000	0.0000
0.4104	0.4416	0.0000	0.0000
0.4114	0.4425	0.0000	0.0000
0.4124	0.4433	0.0000	0.0000
0.4134	0.4442	0.0000	0.0000
0.4144	0.4450	0.0000	0.0000
0.4154	0.4459	0.0000	0.0000
0.4164	0.4467	0.0000	0.0000
0.4174	0.4476	0.0000	0.0000
0.4184	0.4484	0.0000	0.0000
0.4194	0.4493	0.0000	0.0000
0.4204	0.4501	0.0000	0.0000
0.4214	0.4510	0.0000	0.0000
0.4224	0.4518	0.0000	0.0000
0.4234	0.4527	0.0000	0.0000
0.4244	0.4535	0.0000	0.0000
0.4254	0.4544	0.0000	0.0000
0.4264	0.4552	0.0000	0.0000
0.4274	0.4561	0.0000	0.0000
0.4284	0.4569	0.0000	0.0000
0.4294	0.4578	0.0000	0.0000
0.4304	0.4587	0.0000	0.0000
0.4314	0.4595	0.0000	0.0000
0.4324	0.4604	0.0000	0.0000
0.4334	0.4612	0.0000	0.0000
0.4344	0.4621	0.0000	0.0000
0.4354	0.4630	0.0000	0.0000
0.4364	0.4638	0.0000	0.0000
0.4374	0.4647	0.0000	0.0000
0.4384	0.4656	0.0000	0.0000
0.4394	0.4665	0.0000	0.0000
0.4404	0.4673	0.0000	0.0000
0.4414	0.4682	0.0000	0.0000
0.4424	0.4691	0.0000	0.0000
0.4434	0.4699	0.0000	0.0000
0.4444	0.4708	0.0000	0.0000
0.4454	0.4717	0.0000	0.0000
0.4464	0.4726	0.0000	0.0000
0.4474	0.4735	0.0000	0.0000
0.4484	0.4743	0.0000	0.0000
0.4494	0.4752	0.0000	0.0000
0.4505	0.4761	0.0000	0.0000
0.4515	0.4770	0.0000	0.0000
0.4525	0.4779	0.0000	0.0000
0.4535	0.4788	0.0000	0.0000
0.4545	0.4797	0.0000	0.0000
0.4555	0.4805	0.0000	0.0000
0.4565	0.4814	0.0000	0.0000
0.4575	0.4823	0.0000	0.0000
0.4585	0.4832	0.0000	0.0000
0.4595	0.4841	0.0000	0.0000
0.4605	0.4850	0.0000	0.0000
0.4615	0.4859	0.0000	0.0000
0.4625	0.4868	0.0000	0.0000
0.4635	0.4877	0.0000	0.0000
0.4645	0.4886	0.0000	0.0000
0.4655	0.4895	0.0000	0.0000
0.4665	0.4904	0.0000	0.0000
0.4675	0.4913	0.0000	0.0000
0.4685	0.4922	0.0000	0.0000
0.4695	0.4932	0.0000	0.0000
0.4705	0.4941	0.0000	0.0000
0.4715	0.4950	0.0000	0.0000
0.4725	0.4959	0.0000	0.0000
0.4735	0.4968	0.0000	0.0000
0.4745	0.4977	0.0000	0.0000
0.4755	0.4986	0.0000	0.0000
0.4765	0.4996	0.0000	0.0000
0.4775	0.5005	0.0000	0.0000
0.4785	0.5014	0.0000	0.0000
0.4795	0.5023	0.0000	0.0000
0.4805	0.5033	0.0000	0.0000
0.4815	0.5042	0.0000	0.0000
0.4825	0.5051	0.0000	0.0000
0.4835	0.5061	0.0000	0.0000
0.4845	0.5070	0.0000	0.0000
0.4855	0.5079	0.0000	0.0000
0.4865	0.5089	0.0000	0.0000
0.4875	0.5098	0.0000	0.0000
0.4885	0.5107	0.0000	0.0000
0.4895	0.5117	0.0000	0.0000
0.4905	0.5126	0.0000	0.0000
0.4915	0.5136	0.0000	0.0000
0.4925	0.5145	0.0000	0.0000
0.4935	0.5155	0.0000	0.0000
0.4945	0.5164	0.0000	0.0000
0.4955	0.5174	0.0000	0.0000
0.4965	0.5183	0.0000	0.0000
0.4975	0.5193	0.0000	0.0000
0.4985	0.5202	0.0000	0.0000
0.4995	0.5212	0.0000	0.0000
0.5005	0.5225	0.0000	0.0000
0.5015	0.5242	0.0000	0.0000
0.5025	0.5259	0.0000	0.0000
0.5035	0.5275	0.0000	0.0000
0.5045	0.5292	0.0000	0.0000
0.5055	0.5308	0.0000	0.0000
0.5065	0.5324	0.0000	0.0000
0.5075	0.5340	0.0000	0.0000
0.5085	0.5357	0.0000	0.0000
0.5095	0.5373	0.0000	0.0000
0.5105	0.5389	0.0000	0.0000
0.5115	0.5404	0.0000	0.0000
0.5125	0.5420	0.0000	0.0000
0.5135	0.5436	0.0000	0.0000
0.5145	0.5452	0.0000	0.0000
0.5155	0.5467	0.0000	0.0000
0.5165	0.5483	0.0000	0.0000
0.5175	0.5498	0.0000	0.0000
0.5185	0.5513	0.0000	0.0000
0.5195	0.5529	0.0000	0.0000
0.5205	0.5544	0.0000	0.0000
0.5215	0.5559	0.0000	0.0000
0.5225	0.5574	0.0000	0.0000
0.5235	0.5589	0.0000	0.0000
0.5245	0.5604	0.0000	0.0000
0.5255	0.5619	0.0000	0.0000
0.5265	0.5633	0.0000	0.0000
0.5275	0.5648	0.0000	0.0000
0.5285	0.5663	0.0000	0.0000
0.5295	0.5677	0.0000	0.0000
0.5305	0.5692	0.0000	0.0000
0.5315	0.5706	0.0000	0.0000
0.5325	0.5720	0.0000	0.0000
0.5335	0.5734	0.0000	0.0000
0.5345	0.5749	0.0000	0.0000
0.5355	0.5763	0.0000	0.0000
0.5365	0.5777	0.0000	0.0000
0.5375	0.5791	0.0000	0.0000
0.5385	0.5805	0.0000	0.0000
0.5395	0.5818	0.0000	0.0000
0.5405	0.5832	0.0000	0.0000
0.5415	0.5846	0.0000	0.0000
0.5425	0.5859	0.0000	0.0000
0.5435	0.5873	0.0000	0.0000
0.5445	0.5886	0.0000	0.0000
0.5455	0.5900	0.0000	0.0000
0.5465	0.5913	0.0000	0.0000
0.5475	0.5927	0.0000	0.0000
0.5485	0.5940	0.0000	0.0000
0.5495	0.5953	0.0000	0.0000
0.5506	0.5966	0.0000	0.0000
0.5516	0.5979	0.0000	0.0000
0.5526	0.5992	0.0000	0.0000
0.5536	0.6005	0.0000	0.0000
0.5546	0.6018	0.0000	0.0000
0.5556	0.6031	0.0000	0.0000
0.5566	0.6043	0.0000	0.0000
0.5576	0.6056	0.0000	0.0000
0.5586	0.6069	0.0000	0.0000
0.5596	0.6081	0.0000	0.0000
0.5606	0.6094	0.0000	0.0000
0.5616	0.6106	0.0000	0.0000
0.5626	0.6119	0.0000	0.0000
0.5636	0.6131	0.0000	0.0000
0.5646	0.6143	0.0000	0.0000
0.5656	0.6155	0.0000	0.0000
0.5666	0.6167	0.0000	0.0000
0.5676	0.6180	0.0000	0.0000
0.5686	0.6192	0.0000	0.0000
0.5696	0.6204	0.0000	0.0000
0.5706	0.6216	0.0000	0.0000
0.5716	0.6227	0.0000	0.0000
0.5726	0.6239	0.0000	0.0000
0.5736	0.6251	0.0000	0.0000
0.5746	0.6263	0.0000	0.0000
0.5756	0.6274	0.0000	0.0000
0.5766	0.6286	0.0000	0.0000
0.5776	0.6297	0.0000	0.0000
0.5786	0.6309	0.0000	0.0000
0.5796	0.6320	0.0000	0.0000
0.5806	0.6332	0.0000	0.0000
0.5816	0.6343	0.0000	0.0000
0.5826	0.6354	0.0000	0.0000
0.5836	0.6366	0.0000	0.0000
0.5846	0.6377	0.0000	0.0000
0.5856	0.6388	0.0000	0.0000
0.5866	0.6399	0.0000	0.0000
0.5876	0.6410	0.0000	0.0000
0.5886	0.6421	0.0000	0.0000
0.5896	0.6432	0.0000	0.0000
0.5906	0.6443	0.0000	0.0000
0.5916	0.6454	0.0000	0.0000
0.5926	0.6464	0.0000	0.0000
0.5936	0.6475	0.0000	0.0000
0.5946	0.6486	0.0000	0.0000
0.5956	0.6496	0.0000	0.0000
0.5966	0.6507	0.0000	0.0000
0.5976	0.6518	0.0000	0.0000
0.5986	0.6528	0.0000	0.0000
0.5996	0.6538	0.0000	0.0000
0.6006	0.6549	0.0000	0.0000
0.6016	0.6559	0.0000	0.0000
0.6026	0.6570	0.0000	0.0000
0.6036	0.6580	0.0000	0.0000
0.6046	0.6590	0.0000	0.0000
0.6056	0.6600	0.0000	0.0000
0.6066	0.6610	0.0000	0.0000
0.6076	0.6620	0.0000	0.0000
0.6086	0.6630	0.0000	0.0000
0.6096	0.6640	0.0000	0.0000
0.6106	0.6650	0.0000	0.0000
0.6116	0.6660	0.0000	0.0000
0.6126	0.6670	0.0000	0.0000
0.6136	0.6680	0.0000	0.0000
0.6146	0.6690	0.0000	0.0000
0.6156	0.6699	0.0000	0.0000
0.6166	0.6709	0.0000	0.0000
0.6176	0.6719	0.0000	0.0000
0.6186	0.6728	0.0000	0.0000
0.6196	0.6738	0.0000	0.0000
0.6206	0.6747	0.0000	0.0000
0.6216	0.6757	0.0000	0.0000
0.6226	0.6766	0.0000	0.0000
0.6236	0.6776	0.0000	0.0000
0.6246	0.6785	0.0000	0.0000
0.6256	0.6794	0.0000	0.0000
0.6266	0.6804	0.0000	0.0000
0.6276	0.6813	0.0000	0.0000
0.6286	0.6822	0.0000	0.0000
0.6296	0.6831	0.0000	0.0000
0.6306	0.6840	0.0000	0.0000
0.6316	0.6850	0.0000	0.0000
0.6326	0.6859	0.0000	0.0000
0.6336	0.6868	0.0000	0.0000
0.6346	0.6877	0.0000	0.0000
0.6356	0.6886	0.0000	0.0000
0.6366	0.6894	0.0000	0.0000
0.6376	0.6903	0.0000	0.0000
0.6386	0.6912	0.0000	0.0000
0.6396	0.6921	0.0000	0.0000
0.6406	0.6930	0.0000	0.0000
0.6416	0.6938	0.0000	0.0000
0.6426	0.6947	0.0000	0.0000
0.6436	0.6956	0.0000	0.0000
0.6446	0.6964	0.0000	0.0000
0.6456	0.6973	0.0000	0.0000
0.6466	0.6981	0.0000	0.0000
0.6476	0.6990	0.0000	0.0000
0.6486	0.6998	0.0000	0.0000
0.6496	0.7007	0.0000	0.0000
0.6507	0.7015	0.0000	0.0000
0.6517	0.7023	0.0000	0.0000
0.6527	0.7032	0.0000	0.0000
0.6537	0.7040	0.0000	0.0000
0.6547	0.7048	0.0000	0.0000
0.6557	0.7057	0.0000	0.0000
0.6567	0.7065	0.0000	0.0000
0.6577	0.7073	0.0000	0.0000
0.6587	0.7081	0.0000	0.0000
0.6597	0.7089	0.0000	0.0000
0.6607	0.7097	0.0000	0.0000
0.6617	0.7105	0.0000	0.0000
0.6627	0.7113	0.0000	0.0000
0.6637	0.7121	0.0000	0.0000
0.6647	0.7129	0.0000	0.0000
0.6657	0.7137	0.0000	0.0000
0.6667	0.7145	0.0000	0.0000
0.6677	0.7153	0.0000	0.0000
0.6687	0.7160	0.0000	0.0000
0.6697	0.7168	0.0000	0.0000
0.6707	0.7176	0.0000	0.0000
0.6717	0.7184	0.0000	0.0000
0.6727	0.7191	0.0000	0.0000
0.6737	0.7199	0.0000	0.0000
0.6747	0.7207	0.0000	0.0000
0.6757	0.7214	0.0000	0.0000
0.6767	0.7222	0.0000	0.0000
0.6777	0.7229	0.0000	0.0000
0.6787	0.7237	0.0000	0.0000
0.6797	0.7244	0.0000	0.0000
0.6807	0.7252	0.0000	0.0000
0.6817	0.7259	0.0000	0.0000
0.6827	0.7267	0.0000	0.0000
0.6837	0.7274	0.0000	0.0000
0.6847	0.7281	0.0000	0.0000
0.6857	0.7289	0.0000	0.0000
0.6867	0.7296	0.0000	0.0000
0.6877	0.7303	0.0000	0.0000
0.6887	0.7310	0.0000	0.0000
0.6897	0.7317	0.0000	0.0000
0.6907	0.7325	0.0000	0.0000
0.6917	0.7332	0.0000	0.0000
0.6927	0.7339	0.0000	0.0000
0.6937	0.7346	0.0000	0.0000
0.6947	0.7353	0.0000	0.0000
0.6957	0.7360	0.0000	0.0000
0.6967	0.7367	0.0000	0.0000
0.6977	0.7374	0.0000	0.0000
0.6987	0.7381	0.0000	0.0000
0.6997	0.7388	0.0000	0.0000
0.7007	0.7395	0.0000	0.0000
0.7017	0.7402	0.0000	0.0000
0.7027	0.7408	0.0000	0.0000
0.7037	0.7415	0.0000	0.0000
0.7047	0.7422	0.0000	0.0000
0.7057	0.7429	0.0000	0.0000
0.7067	0.7436	0.0000	0.0000
0.7077	0.7442	0.0000	0.0000
0.7087	0.7449	0.0000	0.0000
0.7097	0.7456	0.0000	0.0000
0.7107	0.7462	0.0000	0.0000
0.7117	0.7469	0.0000	0.0000
0.7127	0.7476	0.0000	0.0000
0.7137	0.7482	0.0000	0.0000
0.7147	0.7489	0.0000	0.0000
0.7157	0.7495	0.0000	0.0000
0.7167	0.7502	0.0000	0.0000
0.7177	0.7508	0.0000	0.0000
0.7187	0.7515	0.0000	0.0000
0.7197	0.7521	0.0000	0.0000
0.7207	0.7528	0.0000	0.0000
0.7217	0.7534	0.0000	0.0000
0.7227	0.7540	0.0000	0.0000
0.7237	0.7547	0.0000	0.0000
0.7247	0.7553	0.0000	0.0000
0.7257	0.7559	0.0000	0.0000
0.7267	0.7566	0.0000	0.0000
0.7277	0.7572	0.0000	0.0000
0.7287	0.7578	0.0000	0.0000
0.7297	0.7584	0.0000	0.0000
0.7307	0.7591	0.0000	0.0000
0.7317	0.7597	0.0000	0.0000
0.7327	0.7603	0.0000	0.0000
0.7337	0.7609	0.0000	0.0000
0.7347	0.7615	0.0000	0.0000
0.7357	0.7621	0.0000	0.0000
0.7367	0.7627	0.0000	0.0000
0.7377	0.7633	0.0000	0.0000
0.7387	0.7639	0.0000	0.0000
0.7397	0.7645	0.0000	0.0000
0.7407	0.7651	0.0000	0.0000
0.7417	0.7657	0.0000	0.0000
0.7427	0.7663	0.0000	0.0000
0.7437	0.7669	0.0000	0.0000
0.7447	0.7675	0.0000	0.0000
0.7457	0.7681	0.0000	0.0000
0.7467	0.7687	0.0000	0.0000
0.7477	0.7693	0.0000	0.0000
0.7487	0.7699	0.0000	0.0000
0.7497	0.7704	0.0000	0.0000
0.7508	0.7710	0.0000	0.0000
0.7518	0.7716	0.0000	0.0000
0.7528	0.7722	0.0000	0.0000
0.7538	0.7727	0.0000	0.0000
0.7548	0.7733	0.0000	0.0000
0.7558	0.7739	0.0000	0.0000
0.7568	0.7745	0.0000	0.0000
0.7578	0.7750	0.0000	0.0000
0.7588	0.7756	0.0000	0.0000
0.7598	0.7761	0.0000	0.0000
0.7608	0.7767	0.0000	0.0000
0.7618	0.7773	0.0000	0.0000
0.7628	0.7778	0.0000	0.0000
0.7638	0.7784	0.0000	0.0000
0.7648	0.7789	0.0000	0.0000
0.7658	0.7795	0.0000	0.0000
0.7668	0.7800	0.0000	0.0000
0.7678	0.7806	0.0000	0.0000
0.7688	0.7811	0.0000	0.0000
0.7698	0.7817	0.0000	0.0000
0.7708	0.7822	0.0000	0.0000
0.7718	0.7828	0.0000	0.0000
0.7728	0.7833	0.0000	0.0000
0.7738	0.7839	0.0000	0.0000
0.7748	0.7844	0.0000	0.0000
0.7758	0.7849	0.0000	0.0000
0.7768	0.7855	0.0000	0.0000
0.7778	0.7860	0.0000	0.0000
0.7788	0.7865	0.0000	0.0000
0.7798	0.7871	0.0000	0.0000
0.7808	0.7876	0.0000	0.0000
0.7818	0.7881	0.0000	0.0000
0.7828	0.7886	0.0000	0.0000
0.7838	0.7892	0.0000	0.0000
0.7848	0.7897	0.0000	0.0000
0.7858	0.7902	0.0000	0.0000
0.7868	0.7907	0.0000	0.0000
0.7878	0.7912	0.0000	0.0000
0.7888	0.7918	0.0000	0.0000
0.7898	0.7923	0.0000	0.0000
0.7908	0.7928	0.0000	0.0000
0.7918	0.7933	0.0000	0.0000
0.7928	0.7938	0.0000	0.0000
0.7938	0.7943	0.0000	0.0000
0.7948	0.7948	0.0000	0.0000
0.7958	0.7953	0.0000	0.0000
0.7968	0.7958	0.0000	0.0000
0.7978	0.7963	0.0000	0.0000
0.7988	0.7968	0.0000	0.0000
0.7998	0.7973	0.0000	0.0000
0.8008	0.7978	0.0000	0.0000
0.8018	0.7983	0.0000	0.0000
0.8028	0.7988	0.0000	0.0000
0.8038	0.7993	0.0000	0.0000
0.8048	0.7998	0.0000	0.0000
0.8058	0.8003	0.0000	0.0000
0.8068	0.8008	0.0000	0.0000
0.8078	0.8013	0.0000	0.0000
0.8088	0.8018	0.0000	0.0000
0.8098	0.8023	0.0000	0.0000
0.8108	0.8028	0.0000	0.0000
0.8118	0.8033	0.0000	0.0000
0.8128	0.8037	0.0000	0.0000
0.8138	0.8042	0.0000	0.0000
0.8148	0.8047	0.0000	0.0000
0.8158	0.8052	0.0000	0.0000
0.8168	0.8057	0.0000	0.0000
0.8178	0.8062	0.0000	0.0000
0.8188	0.8066	0.0000	0.0000
0.8198	0.8071	0.0000	0.0000
0.8208	0.8076	0.0000	0.0000
0.8218	0.8081	0.0000	0.0000
0.8228	0.8085	0.0000	0.0000
0.8238	0.8090	0.0000	0.0000
0.8248	0.8095	0.0000	0.0000
0.8258	0.8099	0.0000	0.0000
0.8268	0.8104	0.0000	0.0000
0.8278	0.8109	0.0000	0.0000
0.8288	0.8113	0.0000	0.0000
0.8298	0.8118	0.0000	0.0000
0.8308	0.8123	0.0000	0.0000
0.8318	0.8127	0.0000	0.0000
0.8328	0.8132	0.0000	0.0000
0.8338	0.8137	0.0000	0.0000
0.8348	0.8141	0.0000	0.0000
0.8358	0.8146	0.0000	0.0000
0.8368	0.8150	0.0000	0.0000
0.8378	0.8155	0.0000	0.0000
0.8388	0.8160	0.0000	0.0000
0.8398	0.8164	0.0000	0.0000
0.8408	0.8169	0.0000	0.0000
0.8418	0.8173	0.0000	0.0000
0.8428	0.8178	0.0000	0.0000
0.8438	0.8182	0.0000	0.0000
0.8448	0.8187	0.0000	0.0000
0.8458	0.8191	0.0000	0.0000
0.8468	0.8196	0.0000	0.0000
0.8478	0.8200	0.0000	0.0000
0.8488	0.8205	0.0000	0.0000
0.8498	0.8209	0.0000	0.0000
0.8509	0.8214	0.0000	0.0000
0.8519	0.8218	0.0000	0.0000
0.8529	0.8222	0.0000	0.0000
0.8539	0.8227	0.0000	0.0000
0.8549	0.8231	0.0000	0.0000
0.8559	0.8236	0.0000	0.0000
0.8569	0.8240	0.0000	0.0000
0.8579	0.8245	0.0000	0.0000
0.8589	0.8249	0.0000	0.0000
0.8599	0.8253	0.0000	0.0000
0.8609	0.8258	0.0000	0.0000
0.8619	0.8262	0.0000	0.0000
0.8629	0.8266	0.0000	0.0000
0.8639	0.8271	0.0000	0.0000
0.8649	0.8275	0.0000	0.0000
0.8659	0.8279	0.0000	0.0000
0.8669	0.8284	0.0000	0.0000
0.8679	0.8288	0.0000	0.0000
0.8689	0.8292	0.0000	0.0000
0.8699	0.8297	0.0000	0.0000
0.8709	0.8301	0.0000	0.0000
0.8719	0.8305	0.0000	0.0000
0.8729	0.8310	0.0000	0.0000
0.8739	0.8314	0.0000	0.0000
0.8749	0.8318	0.0000	0.0000
0.8759	0.8322	0.0000	0.0000
0.8769	0.8327	0.0000	0.0000
0.8779	0.8331	0.0000	0.0000
0.8789	0.8335	0.0000	0.0000
0.8799	0.8339	0.0000	0.0000
0.8809	0.8344	0.0000	0.0000
0.8819	0.8348	0.0000	0.0000
0.8829	0.8352	0.0000	0.0000
0.8839	0.8356	0.0000	0.0000
0.8849	0.8360	0.0000	0.0000
0.8859	0.8365	0.0000	0.0000
0.8869	0.8369	0.0000	0.0000
0.8879	0.8373	0.0000	0.0000
0.8889	0.8377	0.0000	0.0000
0.8899	0.8381	0.0000	0.0000
0.8909	0.8386	0.0000	0.0000
0.8919	0.8390	0.0000	0.0000
0.8929	0.8394	0.0000	0.0000
0.8939	0.8398	0.0000	0.0000
0.8949	0.8402	0.0000	0.0000
0.8959	0.8406	0.0000	0.0000
0.8969	0.8411	0.0000	0.0000
0.8979	0.8415	0.0000	0.0000
0.8989	0.8419	0.0000	0.0000
0.8999	0.8423	0.0000	0.0000
0.9009	0.8427	0.0000	0.0000
0.9019	0.8431	0.0000	0.0000
0.9029	0.8435	0.0000	0.0000
0.9039	0.8439	0.0000	0.0000
0.9049	0.8444	0.0000	0.0000
0.9059	0.8448	0.0000	0.0000
0.9069	0.8452	0.0000	0.0000
0.9079	0.8456	0.0000	0.0000
0.9089	0.8460	0.0000	0.0000
0.9099	0.8464	0.0000	0.0000
0.9109	0.8468	0.0000	0.0000
0.9119	0.8472	0.0000	0.0000
0.9129	0.8476	0.0000	0.0000
0.9139	0.8480	0.0000	0.0000
0.9149	0.8484	0.0000	0.0000
0.9159	0.8489	0.0000	0.0000
0.9169	0.8493	0.0000	0.0000
0.9179	0.8497	0.0000	0.0000
0.9189	0.8501	0.0000	0.0000
0.9199	0.8505	0.0000	0.0000
0.9209	0.8509	0.0000	0.0000
0.9219	0.8513	0.0000	0.0000
0.9229	0.8517	0.0000	0.0000
0.9239	0.8521	0.0000	0.0000
0.9249	0.8525	0.0000	0.0000
0.9259	0.8529	0.0000	0.0000
0.9269	0.8533	0.0000	0.0000
0.9279	0.8537	0.0000	0.0000
0.9289	0.8541	0.0000	0.0000
0.9299	0.8545	0.0000	0.0000
0.9309	0.8549	0.0000	0.0000
0.9319	0.8553	0.0000	0.0000
0.9329	0.8557	0.0000	0.0000
0.9339	0.8561	0.0000	0.0000
0.9349	0.8565	0.0000	0.0000
0.9359	0.8569	0.0000	0.0000
0.9369	0.8573	0.0000	0.0000
0.9379	0.8577	0.0000	0.0000
0.9389	0.8582	0.0000	0.0000
0.9399	0.8586	0.0000	0.0000
0.9409	0.8590	0.0000	0.0000
0.9419	0.8594	0.0000	0.0000
0.9429	0.8598	0.0000	0.0000
0.9439	0.8602	0.0000	0.0000
0.9449	0.8606	0.0000	0.0000
0.9459	0.8610	0.0000	0.0000
0.9469	0.8614	0.0000	0.0000
0.9479	0.8618	0.0000	0.0000
0.9489	0.8622	0.0000	0.0000
0.9499	0.8626	0.0000	0.0000
0.9510	0.8630	0.0000	0.0000
0.9520	0.8634	0.0000	0.0000
0.9530	0.8638	0.0000	0.0000
0.9540	0.8642	0.0000	0.0000
0.9550	0.8646	0.0000	0.0000
0.9560	0.8650	0.0000	0.0000
0.9570	0.8654	0.0000	0.0000
0.9580	0.8658	0.0000	0.0000
0.9590	0.8662	0.0000	0.0000
0.9600	0.8666	0.0000	0.0000
0.9610	0.8670	0.0000	0.0000
0.9620	0.8674	0.0000	0.0000
0.9630	0.8678	0.0000	0.0000
0.9640	0.8682	0.0000	0.0000
0.9650	0.8686	0.0000	0.0000
0.9660	0.8690	0.0000	0.0000
0.9670	0.8694	0.0000	0.0000
0.9680	0.8698	0.0000	0.0000
0.9690	0.8702	0.0000	0.0000
0.9700	0.8706	0.0000	0.0000
0.9710	0.8710	0.0000	0.0000
0.9720	0.8714	0.0000	0.0000
0.9730	0.8718	0.0000	0.0000
0.9740	0.8722	0.0000	0.0000
0.9750	0.8726	0.0000	0.0000
0.9760	0.8730	0.0000	0.0000
0.9770	0.8734	0.0000	0.0000
0.9780	0.8738	0.0000	0.0000
0.9790	0.8742	0.0000	0.0000
0.9800	0.8746	0.0000	0.0000
0.9810	0.8750	0.0000	0.0000
0.9820	0.8755	0.0000	0.0000
0.9830	0.8759	0.0000	0.0000
0.9840	0.8763	0.0000	0.0000
0.9850	0.8767	0.0000	0.0000
0.9860	0.8771	0.0000	0.0000
0.9870	0.8775	0.0000	0.0000
0.9880	0.8779	0.0000	0.0000
0.9890	0.8783	0.0000	0.0000
0.9900	0.8787	0.0000	0.0000
0.9910	0.8791	0.0000	0.0000
0.9920	0.8795	0.0000	0.0000
0.9930	0.8800	0.0000	0.0000
0.9940	0.8804	0.0000	0.0000
0.9950	0.8808	0.0000	0.0000
0.9960	0.8812	0.0000	0.0000
0.9970	0.8816	0.0000	0.0000
0.9980	0.8820	0.0000	0.0000
0.9990	0.8824	0.0000	0.0000
1.0000	0.8828	0.0000	0.0000
0.7958
