0.0000	0.1197	0.0000	0.0000
0.0010	0.1205	0.0000	0.0000
0.0020	0.1213	0.0000	0.0000
0.0030	0.1221	0.0000	0.0000
0.0040	0.1229	0.0000	0.0000
0.0050	0.1238	0.0000	0.0000
0.0060	0.1246	0.0000	0.0000
0.0070	0.1254	0.0000	0.0000
0.0080	0.1262	0.0000	0.0000
0.0090	0.1270	0.0000	0.0000
0.0100	0.1278	0.0000	0.0000
0.0110	0.1287	0.0000	0.0000
0.0120	0.1295	0.0000	0.0000
0.0130	0.1303	0.0000	0.0000
0.0140	0.1311	0.0000	0.0000
0.0150	0.1319	0.0000	0.0000
0.0160	0.1327	0.0000	0.0000
0.0170	0.1336	0.0000	0.0000
0.0180	0.1344	0.0000	0.0000
0.0190	0.1352	0.0000	0.0000
0.0200	0.1360	0.0000	0.0000
0.0210	0.1368	0.0000	0.0000
0.0220	0.1376	0.0000	0.0000
0.0230	0.1384	0.0000	0.0000
0.0240	0.1393	0.0000	0.0000
0.0250	0.1401	0.0000	0.0000
0.0260	0.1409	0.0000	0.0000
0.0270	0.1417	0.0000	0.0000
0.0280	0.1425	0.0000	0.0000
0.0290	0.1433	0.0000	0.0000
0.0300	0.1441	0.0000	0.0000
0.0310	0.1449	0.0000	0.0000
0.0320	0.1457	0.0000	0.0000
0.0330	0.1465	0.0000	0.0000
0.0340	0.1474	0.0000	0.0000
0.0350	0.1482	0.0000	0.0000
0.0360	0.1490	0.0000	0.0000
0.0370	0.1498	0.0000	0.0000
0.0380	0.1506	0.0000	0.0000
0.0390	0.1514	0.0000	0.0000
0.0400	0.1522	0.0000	0.0000
0.0410	0.1530	0.0000	0.0000
0.0420	0.1538	0.0000	0.0000
0.0430	0.1546	0.0000	0.0000
0.0440	0.1554	0.0000	0.0000
0.0450	0.1562	0.0000	0.0000
0.0460	0.1570	0.0000	0.0000
0.0470	0.1578	0.0000	0.0000
0.0480	0.1586	0.0000	0.0000
0.0490	0.1594	0.0000	0.0000
0.0501	0.1603	0.0000	0.0000
0.0511	0.1611	0.0000	0.0000
0.0521	0.1619	0.0000	0.0000
0.0531	0.1627	0.0000	0.0000
0.0541	0.1635	0.0000	0.0000
0.0551	0.1643	0.0000	0.0000
0.0561	0.1651	0.0000	0.0000
0.0571	0.1659	0.0000	0.0000
0.0581	0.1667	0.0000	0.0000
0.0591	0.1675	0.0000	0.0000
0.0601	0.1683	0.0000	0.0000
0.0611	0.1691	0.0000	0.0000
0.0621	0.1699	0.0000	0.0000
0.0631	0.1707	0.0000	0.0000
0.0641	0.1715	0.0000	0.0000
0.0651	0.1723	0.0000	0.0000
0.0661	0.1731	0.0000	0.0000
0.0671	0.1739	0.0000	0.0000
0.0681	0.1747	0.0000	0.0000
0.0691	0.1755	0.0000	0.0000
0.0701	0.1763	0.0000	0.0000
0.0711	0.1771	0.0000	0.0000
0.0721	0.1779	0.0000	0.0000
0.0731	0.1787	0.0000	0.0000
0.0741	0.1795	0.0000	0.0000
0.0751	0.1803	0.0000	0.0000
0.0761	0.1810	0.0000	0.0000
0.0771	0.1818	0.0000	0.0000
0.0781	0.1826	0.0000	0.0000
0.0791	0.1834	0.0000	0.0000
0.0801	0.1842	0.0000	0.0000
0.0811	0.1850	0.0000	0.0000
0.0821	0.1858	0.0000	0.0000
0.0831	0.1866	0.0000	0.0000
0.0841	0.1874	0.0000	0.0000
0.0851	0.1882	0.0000	0.0000
0.0861	0.1890	0.0000	0.0000
0.0871	0.1898	0.0000	0.0000
0.0881	0.1906	0.0000	0.0000
0.0891	0.1914	0.0000	0.0000
0.0901	0.1922	0.0000	0.0000
0.0911	0.1930	0.0000	0.0000
0.0921	0.1938	0.0000	0.0000
0.0931	0.1945	0.0000	0.0000
0.0941	0.1953	0.0000	0.0000
0.0951	0.1961	0.0000	0.0000
0.0961	0.1969	0.0000	0.0000
0.0971	0.1977	0.0000	0.0000
0.0981	0.1985	0.0000	0.0000
0.0991	0.1993	0.0000	0.0000
0.1001	0.2001	0.0000	0.0000
0.1011	0.2009	0.0000	0.0000
0.1021	0.2017	0.0000	0.0000
0.1031	0.2024	0.0000	0.0000
0.1041	0.2032	0.0000	0.0000
0.1051	0.2040	0.0000	0.0000
0.1061	0.2048	0.0000	0.0000
0.1071	0.2056	0.0000	0.0000
0.1081	0.2064	0.0000	0.0000
0.1091	0.2072	0.0000	0.0000
0.1101	0.2080	0.0000	0.0000
0.1111	0.2088	0.0000	0.0000
0.1121	0.2095	0.0000	0.0000
0.1131	0.2103	0.0000	0.0000
0.1141	0.2111	0.0000	0.0000
0.1151	0.2119	0.0000	0.0000
0.1161	0.2127	0.0000	0.0000
0.1171	0.2135	0.0000	0.0000
0.1181	0.2143	0.0000	0.0000
0.1191	0.2150	0.0000	0.0000
0.1201	0.2158	0.0000	0.0000
0.1211	0.2166	0.0000	0.0000
0.1221	0.2174	0.0000	0.0000
0.1231	0.2182	0.0000	0.0000
0.1241	0.2190	0.0000	0.0000
0.1251	0.2198	0.0000	0.0000
0.1261	0.2205	0.0000	0.0000
0.1271	0.2213	0.0000	0.0000
0.1281	0.2221	0.0000	0.0000
0.1291	0.2229	0.0000	0.0000
0.1301	0.2237	0.0000	0.0000
0.1311	0.2245	0.0000	0.0000
0.1321	0.2252	0.0000	0.0000
0.1331	0.2260	0.0000	0.0000
0.1341	0.2268	0.0000	0.0000
0.1351	0.2276	0.0000	0.0000
0.1361	0.2284	0.0000	0.0000
0.1371	0.2291	0.0000	0.0000
0.1381	0.2299	0.0000	0.0000
0.1391	0.2307	0.0000	0.0000
0.1401	0.2315	0.0000	0.0000
0.1411	0.2323	0.0000	0.0000
0.1421	0.2331	0.0000	0.0000
0.1431	0.2338	0.0000	0.0000
0.1441	0.2346	0.0000	0.0000
0.1451	0.2354	0.0000	0.0000
0.1461	0.2362	0.0000	0.0000
0.1471	0.2370	0.0000	0.0000
0.1481	0.2377	0.0000	0.0000
0.1491	0.2385	0.0000	0.0000
0.1502	0.2393	0.0000	0.0000
0.1512	0.2401	0.0000	0.0000
0.1522	0.2409	0.0000	0.0000
0.1532	0.2416	0.0000	0.0000
0.1542	0.2424	0.0000	0.0000
0.1552	0.2432	0.0000	0.0000
0.1562	0.2440	0.0000	0.0000
0.1572	0.2447	0.0000	0.0000
0.1582	0.2455	0.0000	0.0000
0.1592	0.2463	0.0000	0.0000
0.1602	0.2471	0.0000	0.0000
0.1612	0.2479	0.0000	0.0000
0.1622	0.2486	0.0000	0.0000
0.1632	0.2494	0.0000	0.0000
0.1642	0.2502	0.0000	0.0000
0.1652	0.2510	0.0000	0.0000
0.1662	0.2517	0.0000	0.0000
0.1672	0.2525	0.0000	0.0000
0.1682	0.2533	0.0000	0.0000
0.1692	0.2541	0.0000	0.0000
0.1702	0.2548	0.0000	0.0000
0.1712	0.2556	0.0000	0.0000
0.1722	0.2564	0.0000	0.0000
0.1732	0.2572	0.0000	0.0000
0.1742	0.2580	0.0000	0.0000
0.1752	0.2587	0.0000	0.0000
0.1762	0.2595	0.0000	0.0000
0.1772	0.2603	0.0000	0.0000
0.1782	0.2611	0.0000	0.0000
0.1792	0.2618	0.0000	0.0000
0.1802	0.2626	0.0000	0.0000
0.1812	0.2634	0.0000	0.0000
0.1822	0.2642	0.0000	0.0000
0.1832	0.2649	0.0000	0.0000
0.1842	0.2657	0.0000	0.0000
0.1852	0.2665	0.0000	0.0000
0.1862	0.2673	0.0000	0.0000
0.1872	0.2680	0.0000	0.0000
0.1882	0.2688	0.0000	0.0000
0.1892	0.2696	0.0000	0.0000
0.1902	0.2703	0.0000	0.0000
0.1912	0.2711	0.0000	0.0000
0.1922	0.2719	0.0000	0.0000
0.1932	0.2727	0.0000	0.0000
0.1942	0.2734	0.0000	0.0000
0.1952	0.2742	0.0000	0.0000
0.1962	0.2750	0.0000	0.0000
0.1972	0.2758	0.0000	0.0000
0.1982	0.2765	0.0000	0.0000
0.1992	0.2773	0.0000	0.0000
0.2002	0.2781	0.0000	0.0000
0.2012	0.2789	0.0000	0.0000
0.2022	0.2796	0.0000	0.0000
0.2032	0.2804	0.0000	0.0000
0.2042	0.2812	0.0000	0.0000
0.2052	0.2819	0.0000	0.0000
0.2062	0.2827	0.0000	0.0000
0.2072	0.2835	0.0000	0.0000
0.2082	0.2843	0.0000	0.0000
0.2092	0.2850	0.0000	0.0000
0.2102	0.2858	0.0000	0.0000
0.2112	0.2866	0.0000	0.0000
0.2122	0.2874	0.0000	0.0000
0.2132	0.2881	0.0000	0.0000
0.2142	0.2889	0.0000	0.0000
0.2152	0.2897	0.0000	0.0000
0.2162	0.2904	0.0000	0.0000
0.2172	0.2912	0.0000	0.0000
0.2182	0.2920	0.0000	0.0000
0.2192	0.2928	0.0000	0.0000
0.2202	0.2935	0.0000	0.0000
0.2212	0.2943	0.0000	0.0000
0.2222	0.2951	0.0000	0.0000
0.2232	0.2958	0.0000	0.0000
0.2242	0.2966	0.0000	0.0000
0.2252	0.2974	0.0000	0.0000
0.2262	0.2982	0.0000	0.0000
0.2272	0.2989	0.0000	0.0000
0.2282	0.2997	0.0000	0.0000
0.2292	0.3005	0.0000	0.0000
0.2302	0.3012	0.0000	0.0000
0.2312	0.3020	0.0000	0.0000
0.2322	0.3028	0.0000	0.0000
0.2332	0.3036	0.0000	0.0000
0.2342	0.3043	0.0000	0.0000
0.2352	0.3051	0.0000	0.0000
0.2362	0.3059	0.0000	0.0000
0.2372	0.3067	0.0000	0.0000
0.2382	0.3074	0.0000	0.0000
0.2392	0.3082	0.0000	0.0000
0.2402	0.3090	0.0000	0.0000
0.2412	0.3097	0.0000	0.0000
0.2422	0.3105	0.0000	0.0000
0.2432	0.3113	0.0000	0.0000
0.2442	0.3121	0.0000	0.0000
0.2452	0.3128	0.0000	0.0000
0.2462	0.3136	0.0000	0.0000
0.2472	0.3144	0.0000	0.0000
0.2482	0.3151	0.0000	0.0000
0.2492	0.3159	0.0000	0.0000
0.2503	0.3167	0.0000	0.0000
0.2513	0.3175	0.0000	0.0000
0.2523	0.3182	0.0000	0.0000
0.2533	0.3190	0.0000	0.0000
0.2543	0.3198	0.0000	0.0000
0.2553	0.3206	0.0000	0.0000
0.2563	0.3213	0.0000	0.0000
0.2573	0.3221	0.0000	0.0000
0.2583	0.3229	0.0000	0.0000
0.2593	0.3236	0.0000	0.0000
0.2603	0.3244	0.0000	0.0000
0.2613	0.3252	0.0000	0.0000
0.2623	0.3260	0.0000	0.0000
0.2633	0.3267	0.0000	0.0000
0.2643	0.3275	0.0000	0.0000
0.2653	0.3283	0.0000	0.0000
0.2663	0.3291	0.0000	0.0000
0.2673	0.3298	0.0000	0.0000
0.2683	0.3306	0.0000	0.0000
0.2693	0.3314	0.0000	0.0000
0.2703	0.3321	0.0000	0.0000
0.2713	0.3329	0.0000	0.0000
0.2723	0.3337	0.0000	0.0000
0.2733	0.3345	0.0000	0.0000
0.2743	0.3352	0.0000	0.0000
0.2753	0.3360	0.0000	0.0000
0.2763	0.3368	0.0000	0.0000
0.2773	0.3376	0.0000	0.0000
0.2783	0.3383	0.0000	0.0000
0.2793	0.3391	0.0000	0.0000
0.2803	0.3399	0.0000	0.0000
0.2813	0.3407	0.0000	0.0000
0.2823	0.3414	0.0000	0.0000
0.2833	0.3422	0.0000	0.0000
0.2843	0.3430	0.0000	0.0000
0.2853	0.3438	0.0000	0.0000
0.2863	0.3445	0.0000	0.0000
0.2873	0.3453	0.0000	0.0000
0.2883	0.3461	0.0000	0.0000
0.2893	0.3469	0.0000	0.0000
0.2903	0.3477	0.0000	0.0000
0.2913	0.3484	0.0000	0.0000
0.2923	0.3492	0.0000	0.0000
0.2933	0.3500	0.0000	0.0000
0.2943	0.3508	0.0000	0.0000
0.2953	0.3515	0.0000	0.0000
0.2963	0.3523	0.0000	0.0000
0.2973	0.3531	0.0000	0.0000
0.2983	0.3539	0.0000	0.0000
0.2993	0.3547	0.0000	0.0000
0.3003	0.3554	0.0000	0.0000
0.3013	0.3562	0.0000	0.0000
0.3023	0.3570	0.0000	0.0000
0.3033	0.3578	0.0000	0.0000
0.3043	0.3586	0.0000	0.0000
0.3053	0.3593	0.0000	0.0000
0.3063	0.3601	0.0000	0.0000
0.3073	0.3609	0.0000	0.0000
0.3083	0.3617	0.0000	0.0000
0.3093	0.3625	0.0000	0.0000
0.3103	0.3632	0.0000	0.0000
0.3113	0.3640	0.0000	0.0000
0.3123	0.3648	0.0000	0.0000
0.3133	0.3656	0.0000	0.0000
0.3143	0.3664	0.0000	0.0000
0.3153	0.3671	0.0000	0.0000
0.3163	0.3679	0.0000	0.0000
0.3173	0.3687	0.0000	0.0000
0.3183	0.3695	0.0000	0.0000
0.3193	0.3703	0.0000	0.0000
0.3203	0.3711	0.0000	0.0000
0.3213	0.3718	0.0000	0.0000
0.3223	0.3726	0.0000	0.0000
0.3233	0.3734	0.0000	0.0000
0.3243	0.3742	0.0000	0.0000
0.3253	0.3750	0.0000	0.0000
0.3263	0.3758	0.0000	0.0000
0.3273	0.3766	0.0000	0.0000
0.3283	0.3773	0.0000	0.0000
0.3293	0.3781	0.0000	0.0000
0.3303	0.3789	0.0000	0.0000
0.3313	0.3797	0.0000	0.0000
0.3323	0.3805	0.0000	0.0000
0.3333	0.3813	0.0000	0.0000
0.3343	0.3821	0.0000	0.0000
0.3353	0.3829	0.0000	0.0000
0.3363	0.3837	0.0000	0.0000
0.3373	0.3844	0.0000	0.0000
0.3383	0.3852	0.0000	0.0000
0.3393	0.3860	0.0000	0.0000
0.3403	0.3868	0.0000	0.0000
0.3413	0.3876	0.0000	0.0000
0.3423	0.3884	0.0000	0.0000
0.3433	0.3892	0.0000	0.0000
0.3443	0.3900	0.0000	0.0000
0.3453	0.3908	0.0000	0.0000
0.3463	0.3916	0.0000	0.0000
0.3473	0.3924	0.0000	0.0000
0.3483	0.3932	0.0000	0.0000
0.3493	0.3940	0.0000	0.0000
0.3504	0.3947	0.0000	0.0000
0.3514	0.3955	0.0000	0.0000
0.3524	0.3963	0.0000	0.0000
0.3534	0.3971	0.0000	0.0000
0.3544	0.3979	0.0000	0.0000
0.3554	0.3987	0.0000	0.0000
0.3564	0.3995	0.0000	0.0000
0.3574	0.4003	0.0000	0.0000
0.3584	0.4011	0.0000	0.0000
0.3594	0.4019	0.0000	0.0000
0.3604	0.4027	0.0000	0.0000
0.3614	0.4035	0.0000	0.0000
0.3624	0.4043	0.0000	0.0000
0.3634	0.4051	0.0000	0.0000
0.3644	0.4059	0.0000	0.0000
0.3654	0.4067	0.0000	0.0000
0.3664	0.4075	0.0000	0.0000
0.3674	0.4083	0.0000	0.0000
0.3684	0.4091	0.0000	0.0000
0.3694	0.4100	0.0000	0.0000
0.3704	0.4108	0.0000	0.0000
0.3714	0.4116	0.0000	0.0000
0.3724	0.4124	0.0000	0.0000
0.3734	0.4132	0.0000	0.0000
0.3744	0.4140	0.0000	0.0000
0.3754	0.4148	0.0000	0.0000
0.3764	0.4156	0.0000	0.0000
0.3774	0.4164	0.0000	0.0000
0.3784	0.4172	0.0000	0.0000
0.3794	0.4180	0.0000	0.0000
0.3804	0.4188	0.0000	0.0000
0.3814	0.4197	0.0000	0.0000
0.3824	0.4205	0.0000	0.0000
0.3834	0.4213	0.0000	0.0000
0.3844	0.4221	0.0000	0.0000
0.3854	0.4229	0.0000	0.0000
0.3864	0.4237	0.0000	0.0000
0.3874	0.4245	0.0000	0.0000
0.3884	0.4254	0.0000	0.0000
0.3894	0.4262	0.0000	0.0000
0.3904	0.4270	0.0000	0.0000
0.3914	0.4278	0.0000	0.0000
0.3924	0.4286	0.0000	0.0000
0.3934	0.4294	0.0000	0.0000
0.3944	0.4303	0.0000	0.0000
0.3954	0.4311	0.0000	0.0000
0.3964	0.4319	0.0000	0.0000
0.3974	0.4327	0.0000	0.0000
0.3984	0.4336	0.0000	0.0000
0.3994	0.4344	0.0000	0.0000
0.4004	0.4352	0.0000	0.0000
0.4014	0.4360	0.0000	0.0000
0.4024	0.4369	0.0000	0.0000
0.4034	0.4377	0.0000	0.0000
0.4044	0.4385	0.0000	0.0000
0.4054	0.4393	0.0000	0.0000
0.4064	0.4402	0.0000	0.0000
0.4074	0.4410	0.0000	0.0000
0.4084	0.4418	0.0000	0.0000
0.4094	0.4427	0.0000	0.0000
0.4104	0.4435	0.0000	0.0000
0.4114	0.4443	0.0000	0.0000
0.4124	0.4452	0.0000	0.0000
0.4134	0.4460	0.0000	0.0000
0.4144	0.4468	0.0000	0.0000
0.4154	0.4477	0.0000	0.0000
0.4164	0.4485	0.0000	0.0000
0.4174	0.4494	0.0000	0.0000
0.4184	0.4502	0.0000	0.0000
0.4194	0.4510	0.0000	0.0000
0.4204	0.4519	0.0000	0.0000
0.4214	0.4527	0.0000	0.0000
0.4224	0.4536	0.0000	0.0000
0.4234	0.4544	0.0000	0.0000
0.4244	0.4553	0.0000	0.0000
0.4254	0.4561	0.0000	0.0000
0.4264	0.4570	0.0000	0.0000
0.4274	0.4578	0.0000	0.0000
0.4284	0.4587	0.0000	0.0000
0.4294	0.4595	0.0000	0.0000
0.4304	0.4604	0.0000	0.0000
0.4314	0.4612	0.0000	0.0000
0.4324	0.4621	0.0000	0.0000
0.4334	0.4629	0.0000	0.0000
0.4344	0.4638	0.0000	0.0000
0.4354	0.4646	0.0000	0.0000
0.4364	0.4655	0.0000	0.0000
0.4374	0.4664	0.0000	0.0000
0.4384	0.4672	0.0000	0.0000
0.4394	0.4681	0.0000	0.0000
0.4404	0.4689	0.0000	0.0000
0.4414	0.4698	0.0000	0.0000
0.4424	0.4707	0.0000	0.0000
0.4434	0.4715	0.0000	0.0000
0.4444	0.4724	0.0000	0.0000
0.4454	0.4733	0.0000	0.0000
0.4464	0.4741	0.0000	0.0000
0.4474	0.4750	0.0000	0.0000
0.4484	0.4759	0.0000	0.0000
0.4494	0.4768	0.0000	0.0000
0.4505	0.4776	0.0000	0.0000
0.4515	0.4785	0.0000	0.0000
0.4525	0.4794	0.0000	0.0000
0.4535	0.4803	0.0000	0.0000
0.4545	0.4811	0.0000	0.0000
0.4555	0.4820	0.0000	0.0000
0.4565	0.4829	0.0000	0.0000
0.4575	0.4838	0.0000	0.0000
0.4585	0.4847	0.0000	0.0000
0.4595	0.4856	0.0000	0.0000
0.4605	0.4864	0.0000	0.0000
0.4615	0.4873	0.0000	0.0000
0.4625	0.4882	0.0000	0.0000
0.4635	0.4891	0.0000	0.0000
0.4645	0.4900	0.0000	0.0000
0.4655	0.4909	0.0000	0.0000
0.4665	0.4918	0.0000	0.0000
0.4675	0.4927	0.0000	0.0000
0.4685	0.4936	0.0000	0.0000
0.4695	0.4945	0.0000	0.0000
0.4705	0.4954	0.0000	0.0000
0.4715	0.4963	0.0000	0.0000
0.4725	0.4972	0.0000	0.0000
0.4735	0.4981	0.0000	0.0000
0.4745	0.4990	0.0000	0.0000
0.4755	0.4999	0.0000	0.0000
0.4765	0.5008	0.0000	0.0000
0.4775	0.5017	0.0000	0.0000
0.4785	0.5027	0.0000	0.0000
0.4795	0.5036	0.0000	0.0000
0.4805	0.5045	0.0000	0.0000
0.4815	0.5054	0.0000	0.0000
0.4825	0.5063	0.0000	0.0000
0.4835	0.5072	0.0000	0.0000
0.4845	0.5082	0.0000	0.0000
0.4855	0.5091	0.0000	0.0000
0.4865	0.5100	0.0000	0.0000
0.4875	0.5109	0.0000	0.0000
0.4885	0.5119	0.0000	0.0000
0.4895	0.5128	0.0000	0.0000
0.4905	0.5137	0.0000	0.0000
0.4915	0.5147	0.0000	0.0000
0.4925	0.5156	0.0000	0.0000
0.4935	0.5165	0.0000	0.0000
0.4945	0.5175	0.0000	0.0000
0.4955	0.5184	0.0000	0.0000
0.4965	0.5194	0.0000	0.0000
0.4975	0.5203	0.0000	0.0000
0.4985	0.5213	0.0000	0.0000
0.4995	0.5222	0.0000	0.0000
0.5005	0.5235	0.0000	0.0000
0.5015	0.5252	0.0000	0.0000
0.5025	0.5268	0.0000	0.0000
0.5035	0.5285	0.0000	0.0000
0.5045	0.5301	0.0000	0.0000
0.5055	0.5317	0.0000	0.0000
0.5065	0.5333	0.0000	0.0000
0.5075	0.5349	0.0000	0.0000
0.5085	0.5365	0.0000	0.0000
0.5095	0.5381	0.0000	0.0000
0.5105	0.5397	0.0000	0.0000
0.5115	0.5412	0.0000	0.0000
0.5125	0.5428	0.0000	0.0000
0.5135	0.5444	0.0000	0.0000
0.5145	0.5459	0.0000	0.0000
0.5155	0.5474	0.0000	0.0000
0.5165	0.5490	0.0000	0.0000
0.5175	0.5505	0.0000	0.0000
0.5185	0.5520	0.0000	0.0000
0.5195	0.5535	0.0000	0.0000
0.5205	0.5550	0.0000	0.0000
0.5215	0.5565	0.0000	0.0000
0.5225	0.5580	0.0000	0.0000
0.5235	0.5595	0.0000	0.0000
0.5245	0.5609	0.0000	0.0000
0.5255	0.5624	0.0000	0.0000
0.5265	0.5639	0.0000	0.0000
0.5275	0.5653	0.0000	0.0000
0.5285	0.5667	0.0000	0.0000
0.5295	0.5682	0.0000	0.0000
0.5305	0.5696	0.0000	0.0000
0.5315	0.5710	0.0000	0.0000
0.5325	0.5724	0.0000	0.0000
0.5335	0.5739	0.0000	0.0000
0.5345	0.5752	0.0000	0.0000
0.5355	0.5766	0.0000	0.0000
0.5365	0.5780	0.0000	0.0000
0.5375	0.5794	0.0000	0.0000
0.5385	0.5808	0.0000	0.0000
0.5395	0.5821	0.0000	0.0000
0.5405	0.5835	0.0000	0.0000
0.5415	0.5849	0.0000	0.0000
0.5425	0.5862	0.0000	0.0000
0.5435	0.5875	0.0000	0.0000
0.5445	0.5889	0.0000	0.0000
0.5455	0.5902	0.0000	0.0000
0.5465	0.5915	0.0000	0.0000
0.5475	0.5928	0.0000	0.0000
0.5485	0.5941	0.0000	0.0000
0.5495	0.5954	0.0000	0.0000
0.5506	0.5967	0.0000	0.0000
0.5516	0.5980	0.0000	0.0000
0.5526	0.5993	0.0000	0.0000
0.5536	0.6006	0.0000	0.0000
0.5546	0.6019	0.0000	0.0000
0.5556	0.6031	0.0000	0.0000
0.5566	0.6044	0.0000	0.0000
0.5576	0.6056	0.0000	0.0000
0.5586	0.6069	0.0000	0.0000
0.5596	0.6081	0.0000	0.0000
0.5606	0.6093	0.0000	0.0000
0.5616	0.6106	0.0000	0.0000
0.5626	0.6118	0.0000	0.0000
0.5636	0.6130	0.0000	0.0000
0.5646	0.6142	0.0000	0.0000
0.5656	0.6154	0.0000	0.0000
0.5666	0.6166	0.0000	0.0000
0.5676	0.6178	0.0000	0.0000
0.5686	0.6190	0.0000	0.0000
0.5696	0.6202	0.0000	0.0000
0.5706	0.6214	0.0000	0.0000
0.5716	0.6225	0.0000	0.0000
0.5726	0.6237	0.0000	0.0000
0.5736	0.6249	0.0000	0.0000
0.5746	0.6260	0.0000	0.0000
0.5756	0.6272	0.0000	0.0000
0.5766	0.6283	0.0000	0.0000
0.5776	0.6295	0.0000	0.0000
0.5786	0.6306	0.0000	0.0000
0.5796	0.6317	0.0000	0.0000
0.5806	0.6329	0.0000	0.0000
0.5816	0.6340	0.0000	0.0000
0.5826	0.6351	0.0000	0.0000
0.5836	0.6362	0.0000	0.0000
0.5846	0.6373	0.0000	0.0000
0.5856	0.6384	0.0000	0.0000
0.5866	0.6395	0.0000	0.0000
0.5876	0.6406	0.0000	0.0000
0.5886	0.6417	0.0000	0.0000
0.5896	0.6427	0.0000	0.0000
0.5906	0.6438	0.0000	0.0000
0.5916	0.6449	0.0000	0.0000
0.5926	0.6459	0.0000	0.0000
0.5936	0.6470	0.0000	0.0000
0.5946	0.6481	0.0000	0.0000
0.5956	0.6491	0.0000	0.0000
0.5966	0.6502	0.0000	0.0000
0.5976	0.6512	0.0000	0.0000
0.5986	0.6522	0.0000	0.0000
0.5996	0.6533	0.0000	0.0000
0.6006	0.6543	0.0000	0.0000
0.6016	0.6553	0.0000	0.0000
0.6026	0.6563	0.0000	0.0000
0.6036	0.6573	0.0000	0.0000
0.6046	0.6584	0.0000	0.0000
0.6056	0.6594	0.0000	0.0000
0.6066	0.6604	0.0000	0.0000
0.6076	0.6614	0.0000	0.0000
0.6086	0.6623	0.0000	0.0000
0.6096	0.6633	0.0000	0.0000
0.6106	0.6643	0.0000	0.0000
0.6116	0.6653	0.0000	0.0000
0.6126	0.6663	0.0000	0.0000
0.6136	0.6672	0.0000	0.0000
0.6146	0.6682	0.0000	0.0000
0.6156	0.6692	0.0000	0.0000
0.6166	0.6701	0.0000	0.0000
0.6176	0.6711	0.0000	0.0000
0.6186	0.6720	0.0000	0.0000
0.6196	0.6730	0.0000	0.0000
0.6206	0.6739	0.0000	0.0000
0.6216	0.6748	0.0000	0.0000
0.6226	0.6758	0.0000	0.0000
0.6236	0.6767	0.0000	0.0000
0.6246	0.6776	0.0000	0.0000
0.6256	0.6785	0.0000	0.0000
0.6266	0.6795	0.0000	0.0000
0.6276	0.6804	0.0000	0.0000
0.6286	0.6813	0.0000	0.0000
0.6296	0.6822	0.0000	0.0000
0.6306	0.6831	0.0000	0.0000
0.6316	0.6840	0.0000	0.0000
0.6326	0.6849	0.0000	0.0000
0.6336	0.6858	0.0000	0.0000
0.6346	0.6866	0.0000	0.0000
0.6356	0.6875	0.0000	0.0000
0.6366	0.6884	0.0000	0.0000
0.6376	0.6893	0.0000	0.0000
0.6386	0.6901	0.0000	0.0000
0.6396	0.6910	0.0000	0.0000
0.6406	0.6919	0.0000	0.0000
0.6416	0.6927	0.0000	0.0000
0.6426	0.6936	0.0000	0.0000
0.6436	0.6944	0.0000	0.0000
0.6446	0.6953	0.0000	0.0000
0.6456	0.6961	0.0000	0.0000
0.6466	0.6970	0.0000	0.0000
0.6476	0.6978	0.0000	0.0000
0.6486	0.6987	0.0000	0.0000
0.6496	0.6995	0.0000	0.0000
0.6507	0.7003	0.0000	0.0000
0.6517	0.7011	0.0000	0.0000
0.6527	0.7020	0.0000	0.0000
0.6537	0.7028	0.0000	0.0000
0.6547	0.7036	0.0000	0.0000
0.6557	0.7044	0.0000	0.0000
0.6567	0.7052	0.0000	0.0000
0.6577	0.7060	0.0000	0.0000
0.6587	0.7068	0.0000	0.0000
0.6597	0.7076	0.0000	0.0000
0.6607	0.7084	0.0000	0.0000
0.6617	0.7092	0.0000	0.0000
0.6627	0.7100	0.0000	0.0000
0.6637	0.7108	0.0000	0.0000
0.6647	0.7116	0.0000	0.0000
0.6657	0.7123	0.0000	0.0000
0.6667	0.7131	0.0000	0.0000
0.6677	0.7139	0.0000	0.0000
0.6687	0.7147	0.0000	0.0000
0.6697	0.7154	0.0000	0.0000
0.6707	0.7162	0.0000	0.0000
0.6717	0.7170	0.0000	0.0000
0.6727	0.7177	0.0000	0.0000
0.6737	0.7185	0.0000	0.0000
0.6747	0.7192	0.0000	0.0000
0.6757	0.7200	0.0000	0.0000
0.6767	0.7207	0.0000	0.0000
0.6777	0.7215	0.0000	0.0000
0.6787	0.7222	0.0000	0.0000
0.6797	0.7229	0.0000	0.0000
0.6807	0.7237	0.0000	0.0000
0.6817	0.7244	0.0000	0.0000
0.6827	0.7251	0.0000	0.0000
0.6837	0.7259	0.0000	0.0000
0.6847	0.7266	0.0000	0.0000
0.6857	0.7273	0.0000	0.0000
0.6867	0.7280	0.0000	0.0000
0.6877	0.7287	0.0000	0.0000
0.6887	0.7294	0.0000	0.0000
0.6897	0.7302	0.0000	0.0000
0.6907	0.7309	0.0000	0.0000
0.6917	0.7316	0.0000	0.0000
0.6927	0.7323	0.0000	0.0000
0.6937	0.7330	0.0000	0.0000
0.6947	0.7337	0.0000	0.0000
0.6957	0.7344	0.0000	0.0000
0.6967	0.7350	0.0000	0.0000
0.6977	0.7357	0.0000	0.0000
0.6987	0.7364	0.0000	0.0000
0.6997	0.7371	0.0000	0.0000
0.7007	0.7378	0.0000	0.0000
0.7017	0.7385	0.0000	0.0000
0.7027	0.7391	0.0000	0.0000
0.7037	0.7398	0.0000	0.0000
0.7047	0.7405	0.0000	0.0000
0.7057	0.7412	0.0000	0.0000
0.7067	0.7418	0.0000	0.0000
0.7077	0.7425	0.0000	0.0000
0.7087	0.7431	0.0000	0.0000
0.7097	0.7438	0.0000	0.0000
0.7107	0.7445	0.0000	0.0000
0.7117	0.7451	0.0000	0.0000
0.7127	0.7458	0.0000	0.0000
0.7137	0.7464	0.0000	0.0000
0.7147	0.7471	0.0000	0.0000
0.7157	0.7477	0.0000	0.0000
0.7167	0.7484	0.0000	0.0000
0.7177	0.7490	0.0000	0.0000
0.7187	0.7496	0.0000	0.0000
0.7197	0.7503	0.0000	0.0000
0.7207	0.7509	0.0000	0.0000
0.7217	0.7515	0.0000	0.0000
0.7227	0.7522	0.0000	0.0000
0.7237	0.7528	0.0000	0.0000
0.7247	0.7534	0.0000	0.0000
0.7257	0.7540	0.0000	0.0000
0.7267	0.7547	0.0000	0.0000
0.7277	0.7553	0.0000	0.0000
0.7287	0.7559	0.0000	0.0000
0.7297	0.7565	0.0000	0.0000
0.7307	0.7571	0.0000	0.0000
0.7317	0.7577	0.0000	0.0000
0.7327	0.7583	0.0000	0.0000
0.7337	0.7589	0.0000	0.0000
0.7347	0.7595	0.0000	0.0000
0.7357	0.7601	0.0000	0.0000
0.7367	0.7607	0.0000	0.0000
0.7377	0.7613	0.0000	0.0000
0.7387	0.7619	0.0000	0.0000
0.7397	0.7625	0.0000	0.0000
0.7407	0.7631	0.0000	0.0000
0.7417	0.7637	0.0000	0.0000
0.7427	0.7643	0.0000	0.0000
0.7437	0.7649	0.0000	0.0000
0.7447	0.7655	0.0000	0.0000
0.7457	0.7661	0.0000	0.0000
0.7467	0.7666	0.0000	0.0000
0.7477	0.7672	0.0000	0.0000
0.7487	0.7678	0.0000	0.0000
0.7497	0.7684	0.0000	0.0000
0.7508	0.7689	0.0000	0.0000
0.7518	0.7695	0.0000	0.0000
0.7528	0.7701	0.0000	0.0000
0.7538	0.7706	0.0000	0.0000
0.7548	0.7712	0.0000	0.0000
0.7558	0.7718	0.0000	0.0000
0.7568	0.7723	0.0000	0.0000
0.7578	0.7729	0.0000	0.0000
0.7588	0.7735	0.0000	0.0000
0.7598	0.7740	0.0000	0.0000
0.7608	0.7746	0.0000	0.0000
0.7618	0.7751	0.0000	0.0000
0.7628	0.7757	0.0000	0.0000
0.7638	0.7762	0.0000	0.0000
0.7648	0.7768	0.0000	0.0000
0.7658	0.7773	0.0000	0.0000
0.7668	0.7779	0.0000	0.0000
0.7678	0.7784	0.0000	0.0000
0.7688	0.7789	0.0000	0.0000
0.7698	0.7795	0.0000	0.0000
0.7708	0.7800	0.0000	0.0000
0.7718	0.7806	0.0000	0.0000
0.7728	0.7811	0.0000	0.0000
0.7738	0.7816	0.0000	0.0000
0.7748	0.7822	0.0000	0.0000
0.7758	0.7827	0.0000	0.0000
0.7768	0.7832	0.0000	0.0000
0.7778	0.7837	0.0000	0.0000
0.7788	0.7843	0.0000	0.0000
0.7798	0.7848	0.0000	0.0000
0.7808	0.7853	0.0000	0.0000
0.7818	0.7858	0.0000	0.0000
0.7828	0.7864	0.0000	0.0000
0.7838	0.7869	0.0000	0.0000
0.7848	0.7874	0.0000	0.0000
0.7858	0.7879	0.0000	0.0000
0.7868	0.7884	0.0000	0.0000
0.7878	0.7889	0.0000	0.0000
0.7888	0.7895	0.0000	0.0000
0.7898	0.7900	0.0000	0.0000
0.7908	0.7905	0.0000	0.0000
0.7918	0.7910	0.0000	0.0000
0.7928	0.7915	0.0000	0.0000
0.7938	0.7920	0.0000	0.0000
0.7948	0.7925	0.0000	0.0000
0.7958	0.7930	0.0000	0.0000
0.7968	0.7935	0.0000	0.0000
0.7978	0.7940	0.0000	0.0000
0.7988	0.7945	0.0000	0.0000
0.7998	0.7950	0.0000	0.0000
0.8008	0.7955	0.0000	0.0000
0.8018	0.7960	0.0000	0.0000
0.8028	0.7965	0.0000	0.0000
0.8038	0.7970	0.0000	0.0000
0.8048	0.7974	0.0000	0.0000
0.8058	0.7979	0.0000	0.0000
0.8068	0.7984	0.0000	0.0000
0.8078	0.7989	0.0000	0.0000
0.8088	0.7994	0.0000	0.0000
0.8098	0.7999	0.0000	0.0000
0.8108	0.8004	0.0000	0.0000
0.8118	0.8008	0.0000	0.0000
0.8128	0.8013	0.0000	0.0000
0.8138	0.8018	0.0000	0.0000
0.8148	0.8023	0.0000	0.0000
0.8158	0.8028	0.0000	0.0000
0.8168	0.8032	0.0000	0.0000
0.8178	0.8037	0.0000	0.0000
0.8188	0.8042	0.0000	0.0000
0.8198	0.8047	0.0000	0.0000
0.8208	0.8051	0.0000	0.0000
0.8218	0.8056	0.0000	0.0000
0.8228	0.8061	0.0000	0.0000
0.8238	0.8065	0.0000	0.0000
0.8248	0.8070	0.0000	0.0000
0.8258	0.8075	0.0000	0.0000
0.8268	0.8079	0.0000	0.0000
0.8278	0.8084	0.0000	0.0000
0.8288	0.8089	0.0000	0.0000
0.8298	0.8093	0.0000	0.0000
0.8308	0.8098	0.0000	0.0000
0.8318	0.8102	0.0000	0.0000
0.8328	0.8107	0.0000	0.0000
0.8338	0.8112	0.0000	0.0000
0.8348	0.8116	0.0000	0.0000
0.8358	0.8121	0.0000	0.0000
0.8368	0.8125	0.0000	0.0000
0.8378	0.8130	0.0000	0.0000
0.8388	0.8134	0.0000	0.0000
0.8398	0.8139	0.0000	0.0000
0.8408	0.8143	0.0000	0.0000
0.8418	0.8148	0.0000	0.0000
0.8428	0.8152	0.0000	0.0000
0.8438	0.8157	0.0000	0.0000
0.8448	0.8161	0.0000	0.0000
0.8458	0.8166	0.0000	0.0000
0.8468	0.8170	0.0000	0.0000
0.8478	0.8175	0.0000	0.0000
0.8488	0.8179	0.0000	0.0000
0.8498	0.8184	0.0000	0.0000
0.8509	0.8188	0.0000	0.0000
0.8519	0.8192	0.0000	0.0000
0.8529	0.8197	0.0000	0.0000
0.8539	0.8201	0.0000	0.0000
0.8549	0.8206	0.0000	0.0000
0.8559	0.8210	0.0000	0.0000
0.8569	0.8214	0.0000	0.0000
0.8579	0.8219	0.0000	0.0000
0.8589	0.8223	0.0000	0.0000
0.8599	0.8227	0.0000	0.0000
0.8609	0.8232	0.0000	0.0000
0.8619	0.8236	0.0000	0.0000
0.8629	0.8241	0.0000	0.0000
0.8639	0.8245	0.0000	0.0000
0.8649	0.8249	0.0000	0.0000
0.8659	0.8253	0.0000	0.0000
0.8669	0.8258	0.0000	0.0000
0.8679	0.8262	0.0000	0.0000
0.8689	0.8266	0.0000	0.0000
0.8699	0.8271	0.0000	0.0000
0.8709	0.8275	0.0000	0.0000
0.8719	0.8279	0.0000	0.0000
0.8729	0.8283	0.0000	0.0000
0.8739	0.8288	0.0000	0.0000
0.8749	0.8292	0.0000	0.0000
0.8759	0.8296	0.0000	0.0000
0.8769	0.8300	0.0000	0.0000
0.8779	0.8305	0.0000	0.0000
0.8789	0.8309	0.0000	0.0000
0.8799	0.8313	0.0000	0.0000
0.8809	0.8317	0.0000	0.0000
0.8819	0.8322	0.0000	0.0000
0.8829	0.8326	0.0000	0.0000
0.8839	0.8330	0.0000	0.0000
0.8849	0.8334	0.0000	0.0000
0.8859	0.8338	0.0000	0.0000
0.8869	0.8343	0.0000	0.0000
0.8879	0.8347	0.0000	0.0000
0.8889	0.8351	0.0000	0.0000
0.8899	0.8355	0.0000	0.0000
0.8909	0.8359	0.0000	0.0000
0.8919	0.8363	0.0000	0.0000
0.8929	0.8368	0.0000	0.0000
0.8939	0.8372	0.0000	0.0000
0.8949	0.8376	0.0000	0.0000
0.8959	0.8380	0.0000	0.0000
0.8969	0.8384	0.0000	0.0000
0.8979	0.8388	0.0000	0.0000
0.8989	0.8392	0.0000	0.0000
0.8999	0.8397	0.0000	0.0000
0.9009	0.8401	0.0000	0.0000
0.9019	0.8405	0.0000	0.0000
0.9029	0.8409	0.0000	0.0000
0.9039	0.8413	0.0000	0.0000
0.9049	0.8417	0.0000	0.0000
0.9059	0.8421	0.0000	0.0000
0.9069	0.8425	0.0000	0.0000
0.9079	0.8429	0.0000	0.0000
0.9089	0.8434	0.0000	0.0000
0.9099	0.8438	0.0000	0.0000
0.9109	0.8442	0.0000	0.0000
0.9119	0.8446	0.0000	0.0000
0.9129	0.8450	0.0000	0.0000
0.9139	0.8454	0.0000	0.0000
0.9149	0.8458	0.0000	0.0000
0.9159	0.8462	0.0000	0.0000
0.9169	0.8466	0.0000	0.0000
0.9179	0.8470	0.0000	0.0000
0.9189	0.8474	0.0000	0.0000
0.9199	0.8478	0.0000	0.0000
0.9209	0.8482	0.0000	0.0000
0.9219	0.8486	0.0000	0.0000
0.9229	0.8490	0.0000	0.0000
0.9239	0.8495	0.0000	0.0000
0.9249	0.8499	0.0000	0.0000
0.9259	0.8503	0.0000	0.0000
0.9269	0.8507	0.0000	0.0000
0.9279	0.8511	0.0000	0.0000
0.9289	0.8515	0.0000	0.0000
0.9299	0.8519	0.0000	0.0000
0.9309	0.8523	0.0000	0.0000
0.9319	0.8527	0.0000	0.0000
0.9329	0.8531	0.0000	0.0000
0.9339	0.8535	0.0000	0.0000
0.9349	0.8539	0.0000	0.0000
0.9359	0.8543	0.0000	0.0000
0.9369	0.8547	0.0000	0.0000
0.9379	0.8551	0.0000	0.0000
0.9389	0.8555	0.0000	0.0000
0.9399	0.8559	0.0000	0.0000
0.9409	0.8563	0.0000	0.0000
0.9419	0.8567	0.0000	0.0000
0.9429	0.8571	0.0000	0.0000
0.9439	0.8575	0.0000	0.0000
0.9449	0.8579	0.0000	0.0000
0.9459	0.8583	0.0000	0.0000
0.9469	0.8587	0.0000	0.0000
0.9479	0.8591	0.0000	0.0000
0.9489	0.8595	0.0000	0.0000
0.9499	0.8599	0.0000	0.0000
0.9510	0.8603	0.0000	0.0000
0.9520	0.8607	0.0000	0.0000
0.9530	0.8611	0.0000	0.0000
0.9540	0.8615	0.0000	0.0000
0.9550	0.8619	0.0000	0.0000
0.9560	0.8624	0.0000	0.0000
0.9570	0.8628	0.0000	0.0000
0.9580	0.8632	0.0000	0.0000
0.9590	0.8636	0.0000	0.0000
0.9600	0.8640	0.0000	0.0000
0.9610	0.8644	0.0000	0.0000
0.9620	0.8648	0.0000	0.0000
0.9630	0.8652	0.0000	0.0000
0.9640	0.8656	0.0000	0.0000
0.9650	0.8660	0.0000	0.0000
0.9660	0.8664	0.0000	0.0000
0.9670	0.8668	0.0000	0.0000
0.9680	0.8672	0.0000	0.0000
0.9690	0.8676	0.0000	0.0000
0.9700	0.8680	0.0000	0.0000
0.9710	0.8684	0.0000	0.0000
0.9720	0.8688	0.0000	0.0000
0.9730	0.8692	0.0000	0.0000
0.9740	0.8696	0.0000	0.0000
0.9750	0.8700	0.0000	0.0000
0.9760	0.8704	0.0000	0.0000
0.9770	0.8708	0.0000	0.0000
0.9780	0.8713	0.0000	0.0000
0.9790	0.8717	0.0000	0.0000
0.9800	0.8721	0.0000	0.0000
0.9810	0.8725	0.0000	0.0000
0.9820	0.8729	0.0000	0.0000
0.9830	0.8733	0.0000	0.0000
0.9840	0.8737	0.0000	0.0000
0.9850	0.8741	0.0000	0.0000
0.9860	0.8745	0.0000	0.0000
0.9870	0.8749	0.0000	0.0000
0.9880	0.8753	0.0000	0.0000
0.9890	0.8758	0.0000	0.0000
0.9900	0.8762	0.0000	0.0000
0.9910	0.8766	0.0000	0.0000
0.9920	0.8770	0.0000	0.0000
0.9930	0.8774	0.0000	0.0000
0.9940	0.8778	0.0000	0.0000
0.9950	0.8782	0.0000	0.0000
0.9960	0.8787	0.0000	0.0000
0.9970	0.8791	0.0000	0.0000
0.9980	0.8795	0.0000	0.0000
0.9990	0.8799	0.0000	0.0000
1.0000	0.8803	0.0000	0.0000
0.7908
