0.0000	0.1203	0.0000	0.0000
0.0010	0.1211	0.0000	0.0000
0.0020	0.1220	0.0000	0.0000
0.0030	0.1228	0.0000	0.0000
0.0040	0.1236	0.0000	0.0000
0.0050	0.1244	0.0000	0.0000
0.0060	0.1252	0.0000	0.0000
0.0070	0.1261	0.0000	0.0000
0.0080	0.1269	0.0000	0.0000
0.0090	0.1277	0.0000	0.0000
0.0100	0.1285	0.0000	0.0000
0.0110	0.1293	0.0000	0.0000
0.0120	0.1302	0.0000	0.0000
0.0130	0.1310	0.0000	0.0000
0.0140	0.1318	0.0000	0.0000
0.0150	0.1326	0.0000	0.0000
0.0160	0.1334	0.0000	0.0000
0.0170	0.1342	0.0000	0.0000
0.0180	0.1351	0.0000	0.0000
0.0190	0.1359	0.0000	0.0000
0.0200	0.1367	0.0000	0.0000
0.0210	0.1375	0.0000	0.0000
0.0220	0.1383	0.0000	0.0000
0.0230	0.1391	0.0000	0.0000
0.0240	0.1399	0.0000	0.0000
0.0250	0.1407	0.0000	0.0000
0.0260	0.1416	0.0000	0.0000
0.0270	0.1424	0.0000	0.0000
0.0280	0.1432	0.0000	0.0000
0.0290	0.1440	0.0000	0.0000
0.0300	0.1448	0.0000	0.0000
0.0310	0.1456	0.0000	0.0000
0.0320	0.1464	0.0000	0.0000
0.0330	0.1472	0.0000	0.0000
0.0340	0.1480	0.0000	0.0000
0.0350	0.1489	0.0000	0.0000
0.0360	0.1497	0.0000	0.0000
0.0370	0.1505	0.0000	0.0000
0.0380	0.1513	0.0000	0.0000
0.0390	0.1521	0.0000	0.0000
0.0400	0.1529	0.0000	0.0000
0.0410	0.1537	0.0000	0.0000
0.0420	0.1545	0.0000	0.0000
0.0430	0.1553	0.0000	0.0000
0.0440	0.1561	0.0000	0.0000
0.0450	0.1569	0.0000	0.0000
0.0460	0.1577	0.0000	0.0000
0.0470	0.1585	0.0000	0.0000
0.0480	0.1594	0.0000	0.0000
0.0490	0.1602	0.0000	0.0000
0.0501	0.1610	0.0000	0.0000
0.0511	0.1618	0.0000	0.0000
0.0521	0.1626	0.0000	0.0000
0.0531	0.1634	0.0000	0.0000
0.0541	0.1642	0.0000	0.0000
0.0551	0.1650	0.0000	0.0000
0.0561	0.1658	0.0000	0.0000
0.0571	0.1666	0.0000	0.0000
0.0581	0.1674	0.0000	0.0000
0.0591	0.1682	0.0000	0.0000
0.0601	0.1690	0.0000	0.0000
0.0611	0.1698	0.0000	0.0000
0.0621	0.1706	0.0000	0.0000
0.0631	0.1714	0.0000	0.0000
0.0641	0.1722	0.0000	0.0000
0.0651	0.1730	0.0000	0.0000
0.0661	0.1738	0.0000	0.0000
0.0671	0.1746	0.0000	0.0000
0.0681	0.1754	0.0000	0.0000
0.0691	0.1762	0.0000	0.0000
0.0701	0.1770	0.0000	0.0000
0.0711	0.1778	0.0000	0.0000
0.0721	0.1786	0.0000	0.0000
0.0731	0.1794	0.0000	0.0000
0.0741	0.1802	0.0000	0.0000
0.0751	0.1810	0.0000	0.0000
0.0761	0.1818	0.0000	0.0000
0.0771	0.1826	0.0000	0.0000
0.0781	0.1834	0.0000	0.0000
0.0791	0.1842	0.0000	0.0000
0.0801	0.1850	0.0000	0.0000
0.0811	0.1858	0.0000	0.0000
0.0821	0.1866	0.0000	0.0000
0.0831	0.1874	0.0000	0.0000
0.0841	0.1882	0.0000	0.0000
0.0851	0.1889	0.0000	0.0000
0.0861	0.1897	0.0000	0.0000
0.0871	0.1905	0.0000	0.0000
0.0881	0.1913	0.0000	0.0000
0.0891	0.1921	0.0000	0.0000
0.0901	0.1929	0.0000	0.0000
0.0911	0.1937	0.0000	0.0000
0.0921	0.1945	0.0000	0.0000
0.0931	0.1953	0.0000	0.0000
0.0941	0.1961	0.0000	0.0000
0.0951	0.1969	0.0000	0.0000
0.0961	0.1977	0.0000	0.0000
0.0971	0.1985	0.0000	0.0000
0.0981	0.1993	0.0000	0.0000
0.0991	0.2000	0.0000	0.0000
0.1001	0.2008	0.0000	0.0000
0.1011	0.2016	0.0000	0.0000
0.1021	0.2024	0.0000	0.0000
0.1031	0.2032	0.0000	0.0000
0.1041	0.2040	0.0000	0.0000
0.1051	0.2048	0.0000	0.0000
0.1061	0.2056	0.0000	0.0000
0.1071	0.2064	0.0000	0.0000
0.1081	0.2072	0.0000	0.0000
0.1091	0.2079	0.0000	0.0000
0.1101	0.2087	0.0000	0.0000
0.1111	0.2095	0.0000	0.0000
0.1121	0.2103	0.0000	0.0000
0.1131	0.2111	0.0000	0.0000
0.1141	0.2119	0.0000	0.0000
0.1151	0.2127	0.0000	0.0000
0.1161	0.2135	0.0000	0.0000
0.1171	0.2142	0.0000	0.0000
0.1181	0.2150	0.0000	0.0000
0.1191	0.2158	0.0000	0.0000
0.1201	0.2166	0.0000	0.0000
0.1211	0.2174	0.0000	0.0000
0.1221	0.2182	0.0000	0.0000
0.1231	0.2190	0.0000	0.0000
0.1241	0.2197	0.0000	0.0000
0.1251	0.2205	0.0000	0.0000
0.1261	0.2213	0.0000	0.0000
0.1271	0.2221	0.0000	0.0000
0.1281	0.2229	0.0000	0.0000
0.1291	0.2237	0.0000	0.0000
0.1301	0.2244	0.0000	0.0000
0.1311	0.2252	0.0000	0.0000
0.1321	0.2260	0.0000	0.0000
0.1331	0.2268	0.0000	0.0000
0.1341	0.2276	0.0000	0.0000
0.1351	0.2284	0.0000	0.0000
0.1361	0.2291	0.0000	0.0000
0.1371	0.2299	0.0000	0.0000
0.1381	0.2307	0.0000	0.0000
0.1391	0.2315	0.0000	0.0000
0.1401	0.2323	0.0000	0.0000
0.1411	0.2331	0.0000	0.0000
0.1421	0.2338	0.0000	0.0000
0.1431	0.2346	0.0000	0.0000
0.1441	0.2354	0.0000	0.0000
0.1451	0.2362	0.0000	0.0000
0.1461	0.2370	0.0000	0.0000
0.1471	0.2377	0.0000	0.0000
0.1481	0.2385	0.0000	0.0000
0.1491	0.2393	0.0000	0.0000
0.1502	0.2401	0.0000	0.0000
0.1512	0.2409	0.0000	0.0000
0.1522	0.2416	0.0000	0.0000
0.1532	0.2424	0.0000	0.0000
0.1542	0.2432	0.0000	0.0000
0.1552	0.2440	0.0000	0.0000
0.1562	0.2448	0.0000	0.0000
0.1572	0.2455	0.0000	0.0000
0.1582	0.2463	0.0000	0.0000
0.1592	0.2471	0.0000	0.0000
0.1602	0.2479	0.0000	0.0000
0.1612	0.2487	0.0000	0.0000
0.1622	0.2494	0.0000	0.0000
0.1632	0.2502	0.0000	0.0000
0.1642	0.2510	0.0000	0.0000
0.1652	0.2518	0.0000	0.0000
0.1662	0.2525	0.0000	0.0000
0.1672	0.2533	0.0000	0.0000
0.1682	0.2541	0.0000	0.0000
0.1692	0.2549	0.0000	0.0000
0.1702	0.2556	0.0000	0.0000
0.1712	0.2564	0.0000	0.0000
0.1722	0.2572	0.0000	0.0000
0.1732	0.2580	0.0000	0.0000
0.1742	0.2588	0.0000	0.0000
0.1752	0.2595	0.0000	0.0000
0.1762	0.2603	0.0000	0.0000
0.1772	0.2611	0.0000	0.0000
0.1782	0.2619	0.0000	0.0000
0.1792	0.2626	0.0000	0.0000
0.1802	0.2634	0.0000	0.0000
0.1812	0.2642	0.0000	0.0000
0.1822	0.2650	0.0000	0.0000
0.1832	0.2657	0.0000	0.0000
0.1842	0.2665	0.0000	0.0000
0.1852	0.2673	0.0000	0.0000
0.1862	0.2681	0.0000	0.0000
0.1872	0.2688	0.0000	0.0000
0.1882	0.2696	0.0000	0.0000
0.1892	0.2704	0.0000	0.0000
0.1902	0.2712	0.0000	0.0000
0.1912	0.2719	0.0000	0.0000
0.1922	0.2727	0.0000	0.0000
0.1932	0.2735	0.0000	0.0000
0.1942	0.2743	0.0000	0.0000
0.1952	0.2750	0.0000	0.0000
0.1962	0.2758	0.0000	0.0000
0.1972	0.2766	0.0000	0.0000
0.1982	0.2773	0.0000	0.0000
0.1992	0.2781	0.0000	0.0000
0.2002	0.2789	0.0000	0.0000
0.2012	0.2797	0.0000	0.0000
0.2022	0.2804	0.0000	0.0000
0.2032	0.2812	0.0000	0.0000
0.2042	0.2820	0.0000	0.0000
0.2052	0.2828	0.0000	0.0000
0.2062	0.2835	0.0000	0.0000
0.2072	0.2843	0.0000	0.0000
0.2082	0.2851	0.0000	0.0000
0.2092	0.2859	0.0000	0.0000
0.2102	0.2866	0.0000	0.0000
0.2112	0.2874	0.0000	0.0000
0.2122	0.2882	0.0000	0.0000
0.2132	0.2889	0.0000	0.0000
0.2142	0.2897	0.0000	0.0000
0.2152	0.2905	0.0000	0.0000
0.2162	0.2913	0.0000	0.0000
0.2172	0.2920	0.0000	0.0000
0.2182	0.2928	0.0000	0.0000
0.2192	0.2936	0.0000	0.0000
0.2202	0.2943	0.0000	0.0000
0.2212	0.2951	0.0000	0.0000
0.2222	0.2959	0.0000	0.0000
0.2232	0.2967	0.0000	0.0000
0.2242	0.2974	0.0000	0.0000
0.2252	0.2982	0.0000	0.0000
0.2262	0.2990	0.0000	0.0000
0.2272	0.2997	0.0000	0.0000
0.2282	0.3005	0.0000	0.0000
0.2292	0.3013	0.0000	0.0000
0.2302	0.3021	0.0000	0.0000
0.2312	0.3028	0.0000	0.0000
0.2322	0.3036	0.0000	0.0000
0.2332	0.3044	0.0000	0.0000
0.2342	0.3052	0.0000	0.0000
0.2352	0.3059	0.0000	0.0000
0.2362	0.3067	0.0000	0.0000
0.2372	0.3075	0.0000	0.0000
0.2382	0.3082	0.0000	0.0000
0.2392	0.3090	0.0000	0.0000
0.2402	0.3098	0.0000	0.0000
0.2412	0.3106	0.0000	0.0000
0.2422	0.3113	0.0000	0.0000
0.2432	0.3121	0.0000	0.0000
0.2442	0.3129	0.0000	0.0000
0.2452	0.3136	0.0000	0.0000
0.2462	0.3144	0.0000	0.0000
0.2472	0.3152	0.0000	0.0000
0.2482	0.3160	0.0000	0.0000
0.2492	0.3167	0.0000	0.0000
0.2503	0.3175	0.0000	0.0000
0.2513	0.3183	0.0000	0.0000
0.2523	0.3190	0.0000	0.0000
0.2533	0.3198	0.0000	0.0000
0.2543	0.3206	0.0000	0.0000
0.2553	0.3214	0.0000	0.0000
0.2563	0.3221	0.0000	0.0000
0.2573	0.3229	0.0000	0.0000
0.2583	0.3237	0.0000	0.0000
0.2593	0.3245	0.0000	0.0000
0.2603	0.3252	0.0000	0.0000
0.2613	0.3260	0.0000	0.0000
0.2623	0.3268	0.0000	0.0000
0.2633	0.3275	0.0000	0.0000
0.2643	0.3283	0.0000	0.0000
0.2653	0.3291	0.0000	0.0000
0.2663	0.3299	0.0000	0.0000
0.2673	0.3306	0.0000	0.0000
0.2683	0.3314	0.0000	0.0000
0.2693	0.3322	0.0000	0.0000
0.2703	0.3330	0.0000	0.0000
0.2713	0.3337	0.0000	0.0000
0.2723	0.3345	0.0000	0.0000
0.2733	0.3353	0.0000	0.0000
0.2743	0.3360	0.0000	0.0000
0.2753	0.3368	0.0000	0.0000
0.2763	0.3376	0.0000	0.0000
0.2773	0.3384	0.0000	0.0000
0.2783	0.3391	0.0000	0.0000
0.2793	0.3399	0.0000	0.0000
0.2803	0.3407	0.0000	0.0000
0.2813	0.3415	0.0000	0.0000
0.2823	0.3422	0.0000	0.0000
0.2833	0.3430	0.0000	0.0000
0.2843	0.3438	0.0000	0.0000
0.2853	0.3446	0.0000	0.0000
0.2863	0.3453	0.0000	0.0000
0.2873	0.3461	0.0000	0.0000
0.2883	0.3469	0.0000	0.0000
0.2893	0.3477	0.0000	0.0000
0.2903	0.3484	0.0000	0.0000
0.2913	0.3492	0.0000	0.0000
0.2923	0.3500	0.0000	0.0000
0.2933	0.3508	0.0000	0.0000
0.2943	0.3516	0.0000	0.0000
0.2953	0.3523	0.0000	0.0000
0.2963	0.3531	0.0000	0.0000
0.2973	0.3539	0.0000	0.0000
0.2983	0.3547	0.0000	0.0000
0.2993	0.3554	0.0000	0.0000
0.3003	0.3562	0.0000	0.0000
0.3013	0.3570	0.0000	0.0000
0.3023	0.3578	0.0000	0.0000
0.3033	0.3586	0.0000	0.0000
0.3043	0.3593	0.0000	0.0000
0.3053	0.3601	0.0000	0.0000
0.3063	0.3609	0.0000	0.0000
0.3073	0.3617	0.0000	0.0000
0.3083	0.3625	0.0000	0.0000
0.3093	0.3632	0.0000	0.0000
0.3103	0.3640	0.0000	0.0000
0.3113	0.3648	0.0000	0.0000
0.3123	0.3656	0.0000	0.0000
0.3133	0.3664	0.0000	0.0000
0.3143	0.3671	0.0000	0.0000
0.3153	0.3679	0.0000	0.0000
0.3163	0.3687	0.0000	0.0000
0.3173	0.3695	0.0000	0.0000
0.3183	0.3703	0.0000	0.0000
0.3193	0.3710	0.0000	0.0000
0.3203	0.3718	0.0000	0.0000
0.3213	0.3726	0.0000	0.0000
0.3223	0.3734	0.0000	0.0000
0.3233	0.3742	0.0000	0.0000
0.3243	0.3750	0.0000	0.0000
0.3253	0.3757	0.0000	0.0000
0.3263	0.3765	0.0000	0.0000
0.3273	0.3773	0.0000	0.0000
0.3283	0.3781	0.0000	0.0000
0.3293	0.3789	0.0000	0.0000
0.3303	0.3797	0.0000	0.0000
0.3313	0.3805	0.0000	0.0000
0.3323	0.3812	0.0000	0.0000
0.3333	0.3820	0.0000	0.0000
0.3343	0.3828	0.0000	0.0000
0.3353	0.3836	0.0000	0.0000
0.3363	0.3844	0.0000	0.0000
0.3373	0.3852	0.0000	0.0000
0.3383	0.3860	0.0000	0.0000
0.3393	0.3868	0.0000	0.0000
0.3403	0.3876	0.0000	0.0000
0.3413	0.3883	0.0000	0.0000
0.3423	0.3891	0.0000	0.0000
0.3433	0.3899	0.0000	0.0000
0.3443	0.3907	0.0000	0.0000
0.3453	0.3915	0.0000	0.0000
0.3463	0.3923	0.0000	0.0000
0.3473	0.3931	0.0000	0.0000
0.3483	0.3939	0.0000	0.0000
0.3493	0.3947	0.0000	0.0000
0.3504	0.3955	0.0000	0.0000
0.3514	0.3963	0.0000	0.0000
0.3524	0.3971	0.0000	0.0000
0.3534	0.3979	0.0000	0.0000
0.3544	0.3987	0.0000	0.0000
0.3554	0.3994	0.0000	0.0000
0.3564	0.4002	0.0000	0.0000
0.3574	0.4010	0.0000	0.0000
0.3584	0.4018	0.0000	0.0000
0.3594	0.4026	0.0000	0.0000
0.3604	0.4034	0.0000	0.0000
0.3614	0.4042	0.0000	0.0000
0.3624	0.4050	0.0000	0.0000
0.3634	0.4058	0.0000	0.0000
0.3644	0.4066	0.0000	0.0000
0.3654	0.4074	0.0000	0.0000
0.3664	0.4082	0.0000	0.0000
0.3674	0.4090	0.0000	0.0000
0.3684	0.4098	0.0000	0.0000
0.3694	0.4106	0.0000	0.0000
0.3704	0.4114	0.0000	0.0000
0.3714	0.4123	0.0000	0.0000
0.3724	0.4131	0.0000	0.0000
0.3734	0.4139	0.0000	0.0000
0.3744	0.4147	0.0000	0.0000
0.3754	0.4155	0.0000	0.0000
0.3764	0.4163	0.0000	0.0000
0.3774	0.4171	0.0000	0.0000
0.3784	0.4179	0.0000	0.0000
0.3794	0.4187	0.0000	0.0000
0.3804	0.4195	0.0000	0.0000
0.3814	0.4203	0.0000	0.0000
0.3824	0.4211	0.0000	0.0000
0.3834	0.4219	0.0000	0.0000
0.3844	0.4228	0.0000	0.0000
0.3854	0.4236	0.0000	0.0000
0.3864	0.4244	0.0000	0.0000
0.3874	0.4252	0.0000	0.0000
0.3884	0.4260	0.0000	0.0000
0.3894	0.4268	0.0000	0.0000
0.3904	0.4276	0.0000	0.0000
0.3914	0.4285	0.0000	0.0000
0.3924	0.4293	0.0000	0.0000
0.3934	0.4301	0.0000	0.0000
0.3944	0.4309	0.0000	0.0000
0.3954	0.4317	0.0000	0.0000
0.3964	0.4325	0.0000	0.0000
0.3974	0.4334	0.0000	0.0000
0.3984	0.4342	0.0000	0.0000
0.3994	0.4350	0.0000	0.0000
0.4004	0.4358	0.0000	0.0000
0.4014	0.4367	0.0000	0.0000
0.4024	0.4375	0.0000	0.0000
0.4034	0.4383	0.0000	0.0000
0.4044	0.4391	0.0000	0.0000
0.4054	0.4400	0.0000	0.0000
0.4064	0.4408	0.0000	0.0000
0.4074	0.4416	0.0000	0.0000
0.4084	0.4424	0.0000	0.0000
0.4094	0.4433	0.0000	0.0000
0.4104	0.4441	0.0000	0.0000
0.4114	0.4449	0.0000	0.0000
0.4124	0.4458	0.0000	0.0000
0.4134	0.4466	0.0000	0.0000
0.4144	0.4474	0.0000	0.0000
0.4154	0.4483	0.0000	0.0000
0.4164	0.4491	0.0000	0.0000
0.4174	0.4499	0.0000	0.0000
0.4184	0.4508	0.0000	0.0000
0.4194	0.4516	0.0000	0.0000
0.4204	0.4525	0.0000	0.0000
0.4214	0.4533	0.0000	0.0000
0.4224	0.4541	0.0000	0.0000
0.4234	0.4550	0.0000	0.0000
0.4244	0.4558	0.0000	0.0000
0.4254	0.4567	0.0000	0.0000
0.4264	0.4575	0.0000	0.0000
0.4274	0.4584	0.0000	0.0000
0.4284	0.4592	0.0000	0.0000
0.4294	0.4601	0.0000	0.0000
0.4304	0.4609	0.0000	0.0000
0.4314	0.4618	0.0000	0.0000
0.4324	0.4626	0.0000	0.0000
0.4334	0.4635	0.0000	0.0000
0.4344	0.4643	0.0000	0.0000
0.4354	0.4652	0.0000	0.0000
0.4364	0.4660	0.0000	0.0000
0.4374	0.4669	0.0000	0.0000
0.4384	0.4677	0.0000	0.0000
0.4394	0.4686	0.0000	0.0000
0.4404	0.4695	0.0000	0.0000
0.4414	0.4703	0.0000	0.0000
0.4424	0.4712	0.0000	0.0000
0.4434	0.4720	0.0000	0.0000
0.4444	0.4729	0.0000	0.0000
0.4454	0.4738	0.0000	0.0000
0.4464	0.4746	0.0000	0.0000
0.4474	0.4755	0.0000	0.0000
0.4484	0.4764	0.0000	0.0000
0.4494	0.4772	0.0000	0.0000
0.4505	0.4781	0.0000	0.0000
0.4515	0.4790	0.0000	0.0000
0.4525	0.4799	0.0000	0.0000
0.4535	0.4807	0.0000	0.0000
0.4545	0.4816	0.0000	0.0000
0.4555	0.4825	0.0000	0.0000
0.4565	0.4834	0.0000	0.0000
0.4575	0.4842	0.0000	0.0000
0.4585	0.4851	0.0000	0.0000
0.4595	0.4860	0.0000	0.0000
0.4605	0.4869	0.0000	0.0000
0.4615	0.4878	0.0000	0.0000
0.4625	0.4887	0.0000	0.0000
0.4635	0.4896	0.0000	0.0000
0.4645	0.4904	0.0000	0.0000
0.4655	0.4913	0.0000	0.0000
0.4665	0.4922	0.0000	0.0000
0.4675	0.4931	0.0000	0.0000
0.4685	0.4940	0.0000	0.0000
0.4695	0.4949	0.0000	0.0000
0.4705	0.4958	0.0000	0.0000
0.4715	0.4967	0.0000	0.0000
0.4725	0.4976	0.0000	0.0000
0.4735	0.4985	0.0000	0.0000
0.4745	0.4994	0.0000	0.0000
0.4755	0.5003	0.0000	0.0000
0.4765	0.5012	0.0000	0.0000
0.4775	0.5021	0.0000	0.0000
0.4785	0.5030	0.0000	0.0000
0.4795	0.5040	0.0000	0.0000
0.4805	0.5049	0.0000	0.0000
0.4815	0.5058	0.0000	0.0000
0.4825	0.5067	0.0000	0.0000
0.4835	0.5076	0.0000	0.0000
0.4845	0.5085	0.0000	0.0000
0.4855	0.5095	0.0000	0.0000
0.4865	0.5104	0.0000	0.0000
0.4875	0.5113	0.0000	0.0000
0.4885	0.5122	0.0000	0.0000
0.4895	0.5132	0.0000	0.0000
0.4905	0.5141	0.0000	0.0000
0.4915	0.5150	0.0000	0.0000
0.4925	0.5159	0.0000	0.0000
0.4935	0.5169	0.0000	0.0000
0.4945	0.5178	0.0000	0.0000
0.4955	0.5188	0.0000	0.0000
0.4965	0.5197	0.0000	0.0000
0.4975	0.5206	0.0000	0.0000
0.4985	0.5216	0.0000	0.0000
0.4995	0.5225	0.0000	0.0000
0.5005	0.5238	0.0000	0.0000
0.5015	0.5255	0.0000	0.0000
0.5025	0.5271	0.0000	0.0000
0.5035	0.5287	0.0000	0.0000
0.5045	0.5304	0.0000	0.0000
0.5055	0.5320	0.0000	0.0000
0.5065	0.5336	0.0000	0.0000
0.5075	0.5352	0.0000	0.0000
0.5085	0.5368	0.0000	0.0000
0.5095	0.5384	0.0000	0.0000
0.5105	0.5399	0.0000	0.0000
0.5115	0.5415	0.0000	0.0000
0.5125	0.5431	0.0000	0.0000
0.5135	0.5446	0.0000	0.0000
0.5145	0.5461	0.0000	0.0000
0.5155	0.5477	0.0000	0.0000
0.5165	0.5492	0.0000	0.0000
0.5175	0.5507	0.0000	0.0000
0.5185	0.5522	0.0000	0.0000
0.5195	0.5537	0.0000	0.0000
0.5205	0.5552	0.0000	0.0000
0.5215	0.5567	0.0000	0.0000
0.5225	0.5582	0.0000	0.0000
0.5235	0.5597	0.0000	0.0000
0.5245	0.5611	0.0000	0.0000
0.5255	0.5626	0.0000	0.0000
0.5265	0.5641	0.0000	0.0000
0.5275	0.5655	0.0000	0.0000
0.5285	0.5669	0.0000	0.0000
0.5295	0.5684	0.0000	0.0000
0.5305	0.5698	0.0000	0.0000
0.5315	0.5712	0.0000	0.0000
0.5325	0.5726	0.0000	0.0000
0.5335	0.5740	0.0000	0.0000
0.5345	0.5754	0.0000	0.0000
0.5355	0.5768	0.0000	0.0000
0.5365	0.5782	0.0000	0.0000
0.5375	0.5796	0.0000	0.0000
0.5385	0.5809	0.0000	0.0000
0.5395	0.5823	0.0000	0.0000
0.5405	0.5836	0.0000	0.0000
0.5415	0.5850	0.0000	0.0000
0.5425	0.5863	0.0000	0.0000
0.5435	0.5877	0.0000	0.0000
0.5445	0.5890	0.0000	0.0000
0.5455	0.5903	0.0000	0.0000
0.5465	0.5916	0.0000	0.0000
0.5475	0.5930	0.0000	0.0000
0.5485	0.5943	0.0000	0.0000
0.5495	0.5956	0.0000	0.0000
0.5506	0.5968	0.0000	0.0000
0.5516	0.5981	0.0000	0.0000
0.5526	0.5994	0.0000	0.0000
0.5536	0.6007	0.0000	0.0000
0.5546	0.6019	0.0000	0.0000
0.5556	0.6032	0.0000	0.0000
0.5566	0.6045	0.0000	0.0000
0.5576	0.6057	0.0000	0.0000
0.5586	0.6069	0.0000	0.0000
0.5596	0.6082	0.0000	0.0000
0.5606	0.6094	0.0000	0.0000
0.5616	0.6106	0.0000	0.0000
0.5626	0.6119	0.0000	0.0000
0.5636	0.6131	0.0000	0.0000
0.5646	0.6143	0.0000	0.0000
0.5656	0.6155	0.0000	0.0000
0.5666	0.6167	0.0000	0.0000
0.5676	0.6179	0.0000	0.0000
0.5686	0.6191	0.0000	0.0000
0.5696	0.6202	0.0000	0.0000
0.5706	0.6214	0.0000	0.0000
0.5716	0.6226	0.0000	0.0000
0.5726	0.6237	0.0000	0.0000
0.5736	0.6249	0.0000	0.0000
0.5746	0.6261	0.0000	0.0000
0.5756	0.6272	0.0000	0.0000
0.5766	0.6283	0.0000	0.0000
0.5776	0.6295	0.0000	0.0000
0.5786	0.6306	0.0000	0.0000
0.5796	0.6317	0.0000	0.0000
0.5806	0.6329	0.0000	0.0000
0.5816	0.6340	0.0000	0.0000
0.5826	0.6351	0.0000	0.0000
0.5836	0.6362	0.0000	0.0000
0.5846	0.6373	0.0000	0.0000
0.5856	0.6384	0.0000	0.0000
0.5866	0.6395	0.0000	0.0000
0.5876	0.6406	0.0000	0.0000
0.5886	0.6416	0.0000	0.0000
0.5896	0.6427	0.0000	0.0000
0.5906	0.6438	0.0000	0.0000
0.5916	0.6448	0.0000	0.0000
0.5926	0.6459	0.0000	0.0000
0.5936	0.6470	0.0000	0.0000
0.5946	0.6480	0.0000	0.0000
0.5956	0.6491	0.0000	0.0000
0.5966	0.6501	0.0000	0.0000
0.5976	0.6511	0.0000	0.0000
0.5986	0.6522	0.0000	0.0000
0.5996	0.6532	0.0000	0.0000
0.6006	0.6542	0.0000	0.0000
0.6016	0.6552	0.0000	0.0000
0.6026	0.6563	0.0000	0.0000
0.6036	0.6573	0.0000	0.0000
0.6046	0.6583	0.0000	0.0000
0.6056	0.6593	0.0000	0.0000
0.6066	0.6603	0.0000	0.0000
0.6076	0.6613	0.0000	0.0000
0.6086	0.6623	0.0000	0.0000
0.6096	0.6632	0.0000	0.0000
0.6106	0.6642	0.0000	0.0000
0.6116	0.6652	0.0000	0.0000
0.6126	0.6662	0.0000	0.0000
0.6136	0.6671	0.0000	0.0000
0.6146	0.6681	0.0000	0.0000
0.6156	0.6690	0.0000	0.0000
0.6166	0.6700	0.0000	0.0000
0.6176	0.6709	0.0000	0.0000
0.6186	0.6719	0.0000	0.0000
0.6196	0.6728	0.0000	0.0000
0.6206	0.6738	0.0000	0.0000
0.6216	0.6747	0.0000	0.0000
0.6226	0.6756	0.0000	0.0000
0.6236	0.6766	0.0000	0.0000
0.6246	0.6775	0.0000	0.0000
0.6256	0.6784	0.0000	0.0000
0.6266	0.6793	0.0000	0.0000
0.6276	0.6802	0.0000	0.0000
0.6286	0.6811	0.0000	0.0000
0.6296	0.6820	0.0000	0.0000
0.6306	0.6829	0.0000	0.0000
0.6316	0.6838	0.0000	0.0000
0.6326	0.6847	0.0000	0.0000
0.6336	0.6856	0.0000	0.0000
0.6346	0.6865	0.0000	0.0000
0.6356	0.6874	0.0000	0.0000
0.6366	0.6882	0.0000	0.0000
0.6376	0.6891	0.0000	0.0000
0.6386	0.6900	0.0000	0.0000
0.6396	0.6908	0.0000	0.0000
0.6406	0.6917	0.0000	0.0000
0.6416	0.6925	0.0000	0.0000
0.6426	0.6934	0.0000	0.0000
0.6436	0.6942	0.0000	0.0000
0.6446	0.6951	0.0000	0.0000
0.6456	0.6959	0.0000	0.0000
0.6466	0.6968	0.0000	0.0000
0.6476	0.6976	0.0000	0.0000
0.6486	0.6984	0.0000	0.0000
0.6496	0.6993	0.0000	0.0000
0.6507	0.7001	0.0000	0.0000
0.6517	0.7009	0.0000	0.0000
0.6527	0.7017	0.0000	0.0000
0.6537	0.7026	0.0000	0.0000
0.6547	0.7034	0.0000	0.0000
0.6557	0.7042	0.0000	0.0000
0.6567	0.7050	0.0000	0.0000
0.6577	0.7058	0.0000	0.0000
0.6587	0.7066	0.0000	0.0000
0.6597	0.7074	0.0000	0.0000
0.6607	0.7082	0.0000	0.0000
0.6617	0.7090	0.0000	0.0000
0.6627	0.7097	0.0000	0.0000
0.6637	0.7105	0.0000	0.0000
0.6647	0.7113	0.0000	0.0000
0.6657	0.7121	0.0000	0.0000
0.6667	0.7129	0.0000	0.0000
0.6677	0.7136	0.0000	0.0000
0.6687	0.7144	0.0000	0.0000
0.6697	0.7152	0.0000	0.0000
0.6707	0.7159	0.0000	0.0000
0.6717	0.7167	0.0000	0.0000
0.6727	0.7174	0.0000	0.0000
0.6737	0.7182	0.0000	0.0000
0.6747	0.7189	0.0000	0.0000
0.6757	0.7197	0.0000	0.0000
0.6767	0.7204	0.0000	0.0000
0.6777	0.7212	0.0000	0.0000
0.6787	0.7219	0.0000	0.0000
0.6797	0.7226	0.0000	0.0000
0.6807	0.7234	0.0000	0.0000
0.6817	0.7241	0.0000	0.0000
0.6827	0.7248	0.0000	0.0000
0.6837	0.7256	0.0000	0.0000
0.6847	0.7263	0.0000	0.0000
0.6857	0.7270	0.0000	0.0000
0.6867	0.7277	0.0000	0.0000
0.6877	0.7284	0.0000	0.0000
0.6887	0.7291	0.0000	0.0000
0.6897	0.7298	0.0000	0.0000
0.6907	0.7305	0.0000	0.0000
0.6917	0.7312	0.0000	0.0000
0.6927	0.7319	0.0000	0.0000
0.6937	0.7326	0.0000	0.0000
0.6947	0.7333	0.0000	0.0000
0.6957	0.7340	0.0000	0.0000
0.6967	0.7347	0.0000	0.0000
0.6977	0.7354	0.0000	0.0000
0.6987	0.7361	0.0000	0.0000
0.6997	0.7368	0.0000	0.0000
0.7007	0.7374	0.0000	0.0000
0.7017	0.7381	0.0000	0.0000
0.7027	0.7388	0.0000	0.0000
0.7037	0.7395	0.0000	0.0000
0.7047	0.7401	0.0000	0.0000
0.7057	0.7408	0.0000	0.0000
0.7067	0.7415	0.0000	0.0000
0.7077	0.7421	0.0000	0.0000
0.7087	0.7428	0.0000	0.0000
0.7097	0.7434	0.0000	0.0000
0.7107	0.7441	0.0000	0.0000
0.7117	0.7447	0.0000	0.0000
0.7127	0.7454	0.0000	0.0000
0.7137	0.7460	0.0000	0.0000
0.7147	0.7467	0.0000	0.0000
0.7157	0.7473	0.0000	0.0000
0.7167	0.7480	0.0000	0.0000
0.7177	0.7486	0.0000	0.0000
0.7187	0.7492	0.0000	0.0000
0.7197	0.7499	0.0000	0.0000
0.7207	0.7505	0.0000	0.0000
0.7217	0.7511	0.0000	0.0000
0.7227	0.7518	0.0000	0.0000
0.7237	0.7524	0.0000	0.0000
0.7247	0.7530	0.0000	0.0000
0.7257	0.7536	0.0000	0.0000
0.7267	0.7543	0.0000	0.0000
0.7277	0.7549	0.0000	0.0000
0.7287	0.7555	0.0000	0.0000
0.7297	0.7561	0.0000	0.0000
0.7307	0.7567	0.0000	0.0000
0.7317	0.7573	0.0000	0.0000
0.7327	0.7579	0.0000	0.0000
0.7337	0.7585	0.0000	0.0000
0.7347	0.7591	0.0000	0.0000
0.7357	0.7597	0.0000	0.0000
0.7367	0.7603	0.0000	0.0000
0.7377	0.7609	0.0000	0.0000
0.7387	0.7615	0.0000	0.0000
0.7397	0.7621	0.0000	0.0000
0.7407	0.7627	0.0000	0.0000
0.7417	0.7633	0.0000	0.0000
0.7427	0.7639	0.0000	0.0000
0.7437	0.7645	0.0000	0.0000
0.7447	0.7650	0.0000	0.0000
0.7457	0.7656	0.0000	0.0000
0.7467	0.7662	0.0000	0.0000
0.7477	0.7668	0.0000	0.0000
0.7487	0.7673	0.0000	0.0000
0.7497	0.7679	0.0000	0.0000
0.7508	0.7685	0.0000	0.0000
0.7518	0.7691	0.0000	0.0000
0.7528	0.7696	0.0000	0.0000
0.7538	0.7702	0.0000	0.0000
0.7548	0.7708	0.0000	0.0000
0.7558	0.7713	0.0000	0.0000
0.7568	0.7719	0.0000	0.0000
0.7578	0.7724	0.0000	0.0000
0.7588	0.7730	0.0000	0.0000
0.7598	0.7735	0.0000	0.0000
0.7608	0.7741	0.0000	0.0000
0.7618	0.7746	0.0000	0.0000
0.7628	0.7752	0.0000	0.0000
0.7638	0.7757	0.0000	0.0000
0.7648	0.7763	0.0000	0.0000
0.7658	0.7768	0.0000	0.0000
0.7668	0.7774	0.0000	0.0000
0.7678	0.7779	0.0000	0.0000
0.7688	0.7785	0.0000	0.0000
0.7698	0.7790	0.0000	0.0000
0.7708	0.7795	0.0000	0.0000
0.7718	0.7801	0.0000	0.0000
0.7728	0.7806	0.0000	0.0000
0.7738	0.7811	0.0000	0.0000
0.7748	0.7817	0.0000	0.0000
0.7758	0.7822	0.0000	0.0000
0.7768	0.7827	0.0000	0.0000
0.7778	0.7832	0.0000	0.0000
0.7788	0.7838	0.0000	0.0000
0.7798	0.7843	0.0000	0.0000
0.7808	0.7848	0.0000	0.0000
0.7818	0.7853	0.0000	0.0000
0.7828	0.7859	0.0000	0.0000
0.7838	0.7864	0.0000	0.0000
0.7848	0.7869	0.0000	0.0000
0.7858	0.7874	0.0000	0.0000
0.7868	0.7879	0.0000	0.0000
0.7878	0.7884	0.0000	0.0000
0.7888	0.7889	0.0000	0.0000
0.7898	0.7894	0.0000	0.0000
0.7908	0.7899	0.0000	0.0000
0.7918	0.7905	0.0000	0.0000
0.7928	0.7910	0.0000	0.0000
0.7938	0.7915	0.0000	0.0000
0.7948	0.7920	0.0000	0.0000
0.7958	0.7925	0.0000	0.0000
0.7968	0.7930	0.0000	0.0000
0.7978	0.7935	0.0000	0.0000
0.7988	0.7940	0.0000	0.0000
0.7998	0.7944	0.0000	0.0000
0.8008	0.7949	0.0000	0.0000
0.8018	0.7954	0.0000	0.0000
0.8028	0.7959	0.0000	0.0000
0.8038	0.7964	0.0000	0.0000
0.8048	0.7969	0.0000	0.0000
0.8058	0.7974	0.0000	0.0000
0.8068	0.7979	0.0000	0.0000
0.8078	0.7984	0.0000	0.0000
0.8088	0.7988	0.0000	0.0000
0.8098	0.7993	0.0000	0.0000
0.8108	0.7998	0.0000	0.0000
0.8118	0.8003	0.0000	0.0000
0.8128	0.8008	0.0000	0.0000
0.8138	0.8012	0.0000	0.0000
0.8148	0.8017	0.0000	0.0000
0.8158	0.8022	0.0000	0.0000
0.8168	0.8027	0.0000	0.0000
0.8178	0.8031	0.0000	0.0000
0.8188	0.8036	0.0000	0.0000
0.8198	0.8041	0.0000	0.0000
0.8208	0.8046	0.0000	0.0000
0.8218	0.8050	0.0000	0.0000
0.8228	0.8055	0.0000	0.0000
0.8238	0.8060	0.0000	0.0000
0.8248	0.8064	0.0000	0.0000
0.8258	0.8069	0.0000	0.0000
0.8268	0.8074	0.0000	0.0000
0.8278	0.8078	0.0000	0.0000
0.8288	0.8083	0.0000	0.0000
0.8298	0.8087	0.0000	0.0000
0.8308	0.8092	0.0000	0.0000
0.8318	0.8097	0.0000	0.0000
0.8328	0.8101	0.0000	0.0000
0.8338	0.8106	0.0000	0.0000
0.8348	0.8110	0.0000	0.0000
0.8358	0.8115	0.0000	0.0000
0.8368	0.8119	0.0000	0.0000
0.8378	0.8124	0.0000	0.0000
0.8388	0.8128	0.0000	0.0000
0.8398	0.8133	0.0000	0.0000
0.8408	0.8137	0.0000	0.0000
0.8418	0.8142	0.0000	0.0000
0.8428	0.8146	0.0000	0.0000
0.8438	0.8151	0.0000	0.0000
0.8448	0.8155	0.0000	0.0000
0.8458	0.8160	0.0000	0.0000
0.8468	0.8164	0.0000	0.0000
0.8478	0.8169	0.0000	0.0000
0.8488	0.8173	0.0000	0.0000
0.8498	0.8178	0.0000	0.0000
0.8509	0.8182	0.0000	0.0000
0.8519	0.8186	0.0000	0.0000
0.8529	0.8191	0.0000	0.0000
0.8539	0.8195	0.0000	0.0000
0.8549	0.8200	0.0000	0.0000
0.8559	0.8204	0.0000	0.0000
0.8569	0.8208	0.0000	0.0000
0.8579	0.8213	0.0000	0.0000
0.8589	0.8217	0.0000	0.0000
0.8599	0.8221	0.0000	0.0000
0.8609	0.8226	0.0000	0.0000
0.8619	0.8230	0.0000	0.0000
0.8629	0.8234	0.0000	0.0000
0.8639	0.8239	0.0000	0.0000
0.8649	0.8243	0.0000	0.0000
0.8659	0.8247	0.0000	0.0000
0.8669	0.8252	0.0000	0.0000
0.8679	0.8256	0.0000	0.0000
0.8689	0.8260	0.0000	0.0000
0.8699	0.8264	0.0000	0.0000
0.8709	0.8269	0.0000	0.0000
0.8719	0.8273	0.0000	0.0000
0.8729	0.8277	0.0000	0.0000
0.8739	0.8281	0.0000	0.0000
0.8749	0.8286	0.0000	0.0000
0.8759	0.8290	0.0000	0.0000
0.8769	0.8294	0.0000	0.0000
0.8779	0.8298	0.0000	0.0000
0.8789	0.8303	0.0000	0.0000
0.8799	0.8307	0.0000	0.0000
0.8809	0.8311	0.0000	0.0000
0.8819	0.8315	0.0000	0.0000
0.8829	0.8319	0.0000	0.0000
0.8839	0.8324	0.0000	0.0000
0.8849	0.8328	0.0000	0.0000
0.8859	0.8332	0.0000	0.0000
0.8869	0.8336	0.0000	0.0000
0.8879	0.8340	0.0000	0.0000
0.8889	0.8345	0.0000	0.0000
0.8899	0.8349	0.0000	0.0000
0.8909	0.8353	0.0000	0.0000
0.8919	0.8357	0.0000	0.0000
0.8929	0.8361	0.0000	0.0000
0.8939	0.8365	0.0000	0.0000
0.8949	0.8369	0.0000	0.0000
0.8959	0.8374	0.0000	0.0000
0.8969	0.8378	0.0000	0.0000
0.8979	0.8382	0.0000	0.0000
0.8989	0.8386	0.0000	0.0000
0.8999	0.8390	0.0000	0.0000
0.9009	0.8394	0.0000	0.0000
0.9019	0.8398	0.0000	0.0000
0.9029	0.8402	0.0000	0.0000
0.9039	0.8407	0.0000	0.0000
0.9049	0.8411	0.0000	0.0000
0.9059	0.8415	0.0000	0.0000
0.9069	0.8419	0.0000	0.0000
0.9079	0.8423	0.0000	0.0000
0.9089	0.8427	0.0000	0.0000
0.9099	0.8431	0.0000	0.0000
0.9109	0.8435	0.0000	0.0000
0.9119	0.8439	0.0000	0.0000
0.9129	0.8443	0.0000	0.0000
0.9139	0.8447	0.0000	0.0000
0.9149	0.8451	0.0000	0.0000
0.9159	0.8456	0.0000	0.0000
0.9169	0.8460	0.0000	0.0000
0.9179	0.8464	0.0000	0.0000
0.9189	0.8468	0.0000	0.0000
0.9199	0.8472	0.0000	0.0000
0.9209	0.8476	0.0000	0.0000
0.9219	0.8480	0.0000	0.0000
0.9229	0.8484	0.0000	0.0000
0.9239	0.8488	0.0000	0.0000
0.9249	0.8492	0.0000	0.0000
0.9259	0.8496	0.0000	0.0000
0.9269	0.8500	0.0000	0.0000
0.9279	0.8504	0.0000	0.0000
0.9289	0.8508	0.0000	0.0000
0.9299	0.8512	0.0000	0.0000
0.9309	0.8516	0.0000	0.0000
0.9319	0.8520	0.0000	0.0000
0.9329	0.8524	0.0000	0.0000
0.9339	0.8528	0.0000	0.0000
0.9349	0.8532	0.0000	0.0000
0.9359	0.8536	0.0000	0.0000
0.9369	0.8540	0.0000	0.0000
0.9379	0.8544	0.0000	0.0000
0.9389	0.8548	0.0000	0.0000
0.9399	0.8552	0.0000	0.0000
0.9409	0.8557	0.0000	0.0000
0.9419	0.8561	0.0000	0.0000
0.9429	0.8565	0.0000	0.0000
0.9439	0.8569	0.0000	0.0000
0.9449	0.8573	0.0000	0.0000
0.9459	0.8577	0.0000	0.0000
0.9469	0.8581	0.0000	0.0000
0.9479	0.8585	0.0000	0.0000
0.9489	0.8589	0.0000	0.0000
0.9499	0.8593	0.0000	0.0000
0.9510	0.8597	0.0000	0.0000
0.9520	0.8601	0.0000	0.0000
0.9530	0.8605	0.0000	0.0000
0.9540	0.8609	0.0000	0.0000
0.9550	0.8613	0.0000	0.0000
0.9560	0.8617	0.0000	0.0000
0.9570	0.8621	0.0000	0.0000
0.9580	0.8625	0.0000	0.0000
0.9590	0.8629	0.0000	0.0000
0.9600	0.8633	0.0000	0.0000
0.9610	0.8637	0.0000	0.0000
0.9620	0.8641	0.0000	0.0000
0.9630	0.8645	0.0000	0.0000
0.9640	0.8649	0.0000	0.0000
0.9650	0.8653	0.0000	0.0000
0.9660	0.8657	0.0000	0.0000
0.9670	0.8661	0.0000	0.0000
0.9680	0.8665	0.0000	0.0000
0.9690	0.8669	0.0000	0.0000
0.9700	0.8673	0.0000	0.0000
0.9710	0.8677	0.0000	0.0000
0.9720	0.8681	0.0000	0.0000
0.9730	0.8686	0.0000	0.0000
0.9740	0.8690	0.0000	0.0000
0.9750	0.8694	0.0000	0.0000
0.9760	0.8698	0.0000	0.0000
0.9770	0.8702	0.0000	0.0000
0.9780	0.8706	0.0000	0.0000
0.9790	0.8710	0.0000	0.0000
0.9800	0.8714	0.0000	0.0000
0.9810	0.8718	0.0000	0.0000
0.9820	0.8722	0.0000	0.0000
0.9830	0.8726	0.0000	0.0000
0.9840	0.8730	0.0000	0.0000
0.9850	0.8734	0.0000	0.0000
0.9860	0.8739	0.0000	0.0000
0.9870	0.8743	0.0000	0.0000
0.9880	0.8747	0.0000	0.0000
0.9890	0.8751	0.0000	0.0000
0.9900	0.8755	0.0000	0.0000
0.9910	0.8759	0.0000	0.0000
0.9920	0.8763	0.0000	0.0000
0.9930	0.8768	0.0000	0.0000
0.9940	0.8772	0.0000	0.0000
0.9950	0.8776	0.0000	0.0000
0.9960	0.8780	0.0000	0.0000
0.9970	0.8784	0.0000	0.0000
0.9980	0.8788	0.0000	0.0000
0.9990	0.8793	0.0000	0.0000
1.0000	0.8797	0.0000	0.0000
0.7898
