0.0000	0.1251	0.0000	0.0000
0.0010	0.1259	0.0000	0.0000
0.0020	0.1267	0.0000	0.0000
0.0030	0.1276	0.0000	0.0000
0.0040	0.1284	0.0000	0.0000
0.0050	0.1292	0.0000	0.0000
0.0060	0.1300	0.0000	0.0000
0.0070	0.1309	0.0000	0.0000
0.0080	0.1317	0.0000	0.0000
0.0090	0.1325	0.0000	0.0000
0.0100	0.1333	0.0000	0.0000
0.0110	0.1341	0.0000	0.0000
0.0120	0.1350	0.0000	0.0000
0.0130	0.1358	0.0000	0.0000
0.0140	0.1366	0.0000	0.0000
0.0150	0.1374	0.0000	0.0000
0.0160	0.1383	0.0000	0.0000
0.0170	0.1391	0.0000	0.0000
0.0180	0.1399	0.0000	0.0000
0.0190	0.1407	0.0000	0.0000
0.0200	0.1415	0.0000	0.0000
0.0210	0.1424	0.0000	0.0000
0.0220	0.1432	0.0000	0.0000
0.0230	0.1440	0.0000	0.0000
0.0240	0.1448	0.0000	0.0000
0.0250	0.1456	0.0000	0.0000
0.0260	0.1465	0.0000	0.0000
0.0270	0.1473	0.0000	0.0000
0.0280	0.1481	0.0000	0.0000
0.0290	0.1489	0.0000	0.0000
0.0300	0.1497	0.0000	0.0000
0.0310	0.1505	0.0000	0.0000
0.0320	0.1514	0.0000	0.0000
0.0330	0.1522	0.0000	0.0000
0.0340	0.1530	0.0000	0.0000
0.0350	0.1538	0.0000	0.0000
0.0360	0.1546	0.0000	0.0000
0.0370	0.1554	0.0000	0.0000
0.0380	0.1563	0.0000	0.0000
0.0390	0.1571	0.0000	0.0000
0.0400	0.1579	0.0000	0.0000
0.0410	0.1587	0.0000	0.0000
0.0420	0.1595	0.0000	0.0000
0.0430	0.1603	0.0000	0.0000
0.0440	0.1611	0.0000	0.0000
0.0450	0.1619	0.0000	0.0000
0.0460	0.1628	0.0000	0.0000
0.0470	0.1636	0.0000	0.0000
0.0480	0.1644	0.0000	0.0000
0.0490	0.1652	0.0000	0.0000
0.0501	0.1660	0.0000	0.0000
0.0511	0.1668	0.0000	0.0000
0.0521	0.1676	0.0000	0.0000
0.0531	0.1684	0.0000	0.0000
0.0541	0.1692	0.0000	0.0000
0.0551	0.1700	0.0000	0.0000
0.0561	0.1709	0.0000	0.0000
0.0571	0.1717	0.0000	0.0000
0.0581	0.1725	0.0000	0.0000
0.0591	0.1733	0.0000	0.0000
0.0601	0.1741	0.0000	0.0000
0.0611	0.1749	0.0000	0.0000
0.0621	0.1757	0.0000	0.0000
0.0631	0.1765	0.0000	0.0000
0.0641	0.1773	0.0000	0.0000
0.0651	0.1781	0.0000	0.0000
0.0661	0.1789	0.0000	0.0000
0.0671	0.1797	0.0000	0.0000
0.0681	0.1805	0.0000	0.0000
0.0691	0.1813	0.0000	0.0000
0.0701	0.1821	0.0000	0.0000
0.0711	0.1829	0.0000	0.0000
0.0721	0.1838	0.0000	0.0000
0.0731	0.1846	0.0000	0.0000
0.0741	0.1854	0.0000	0.0000
0.0751	0.1862	0.0000	0.0000
0.0761	0.1870	0.0000	0.0000
0.0771	0.1878	0.0000	0.0000
0.0781	0.1886	0.0000	0.0000
0.0791	0.1894	0.0000	0.0000
0.0801	0.1902	0.0000	0.0000
0.0811	0.1910	0.0000	0.0000
0.0821	0.1918	0.0000	0.0000
0.0831	0.1926	0.0000	0.0000
0.0841	0.1934	0.0000	0.0000
0.0851	0.1942	0.0000	0.0000
0.0861	0.1950	0.0000	0.0000
0.0871	0.1958	0.0000	0.0000
0.0881	0.1966	0.0000	0.0000
0.0891	0.1974	0.0000	0.0000
0.0901	0.1982	0.0000	0.0000
0.0911	0.1990	0.0000	0.0000
0.0921	0.1998	0.0000	0.0000
0.0931	0.2006	0.0000	0.0000
0.0941	0.2014	0.0000	0.0000
0.0951	0.2022	0.0000	0.0000
0.0961	0.2029	0.0000	0.0000
0.0971	0.2037	0.0000	0.0000
0.0981	0.2045	0.0000	0.0000
0.0991	0.2053	0.0000	0.0000
0.1001	0.2061	0.0000	0.0000
0.1011	0.2069	0.0000	0.0000
0.1021	0.2077	0.0000	0.0000
0.1031	0.2085	0.0000	0.0000
0.1041	0.2093	0.0000	0.0000
0.1051	0.2101	0.0000	0.0000
0.1061	0.2109	0.0000	0.0000
0.1071	0.2117	0.0000	0.0000
0.1081	0.2125	0.0000	0.0000
0.1091	0.2133	0.0000	0.0000
0.1101	0.2141	0.0000	0.0000
0.1111	0.2149	0.0000	0.0000
0.1121	0.2157	0.0000	0.0000
0.1131	0.2165	0.0000	0.0000
0.1141	0.2172	0.0000	0.0000
0.1151	0.2180	0.0000	0.0000
0.1161	0.2188	0.0000	0.0000
0.1171	0.2196	0.0000	0.0000
0.1181	0.2204	0.0000	0.0000
0.1191	0.2212	0.0000	0.0000
0.1201	0.2220	0.0000	0.0000
0.1211	0.2228	0.0000	0.0000
0.1221	0.2236	0.0000	0.0000
0.1231	0.2244	0.0000	0.0000
0.1241	0.2251	0.0000	0.0000
0.1251	0.2259	0.0000	0.0000
0.1261	0.2267	0.0000	0.0000
0.1271	0.2275	0.0000	0.0000
0.1281	0.2283	0.0000	0.0000
0.1291	0.2291	0.0000	0.0000
0.1301	0.2299	0.0000	0.0000
0.1311	0.2307	0.0000	0.0000
0.1321	0.2315	0.0000	0.0000
0.1331	0.2322	0.0000	0.0000
0.1341	0.2330	0.0000	0.0000
0.1351	0.2338	0.0000	0.0000
0.1361	0.2346	0.0000	0.0000
0.1371	0.2354	0.0000	0.0000
0.1381	0.2362	0.0000	0.0000
0.1391	0.2370	0.0000	0.0000
0.1401	0.2377	0.0000	0.0000
0.1411	0.2385	0.0000	0.0000
0.1421	0.2393	0.0000	0.0000
0.1431	0.2401	0.0000	0.0000
0.1441	0.2409	0.0000	0.0000
0.1451	0.2417	0.0000	0.0000
0.1461	0.2424	0.0000	0.0000
0.1471	0.2432	0.0000	0.0000
0.1481	0.2440	0.0000	0.0000
0.1491	0.2448	0.0000	0.0000
0.1502	0.2456	0.0000	0.0000
0.1512	0.2464	0.0000	0.0000
0.1522	0.2471	0.0000	0.0000
0.1532	0.2479	0.0000	0.0000
0.1542	0.2487	0.0000	0.0000
0.1552	0.2495	0.0000	0.0000
0.1562	0.2503	0.0000	0.0000
0.1572	0.2511	0.0000	0.0000
0.1582	0.2518	0.0000	0.0000
0.1592	0.2526	0.0000	0.0000
0.1602	0.2534	0.0000	0.0000
0.1612	0.2542	0.0000	0.0000
0.1622	0.2550	0.0000	0.0000
0.1632	0.2557	0.0000	0.0000
0.1642	0.2565	0.0000	0.0000
0.1652	0.2573	0.0000	0.0000
0.1662	0.2581	0.0000	0.0000
0.1672	0.2589	0.0000	0.0000
0.1682	0.2596	0.0000	0.0000
0.1692	0.2604	0.0000	0.0000
0.1702	0.2612	0.0000	0.0000
0.1712	0.2620	0.0000	0.0000
0.1722	0.2628	0.0000	0.0000
0.1732	0.2635	0.0000	0.0000
0.1742	0.2643	0.0000	0.0000
0.1752	0.2651	0.0000	0.0000
0.1762	0.2659	0.0000	0.0000
0.1772	0.2667	0.0000	0.0000
0.1782	0.2674	0.0000	0.0000
0.1792	0.2682	0.0000	0.0000
0.1802	0.2690	0.0000	0.0000
0.1812	0.2698	0.0000	0.0000
0.1822	0.2705	0.0000	0.0000
0.1832	0.2713	0.0000	0.0000
0.1842	0.2721	0.0000	0.0000
0.1852	0.2729	0.0000	0.0000
0.1862	0.2736	0.0000	0.0000
0.1872	0.2744	0.0000	0.0000
0.1882	0.2752	0.0000	0.0000
0.1892	0.2760	0.0000	0.0000
0.1902	0.2768	0.0000	0.0000
0.1912	0.2775	0.0000	0.0000
0.1922	0.2783	0.0000	0.0000
0.1932	0.2791	0.0000	0.0000
0.1942	0.2799	0.0000	0.0000
0.1952	0.2806	0.0000	0.0000
0.1962	0.2814	0.0000	0.0000
0.1972	0.2822	0.0000	0.0000
0.1982	0.2830	0.0000	0.0000
0.1992	0.2837	0.0000	0.0000
0.2002	0.2845	0.0000	0.0000
0.2012	0.2853	0.0000	0.0000
0.2022	0.2861	0.0000	0.0000
0.2032	0.2868	0.0000	0.0000
0.2042	0.2876	0.0000	0.0000
0.2052	0.2884	0.0000	0.0000
0.2062	0.2891	0.0000	0.0000
0.2072	0.2899	0.0000	0.0000
0.2082	0.2907	0.0000	0.0000
0.2092	0.2915	0.0000	0.0000
0.2102	0.2922	0.0000	0.0000
0.2112	0.2930	0.0000	0.0000
0.2122	0.2938	0.0000	0.0000
0.2132	0.2946	0.0000	0.0000
0.2142	0.2953	0.0000	0.0000
0.2152	0.2961	0.0000	0.0000
0.2162	0.2969	0.0000	0.0000
0.2172	0.2977	0.0000	0.0000
0.2182	0.2984	0.0000	0.0000
0.2192	0.2992	0.0000	0.0000
0.2202	0.3000	0.0000	0.0000
0.2212	0.3007	0.0000	0.0000
0.2222	0.3015	0.0000	0.0000
0.2232	0.3023	0.0000	0.0000
0.2242	0.3031	0.0000	0.0000
0.2252	0.3038	0.0000	0.0000
0.2262	0.3046	0.0000	0.0000
0.2272	0.3054	0.0000	0.0000
0.2282	0.3061	0.0000	0.0000
0.2292	0.3069	0.0000	0.0000
0.2302	0.3077	0.0000	0.0000
0.2312	0.3085	0.0000	0.0000
0.2322	0.3092	0.0000	0.0000
0.2332	0.3100	0.0000	0.0000
0.2342	0.3108	0.0000	0.0000
0.2352	0.3115	0.0000	0.0000
0.2362	0.3123	0.0000	0.0000
0.2372	0.3131	0.0000	0.0000
0.2382	0.3139	0.0000	0.0000
0.2392	0.3146	0.0000	0.0000
0.2402	0.3154	0.0000	0.0000
0.2412	0.3162	0.0000	0.0000
0.2422	0.3169	0.0000	0.0000
0.2432	0.3177	0.0000	0.0000
0.2442	0.3185	0.0000	0.0000
0.2452	0.3193	0.0000	0.0000
0.2462	0.3200	0.0000	0.0000
0.2472	0.3208	0.0000	0.0000
0.2482	0.3216	0.0000	0.0000
0.2492	0.3223	0.0000	0.0000
0.2503	0.3231	0.0000	0.0000
0.2513	0.3239	0.0000	0.0000
0.2523	0.3246	0.0000	0.0000
0.2533	0.3254	0.0000	0.0000
0.2543	0.3262	0.0000	0.0000
0.2553	0.3270	0.0000	0.0000
0.2563	0.3277	0.0000	0.0000
0.2573	0.3285	0.0000	0.0000
0.2583	0.3293	0.0000	0.0000
0.2593	0.3300	0.0000	0.0000
0.2603	0.3308	0.0000	0.0000
0.2613	0.3316	0.0000	0.0000
0.2623	0.3324	0.0000	0.0000
0.2633	0.3331	0.0000	0.0000
0.2643	0.3339	0.0000	0.0000
0.2653	0.3347	0.0000	0.0000
0.2663	0.3354	0.0000	0.0000
0.2673	0.3362	0.0000	0.0000
0.2683	0.3370	0.0000	0.0000
0.2693	0.3378	0.0000	0.0000
0.2703	0.3385	0.0000	0.0000
0.2713	0.3393	0.0000	0.0000
0.2723	0.3401	0.0000	0.0000
0.2733	0.3408	0.0000	0.0000
0.2743	0.3416	0.0000	0.0000
0.2753	0.3424	0.0000	0.0000
0.2763	0.3431	0.0000	0.0000
0.2773	0.3439	0.0000	0.0000
0.2783	0.3447	0.0000	0.0000
0.2793	0.3455	0.0000	0.0000
0.2803	0.3462	0.0000	0.0000
0.2813	0.3470	0.0000	0.0000
0.2823	0.3478	0.0000	0.0000
0.2833	0.3486	0.0000	0.0000
0.2843	0.3493	0.0000	0.0000
0.2853	0.3501	0.0000	0.0000
0.2863	0.3509	0.0000	0.0000
0.2873	0.3516	0.0000	0.0000
0.2883	0.3524	0.0000	0.0000
0.2893	0.3532	0.0000	0.0000
0.2903	0.3540	0.0000	0.0000
0.2913	0.3547	0.0000	0.0000
0.2923	0.3555	0.0000	0.0000
0.2933	0.3563	0.0000	0.0000
0.2943	0.3570	0.0000	0.0000
0.2953	0.3578	0.0000	0.0000
0.2963	0.3586	0.0000	0.0000
0.2973	0.3594	0.0000	0.0000
0.2983	0.3601	0.0000	0.0000
0.2993	0.3609	0.0000	0.0000
0.3003	0.3617	0.0000	0.0000
0.3013	0.3625	0.0000	0.0000
0.3023	0.3632	0.0000	0.0000
0.3033	0.3640	0.0000	0.0000
0.3043	0.3648	0.0000	0.0000
0.3053	0.3656	0.0000	0.0000
0.3063	0.3663	0.0000	0.0000
0.3073	0.3671	0.0000	0.0000
0.3083	0.3679	0.0000	0.0000
0.3093	0.3687	0.0000	0.0000
0.3103	0.3694	0.0000	0.0000
0.3113	0.3702	0.0000	0.0000
0.3123	0.3710	0.0000	0.0000
0.3133	0.3718	0.0000	0.0000
0.3143	0.3725	0.0000	0.0000
0.3153	0.3733	0.0000	0.0000
0.3163	0.3741	0.0000	0.0000
0.3173	0.3749	0.0000	0.0000
0.3183	0.3756	0.0000	0.0000
0.3193	0.3764	0.0000	0.0000
0.3203	0.3772	0.0000	0.0000
0.3213	0.3780	0.0000	0.0000
0.3223	0.3788	0.0000	0.0000
0.3233	0.3795	0.0000	0.0000
0.3243	0.3803	0.0000	0.0000
0.3253	0.3811	0.0000	0.0000
0.3263	0.3819	0.0000	0.0000
0.3273	0.3827	0.0000	0.0000
0.3283	0.3834	0.0000	0.0000
0.3293	0.3842	0.0000	0.0000
0.3303	0.3850	0.0000	0.0000
0.3313	0.3858	0.0000	0.0000
0.3323	0.3866	0.0000	0.0000
0.3333	0.3873	0.0000	0.0000
0.3343	0.3881	0.0000	0.0000
0.3353	0.3889	0.0000	0.0000
0.3363	0.3897	0.0000	0.0000
0.3373	0.3905	0.0000	0.0000
0.3383	0.3912	0.0000	0.0000
0.3393	0.3920	0.0000	0.0000
0.3403	0.3928	0.0000	0.0000
0.3413	0.3936	0.0000	0.0000
0.3423	0.3944	0.0000	0.0000
0.3433	0.3952	0.0000	0.0000
0.3443	0.3959	0.0000	0.0000
0.3453	0.3967	0.0000	0.0000
0.3463	0.3975	0.0000	0.0000
0.3473	0.3983	0.0000	0.0000
0.3483	0.3991	0.0000	0.0000
0.3493	0.3999	0.0000	0.0000
0.3504	0.4006	0.0000	0.0000
0.3514	0.4014	0.0000	0.0000
0.3524	0.4022	0.0000	0.0000
0.3534	0.4030	0.0000	0.0000
0.3544	0.4038	0.0000	0.0000
0.3554	0.4046	0.0000	0.0000
0.3564	0.4054	0.0000	0.0000
0.3574	0.4062	0.0000	0.0000
0.3584	0.4070	0.0000	0.0000
0.3594	0.4077	0.0000	0.0000
0.3604	0.4085	0.0000	0.0000
0.3614	0.4093	0.0000	0.0000
0.3624	0.4101	0.0000	0.0000
0.3634	0.4109	0.0000	0.0000
0.3644	0.4117	0.0000	0.0000
0.3654	0.4125	0.0000	0.0000
0.3664	0.4133	0.0000	0.0000
0.3674	0.4141	0.0000	0.0000
0.3684	0.4149	0.0000	0.0000
0.3694	0.4157	0.0000	0.0000
0.3704	0.4165	0.0000	0.0000
0.3714	0.4172	0.0000	0.0000
0.3724	0.4180	0.0000	0.0000
0.3734	0.4188	0.0000	0.0000
0.3744	0.4196	0.0000	0.0000
0.3754	0.4204	0.0000	0.0000
0.3764	0.4212	0.0000	0.0000
0.3774	0.4220	0.0000	0.0000
0.3784	0.4228	0.0000	0.0000
0.3794	0.4236	0.0000	0.0000
0.3804	0.4244	0.0000	0.0000
0.3814	0.4252	0.0000	0.0000
0.3824	0.4260	0.0000	0.0000
0.3834	0.4268	0.0000	0.0000
0.3844	0.4276	0.0000	0.0000
0.3854	0.4284	0.0000	0.0000
0.3864	0.4292	0.0000	0.0000
0.3874	0.4300	0.0000	0.0000
0.3884	0.4308	0.0000	0.0000
0.3894	0.4316	0.0000	0.0000
0.3904	0.4324	0.0000	0.0000
0.3914	0.4332	0.0000	0.0000
0.3924	0.4341	0.0000	0.0000
0.3934	0.4349	0.0000	0.0000
0.3944	0.4357	0.0000	0.0000
0.3954	0.4365	0.0000	0.0000
0.3964	0.4373	0.0000	0.0000
0.3974	0.4381	0.0000	0.0000
0.3984	0.4389	0.0000	0.0000
0.3994	0.4397	0.0000	0.0000
0.4004	0.4405	0.0000	0.0000
0.4014	0.4413	0.0000	0.0000
0.4024	0.4421	0.0000	0.0000
0.4034	0.4430	0.0000	0.0000
0.4044	0.4438	0.0000	0.0000
0.4054	0.4446	0.0000	0.0000
0.4064	0.4454	0.0000	0.0000
0.4074	0.4462	0.0000	0.0000
0.4084	0.4470	0.0000	0.0000
0.4094	0.4478	0.0000	0.0000
0.4104	0.4487	0.0000	0.0000
0.4114	0.4495	0.0000	0.0000
0.4124	0.4503	0.0000	0.0000
0.4134	0.4511	0.0000	0.0000
0.4144	0.4519	0.0000	0.0000
0.4154	0.4528	0.0000	0.0000
0.4164	0.4536	0.0000	0.0000
0.4174	0.4544	0.0000	0.0000
0.4184	0.4552	0.0000	0.0000
0.4194	0.4561	0.0000	0.0000
0.4204	0.4569	0.0000	0.0000
0.4214	0.4577	0.0000	0.0000
0.4224	0.4585	0.0000	0.0000
0.4234	0.4594	0.0000	0.0000
0.4244	0.4602	0.0000	0.0000
0.4254	0.4610	0.0000	0.0000
0.4264	0.4619	0.0000	0.0000
0.4274	0.4627	0.0000	0.0000
0.4284	0.4635	0.0000	0.0000
0.4294	0.4643	0.0000	0.0000
0.4304	0.4652	0.0000	0.0000
0.4314	0.4660	0.0000	0.0000
0.4324	0.4669	0.0000	0.0000
0.4334	0.4677	0.0000	0.0000
0.4344	0.4685	0.0000	0.0000
0.4354	0.4694	0.0000	0.0000
0.4364	0.4702	0.0000	0.0000
0.4374	0.4710	0.0000	0.0000
0.4384	0.4719	0.0000	0.0000
0.4394	0.4727	0.0000	0.0000
0.4404	0.4736	0.0000	0.0000
0.4414	0.4744	0.0000	0.0000
0.4424	0.4753	0.0000	0.0000
0.4434	0.4761	0.0000	0.0000
0.4444	0.4770	0.0000	0.0000
0.4454	0.4778	0.0000	0.0000
0.4464	0.4787	0.0000	0.0000
0.4474	0.4795	0.0000	0.0000
0.4484	0.4804	0.0000	0.0000
0.4494	0.4812	0.0000	0.0000
0.4505	0.4821	0.0000	0.0000
0.4515	0.4829	0.0000	0.0000
0.4525	0.4838	0.0000	0.0000
0.4535	0.4846	0.0000	0.0000
0.4545	0.4855	0.0000	0.0000
0.4555	0.4863	0.0000	0.0000
0.4565	0.4872	0.0000	0.0000
0.4575	0.4881	0.0000	0.0000
0.4585	0.4889	0.0000	0.0000
0.4595	0.4898	0.0000	0.0000
0.4605	0.4907	0.0000	0.0000
0.4615	0.4915	0.0000	0.0000
0.4625	0.4924	0.0000	0.0000
0.4635	0.4933	0.0000	0.0000
0.4645	0.4941	0.0000	0.0000
0.4655	0.4950	0.0000	0.0000
0.4665	0.4959	0.0000	0.0000
0.4675	0.4967	0.0000	0.0000
0.4685	0.4976	0.0000	0.0000
0.4695	0.4985	0.0000	0.0000
0.4705	0.4994	0.0000	0.0000
0.4715	0.5002	0.0000	0.0000
0.4725	0.5011	0.0000	0.0000
0.4735	0.5020	0.0000	0.0000
0.4745	0.5029	0.0000	0.0000
0.4755	0.5038	0.0000	0.0000
0.4765	0.5047	0.0000	0.0000
0.4775	0.5055	0.0000	0.0000
0.4785	0.5064	0.0000	0.0000
0.4795	0.5073	0.0000	0.0000
0.4805	0.5082	0.0000	0.0000
0.4815	0.5091	0.0000	0.0000
0.4825	0.5100	0.0000	0.0000
0.4835	0.5109	0.0000	0.0000
0.4845	0.5118	0.0000	0.0000
0.4855	0.5127	0.0000	0.0000
0.4865	0.5136	0.0000	0.0000
0.4875	0.5145	0.0000	0.0000
0.4885	0.5154	0.0000	0.0000
0.4895	0.5163	0.0000	0.0000
0.4905	0.5172	0.0000	0.0000
0.4915	0.5181	0.0000	0.0000
0.4925	0.5190	0.0000	0.0000
0.4935	0.5199	0.0000	0.0000
0.4945	0.5208	0.0000	0.0000
0.4955	0.5218	0.0000	0.0000
0.4965	0.5227	0.0000	0.0000
0.4975	0.5236	0.0000	0.0000
0.4985	0.5245	0.0000	0.0000
0.4995	0.5254	0.0000	0.0000
0.5005	0.5267	0.0000	0.0000
0.5015	0.5283	0.0000	0.0000
0.5025	0.5299	0.0000	0.0000
0.5035	0.5315	0.0000	0.0000
0.5045	0.5331	0.0000	0.0000
0.5055	0.5347	0.0000	0.0000
0.5065	0.5363	0.0000	0.0000
0.5075	0.5378	0.0000	0.0000
0.5085	0.5394	0.0000	0.0000
0.5095	0.5409	0.0000	0.0000
0.5105	0.5425	0.0000	0.0000
0.5115	0.5440	0.0000	0.0000
0.5125	0.5455	0.0000	0.0000
0.5135	0.5471	0.0000	0.0000
0.5145	0.5486	0.0000	0.0000
0.5155	0.5501	0.0000	0.0000
0.5165	0.5516	0.0000	0.0000
0.5175	0.5531	0.0000	0.0000
0.5185	0.5545	0.0000	0.0000
0.5195	0.5560	0.0000	0.0000
0.5205	0.5575	0.0000	0.0000
0.5215	0.5589	0.0000	0.0000
0.5225	0.5604	0.0000	0.0000
0.5235	0.5618	0.0000	0.0000
0.5245	0.5633	0.0000	0.0000
0.5255	0.5647	0.0000	0.0000
0.5265	0.5661	0.0000	0.0000
0.5275	0.5675	0.0000	0.0000
0.5285	0.5689	0.0000	0.0000
0.5295	0.5703	0.0000	0.0000
0.5305	0.5717	0.0000	0.0000
0.5315	0.5731	0.0000	0.0000
0.5325	0.5745	0.0000	0.0000
0.5335	0.5759	0.0000	0.0000
0.5345	0.5772	0.0000	0.0000
0.5355	0.5786	0.0000	0.0000
0.5365	0.5799	0.0000	0.0000
0.5375	0.5813	0.0000	0.0000
0.5385	0.5826	0.0000	0.0000
0.5395	0.5840	0.0000	0.0000
0.5405	0.5853	0.0000	0.0000
0.5415	0.5866	0.0000	0.0000
0.5425	0.5879	0.0000	0.0000
0.5435	0.5892	0.0000	0.0000
0.5445	0.5905	0.0000	0.0000
0.5455	0.5918	0.0000	0.0000
0.5465	0.5931	0.0000	0.0000
0.5475	0.5944	0.0000	0.0000
0.5485	0.5957	0.0000	0.0000
0.5495	0.5969	0.0000	0.0000
0.5506	0.5982	0.0000	0.0000
0.5516	0.5994	0.0000	0.0000
0.5526	0.6007	0.0000	0.0000
0.5536	0.6019	0.0000	0.0000
0.5546	0.6032	0.0000	0.0000
0.5556	0.6044	0.0000	0.0000
0.5566	0.6056	0.0000	0.0000
0.5576	0.6068	0.0000	0.0000
0.5586	0.6081	0.0000	0.0000
0.5596	0.6093	0.0000	0.0000
0.5606	0.6105	0.0000	0.0000
0.5616	0.6117	0.0000	0.0000
0.5626	0.6129	0.0000	0.0000
0.5636	0.6140	0.0000	0.0000
0.5646	0.6152	0.0000	0.0000
0.5656	0.6164	0.0000	0.0000
0.5666	0.6176	0.0000	0.0000
0.5676	0.6187	0.0000	0.0000
0.5686	0.6199	0.0000	0.0000
0.5696	0.6210	0.0000	0.0000
0.5706	0.6222	0.0000	0.0000
0.5716	0.6233	0.0000	0.0000
0.5726	0.6245	0.0000	0.0000
0.5736	0.6256	0.0000	0.0000
0.5746	0.6267	0.0000	0.0000
0.5756	0.6278	0.0000	0.0000
0.5766	0.6289	0.0000	0.0000
0.5776	0.6301	0.0000	0.0000
0.5786	0.6312	0.0000	0.0000
0.5796	0.6323	0.0000	0.0000
0.5806	0.6333	0.0000	0.0000
0.5816	0.6344	0.0000	0.0000
0.5826	0.6355	0.0000	0.0000
0.5836	0.6366	0.0000	0.0000
0.5846	0.6377	0.0000	0.0000
0.5856	0.6387	0.0000	0.0000
0.5866	0.6398	0.0000	0.0000
0.5876	0.6409	0.0000	0.0000
0.5886	0.6419	0.0000	0.0000
0.5896	0.6430	0.0000	0.0000
0.5906	0.6440	0.0000	0.0000
0.5916	0.6450	0.0000	0.0000
0.5926	0.6461	0.0000	0.0000
0.5936	0.6471	0.0000	0.0000
0.5946	0.6481	0.0000	0.0000
0.5956	0.6492	0.0000	0.0000
0.5966	0.6502	0.0000	0.0000
0.5976	0.6512	0.0000	0.0000
0.5986	0.6522	0.0000	0.0000
0.5996	0.6532	0.0000	0.0000
0.6006	0.6542	0.0000	0.0000
0.6016	0.6552	0.0000	0.0000
0.6026	0.6562	0.0000	0.0000
0.6036	0.6572	0.0000	0.0000
0.6046	0.6581	0.0000	0.0000
0.6056	0.6591	0.0000	0.0000
0.6066	0.6601	0.0000	0.0000
0.6076	0.6610	0.0000	0.0000
0.6086	0.6620	0.0000	0.0000
0.6096	0.6630	0.0000	0.0000
0.6106	0.6639	0.0000	0.0000
0.6116	0.6649	0.0000	0.0000
0.6126	0.6658	0.0000	0.0000
0.6136	0.6668	0.0000	0.0000
0.6146	0.6677	0.0000	0.0000
0.6156	0.6686	0.0000	0.0000
0.6166	0.6696	0.0000	0.0000
0.6176	0.6705	0.0000	0.0000
0.6186	0.6714	0.0000	0.0000
0.6196	0.6723	0.0000	0.0000
0.6206	0.6732	0.0000	0.0000
0.6216	0.6741	0.0000	0.0000
0.6226	0.6750	0.0000	0.0000
0.6236	0.6759	0.0000	0.0000
0.6246	0.6768	0.0000	0.0000
0.6256	0.6777	0.0000	0.0000
0.6266	0.6786	0.0000	0.0000
0.6276	0.6795	0.0000	0.0000
0.6286	0.6804	0.0000	0.0000
0.6296	0.6813	0.0000	0.0000
0.6306	0.6821	0.0000	0.0000
0.6316	0.6830	0.0000	0.0000
0.6326	0.6839	0.0000	0.0000
0.6336	0.6847	0.0000	0.0000
0.6346	0.6856	0.0000	0.0000
0.6356	0.6864	0.0000	0.0000
0.6366	0.6873	0.0000	0.0000
0.6376	0.6881	0.0000	0.0000
0.6386	0.6890	0.0000	0.0000
0.6396	0.6898	0.0000	0.0000
0.6406	0.6907	0.0000	0.0000
0.6416	0.6915	0.0000	0.0000
0.6426	0.6923	0.0000	0.0000
0.6436	0.6932	0.0000	0.0000
0.6446	0.6940	0.0000	0.0000
0.6456	0.6948	0.0000	0.0000
0.6466	0.6956	0.0000	0.0000
0.6476	0.6964	0.0000	0.0000
0.6486	0.6972	0.0000	0.0000
0.6496	0.6980	0.0000	0.0000
0.6507	0.6988	0.0000	0.0000
0.6517	0.6996	0.0000	0.0000
0.6527	0.7004	0.0000	0.0000
0.6537	0.7012	0.0000	0.0000
0.6547	0.7020	0.0000	0.0000
0.6557	0.7028	0.0000	0.0000
0.6567	0.7036	0.0000	0.0000
0.6577	0.7044	0.0000	0.0000
0.6587	0.7051	0.0000	0.0000
0.6597	0.7059	0.0000	0.0000
0.6607	0.7067	0.0000	0.0000
0.6617	0.7075	0.0000	0.0000
0.6627	0.7082	0.0000	0.0000
0.6637	0.7090	0.0000	0.0000
0.6647	0.7097	0.0000	0.0000
0.6657	0.7105	0.0000	0.0000
0.6667	0.7112	0.0000	0.0000
0.6677	0.7120	0.0000	0.0000
0.6687	0.7127	0.0000	0.0000
0.6697	0.7135	0.0000	0.0000
0.6707	0.7142	0.0000	0.0000
0.6717	0.7150	0.0000	0.0000
0.6727	0.7157	0.0000	0.0000
0.6737	0.7164	0.0000	0.0000
0.6747	0.7172	0.0000	0.0000
0.6757	0.7179	0.0000	0.0000
0.6767	0.7186	0.0000	0.0000
0.6777	0.7193	0.0000	0.0000
0.6787	0.7200	0.0000	0.0000
0.6797	0.7208	0.0000	0.0000
0.6807	0.7215	0.0000	0.0000
0.6817	0.7222	0.0000	0.0000
0.6827	0.7229	0.0000	0.0000
0.6837	0.7236	0.0000	0.0000
0.6847	0.7243	0.0000	0.0000
0.6857	0.7250	0.0000	0.0000
0.6867	0.7257	0.0000	0.0000
0.6877	0.7264	0.0000	0.0000
0.6887	0.7271	0.0000	0.0000
0.6897	0.7277	0.0000	0.0000
0.6907	0.7284	0.0000	0.0000
0.6917	0.7291	0.0000	0.0000
0.6927	0.7298	0.0000	0.0000
0.6937	0.7305	0.0000	0.0000
0.6947	0.7311	0.0000	0.0000
0.6957	0.7318	0.0000	0.0000
0.6967	0.7325	0.0000	0.0000
0.6977	0.7331	0.0000	0.0000
0.6987	0.7338	0.0000	0.0000
0.6997	0.7345	0.0000	0.0000
0.7007	0.7351	0.0000	0.0000
0.7017	0.7358	0.0000	0.0000
0.7027	0.7364	0.0000	0.0000
0.7037	0.7371	0.0000	0.0000
0.7047	0.7377	0.0000	0.0000
0.7057	0.7384	0.0000	0.0000
0.7067	0.7390	0.0000	0.0000
0.7077	0.7397	0.0000	0.0000
0.7087	0.7403	0.0000	0.0000
0.7097	0.7410	0.0000	0.0000
0.7107	0.7416	0.0000	0.0000
0.7117	0.7422	0.0000	0.0000
0.7127	0.7429	0.0000	0.0000
0.7137	0.7435	0.0000	0.0000
0.7147	0.7441	0.0000	0.0000
0.7157	0.7447	0.0000	0.0000
0.7167	0.7454	0.0000	0.0000
0.7177	0.7460	0.0000	0.0000
0.7187	0.7466	0.0000	0.0000
0.7197	0.7472	0.0000	0.0000
0.7207	0.7478	0.0000	0.0000
0.7217	0.7484	0.0000	0.0000
0.7227	0.7490	0.0000	0.0000
0.7237	0.7496	0.0000	0.0000
0.7247	0.7502	0.0000	0.0000
0.7257	0.7508	0.0000	0.0000
0.7267	0.7514	0.0000	0.0000
0.7277	0.7520	0.0000	0.0000
0.7287	0.7526	0.0000	0.0000
0.7297	0.7532	0.0000	0.0000
0.7307	0.7538	0.0000	0.0000
0.7317	0.7544	0.0000	0.0000
0.7327	0.7550	0.0000	0.0000
0.7337	0.7556	0.0000	0.0000
0.7347	0.7562	0.0000	0.0000
0.7357	0.7568	0.0000	0.0000
0.7367	0.7573	0.0000	0.0000
0.7377	0.7579	0.0000	0.0000
0.7387	0.7585	0.0000	0.0000
0.7397	0.7591	0.0000	0.0000
0.7407	0.7596	0.0000	0.0000
0.7417	0.7602	0.0000	0.0000
0.7427	0.7608	0.0000	0.0000
0.7437	0.7614	0.0000	0.0000
0.7447	0.7619	0.0000	0.0000
0.7457	0.7625	0.0000	0.0000
0.7467	0.7630	0.0000	0.0000
0.7477	0.7636	0.0000	0.0000
0.7487	0.7642	0.0000	0.0000
0.7497	0.7647	0.0000	0.0000
0.7508	0.7653	0.0000	0.0000
0.7518	0.7658	0.0000	0.0000
0.7528	0.7664	0.0000	0.0000
0.7538	0.7669	0.0000	0.0000
0.7548	0.7675	0.0000	0.0000
0.7558	0.7680	0.0000	0.0000
0.7568	0.7686	0.0000	0.0000
0.7578	0.7691	0.0000	0.0000
0.7588	0.7696	0.0000	0.0000
0.7598	0.7702	0.0000	0.0000
0.7608	0.7707	0.0000	0.0000
0.7618	0.7713	0.0000	0.0000
0.7628	0.7718	0.0000	0.0000
0.7638	0.7723	0.0000	0.0000
0.7648	0.7729	0.0000	0.0000
0.7658	0.7734	0.0000	0.0000
0.7668	0.7739	0.0000	0.0000
0.7678	0.7744	0.0000	0.0000
0.7688	0.7750	0.0000	0.0000
0.7698	0.7755	0.0000	0.0000
0.7708	0.7760	0.0000	0.0000
0.7718	0.7765	0.0000	0.0000
0.7728	0.7771	0.0000	0.0000
0.7738	0.7776	0.0000	0.0000
0.7748	0.7781	0.0000	0.0000
0.7758	0.7786	0.0000	0.0000
0.7768	0.7791	0.0000	0.0000
0.7778	0.7796	0.0000	0.0000
0.7788	0.7801	0.0000	0.0000
0.7798	0.7806	0.0000	0.0000
0.7808	0.7811	0.0000	0.0000
0.7818	0.7817	0.0000	0.0000
0.7828	0.7822	0.0000	0.0000
0.7838	0.7827	0.0000	0.0000
0.7848	0.7832	0.0000	0.0000
0.7858	0.7837	0.0000	0.0000
0.7868	0.7842	0.0000	0.0000
0.7878	0.7847	0.0000	0.0000
0.7888	0.7852	0.0000	0.0000
0.7898	0.7857	0.0000	0.0000
0.7908	0.7861	0.0000	0.0000
0.7918	0.7866	0.0000	0.0000
0.7928	0.7871	0.0000	0.0000
0.7938	0.7876	0.0000	0.0000
0.7948	0.7881	0.0000	0.0000
0.7958	0.7886	0.0000	0.0000
0.7968	0.7891	0.0000	0.0000
0.7978	0.7896	0.0000	0.0000
0.7988	0.7900	0.0000	0.0000
0.7998	0.7905	0.0000	0.0000
0.8008	0.7910	0.0000	0.0000
0.8018	0.7915	0.0000	0.0000
0.8028	0.7920	0.0000	0.0000
0.8038	0.7924	0.0000	0.0000
0.8048	0.7929	0.0000	0.0000
0.8058	0.7934	0.0000	0.0000
0.8068	0.7939	0.0000	0.0000
0.8078	0.7943	0.0000	0.0000
0.8088	0.7948	0.0000	0.0000
0.8098	0.7953	0.0000	0.0000
0.8108	0.7958	0.0000	0.0000
0.8118	0.7962	0.0000	0.0000
0.8128	0.7967	0.0000	0.0000
0.8138	0.7972	0.0000	0.0000
0.8148	0.7976	0.0000	0.0000
0.8158	0.7981	0.0000	0.0000
0.8168	0.7986	0.0000	0.0000
0.8178	0.7990	0.0000	0.0000
0.8188	0.7995	0.0000	0.0000
0.8198	0.7999	0.0000	0.0000
0.8208	0.8004	0.0000	0.0000
0.8218	0.8009	0.0000	0.0000
0.8228	0.8013	0.0000	0.0000
0.8238	0.8018	0.0000	0.0000
0.8248	0.8022	0.0000	0.0000
0.8258	0.8027	0.0000	0.0000
0.8268	0.8031	0.0000	0.0000
0.8278	0.8036	0.0000	0.0000
0.8288	0.8040	0.0000	0.0000
0.8298	0.8045	0.0000	0.0000
0.8308	0.8049	0.0000	0.0000
0.8318	0.8054	0.0000	0.0000
0.8328	0.8058	0.0000	0.0000
0.8338	0.8063	0.0000	0.0000
0.8348	0.8067	0.0000	0.0000
0.8358	0.8072	0.0000	0.0000
0.8368	0.8076	0.0000	0.0000
0.8378	0.8081	0.0000	0.0000
0.8388	0.8085	0.0000	0.0000
0.8398	0.8089	0.0000	0.0000
0.8408	0.8094	0.0000	0.0000
0.8418	0.8098	0.0000	0.0000
0.8428	0.8103	0.0000	0.0000
0.8438	0.8107	0.0000	0.0000
0.8448	0.8111	0.0000	0.0000
0.8458	0.8116	0.0000	0.0000
0.8468	0.8120	0.0000	0.0000
0.8478	0.8125	0.0000	0.0000
0.8488	0.8129	0.0000	0.0000
0.8498	0.8133	0.0000	0.0000
0.8509	0.8138	0.0000	0.0000
0.8519	0.8142	0.0000	0.0000
0.8529	0.8146	0.0000	0.0000
0.8539	0.8150	0.0000	0.0000
0.8549	0.8155	0.0000	0.0000
0.8559	0.8159	0.0000	0.0000
0.8569	0.8163	0.0000	0.0000
0.8579	0.8168	0.0000	0.0000
0.8589	0.8172	0.0000	0.0000
0.8599	0.8176	0.0000	0.0000
0.8609	0.8180	0.0000	0.0000
0.8619	0.8185	0.0000	0.0000
0.8629	0.8189	0.0000	0.0000
0.8639	0.8193	0.0000	0.0000
0.8649	0.8197	0.0000	0.0000
0.8659	0.8202	0.0000	0.0000
0.8669	0.8206	0.0000	0.0000
0.8679	0.8210	0.0000	0.0000
0.8689	0.8214	0.0000	0.0000
0.8699	0.8219	0.0000	0.0000
0.8709	0.8223	0.0000	0.0000
0.8719	0.8227	0.0000	0.0000
0.8729	0.8231	0.0000	0.0000
0.8739	0.8235	0.0000	0.0000
0.8749	0.8240	0.0000	0.0000
0.8759	0.8244	0.0000	0.0000
0.8769	0.8248	0.0000	0.0000
0.8779	0.8252	0.0000	0.0000
0.8789	0.8256	0.0000	0.0000
0.8799	0.8260	0.0000	0.0000
0.8809	0.8265	0.0000	0.0000
0.8819	0.8269	0.0000	0.0000
0.8829	0.8273	0.0000	0.0000
0.8839	0.8277	0.0000	0.0000
0.8849	0.8281	0.0000	0.0000
0.8859	0.8285	0.0000	0.0000
0.8869	0.8289	0.0000	0.0000
0.8879	0.8293	0.0000	0.0000
0.8889	0.8298	0.0000	0.0000
0.8899	0.8302	0.0000	0.0000
0.8909	0.8306	0.0000	0.0000
0.8919	0.8310	0.0000	0.0000
0.8929	0.8314	0.0000	0.0000
0.8939	0.8318	0.0000	0.0000
0.8949	0.8322	0.0000	0.0000
0.8959	0.8326	0.0000	0.0000
0.8969	0.8330	0.0000	0.0000
0.8979	0.8334	0.0000	0.0000
0.8989	0.8339	0.0000	0.0000
0.8999	0.8343	0.0000	0.0000
0.9009	0.8347	0.0000	0.0000
0.9019	0.8351	0.0000	0.0000
0.9029	0.8355	0.0000	0.0000
0.9039	0.8359	0.0000	0.0000
0.9049	0.8363	0.0000	0.0000
0.9059	0.8367	0.0000	0.0000
0.9069	0.8371	0.0000	0.0000
0.9079	0.8375	0.0000	0.0000
0.9089	0.8379	0.0000	0.0000
0.9099	0.8383	0.0000	0.0000
0.9109	0.8387	0.0000	0.0000
0.9119	0.8391	0.0000	0.0000
0.9129	0.8395	0.0000	0.0000
0.9139	0.8399	0.0000	0.0000
0.9149	0.8403	0.0000	0.0000
0.9159	0.8407	0.0000	0.0000
0.9169	0.8412	0.0000	0.0000
0.9179	0.8416	0.0000	0.0000
0.9189	0.8420	0.0000	0.0000
0.9199	0.8424	0.0000	0.0000
0.9209	0.8428	0.0000	0.0000
0.9219	0.8432	0.0000	0.0000
0.9229	0.8436	0.0000	0.0000
0.9239	0.8440	0.0000	0.0000
0.9249	0.8444	0.0000	0.0000
0.9259	0.8448	0.0000	0.0000
0.9269	0.8452	0.0000	0.0000
0.9279	0.8456	0.0000	0.0000
0.9289	0.8460	0.0000	0.0000
0.9299	0.8464	0.0000	0.0000
0.9309	0.8468	0.0000	0.0000
0.9319	0.8472	0.0000	0.0000
0.9329	0.8476	0.0000	0.0000
0.9339	0.8480	0.0000	0.0000
0.9349	0.8484	0.0000	0.0000
0.9359	0.8488	0.0000	0.0000
0.9369	0.8492	0.0000	0.0000
0.9379	0.8496	0.0000	0.0000
0.9389	0.8500	0.0000	0.0000
0.9399	0.8504	0.0000	0.0000
0.9409	0.8508	0.0000	0.0000
0.9419	0.8512	0.0000	0.0000
0.9429	0.8516	0.0000	0.0000
0.9439	0.8520	0.0000	0.0000
0.9449	0.8524	0.0000	0.0000
0.9459	0.8528	0.0000	0.0000
0.9469	0.8532	0.0000	0.0000
0.9479	0.8536	0.0000	0.0000
0.9489	0.8540	0.0000	0.0000
0.9499	0.8544	0.0000	0.0000
0.9510	0.8548	0.0000	0.0000
0.9520	0.8552	0.0000	0.0000
0.9530	0.8556	0.0000	0.0000
0.9540	0.8560	0.0000	0.0000
0.9550	0.8564	0.0000	0.0000
0.9560	0.8568	0.0000	0.0000
0.9570	0.8572	0.0000	0.0000
0.9580	0.8576	0.0000	0.0000
0.9590	0.8580	0.0000	0.0000
0.9600	0.8585	0.0000	0.0000
0.9610	0.8589	0.0000	0.0000
0.9620	0.8593	0.0000	0.0000
0.9630	0.8597	0.0000	0.0000
0.9640	0.8601	0.0000	0.0000
0.9650	0.8605	0.0000	0.0000
0.9660	0.8609	0.0000	0.0000
0.9670	0.8613	0.0000	0.0000
0.9680	0.8617	0.0000	0.0000
0.9690	0.8621	0.0000	0.0000
0.9700	0.8625	0.0000	0.0000
0.9710	0.8629	0.0000	0.0000
0.9720	0.8633	0.0000	0.0000
0.9730	0.8637	0.0000	0.0000
0.9740	0.8641	0.0000	0.0000
0.9750	0.8645	0.0000	0.0000
0.9760	0.8650	0.0000	0.0000
0.9770	0.8654	0.0000	0.0000
0.9780	0.8658	0.0000	0.0000
0.9790	0.8662	0.0000	0.0000
0.9800	0.8666	0.0000	0.0000
0.9810	0.8670	0.0000	0.0000
0.9820	0.8674	0.0000	0.0000
0.9830	0.8678	0.0000	0.0000
0.9840	0.8682	0.0000	0.0000
0.9850	0.8687	0.0000	0.0000
0.9860	0.8691	0.0000	0.0000
0.9870	0.8695	0.0000	0.0000
0.9880	0.8699	0.0000	0.0000
0.9890	0.8703	0.0000	0.0000
0.9900	0.8707	0.0000	0.0000
0.9910	0.8711	0.0000	0.0000
0.9920	0.8716	0.0000	0.0000
0.9930	0.8720	0.0000	0.0000
0.9940	0.8724	0.0000	0.0000
0.9950	0.8728	0.0000	0.0000
0.9960	0.8732	0.0000	0.0000
0.9970	0.8737	0.0000	0.0000
0.9980	0.8741	0.0000	0.0000
0.9990	0.8745	0.0000	0.0000
1.0000	0.8749	0.0000	0.0000
0.7818
