0.0000	0.1288	0.0000	0.0000
0.0010	0.1296	0.0000	0.0000
0.0020	0.1305	0.0000	0.0000
0.0030	0.1313	0.0000	0.0000
0.0040	0.1321	0.0000	0.0000
0.0050	0.1329	0.0000	0.0000
0.0060	0.1338	0.0000	0.0000
0.0070	0.1346	0.0000	0.0000
0.0080	0.1354	0.0000	0.0000
0.0090	0.1363	0.0000	0.0000
0.0100	0.1371	0.0000	0.0000
0.0110	0.1379	0.0000	0.0000
0.0120	0.1387	0.0000	0.0000
0.0130	0.1396	0.0000	0.0000
0.0140	0.1404	0.0000	0.0000
0.0150	0.1412	0.0000	0.0000
0.0160	0.1420	0.0000	0.0000
0.0170	0.1429	0.0000	0.0000
0.0180	0.1437	0.0000	0.0000
0.0190	0.1445	0.0000	0.0000
0.0200	0.1453	0.0000	0.0000
0.0210	0.1462	0.0000	0.0000
0.0220	0.1470	0.0000	0.0000
0.0230	0.1478	0.0000	0.0000
0.0240	0.1486	0.0000	0.0000
0.0250	0.1494	0.0000	0.0000
0.0260	0.1503	0.0000	0.0000
0.0270	0.1511	0.0000	0.0000
0.0280	0.1519	0.0000	0.0000
0.0290	0.1527	0.0000	0.0000
0.0300	0.1535	0.0000	0.0000
0.0310	0.1544	0.0000	0.0000
0.0320	0.1552	0.0000	0.0000
0.0330	0.1560	0.0000	0.0000
0.0340	0.1568	0.0000	0.0000
0.0350	0.1576	0.0000	0.0000
0.0360	0.1585	0.0000	0.0000
0.0370	0.1593	0.0000	0.0000
0.0380	0.1601	0.0000	0.0000
0.0390	0.1609	0.0000	0.0000
0.0400	0.1617	0.0000	0.0000
0.0410	0.1625	0.0000	0.0000
0.0420	0.1634	0.0000	0.0000
0.0430	0.1642	0.0000	0.0000
0.0440	0.1650	0.0000	0.0000
0.0450	0.1658	0.0000	0.0000
0.0460	0.1666	0.0000	0.0000
0.0470	0.1674	0.0000	0.0000
0.0480	0.1683	0.0000	0.0000
0.0490	0.1691	0.0000	0.0000
0.0501	0.1699	0.0000	0.0000
0.0511	0.1707	0.0000	0.0000
0.0521	0.1715	0.0000	0.0000
0.0531	0.1723	0.0000	0.0000
0.0541	0.1731	0.0000	0.0000
0.0551	0.1739	0.0000	0.0000
0.0561	0.1748	0.0000	0.0000
0.0571	0.1756	0.0000	0.0000
0.0581	0.1764	0.0000	0.0000
0.0591	0.1772	0.0000	0.0000
0.0601	0.1780	0.0000	0.0000
0.0611	0.1788	0.0000	0.0000
0.0621	0.1796	0.0000	0.0000
0.0631	0.1804	0.0000	0.0000
0.0641	0.1812	0.0000	0.0000
0.0651	0.1820	0.0000	0.0000
0.0661	0.1828	0.0000	0.0000
0.0671	0.1837	0.0000	0.0000
0.0681	0.1845	0.0000	0.0000
0.0691	0.1853	0.0000	0.0000
0.0701	0.1861	0.0000	0.0000
0.0711	0.1869	0.0000	0.0000
0.0721	0.1877	0.0000	0.0000
0.0731	0.1885	0.0000	0.0000
0.0741	0.1893	0.0000	0.0000
0.0751	0.1901	0.0000	0.0000
0.0761	0.1909	0.0000	0.0000
0.0771	0.1917	0.0000	0.0000
0.0781	0.1925	0.0000	0.0000
0.0791	0.1933	0.0000	0.0000
0.0801	0.1941	0.0000	0.0000
0.0811	0.1949	0.0000	0.0000
0.0821	0.1957	0.0000	0.0000
0.0831	0.1965	0.0000	0.0000
0.0841	0.1973	0.0000	0.0000
0.0851	0.1981	0.0000	0.0000
0.0861	0.1989	0.0000	0.0000
0.0871	0.1997	0.0000	0.0000
0.0881	0.2005	0.0000	0.0000
0.0891	0.2013	0.0000	0.0000
0.0901	0.2021	0.0000	0.0000
0.0911	0.2029	0.0000	0.0000
0.0921	0.2037	0.0000	0.0000
0.0931	0.2045	0.0000	0.0000
0.0941	0.2053	0.0000	0.0000
0.0951	0.2061	0.0000	0.0000
0.0961	0.2069	0.0000	0.0000
0.0971	0.2077	0.0000	0.0000
0.0981	0.2085	0.0000	0.0000
0.0991	0.2093	0.0000	0.0000
0.1001	0.2101	0.0000	0.0000
0.1011	0.2109	0.0000	0.0000
0.1021	0.2117	0.0000	0.0000
0.1031	0.2125	0.0000	0.0000
0.1041	0.2133	0.0000	0.0000
0.1051	0.2141	0.0000	0.0000
0.1061	0.2149	0.0000	0.0000
0.1071	0.2157	0.0000	0.0000
0.1081	0.2165	0.0000	0.0000
0.1091	0.2173	0.0000	0.0000
0.1101	0.2181	0.0000	0.0000
0.1111	0.2189	0.0000	0.0000
0.1121	0.2197	0.0000	0.0000
0.1131	0.2205	0.0000	0.0000
0.1141	0.2213	0.0000	0.0000
0.1151	0.2221	0.0000	0.0000
0.1161	0.2229	0.0000	0.0000
0.1171	0.2237	0.0000	0.0000
0.1181	0.2244	0.0000	0.0000
0.1191	0.2252	0.0000	0.0000
0.1201	0.2260	0.0000	0.0000
0.1211	0.2268	0.0000	0.0000
0.1221	0.2276	0.0000	0.0000
0.1231	0.2284	0.0000	0.0000
0.1241	0.2292	0.0000	0.0000
0.1251	0.2300	0.0000	0.0000
0.1261	0.2308	0.0000	0.0000
0.1271	0.2316	0.0000	0.0000
0.1281	0.2324	0.0000	0.0000
0.1291	0.2331	0.0000	0.0000
0.1301	0.2339	0.0000	0.0000
0.1311	0.2347	0.0000	0.0000
0.1321	0.2355	0.0000	0.0000
0.1331	0.2363	0.0000	0.0000
0.1341	0.2371	0.0000	0.0000
0.1351	0.2379	0.0000	0.0000
0.1361	0.2387	0.0000	0.0000
0.1371	0.2395	0.0000	0.0000
0.1381	0.2402	0.0000	0.0000
0.1391	0.2410	0.0000	0.0000
0.1401	0.2418	0.0000	0.0000
0.1411	0.2426	0.0000	0.0000
0.1421	0.2434	0.0000	0.0000
0.1431	0.2442	0.0000	0.0000
0.1441	0.2450	0.0000	0.0000
0.1451	0.2457	0.0000	0.0000
0.1461	0.2465	0.0000	0.0000
0.1471	0.2473	0.0000	0.0000
0.1481	0.2481	0.0000	0.0000
0.1491	0.2489	0.0000	0.0000
0.1502	0.2497	0.0000	0.0000
0.1512	0.2505	0.0000	0.0000
0.1522	0.2512	0.0000	0.0000
0.1532	0.2520	0.0000	0.0000
0.1542	0.2528	0.0000	0.0000
0.1552	0.2536	0.0000	0.0000
0.1562	0.2544	0.0000	0.0000
0.1572	0.2552	0.0000	0.0000
0.1582	0.2559	0.0000	0.0000
0.1592	0.2567	0.0000	0.0000
0.1602	0.2575	0.0000	0.0000
0.1612	0.2583	0.0000	0.0000
0.1622	0.2591	0.0000	0.0000
0.1632	0.2598	0.0000	0.0000
0.1642	0.2606	0.0000	0.0000
0.1652	0.2614	0.0000	0.0000
0.1662	0.2622	0.0000	0.0000
0.1672	0.2630	0.0000	0.0000
0.1682	0.2638	0.0000	0.0000
0.1692	0.2645	0.0000	0.0000
0.1702	0.2653	0.0000	0.0000
0.1712	0.2661	0.0000	0.0000
0.1722	0.2669	0.0000	0.0000
0.1732	0.2676	0.0000	0.0000
0.1742	0.2684	0.0000	0.0000
0.1752	0.2692	0.0000	0.0000
0.1762	0.2700	0.0000	0.0000
0.1772	0.2708	0.0000	0.0000
0.1782	0.2715	0.0000	0.0000
0.1792	0.2723	0.0000	0.0000
0.1802	0.2731	0.0000	0.0000
0.1812	0.2739	0.0000	0.0000
0.1822	0.2747	0.0000	0.0000
0.1832	0.2754	0.0000	0.0000
0.1842	0.2762	0.0000	0.0000
0.1852	0.2770	0.0000	0.0000
0.1862	0.2778	0.0000	0.0000
0.1872	0.2785	0.0000	0.0000
0.1882	0.2793	0.0000	0.0000
0.1892	0.2801	0.0000	0.0000
0.1902	0.2809	0.0000	0.0000
0.1912	0.2816	0.0000	0.0000
0.1922	0.2824	0.0000	0.0000
0.1932	0.2832	0.0000	0.0000
0.1942	0.2840	0.0000	0.0000
0.1952	0.2847	0.0000	0.0000
0.1962	0.2855	0.0000	0.0000
0.1972	0.2863	0.0000	0.0000
0.1982	0.2871	0.0000	0.0000
0.1992	0.2878	0.0000	0.0000
0.2002	0.2886	0.0000	0.0000
0.2012	0.2894	0.0000	0.0000
0.2022	0.2902	0.0000	0.0000
0.2032	0.2909	0.0000	0.0000
0.2042	0.2917	0.0000	0.0000
0.2052	0.2925	0.0000	0.0000
0.2062	0.2933	0.0000	0.0000
0.2072	0.2940	0.0000	0.0000
0.2082	0.2948	0.0000	0.0000
0.2092	0.2956	0.0000	0.0000
0.2102	0.2963	0.0000	0.0000
0.2112	0.2971	0.0000	0.0000
0.2122	0.2979	0.0000	0.0000
0.2132	0.2987	0.0000	0.0000
0.2142	0.2994	0.0000	0.0000
0.2152	0.3002	0.0000	0.0000
0.2162	0.3010	0.0000	0.0000
0.2172	0.3017	0.0000	0.0000
0.2182	0.3025	0.0000	0.0000
0.2192	0.3033	0.0000	0.0000
0.2202	0.3041	0.0000	0.0000
0.2212	0.3048	0.0000	0.0000
0.2222	0.3056	0.0000	0.0000
0.2232	0.3064	0.0000	0.0000
0.2242	0.3071	0.0000	0.0000
0.2252	0.3079	0.0000	0.0000
0.2262	0.3087	0.0000	0.0000
0.2272	0.3095	0.0000	0.0000
0.2282	0.3102	0.0000	0.0000
0.2292	0.3110	0.0000	0.0000
0.2302	0.3118	0.0000	0.0000
0.2312	0.3125	0.0000	0.0000
0.2322	0.3133	0.0000	0.0000
0.2332	0.3141	0.0000	0.0000
0.2342	0.3148	0.0000	0.0000
0.2352	0.3156	0.0000	0.0000
0.2362	0.3164	0.0000	0.0000
0.2372	0.3172	0.0000	0.0000
0.2382	0.3179	0.0000	0.0000
0.2392	0.3187	0.0000	0.0000
0.2402	0.3195	0.0000	0.0000
0.2412	0.3202	0.0000	0.0000
0.2422	0.3210	0.0000	0.0000
0.2432	0.3218	0.0000	0.0000
0.2442	0.3225	0.0000	0.0000
0.2452	0.3233	0.0000	0.0000
0.2462	0.3241	0.0000	0.0000
0.2472	0.3248	0.0000	0.0000
0.2482	0.3256	0.0000	0.0000
0.2492	0.3264	0.0000	0.0000
0.2503	0.3271	0.0000	0.0000
0.2513	0.3279	0.0000	0.0000
0.2523	0.3287	0.0000	0.0000
0.2533	0.3295	0.0000	0.0000
0.2543	0.3302	0.0000	0.0000
0.2553	0.3310	0.0000	0.0000
0.2563	0.3318	0.0000	0.0000
0.2573	0.3325	0.0000	0.0000
0.2583	0.3333	0.0000	0.0000
0.2593	0.3341	0.0000	0.0000
0.2603	0.3348	0.0000	0.0000
0.2613	0.3356	0.0000	0.0000
0.2623	0.3364	0.0000	0.0000
0.2633	0.3371	0.0000	0.0000
0.2643	0.3379	0.0000	0.0000
0.2653	0.3387	0.0000	0.0000
0.2663	0.3394	0.0000	0.0000
0.2673	0.3402	0.0000	0.0000
0.2683	0.3410	0.0000	0.0000
0.2693	0.3417	0.0000	0.0000
0.2703	0.3425	0.0000	0.0000
0.2713	0.3433	0.0000	0.0000
0.2723	0.3440	0.0000	0.0000
0.2733	0.3448	0.0000	0.0000
0.2743	0.3456	0.0000	0.0000
0.2753	0.3464	0.0000	0.0000
0.2763	0.3471	0.0000	0.0000
0.2773	0.3479	0.0000	0.0000
0.2783	0.3487	0.0000	0.0000
0.2793	0.3494	0.0000	0.0000
0.2803	0.3502	0.0000	0.0000
0.2813	0.3510	0.0000	0.0000
0.2823	0.3517	0.0000	0.0000
0.2833	0.3525	0.0000	0.0000
0.2843	0.3533	0.0000	0.0000
0.2853	0.3540	0.0000	0.0000
0.2863	0.3548	0.0000	0.0000
0.2873	0.3556	0.0000	0.0000
0.2883	0.3563	0.0000	0.0000
0.2893	0.3571	0.0000	0.0000
0.2903	0.3579	0.0000	0.0000
0.2913	0.3586	0.0000	0.0000
0.2923	0.3594	0.0000	0.0000
0.2933	0.3602	0.0000	0.0000
0.2943	0.3609	0.0000	0.0000
0.2953	0.3617	0.0000	0.0000
0.2963	0.3625	0.0000	0.0000
0.2973	0.3633	0.0000	0.0000
0.2983	0.3640	0.0000	0.0000
0.2993	0.3648	0.0000	0.0000
0.3003	0.3656	0.0000	0.0000
0.3013	0.3663	0.0000	0.0000
0.3023	0.3671	0.0000	0.0000
0.3033	0.3679	0.0000	0.0000
0.3043	0.3686	0.0000	0.0000
0.3053	0.3694	0.0000	0.0000
0.3063	0.3702	0.0000	0.0000
0.3073	0.3710	0.0000	0.0000
0.3083	0.3717	0.0000	0.0000
0.3093	0.3725	0.0000	0.0000
0.3103	0.3733	0.0000	0.0000
0.3113	0.3740	0.0000	0.0000
0.3123	0.3748	0.0000	0.0000
0.3133	0.3756	0.0000	0.0000
0.3143	0.3763	0.0000	0.0000
0.3153	0.3771	0.0000	0.0000
0.3163	0.3779	0.0000	0.0000
0.3173	0.3787	0.0000	0.0000
0.3183	0.3794	0.0000	0.0000
0.3193	0.3802	0.0000	0.0000
0.3203	0.3810	0.0000	0.0000
0.3213	0.3817	0.0000	0.0000
0.3223	0.3825	0.0000	0.0000
0.3233	0.3833	0.0000	0.0000
0.3243	0.3841	0.0000	0.0000
0.3253	0.3848	0.0000	0.0000
0.3263	0.3856	0.0000	0.0000
0.3273	0.3864	0.0000	0.0000
0.3283	0.3872	0.0000	0.0000
0.3293	0.3879	0.0000	0.0000
0.3303	0.3887	0.0000	0.0000
0.3313	0.3895	0.0000	0.0000
0.3323	0.3903	0.0000	0.0000
0.3333	0.3910	0.0000	0.0000
0.3343	0.3918	0.0000	0.0000
0.3353	0.3926	0.0000	0.0000
0.3363	0.3934	0.0000	0.0000
0.3373	0.3941	0.0000	0.0000
0.3383	0.3949	0.0000	0.0000
0.3393	0.3957	0.0000	0.0000
0.3403	0.3965	0.0000	0.0000
0.3413	0.3972	0.0000	0.0000
0.3423	0.3980	0.0000	0.0000
0.3433	0.3988	0.0000	0.0000
0.3443	0.3996	0.0000	0.0000
0.3453	0.4003	0.0000	0.0000
0.3463	0.4011	0.0000	0.0000
0.3473	0.4019	0.0000	0.0000
0.3483	0.4027	0.0000	0.0000
0.3493	0.4035	0.0000	0.0000
0.3504	0.4042	0.0000	0.0000
0.3514	0.4050	0.0000	0.0000
0.3524	0.4058	0.0000	0.0000
0.3534	0.4066	0.0000	0.0000
0.3544	0.4074	0.0000	0.0000
0.3554	0.4081	0.0000	0.0000
0.3564	0.4089	0.0000	0.0000
0.3574	0.4097	0.0000	0.0000
0.3584	0.4105	0.0000	0.0000
0.3594	0.4113	0.0000	0.0000
0.3604	0.4120	0.0000	0.0000
0.3614	0.4128	0.0000	0.0000
0.3624	0.4136	0.0000	0.0000
0.3634	0.4144	0.0000	0.0000
0.3644	0.4152	0.0000	0.0000
0.3654	0.4160	0.0000	0.0000
0.3664	0.4167	0.0000	0.0000
0.3674	0.4175	0.0000	0.0000
0.3684	0.4183	0.0000	0.0000
0.3694	0.4191	0.0000	0.0000
0.3704	0.4199	0.0000	0.0000
0.3714	0.4207	0.0000	0.0000
0.3724	0.4215	0.0000	0.0000
0.3734	0.4222	0.0000	0.0000
0.3744	0.4230	0.0000	0.0000
0.3754	0.4238	0.0000	0.0000
0.3764	0.4246	0.0000	0.0000
0.3774	0.4254	0.0000	0.0000
0.3784	0.4262	0.0000	0.0000
0.3794	0.4270	0.0000	0.0000
0.3804	0.4278	0.0000	0.0000
0.3814	0.4286	0.0000	0.0000
0.3824	0.4293	0.0000	0.0000
0.3834	0.4301	0.0000	0.0000
0.3844	0.4309	0.0000	0.0000
0.3854	0.4317	0.0000	0.0000
0.3864	0.4325	0.0000	0.0000
0.3874	0.4333	0.0000	0.0000
0.3884	0.4341	0.0000	0.0000
0.3894	0.4349	0.0000	0.0000
0.3904	0.4357	0.0000	0.0000
0.3914	0.4365	0.0000	0.0000
0.3924	0.4373	0.0000	0.0000
0.3934	0.4381	0.0000	0.0000
0.3944	0.4389	0.0000	0.0000
0.3954	0.4397	0.0000	0.0000
0.3964	0.4405	0.0000	0.0000
0.3974	0.4413	0.0000	0.0000
0.3984	0.4421	0.0000	0.0000
0.3994	0.4429	0.0000	0.0000
0.4004	0.4437	0.0000	0.0000
0.4014	0.4445	0.0000	0.0000
0.4024	0.4453	0.0000	0.0000
0.4034	0.4461	0.0000	0.0000
0.4044	0.4469	0.0000	0.0000
0.4054	0.4477	0.0000	0.0000
0.4064	0.4485	0.0000	0.0000
0.4074	0.4493	0.0000	0.0000
0.4084	0.4501	0.0000	0.0000
0.4094	0.4509	0.0000	0.0000
0.4104	0.4517	0.0000	0.0000
0.4114	0.4525	0.0000	0.0000
0.4124	0.4533	0.0000	0.0000
0.4134	0.4541	0.0000	0.0000
0.4144	0.4549	0.0000	0.0000
0.4154	0.4558	0.0000	0.0000
0.4164	0.4566	0.0000	0.0000
0.4174	0.4574	0.0000	0.0000
0.4184	0.4582	0.0000	0.0000
0.4194	0.4590	0.0000	0.0000
0.4204	0.4598	0.0000	0.0000
0.4214	0.4606	0.0000	0.0000
0.4224	0.4614	0.0000	0.0000
0.4234	0.4623	0.0000	0.0000
0.4244	0.4631	0.0000	0.0000
0.4254	0.4639	0.0000	0.0000
0.4264	0.4647	0.0000	0.0000
0.4274	0.4655	0.0000	0.0000
0.4284	0.4664	0.0000	0.0000
0.4294	0.4672	0.0000	0.0000
0.4304	0.4680	0.0000	0.0000
0.4314	0.4688	0.0000	0.0000
0.4324	0.4696	0.0000	0.0000
0.4334	0.4705	0.0000	0.0000
0.4344	0.4713	0.0000	0.0000
0.4354	0.4721	0.0000	0.0000
0.4364	0.4729	0.0000	0.0000
0.4374	0.4738	0.0000	0.0000
0.4384	0.4746	0.0000	0.0000
0.4394	0.4754	0.0000	0.0000
0.4404	0.4763	0.0000	0.0000
0.4414	0.4771	0.0000	0.0000
0.4424	0.4779	0.0000	0.0000
0.4434	0.4788	0.0000	0.0000
0.4444	0.4796	0.0000	0.0000
0.4454	0.4804	0.0000	0.0000
0.4464	0.4813	0.0000	0.0000
0.4474	0.4821	0.0000	0.0000
0.4484	0.4829	0.0000	0.0000
0.4494	0.4838	0.0000	0.0000
0.4505	0.4846	0.0000	0.0000
0.4515	0.4855	0.0000	0.0000
0.4525	0.4863	0.0000	0.0000
0.4535	0.4871	0.0000	0.0000
0.4545	0.4880	0.0000	0.0000
0.4555	0.4888	0.0000	0.0000
0.4565	0.4897	0.0000	0.0000
0.4575	0.4905	0.0000	0.0000
0.4585	0.4914	0.0000	0.0000
0.4595	0.4922	0.0000	0.0000
0.4605	0.4931	0.0000	0.0000
0.4615	0.4939	0.0000	0.0000
0.4625	0.4948	0.0000	0.0000
0.4635	0.4956	0.0000	0.0000
0.4645	0.4965	0.0000	0.0000
0.4655	0.4973	0.0000	0.0000
0.4665	0.4982	0.0000	0.0000
0.4675	0.4990	0.0000	0.0000
0.4685	0.4999	0.0000	0.0000
0.4695	0.5008	0.0000	0.0000
0.4705	0.5016	0.0000	0.0000
0.4715	0.5025	0.0000	0.0000
0.4725	0.5034	0.0000	0.0000
0.4735	0.5042	0.0000	0.0000
0.4745	0.5051	0.0000	0.0000
0.4755	0.5060	0.0000	0.0000
0.4765	0.5068	0.0000	0.0000
0.4775	0.5077	0.0000	0.0000
0.4785	0.5086	0.0000	0.0000
0.4795	0.5094	0.0000	0.0000
0.4805	0.5103	0.0000	0.0000
0.4815	0.5112	0.0000	0.0000
0.4825	0.5121	0.0000	0.0000
0.4835	0.5129	0.0000	0.0000
0.4845	0.5138	0.0000	0.0000
0.4855	0.5147	0.0000	0.0000
0.4865	0.5156	0.0000	0.0000
0.4875	0.5165	0.0000	0.0000
0.4885	0.5174	0.0000	0.0000
0.4895	0.5182	0.0000	0.0000
0.4905	0.5191	0.0000	0.0000
0.4915	0.5200	0.0000	0.0000
0.4925	0.5209	0.0000	0.0000
0.4935	0.5218	0.0000	0.0000
0.4945	0.5227	0.0000	0.0000
0.4955	0.5236	0.0000	0.0000
0.4965	0.5245	0.0000	0.0000
0.4975	0.5254	0.0000	0.0000
0.4985	0.5263	0.0000	0.0000
0.4995	0.5272	0.0000	0.0000
0.5005	0.5284	0.0000	0.0000
0.5015	0.5300	0.0000	0.0000
0.5025	0.5316	0.0000	0.0000
0.5035	0.5332	0.0000	0.0000
0.5045	0.5347	0.0000	0.0000
0.5055	0.5363	0.0000	0.0000
0.5065	0.5378	0.0000	0.0000
0.5075	0.5394	0.0000	0.0000
0.5085	0.5409	0.0000	0.0000
0.5095	0.5424	0.0000	0.0000
0.5105	0.5440	0.0000	0.0000
0.5115	0.5455	0.0000	0.0000
0.5125	0.5470	0.0000	0.0000
0.5135	0.5484	0.0000	0.0000
0.5145	0.5499	0.0000	0.0000
0.5155	0.5514	0.0000	0.0000
0.5165	0.5529	0.0000	0.0000
0.5175	0.5543	0.0000	0.0000
0.5185	0.5558	0.0000	0.0000
0.5195	0.5572	0.0000	0.0000
0.5205	0.5587	0.0000	0.0000
0.5215	0.5601	0.0000	0.0000
0.5225	0.5615	0.0000	0.0000
0.5235	0.5629	0.0000	0.0000
0.5245	0.5644	0.0000	0.0000
0.5255	0.5658	0.0000	0.0000
0.5265	0.5672	0.0000	0.0000
0.5275	0.5685	0.0000	0.0000
0.5285	0.5699	0.0000	0.0000
0.5295	0.5713	0.0000	0.0000
0.5305	0.5727	0.0000	0.0000
0.5315	0.5740	0.0000	0.0000
0.5325	0.5754	0.0000	0.0000
0.5335	0.5767	0.0000	0.0000
0.5345	0.5781	0.0000	0.0000
0.5355	0.5794	0.0000	0.0000
0.5365	0.5807	0.0000	0.0000
0.5375	0.5820	0.0000	0.0000
0.5385	0.5834	0.0000	0.0000
0.5395	0.5847	0.0000	0.0000
0.5405	0.5860	0.0000	0.0000
0.5415	0.5873	0.0000	0.0000
0.5425	0.5885	0.0000	0.0000
0.5435	0.5898	0.0000	0.0000
0.5445	0.5911	0.0000	0.0000
0.5455	0.5924	0.0000	0.0000
0.5465	0.5936	0.0000	0.0000
0.5475	0.5949	0.0000	0.0000
0.5485	0.5961	0.0000	0.0000
0.5495	0.5974	0.0000	0.0000
0.5506	0.5986	0.0000	0.0000
0.5516	0.5998	0.0000	0.0000
0.5526	0.6011	0.0000	0.0000
0.5536	0.6023	0.0000	0.0000
0.5546	0.6035	0.0000	0.0000
0.5556	0.6047	0.0000	0.0000
0.5566	0.6059	0.0000	0.0000
0.5576	0.6071	0.0000	0.0000
0.5586	0.6083	0.0000	0.0000
0.5596	0.6095	0.0000	0.0000
0.5606	0.6107	0.0000	0.0000
0.5616	0.6118	0.0000	0.0000
0.5626	0.6130	0.0000	0.0000
0.5636	0.6142	0.0000	0.0000
0.5646	0.6153	0.0000	0.0000
0.5656	0.6165	0.0000	0.0000
0.5666	0.6176	0.0000	0.0000
0.5676	0.6188	0.0000	0.0000
0.5686	0.6199	0.0000	0.0000
0.5696	0.6210	0.0000	0.0000
0.5706	0.6221	0.0000	0.0000
0.5716	0.6233	0.0000	0.0000
0.5726	0.6244	0.0000	0.0000
0.5736	0.6255	0.0000	0.0000
0.5746	0.6266	0.0000	0.0000
0.5756	0.6277	0.0000	0.0000
0.5766	0.6288	0.0000	0.0000
0.5776	0.6299	0.0000	0.0000
0.5786	0.6309	0.0000	0.0000
0.5796	0.6320	0.0000	0.0000
0.5806	0.6331	0.0000	0.0000
0.5816	0.6342	0.0000	0.0000
0.5826	0.6352	0.0000	0.0000
0.5836	0.6363	0.0000	0.0000
0.5846	0.6373	0.0000	0.0000
0.5856	0.6384	0.0000	0.0000
0.5866	0.6394	0.0000	0.0000
0.5876	0.6405	0.0000	0.0000
0.5886	0.6415	0.0000	0.0000
0.5896	0.6425	0.0000	0.0000
0.5906	0.6435	0.0000	0.0000
0.5916	0.6446	0.0000	0.0000
0.5926	0.6456	0.0000	0.0000
0.5936	0.6466	0.0000	0.0000
0.5946	0.6476	0.0000	0.0000
0.5956	0.6486	0.0000	0.0000
0.5966	0.6496	0.0000	0.0000
0.5976	0.6506	0.0000	0.0000
0.5986	0.6516	0.0000	0.0000
0.5996	0.6525	0.0000	0.0000
0.6006	0.6535	0.0000	0.0000
0.6016	0.6545	0.0000	0.0000
0.6026	0.6555	0.0000	0.0000
0.6036	0.6564	0.0000	0.0000
0.6046	0.6574	0.0000	0.0000
0.6056	0.6583	0.0000	0.0000
0.6066	0.6593	0.0000	0.0000
0.6076	0.6602	0.0000	0.0000
0.6086	0.6612	0.0000	0.0000
0.6096	0.6621	0.0000	0.0000
0.6106	0.6630	0.0000	0.0000
0.6116	0.6640	0.0000	0.0000
0.6126	0.6649	0.0000	0.0000
0.6136	0.6658	0.0000	0.0000
0.6146	0.6667	0.0000	0.0000
0.6156	0.6676	0.0000	0.0000
0.6166	0.6686	0.0000	0.0000
0.6176	0.6695	0.0000	0.0000
0.6186	0.6704	0.0000	0.0000
0.6196	0.6713	0.0000	0.0000
0.6206	0.6722	0.0000	0.0000
0.6216	0.6730	0.0000	0.0000
0.6226	0.6739	0.0000	0.0000
0.6236	0.6748	0.0000	0.0000
0.6246	0.6757	0.0000	0.0000
0.6256	0.6766	0.0000	0.0000
0.6266	0.6774	0.0000	0.0000
0.6276	0.6783	0.0000	0.0000
0.6286	0.6792	0.0000	0.0000
0.6296	0.6800	0.0000	0.0000
0.6306	0.6809	0.0000	0.0000
0.6316	0.6817	0.0000	0.0000
0.6326	0.6826	0.0000	0.0000
0.6336	0.6834	0.0000	0.0000
0.6346	0.6843	0.0000	0.0000
0.6356	0.6851	0.0000	0.0000
0.6366	0.6859	0.0000	0.0000
0.6376	0.6868	0.0000	0.0000
0.6386	0.6876	0.0000	0.0000
0.6396	0.6884	0.0000	0.0000
0.6406	0.6892	0.0000	0.0000
0.6416	0.6900	0.0000	0.0000
0.6426	0.6908	0.0000	0.0000
0.6436	0.6917	0.0000	0.0000
0.6446	0.6925	0.0000	0.0000
0.6456	0.6933	0.0000	0.0000
0.6466	0.6941	0.0000	0.0000
0.6476	0.6949	0.0000	0.0000
0.6486	0.6956	0.0000	0.0000
0.6496	0.6964	0.0000	0.0000
0.6507	0.6972	0.0000	0.0000
0.6517	0.6980	0.0000	0.0000
0.6527	0.6988	0.0000	0.0000
0.6537	0.6996	0.0000	0.0000
0.6547	0.7003	0.0000	0.0000
0.6557	0.7011	0.0000	0.0000
0.6567	0.7019	0.0000	0.0000
0.6577	0.7026	0.0000	0.0000
0.6587	0.7034	0.0000	0.0000
0.6597	0.7041	0.0000	0.0000
0.6607	0.7049	0.0000	0.0000
0.6617	0.7057	0.0000	0.0000
0.6627	0.7064	0.0000	0.0000
0.6637	0.7071	0.0000	0.0000
0.6647	0.7079	0.0000	0.0000
0.6657	0.7086	0.0000	0.0000
0.6667	0.7094	0.0000	0.0000
0.6677	0.7101	0.0000	0.0000
0.6687	0.7108	0.0000	0.0000
0.6697	0.7115	0.0000	0.0000
0.6707	0.7123	0.0000	0.0000
0.6717	0.7130	0.0000	0.0000
0.6727	0.7137	0.0000	0.0000
0.6737	0.7144	0.0000	0.0000
0.6747	0.7151	0.0000	0.0000
0.6757	0.7158	0.0000	0.0000
0.6767	0.7166	0.0000	0.0000
0.6777	0.7173	0.0000	0.0000
0.6787	0.7180	0.0000	0.0000
0.6797	0.7187	0.0000	0.0000
0.6807	0.7194	0.0000	0.0000
0.6817	0.7200	0.0000	0.0000
0.6827	0.7207	0.0000	0.0000
0.6837	0.7214	0.0000	0.0000
0.6847	0.7221	0.0000	0.0000
0.6857	0.7228	0.0000	0.0000
0.6867	0.7235	0.0000	0.0000
0.6877	0.7241	0.0000	0.0000
0.6887	0.7248	0.0000	0.0000
0.6897	0.7255	0.0000	0.0000
0.6907	0.7262	0.0000	0.0000
0.6917	0.7268	0.0000	0.0000
0.6927	0.7275	0.0000	0.0000
0.6937	0.7282	0.0000	0.0000
0.6947	0.7288	0.0000	0.0000
0.6957	0.7295	0.0000	0.0000
0.6967	0.7301	0.0000	0.0000
0.6977	0.7308	0.0000	0.0000
0.6987	0.7314	0.0000	0.0000
0.6997	0.7321	0.0000	0.0000
0.7007	0.7327	0.0000	0.0000
0.7017	0.7334	0.0000	0.0000
0.7027	0.7340	0.0000	0.0000
0.7037	0.7346	0.0000	0.0000
0.7047	0.7353	0.0000	0.0000
0.7057	0.7359	0.0000	0.0000
0.7067	0.7365	0.0000	0.0000
0.7077	0.7372	0.0000	0.0000
0.7087	0.7378	0.0000	0.0000
0.7097	0.7384	0.0000	0.0000
0.7107	0.7390	0.0000	0.0000
0.7117	0.7397	0.0000	0.0000
0.7127	0.7403	0.0000	0.0000
0.7137	0.7409	0.0000	0.0000
0.7147	0.7415	0.0000	0.0000
0.7157	0.7421	0.0000	0.0000
0.7167	0.7427	0.0000	0.0000
0.7177	0.7433	0.0000	0.0000
0.7187	0.7439	0.0000	0.0000
0.7197	0.7445	0.0000	0.0000
0.7207	0.7451	0.0000	0.0000
0.7217	0.7457	0.0000	0.0000
0.7227	0.7463	0.0000	0.0000
0.7237	0.7469	0.0000	0.0000
0.7247	0.7475	0.0000	0.0000
0.7257	0.7481	0.0000	0.0000
0.7267	0.7487	0.0000	0.0000
0.7277	0.7493	0.0000	0.0000
0.7287	0.7499	0.0000	0.0000
0.7297	0.7505	0.0000	0.0000
0.7307	0.7510	0.0000	0.0000
0.7317	0.7516	0.0000	0.0000
0.7327	0.7522	0.0000	0.0000
0.7337	0.7528	0.0000	0.0000
0.7347	0.7533	0.0000	0.0000
0.7357	0.7539	0.0000	0.0000
0.7367	0.7545	0.0000	0.0000
0.7377	0.7550	0.0000	0.0000
0.7387	0.7556	0.0000	0.0000
0.7397	0.7562	0.0000	0.0000
0.7407	0.7567	0.0000	0.0000
0.7417	0.7573	0.0000	0.0000
0.7427	0.7578	0.0000	0.0000
0.7437	0.7584	0.0000	0.0000
0.7447	0.7590	0.0000	0.0000
0.7457	0.7595	0.0000	0.0000
0.7467	0.7601	0.0000	0.0000
0.7477	0.7606	0.0000	0.0000
0.7487	0.7612	0.0000	0.0000
0.7497	0.7617	0.0000	0.0000
0.7508	0.7622	0.0000	0.0000
0.7518	0.7628	0.0000	0.0000
0.7528	0.7633	0.0000	0.0000
0.7538	0.7639	0.0000	0.0000
0.7548	0.7644	0.0000	0.0000
0.7558	0.7649	0.0000	0.0000
0.7568	0.7655	0.0000	0.0000
0.7578	0.7660	0.0000	0.0000
0.7588	0.7665	0.0000	0.0000
0.7598	0.7671	0.0000	0.0000
0.7608	0.7676	0.0000	0.0000
0.7618	0.7681	0.0000	0.0000
0.7628	0.7686	0.0000	0.0000
0.7638	0.7692	0.0000	0.0000
0.7648	0.7697	0.0000	0.0000
0.7658	0.7702	0.0000	0.0000
0.7668	0.7707	0.0000	0.0000
0.7678	0.7712	0.0000	0.0000
0.7688	0.7718	0.0000	0.0000
0.7698	0.7723	0.0000	0.0000
0.7708	0.7728	0.0000	0.0000
0.7718	0.7733	0.0000	0.0000
0.7728	0.7738	0.0000	0.0000
0.7738	0.7743	0.0000	0.0000
0.7748	0.7748	0.0000	0.0000
0.7758	0.7753	0.0000	0.0000
0.7768	0.7758	0.0000	0.0000
0.7778	0.7763	0.0000	0.0000
0.7788	0.7768	0.0000	0.0000
0.7798	0.7773	0.0000	0.0000
0.7808	0.7778	0.0000	0.0000
0.7818	0.7783	0.0000	0.0000
0.7828	0.7788	0.0000	0.0000
0.7838	0.7793	0.0000	0.0000
0.7848	0.7798	0.0000	0.0000
0.7858	0.7803	0.0000	0.0000
0.7868	0.7808	0.0000	0.0000
0.7878	0.7813	0.0000	0.0000
0.7888	0.7818	0.0000	0.0000
0.7898	0.7823	0.0000	0.0000
0.7908	0.7827	0.0000	0.0000
0.7918	0.7832	0.0000	0.0000
0.7928	0.7837	0.0000	0.0000
0.7938	0.7842	0.0000	0.0000
0.7948	0.7847	0.0000	0.0000
0.7958	0.7852	0.0000	0.0000
0.7968	0.7856	0.0000	0.0000
0.7978	0.7861	0.0000	0.0000
0.7988	0.7866	0.0000	0.0000
0.7998	0.7871	0.0000	0.0000
0.8008	0.7875	0.0000	0.0000
0.8018	0.7880	0.0000	0.0000
0.8028	0.7885	0.0000	0.0000
0.8038	0.7890	0.0000	0.0000
0.8048	0.7894	0.0000	0.0000
0.8058	0.7899	0.0000	0.0000
0.8068	0.7904	0.0000	0.0000
0.8078	0.7908	0.0000	0.0000
0.8088	0.7913	0.0000	0.0000
0.8098	0.7917	0.0000	0.0000
0.8108	0.7922	0.0000	0.0000
0.8118	0.7927	0.0000	0.0000
0.8128	0.7931	0.0000	0.0000
0.8138	0.7936	0.0000	0.0000
0.8148	0.7941	0.0000	0.0000
0.8158	0.7945	0.0000	0.0000
0.8168	0.7950	0.0000	0.0000
0.8178	0.7954	0.0000	0.0000
0.8188	0.7959	0.0000	0.0000
0.8198	0.7963	0.0000	0.0000
0.8208	0.7968	0.0000	0.0000
0.8218	0.7972	0.0000	0.0000
0.8228	0.7977	0.0000	0.0000
0.8238	0.7981	0.0000	0.0000
0.8248	0.7986	0.0000	0.0000
0.8258	0.7990	0.0000	0.0000
0.8268	0.7995	0.0000	0.0000
0.8278	0.7999	0.0000	0.0000
0.8288	0.8004	0.0000	0.0000
0.8298	0.8008	0.0000	0.0000
0.8308	0.8013	0.0000	0.0000
0.8318	0.8017	0.0000	0.0000
0.8328	0.8022	0.0000	0.0000
0.8338	0.8026	0.0000	0.0000
0.8348	0.8030	0.0000	0.0000
0.8358	0.8035	0.0000	0.0000
0.8368	0.8039	0.0000	0.0000
0.8378	0.8043	0.0000	0.0000
0.8388	0.8048	0.0000	0.0000
0.8398	0.8052	0.0000	0.0000
0.8408	0.8057	0.0000	0.0000
0.8418	0.8061	0.0000	0.0000
0.8428	0.8065	0.0000	0.0000
0.8438	0.8070	0.0000	0.0000
0.8448	0.8074	0.0000	0.0000
0.8458	0.8078	0.0000	0.0000
0.8468	0.8083	0.0000	0.0000
0.8478	0.8087	0.0000	0.0000
0.8488	0.8091	0.0000	0.0000
0.8498	0.8096	0.0000	0.0000
0.8509	0.8100	0.0000	0.0000
0.8519	0.8104	0.0000	0.0000
0.8529	0.8108	0.0000	0.0000
0.8539	0.8113	0.0000	0.0000
0.8549	0.8117	0.0000	0.0000
0.8559	0.8121	0.0000	0.0000
0.8569	0.8125	0.0000	0.0000
0.8579	0.8130	0.0000	0.0000
0.8589	0.8134	0.0000	0.0000
0.8599	0.8138	0.0000	0.0000
0.8609	0.8142	0.0000	0.0000
0.8619	0.8147	0.0000	0.0000
0.8629	0.8151	0.0000	0.0000
0.8639	0.8155	0.0000	0.0000
0.8649	0.8159	0.0000	0.0000
0.8659	0.8163	0.0000	0.0000
0.8669	0.8168	0.0000	0.0000
0.8679	0.8172	0.0000	0.0000
0.8689	0.8176	0.0000	0.0000
0.8699	0.8180	0.0000	0.0000
0.8709	0.8184	0.0000	0.0000
0.8719	0.8188	0.0000	0.0000
0.8729	0.8193	0.0000	0.0000
0.8739	0.8197	0.0000	0.0000
0.8749	0.8201	0.0000	0.0000
0.8759	0.8205	0.0000	0.0000
0.8769	0.8209	0.0000	0.0000
0.8779	0.8213	0.0000	0.0000
0.8789	0.8218	0.0000	0.0000
0.8799	0.8222	0.0000	0.0000
0.8809	0.8226	0.0000	0.0000
0.8819	0.8230	0.0000	0.0000
0.8829	0.8234	0.0000	0.0000
0.8839	0.8238	0.0000	0.0000
0.8849	0.8242	0.0000	0.0000
0.8859	0.8246	0.0000	0.0000
0.8869	0.8250	0.0000	0.0000
0.8879	0.8255	0.0000	0.0000
0.8889	0.8259	0.0000	0.0000
0.8899	0.8263	0.0000	0.0000
0.8909	0.8267	0.0000	0.0000
0.8919	0.8271	0.0000	0.0000
0.8929	0.8275	0.0000	0.0000
0.8939	0.8279	0.0000	0.0000
0.8949	0.8283	0.0000	0.0000
0.8959	0.8287	0.0000	0.0000
0.8969	0.8291	0.0000	0.0000
0.8979	0.8295	0.0000	0.0000
0.8989	0.8299	0.0000	0.0000
0.8999	0.8304	0.0000	0.0000
0.9009	0.8308	0.0000	0.0000
0.9019	0.8312	0.0000	0.0000
0.9029	0.8316	0.0000	0.0000
0.9039	0.8320	0.0000	0.0000
0.9049	0.8324	0.0000	0.0000
0.9059	0.8328	0.0000	0.0000
0.9069	0.8332	0.0000	0.0000
0.9079	0.8336	0.0000	0.0000
0.9089	0.8340	0.0000	0.0000
0.9099	0.8344	0.0000	0.0000
0.9109	0.8348	0.0000	0.0000
0.9119	0.8352	0.0000	0.0000
0.9129	0.8356	0.0000	0.0000
0.9139	0.8360	0.0000	0.0000
0.9149	0.8364	0.0000	0.0000
0.9159	0.8368	0.0000	0.0000
0.9169	0.8372	0.0000	0.0000
0.9179	0.8376	0.0000	0.0000
0.9189	0.8380	0.0000	0.0000
0.9199	0.8384	0.0000	0.0000
0.9209	0.8388	0.0000	0.0000
0.9219	0.8392	0.0000	0.0000
0.9229	0.8396	0.0000	0.0000
0.9239	0.8400	0.0000	0.0000
0.9249	0.8405	0.0000	0.0000
0.9259	0.8409	0.0000	0.0000
0.9269	0.8413	0.0000	0.0000
0.9279	0.8417	0.0000	0.0000
0.9289	0.8421	0.0000	0.0000
0.9299	0.8425	0.0000	0.0000
0.9309	0.8429	0.0000	0.0000
0.9319	0.8433	0.0000	0.0000
0.9329	0.8437	0.0000	0.0000
0.9339	0.8441	0.0000	0.0000
0.9349	0.8445	0.0000	0.0000
0.9359	0.8449	0.0000	0.0000
0.9369	0.8453	0.0000	0.0000
0.9379	0.8457	0.0000	0.0000
0.9389	0.8461	0.0000	0.0000
0.9399	0.8465	0.0000	0.0000
0.9409	0.8469	0.0000	0.0000
0.9419	0.8473	0.0000	0.0000
0.9429	0.8477	0.0000	0.0000
0.9439	0.8481	0.0000	0.0000
0.9449	0.8485	0.0000	0.0000
0.9459	0.8489	0.0000	0.0000
0.9469	0.8493	0.0000	0.0000
0.9479	0.8497	0.0000	0.0000
0.9489	0.8501	0.0000	0.0000
0.9499	0.8505	0.0000	0.0000
0.9510	0.8509	0.0000	0.0000
0.9520	0.8513	0.0000	0.0000
0.9530	0.8517	0.0000	0.0000
0.9540	0.8521	0.0000	0.0000
0.9550	0.8525	0.0000	0.0000
0.9560	0.8530	0.0000	0.0000
0.9570	0.8534	0.0000	0.0000
0.9580	0.8538	0.0000	0.0000
0.9590	0.8542	0.0000	0.0000
0.9600	0.8546	0.0000	0.0000
0.9610	0.8550	0.0000	0.0000
0.9620	0.8554	0.0000	0.0000
0.9630	0.8558	0.0000	0.0000
0.9640	0.8562	0.0000	0.0000
0.9650	0.8566	0.0000	0.0000
0.9660	0.8570	0.0000	0.0000
0.9670	0.8574	0.0000	0.0000
0.9680	0.8578	0.0000	0.0000
0.9690	0.8582	0.0000	0.0000
0.9700	0.8587	0.0000	0.0000
0.9710	0.8591	0.0000	0.0000
0.9720	0.8595	0.0000	0.0000
0.9730	0.8599	0.0000	0.0000
0.9740	0.8603	0.0000	0.0000
0.9750	0.8607	0.0000	0.0000
0.9760	0.8611	0.0000	0.0000
0.9770	0.8615	0.0000	0.0000
0.9780	0.8620	0.0000	0.0000
0.9790	0.8624	0.0000	0.0000
0.9800	0.8628	0.0000	0.0000
0.9810	0.8632	0.0000	0.0000
0.9820	0.8636	0.0000	0.0000
0.9830	0.8640	0.0000	0.0000
0.9840	0.8644	0.0000	0.0000
0.9850	0.8649	0.0000	0.0000
0.9860	0.8653	0.0000	0.0000
0.9870	0.8657	0.0000	0.0000
0.9880	0.8661	0.0000	0.0000
0.9890	0.8665	0.0000	0.0000
0.9900	0.8670	0.0000	0.0000
0.9910	0.8674	0.0000	0.0000
0.9920	0.8678	0.0000	0.0000
0.9930	0.8682	0.0000	0.0000
0.9940	0.8686	0.0000	0.0000
0.9950	0.8691	0.0000	0.0000
0.9960	0.8695	0.0000	0.0000
0.9970	0.8699	0.0000	0.0000
0.9980	0.8703	0.0000	0.0000
0.9990	0.8708	0.0000	0.0000
1.0000	0.8712	0.0000	0.0000
0.7758
