0.0000	0.1297	0.0000	0.0000
0.0010	0.1306	0.0000	0.0000
0.0020	0.1314	0.0000	0.0000
0.0030	0.1322	0.0000	0.0000
0.0040	0.1330	0.0000	0.0000
0.0050	0.1339	0.0000	0.0000
0.0060	0.1347	0.0000	0.0000
0.0070	0.1355	0.0000	0.0000
0.0080	0.1364	0.0000	0.0000
0.0090	0.1372	0.0000	0.0000
0.0100	0.1380	0.0000	0.0000
0.0110	0.1388	0.0000	0.0000
0.0120	0.1397	0.0000	0.0000
0.0130	0.1405	0.0000	0.0000
0.0140	0.1413	0.0000	0.0000
0.0150	0.1421	0.0000	0.0000
0.0160	0.1430	0.0000	0.0000
0.0170	0.1438	0.0000	0.0000
0.0180	0.1446	0.0000	0.0000
0.0190	0.1455	0.0000	0.0000
0.0200	0.1463	0.0000	0.0000
0.0210	0.1471	0.0000	0.0000
0.0220	0.1479	0.0000	0.0000
0.0230	0.1487	0.0000	0.0000
0.0240	0.1496	0.0000	0.0000
0.0250	0.1504	0.0000	0.0000
0.0260	0.1512	0.0000	0.0000
0.0270	0.1520	0.0000	0.0000
0.0280	0.1529	0.0000	0.0000
0.0290	0.1537	0.0000	0.0000
0.0300	0.1545	0.0000	0.0000
0.0310	0.1553	0.0000	0.0000
0.0320	0.1561	0.0000	0.0000
0.0330	0.1570	0.0000	0.0000
0.0340	0.1578	0.0000	0.0000
0.0350	0.1586	0.0000	0.0000
0.0360	0.1594	0.0000	0.0000
0.0370	0.1602	0.0000	0.0000
0.0380	0.1611	0.0000	0.0000
0.0390	0.1619	0.0000	0.0000
0.0400	0.1627	0.0000	0.0000
0.0410	0.1635	0.0000	0.0000
0.0420	0.1643	0.0000	0.0000
0.0430	0.1651	0.0000	0.0000
0.0440	0.1660	0.0000	0.0000
0.0450	0.1668	0.0000	0.0000
0.0460	0.1676	0.0000	0.0000
0.0470	0.1684	0.0000	0.0000
0.0480	0.1692	0.0000	0.0000
0.0490	0.1700	0.0000	0.0000
0.0501	0.1709	0.0000	0.0000
0.0511	0.1717	0.0000	0.0000
0.0521	0.1725	0.0000	0.0000
0.0531	0.1733	0.0000	0.0000
0.0541	0.1741	0.0000	0.0000
0.0551	0.1749	0.0000	0.0000
0.0561	0.1757	0.0000	0.0000
0.0571	0.1765	0.0000	0.0000
0.0581	0.1774	0.0000	0.0000
0.0591	0.1782	0.0000	0.0000
0.0601	0.1790	0.0000	0.0000
0.0611	0.1798	0.0000	0.0000
0.0621	0.1806	0.0000	0.0000
0.0631	0.1814	0.0000	0.0000
0.0641	0.1822	0.0000	0.0000
0.0651	0.1830	0.0000	0.0000
0.0661	0.1838	0.0000	0.0000
0.0671	0.1847	0.0000	0.0000
0.0681	0.1855	0.0000	0.0000
0.0691	0.1863	0.0000	0.0000
0.0701	0.1871	0.0000	0.0000
0.0711	0.1879	0.0000	0.0000
0.0721	0.1887	0.0000	0.0000
0.0731	0.1895	0.0000	0.0000
0.0741	0.1903	0.0000	0.0000
0.0751	0.1911	0.0000	0.0000
0.0761	0.1919	0.0000	0.0000
0.0771	0.1927	0.0000	0.0000
0.0781	0.1935	0.0000	0.0000
0.0791	0.1943	0.0000	0.0000
0.0801	0.1951	0.0000	0.0000
0.0811	0.1959	0.0000	0.0000
0.0821	0.1967	0.0000	0.0000
0.0831	0.1976	0.0000	0.0000
0.0841	0.1984	0.0000	0.0000
0.0851	0.1992	0.0000	0.0000
0.0861	0.2000	0.0000	0.0000
0.0871	0.2008	0.0000	0.0000
0.0881	0.2016	0.0000	0.0000
0.0891	0.2024	0.0000	0.0000
0.0901	0.2032	0.0000	0.0000
0.0911	0.2040	0.0000	0.0000
0.0921	0.2048	0.0000	0.0000
0.0931	0.2056	0.0000	0.0000
0.0941	0.2064	0.0000	0.0000
0.0951	0.2072	0.0000	0.0000
0.0961	0.2080	0.0000	0.0000
0.0971	0.2088	0.0000	0.0000
0.0981	0.2096	0.0000	0.0000
0.0991	0.2104	0.0000	0.0000
0.1001	0.2112	0.0000	0.0000
0.1011	0.2120	0.0000	0.0000
0.1021	0.2128	0.0000	0.0000
0.1031	0.2136	0.0000	0.0000
0.1041	0.2144	0.0000	0.0000
0.1051	0.2152	0.0000	0.0000
0.1061	0.2160	0.0000	0.0000
0.1071	0.2168	0.0000	0.0000
0.1081	0.2176	0.0000	0.0000
0.1091	0.2183	0.0000	0.0000
0.1101	0.2191	0.0000	0.0000
0.1111	0.2199	0.0000	0.0000
0.1121	0.2207	0.0000	0.0000
0.1131	0.2215	0.0000	0.0000
0.1141	0.2223	0.0000	0.0000
0.1151	0.2231	0.0000	0.0000
0.1161	0.2239	0.0000	0.0000
0.1171	0.2247	0.0000	0.0000
0.1181	0.2255	0.0000	0.0000
0.1191	0.2263	0.0000	0.0000
0.1201	0.2271	0.0000	0.0000
0.1211	0.2279	0.0000	0.0000
0.1221	0.2287	0.0000	0.0000
0.1231	0.2295	0.0000	0.0000
0.1241	0.2303	0.0000	0.0000
0.1251	0.2310	0.0000	0.0000
0.1261	0.2318	0.0000	0.0000
0.1271	0.2326	0.0000	0.0000
0.1281	0.2334	0.0000	0.0000
0.1291	0.2342	0.0000	0.0000
0.1301	0.2350	0.0000	0.0000
0.1311	0.2358	0.0000	0.0000
0.1321	0.2366	0.0000	0.0000
0.1331	0.2374	0.0000	0.0000
0.1341	0.2382	0.0000	0.0000
0.1351	0.2390	0.0000	0.0000
0.1361	0.2397	0.0000	0.0000
0.1371	0.2405	0.0000	0.0000
0.1381	0.2413	0.0000	0.0000
0.1391	0.2421	0.0000	0.0000
0.1401	0.2429	0.0000	0.0000
0.1411	0.2437	0.0000	0.0000
0.1421	0.2445	0.0000	0.0000
0.1431	0.2453	0.0000	0.0000
0.1441	0.2460	0.0000	0.0000
0.1451	0.2468	0.0000	0.0000
0.1461	0.2476	0.0000	0.0000
0.1471	0.2484	0.0000	0.0000
0.1481	0.2492	0.0000	0.0000
0.1491	0.2500	0.0000	0.0000
0.1502	0.2508	0.0000	0.0000
0.1512	0.2515	0.0000	0.0000
0.1522	0.2523	0.0000	0.0000
0.1532	0.2531	0.0000	0.0000
0.1542	0.2539	0.0000	0.0000
0.1552	0.2547	0.0000	0.0000
0.1562	0.2555	0.0000	0.0000
0.1572	0.2562	0.0000	0.0000
0.1582	0.2570	0.0000	0.0000
0.1592	0.2578	0.0000	0.0000
0.1602	0.2586	0.0000	0.0000
0.1612	0.2594	0.0000	0.0000
0.1622	0.2602	0.0000	0.0000
0.1632	0.2609	0.0000	0.0000
0.1642	0.2617	0.0000	0.0000
0.1652	0.2625	0.0000	0.0000
0.1662	0.2633	0.0000	0.0000
0.1672	0.2641	0.0000	0.0000
0.1682	0.2648	0.0000	0.0000
0.1692	0.2656	0.0000	0.0000
0.1702	0.2664	0.0000	0.0000
0.1712	0.2672	0.0000	0.0000
0.1722	0.2680	0.0000	0.0000
0.1732	0.2687	0.0000	0.0000
0.1742	0.2695	0.0000	0.0000
0.1752	0.2703	0.0000	0.0000
0.1762	0.2711	0.0000	0.0000
0.1772	0.2719	0.0000	0.0000
0.1782	0.2726	0.0000	0.0000
0.1792	0.2734	0.0000	0.0000
0.1802	0.2742	0.0000	0.0000
0.1812	0.2750	0.0000	0.0000
0.1822	0.2758	0.0000	0.0000
0.1832	0.2765	0.0000	0.0000
0.1842	0.2773	0.0000	0.0000
0.1852	0.2781	0.0000	0.0000
0.1862	0.2789	0.0000	0.0000
0.1872	0.2796	0.0000	0.0000
0.1882	0.2804	0.0000	0.0000
0.1892	0.2812	0.0000	0.0000
0.1902	0.2820	0.0000	0.0000
0.1912	0.2828	0.0000	0.0000
0.1922	0.2835	0.0000	0.0000
0.1932	0.2843	0.0000	0.0000
0.1942	0.2851	0.0000	0.0000
0.1952	0.2859	0.0000	0.0000
0.1962	0.2866	0.0000	0.0000
0.1972	0.2874	0.0000	0.0000
0.1982	0.2882	0.0000	0.0000
0.1992	0.2890	0.0000	0.0000
0.2002	0.2897	0.0000	0.0000
0.2012	0.2905	0.0000	0.0000
0.2022	0.2913	0.0000	0.0000
0.2032	0.2921	0.0000	0.0000
0.2042	0.2928	0.0000	0.0000
0.2052	0.2936	0.0000	0.0000
0.2062	0.2944	0.0000	0.0000
0.2072	0.2951	0.0000	0.0000
0.2082	0.2959	0.0000	0.0000
0.2092	0.2967	0.0000	0.0000
0.2102	0.2975	0.0000	0.0000
0.2112	0.2982	0.0000	0.0000
0.2122	0.2990	0.0000	0.0000
0.2132	0.2998	0.0000	0.0000
0.2142	0.3006	0.0000	0.0000
0.2152	0.3013	0.0000	0.0000
0.2162	0.3021	0.0000	0.0000
0.2172	0.3029	0.0000	0.0000
0.2182	0.3036	0.0000	0.0000
0.2192	0.3044	0.0000	0.0000
0.2202	0.3052	0.0000	0.0000
0.2212	0.3060	0.0000	0.0000
0.2222	0.3067	0.0000	0.0000
0.2232	0.3075	0.0000	0.0000
0.2242	0.3083	0.0000	0.0000
0.2252	0.3090	0.0000	0.0000
0.2262	0.3098	0.0000	0.0000
0.2272	0.3106	0.0000	0.0000
0.2282	0.3114	0.0000	0.0000
0.2292	0.3121	0.0000	0.0000
0.2302	0.3129	0.0000	0.0000
0.2312	0.3137	0.0000	0.0000
0.2322	0.3144	0.0000	0.0000
0.2332	0.3152	0.0000	0.0000
0.2342	0.3160	0.0000	0.0000
0.2352	0.3167	0.0000	0.0000
0.2362	0.3175	0.0000	0.0000
0.2372	0.3183	0.0000	0.0000
0.2382	0.3191	0.0000	0.0000
0.2392	0.3198	0.0000	0.0000
0.2402	0.3206	0.0000	0.0000
0.2412	0.3214	0.0000	0.0000
0.2422	0.3221	0.0000	0.0000
0.2432	0.3229	0.0000	0.0000
0.2442	0.3237	0.0000	0.0000
0.2452	0.3244	0.0000	0.0000
0.2462	0.3252	0.0000	0.0000
0.2472	0.3260	0.0000	0.0000
0.2482	0.3267	0.0000	0.0000
0.2492	0.3275	0.0000	0.0000
0.2503	0.3283	0.0000	0.0000
0.2513	0.3290	0.0000	0.0000
0.2523	0.3298	0.0000	0.0000
0.2533	0.3306	0.0000	0.0000
0.2543	0.3314	0.0000	0.0000
0.2553	0.3321	0.0000	0.0000
0.2563	0.3329	0.0000	0.0000
0.2573	0.3337	0.0000	0.0000
0.2583	0.3344	0.0000	0.0000
0.2593	0.3352	0.0000	0.0000
0.2603	0.3360	0.0000	0.0000
0.2613	0.3367	0.0000	0.0000
0.2623	0.3375	0.0000	0.0000
0.2633	0.3383	0.0000	0.0000
0.2643	0.3390	0.0000	0.0000
0.2653	0.3398	0.0000	0.0000
0.2663	0.3406	0.0000	0.0000
0.2673	0.3413	0.0000	0.0000
0.2683	0.3421	0.0000	0.0000
0.2693	0.3429	0.0000	0.0000
0.2703	0.3436	0.0000	0.0000
0.2713	0.3444	0.0000	0.0000
0.2723	0.3452	0.0000	0.0000
0.2733	0.3459	0.0000	0.0000
0.2743	0.3467	0.0000	0.0000
0.2753	0.3475	0.0000	0.0000
0.2763	0.3482	0.0000	0.0000
0.2773	0.3490	0.0000	0.0000
0.2783	0.3498	0.0000	0.0000
0.2793	0.3505	0.0000	0.0000
0.2803	0.3513	0.0000	0.0000
0.2813	0.3521	0.0000	0.0000
0.2823	0.3528	0.0000	0.0000
0.2833	0.3536	0.0000	0.0000
0.2843	0.3544	0.0000	0.0000
0.2853	0.3552	0.0000	0.0000
0.2863	0.3559	0.0000	0.0000
0.2873	0.3567	0.0000	0.0000
0.2883	0.3575	0.0000	0.0000
0.2893	0.3582	0.0000	0.0000
0.2903	0.3590	0.0000	0.0000
0.2913	0.3598	0.0000	0.0000
0.2923	0.3605	0.0000	0.0000
0.2933	0.3613	0.0000	0.0000
0.2943	0.3621	0.0000	0.0000
0.2953	0.3628	0.0000	0.0000
0.2963	0.3636	0.0000	0.0000
0.2973	0.3644	0.0000	0.0000
0.2983	0.3651	0.0000	0.0000
0.2993	0.3659	0.0000	0.0000
0.3003	0.3667	0.0000	0.0000
0.3013	0.3674	0.0000	0.0000
0.3023	0.3682	0.0000	0.0000
0.3033	0.3690	0.0000	0.0000
0.3043	0.3697	0.0000	0.0000
0.3053	0.3705	0.0000	0.0000
0.3063	0.3713	0.0000	0.0000
0.3073	0.3721	0.0000	0.0000
0.3083	0.3728	0.0000	0.0000
0.3093	0.3736	0.0000	0.0000
0.3103	0.3744	0.0000	0.0000
0.3113	0.3751	0.0000	0.0000
0.3123	0.3759	0.0000	0.0000
0.3133	0.3767	0.0000	0.0000
0.3143	0.3774	0.0000	0.0000
0.3153	0.3782	0.0000	0.0000
0.3163	0.3790	0.0000	0.0000
0.3173	0.3798	0.0000	0.0000
0.3183	0.3805	0.0000	0.0000
0.3193	0.3813	0.0000	0.0000
0.3203	0.3821	0.0000	0.0000
0.3213	0.3828	0.0000	0.0000
0.3223	0.3836	0.0000	0.0000
0.3233	0.3844	0.0000	0.0000
0.3243	0.3852	0.0000	0.0000
0.3253	0.3859	0.0000	0.0000
0.3263	0.3867	0.0000	0.0000
0.3273	0.3875	0.0000	0.0000
0.3283	0.3882	0.0000	0.0000
0.3293	0.3890	0.0000	0.0000
0.3303	0.3898	0.0000	0.0000
0.3313	0.3906	0.0000	0.0000
0.3323	0.3913	0.0000	0.0000
0.3333	0.3921	0.0000	0.0000
0.3343	0.3929	0.0000	0.0000
0.3353	0.3936	0.0000	0.0000
0.3363	0.3944	0.0000	0.0000
0.3373	0.3952	0.0000	0.0000
0.3383	0.3960	0.0000	0.0000
0.3393	0.3967	0.0000	0.0000
0.3403	0.3975	0.0000	0.0000
0.3413	0.3983	0.0000	0.0000
0.3423	0.3991	0.0000	0.0000
0.3433	0.3998	0.0000	0.0000
0.3443	0.4006	0.0000	0.0000
0.3453	0.4014	0.0000	0.0000
0.3463	0.4022	0.0000	0.0000
0.3473	0.4029	0.0000	0.0000
0.3483	0.4037	0.0000	0.0000
0.3493	0.4045	0.0000	0.0000
0.3504	0.4053	0.0000	0.0000
0.3514	0.4061	0.0000	0.0000
0.3524	0.4068	0.0000	0.0000
0.3534	0.4076	0.0000	0.0000
0.3544	0.4084	0.0000	0.0000
0.3554	0.4092	0.0000	0.0000
0.3564	0.4099	0.0000	0.0000
0.3574	0.4107	0.0000	0.0000
0.3584	0.4115	0.0000	0.0000
0.3594	0.4123	0.0000	0.0000
0.3604	0.4131	0.0000	0.0000
0.3614	0.4138	0.0000	0.0000
0.3624	0.4146	0.0000	0.0000
0.3634	0.4154	0.0000	0.0000
0.3644	0.4162	0.0000	0.0000
0.3654	0.4170	0.0000	0.0000
0.3664	0.4178	0.0000	0.0000
0.3674	0.4185	0.0000	0.0000
0.3684	0.4193	0.0000	0.0000
0.3694	0.4201	0.0000	0.0000
0.3704	0.4209	0.0000	0.0000
0.3714	0.4217	0.0000	0.0000
0.3724	0.4225	0.0000	0.0000
0.3734	0.4232	0.0000	0.0000
0.3744	0.4240	0.0000	0.0000
0.3754	0.4248	0.0000	0.0000
0.3764	0.4256	0.0000	0.0000
0.3774	0.4264	0.0000	0.0000
0.3784	0.4272	0.0000	0.0000
0.3794	0.4280	0.0000	0.0000
0.3804	0.4287	0.0000	0.0000
0.3814	0.4295	0.0000	0.0000
0.3824	0.4303	0.0000	0.0000
0.3834	0.4311	0.0000	0.0000
0.3844	0.4319	0.0000	0.0000
0.3854	0.4327	0.0000	0.0000
0.3864	0.4335	0.0000	0.0000
0.3874	0.4343	0.0000	0.0000
0.3884	0.4351	0.0000	0.0000
0.3894	0.4359	0.0000	0.0000
0.3904	0.4367	0.0000	0.0000
0.3914	0.4374	0.0000	0.0000
0.3924	0.4382	0.0000	0.0000
0.3934	0.4390	0.0000	0.0000
0.3944	0.4398	0.0000	0.0000
0.3954	0.4406	0.0000	0.0000
0.3964	0.4414	0.0000	0.0000
0.3974	0.4422	0.0000	0.0000
0.3984	0.4430	0.0000	0.0000
0.3994	0.4438	0.0000	0.0000
0.4004	0.4446	0.0000	0.0000
0.4014	0.4454	0.0000	0.0000
0.4024	0.4462	0.0000	0.0000
0.4034	0.4470	0.0000	0.0000
0.4044	0.4478	0.0000	0.0000
0.4054	0.4486	0.0000	0.0000
0.4064	0.4494	0.0000	0.0000
0.4074	0.4502	0.0000	0.0000
0.4084	0.4510	0.0000	0.0000
0.4094	0.4518	0.0000	0.0000
0.4104	0.4526	0.0000	0.0000
0.4114	0.4534	0.0000	0.0000
0.4124	0.4542	0.0000	0.0000
0.4134	0.4550	0.0000	0.0000
0.4144	0.4558	0.0000	0.0000
0.4154	0.4566	0.0000	0.0000
0.4164	0.4575	0.0000	0.0000
0.4174	0.4583	0.0000	0.0000
0.4184	0.4591	0.0000	0.0000
0.4194	0.4599	0.0000	0.0000
0.4204	0.4607	0.0000	0.0000
0.4214	0.4615	0.0000	0.0000
0.4224	0.4623	0.0000	0.0000
0.4234	0.4631	0.0000	0.0000
0.4244	0.4639	0.0000	0.0000
0.4254	0.4648	0.0000	0.0000
0.4264	0.4656	0.0000	0.0000
0.4274	0.4664	0.0000	0.0000
0.4284	0.4672	0.0000	0.0000
0.4294	0.4680	0.0000	0.0000
0.4304	0.4688	0.0000	0.0000
0.4314	0.4697	0.0000	0.0000
0.4324	0.4705	0.0000	0.0000
0.4334	0.4713	0.0000	0.0000
0.4344	0.4721	0.0000	0.0000
0.4354	0.4729	0.0000	0.0000
0.4364	0.4738	0.0000	0.0000
0.4374	0.4746	0.0000	0.0000
0.4384	0.4754	0.0000	0.0000
0.4394	0.4762	0.0000	0.0000
0.4404	0.4771	0.0000	0.0000
0.4414	0.4779	0.0000	0.0000
0.4424	0.4787	0.0000	0.0000
0.4434	0.4796	0.0000	0.0000
0.4444	0.4804	0.0000	0.0000
0.4454	0.4812	0.0000	0.0000
0.4464	0.4820	0.0000	0.0000
0.4474	0.4829	0.0000	0.0000
0.4484	0.4837	0.0000	0.0000
0.4494	0.4845	0.0000	0.0000
0.4505	0.4854	0.0000	0.0000
0.4515	0.4862	0.0000	0.0000
0.4525	0.4871	0.0000	0.0000
0.4535	0.4879	0.0000	0.0000
0.4545	0.4887	0.0000	0.0000
0.4555	0.4896	0.0000	0.0000
0.4565	0.4904	0.0000	0.0000
0.4575	0.4913	0.0000	0.0000
0.4585	0.4921	0.0000	0.0000
0.4595	0.4930	0.0000	0.0000
0.4605	0.4938	0.0000	0.0000
0.4615	0.4946	0.0000	0.0000
0.4625	0.4955	0.0000	0.0000
0.4635	0.4963	0.0000	0.0000
0.4645	0.4972	0.0000	0.0000
0.4655	0.4980	0.0000	0.0000
0.4665	0.4989	0.0000	0.0000
0.4675	0.4997	0.0000	0.0000
0.4685	0.5006	0.0000	0.0000
0.4695	0.5015	0.0000	0.0000
0.4705	0.5023	0.0000	0.0000
0.4715	0.5032	0.0000	0.0000
0.4725	0.5040	0.0000	0.0000
0.4735	0.5049	0.0000	0.0000
0.4745	0.5058	0.0000	0.0000
0.4755	0.5066	0.0000	0.0000
0.4765	0.5075	0.0000	0.0000
0.4775	0.5084	0.0000	0.0000
0.4785	0.5092	0.0000	0.0000
0.4795	0.5101	0.0000	0.0000
0.4805	0.5110	0.0000	0.0000
0.4815	0.5118	0.0000	0.0000
0.4825	0.5127	0.0000	0.0000
0.4835	0.5136	0.0000	0.0000
0.4845	0.5145	0.0000	0.0000
0.4855	0.5153	0.0000	0.0000
0.4865	0.5162	0.0000	0.0000
0.4875	0.5171	0.0000	0.0000
0.4885	0.5180	0.0000	0.0000
0.4895	0.5188	0.0000	0.0000
0.4905	0.5197	0.0000	0.0000
0.4915	0.5206	0.0000	0.0000
0.4925	0.5215	0.0000	0.0000
0.4935	0.5224	0.0000	0.0000
0.4945	0.5233	0.0000	0.0000
0.4955	0.5242	0.0000	0.0000
0.4965	0.5251	0.0000	0.0000
0.4975	0.5260	0.0000	0.0000
0.4985	0.5269	0.0000	0.0000
0.4995	0.5277	0.0000	0.0000
0.5005	0.5290	0.0000	0.0000
0.5015	0.5306	0.0000	0.0000
0.5025	0.5321	0.0000	0.0000
0.5035	0.5337	0.0000	0.0000
0.5045	0.5353	0.0000	0.0000
0.5055	0.5368	0.0000	0.0000
0.5065	0.5384	0.0000	0.0000
0.5075	0.5399	0.0000	0.0000
0.5085	0.5414	0.0000	0.0000
0.5095	0.5429	0.0000	0.0000
0.5105	0.5444	0.0000	0.0000
0.5115	0.5459	0.0000	0.0000
0.5125	0.5474	0.0000	0.0000
0.5135	0.5489	0.0000	0.0000
0.5145	0.5504	0.0000	0.0000
0.5155	0.5519	0.0000	0.0000
0.5165	0.5533	0.0000	0.0000
0.5175	0.5548	0.0000	0.0000
0.5185	0.5562	0.0000	0.0000
0.5195	0.5577	0.0000	0.0000
0.5205	0.5591	0.0000	0.0000
0.5215	0.5605	0.0000	0.0000
0.5225	0.5619	0.0000	0.0000
0.5235	0.5633	0.0000	0.0000
0.5245	0.5648	0.0000	0.0000
0.5255	0.5661	0.0000	0.0000
0.5265	0.5675	0.0000	0.0000
0.5275	0.5689	0.0000	0.0000
0.5285	0.5703	0.0000	0.0000
0.5295	0.5717	0.0000	0.0000
0.5305	0.5730	0.0000	0.0000
0.5315	0.5744	0.0000	0.0000
0.5325	0.5757	0.0000	0.0000
0.5335	0.5771	0.0000	0.0000
0.5345	0.5784	0.0000	0.0000
0.5355	0.5797	0.0000	0.0000
0.5365	0.5810	0.0000	0.0000
0.5375	0.5824	0.0000	0.0000
0.5385	0.5837	0.0000	0.0000
0.5395	0.5850	0.0000	0.0000
0.5405	0.5863	0.0000	0.0000
0.5415	0.5876	0.0000	0.0000
0.5425	0.5888	0.0000	0.0000
0.5435	0.5901	0.0000	0.0000
0.5445	0.5914	0.0000	0.0000
0.5455	0.5926	0.0000	0.0000
0.5465	0.5939	0.0000	0.0000
0.5475	0.5951	0.0000	0.0000
0.5485	0.5964	0.0000	0.0000
0.5495	0.5976	0.0000	0.0000
0.5506	0.5989	0.0000	0.0000
0.5516	0.6001	0.0000	0.0000
0.5526	0.6013	0.0000	0.0000
0.5536	0.6025	0.0000	0.0000
0.5546	0.6037	0.0000	0.0000
0.5556	0.6049	0.0000	0.0000
0.5566	0.6061	0.0000	0.0000
0.5576	0.6073	0.0000	0.0000
0.5586	0.6085	0.0000	0.0000
0.5596	0.6097	0.0000	0.0000
0.5606	0.6109	0.0000	0.0000
0.5616	0.6120	0.0000	0.0000
0.5626	0.6132	0.0000	0.0000
0.5636	0.6143	0.0000	0.0000
0.5646	0.6155	0.0000	0.0000
0.5656	0.6166	0.0000	0.0000
0.5666	0.6178	0.0000	0.0000
0.5676	0.6189	0.0000	0.0000
0.5686	0.6200	0.0000	0.0000
0.5696	0.6212	0.0000	0.0000
0.5706	0.6223	0.0000	0.0000
0.5716	0.6234	0.0000	0.0000
0.5726	0.6245	0.0000	0.0000
0.5736	0.6256	0.0000	0.0000
0.5746	0.6267	0.0000	0.0000
0.5756	0.6278	0.0000	0.0000
0.5766	0.6289	0.0000	0.0000
0.5776	0.6300	0.0000	0.0000
0.5786	0.6310	0.0000	0.0000
0.5796	0.6321	0.0000	0.0000
0.5806	0.6332	0.0000	0.0000
0.5816	0.6342	0.0000	0.0000
0.5826	0.6353	0.0000	0.0000
0.5836	0.6363	0.0000	0.0000
0.5846	0.6374	0.0000	0.0000
0.5856	0.6384	0.0000	0.0000
0.5866	0.6395	0.0000	0.0000
0.5876	0.6405	0.0000	0.0000
0.5886	0.6415	0.0000	0.0000
0.5896	0.6426	0.0000	0.0000
0.5906	0.6436	0.0000	0.0000
0.5916	0.6446	0.0000	0.0000
0.5926	0.6456	0.0000	0.0000
0.5936	0.6466	0.0000	0.0000
0.5946	0.6476	0.0000	0.0000
0.5956	0.6486	0.0000	0.0000
0.5966	0.6496	0.0000	0.0000
0.5976	0.6506	0.0000	0.0000
0.5986	0.6515	0.0000	0.0000
0.5996	0.6525	0.0000	0.0000
0.6006	0.6535	0.0000	0.0000
0.6016	0.6545	0.0000	0.0000
0.6026	0.6554	0.0000	0.0000
0.6036	0.6564	0.0000	0.0000
0.6046	0.6573	0.0000	0.0000
0.6056	0.6583	0.0000	0.0000
0.6066	0.6592	0.0000	0.0000
0.6076	0.6602	0.0000	0.0000
0.6086	0.6611	0.0000	0.0000
0.6096	0.6620	0.0000	0.0000
0.6106	0.6630	0.0000	0.0000
0.6116	0.6639	0.0000	0.0000
0.6126	0.6648	0.0000	0.0000
0.6136	0.6657	0.0000	0.0000
0.6146	0.6666	0.0000	0.0000
0.6156	0.6676	0.0000	0.0000
0.6166	0.6685	0.0000	0.0000
0.6176	0.6694	0.0000	0.0000
0.6186	0.6703	0.0000	0.0000
0.6196	0.6711	0.0000	0.0000
0.6206	0.6720	0.0000	0.0000
0.6216	0.6729	0.0000	0.0000
0.6226	0.6738	0.0000	0.0000
0.6236	0.6747	0.0000	0.0000
0.6246	0.6756	0.0000	0.0000
0.6256	0.6764	0.0000	0.0000
0.6266	0.6773	0.0000	0.0000
0.6276	0.6781	0.0000	0.0000
0.6286	0.6790	0.0000	0.0000
0.6296	0.6799	0.0000	0.0000
0.6306	0.6807	0.0000	0.0000
0.6316	0.6816	0.0000	0.0000
0.6326	0.6824	0.0000	0.0000
0.6336	0.6832	0.0000	0.0000
0.6346	0.6841	0.0000	0.0000
0.6356	0.6849	0.0000	0.0000
0.6366	0.6857	0.0000	0.0000
0.6376	0.6866	0.0000	0.0000
0.6386	0.6874	0.0000	0.0000
0.6396	0.6882	0.0000	0.0000
0.6406	0.6890	0.0000	0.0000
0.6416	0.6898	0.0000	0.0000
0.6426	0.6906	0.0000	0.0000
0.6436	0.6914	0.0000	0.0000
0.6446	0.6922	0.0000	0.0000
0.6456	0.6930	0.0000	0.0000
0.6466	0.6938	0.0000	0.0000
0.6476	0.6946	0.0000	0.0000
0.6486	0.6954	0.0000	0.0000
0.6496	0.6962	0.0000	0.0000
0.6507	0.6970	0.0000	0.0000
0.6517	0.6977	0.0000	0.0000
0.6527	0.6985	0.0000	0.0000
0.6537	0.6993	0.0000	0.0000
0.6547	0.7001	0.0000	0.0000
0.6557	0.7008	0.0000	0.0000
0.6567	0.7016	0.0000	0.0000
0.6577	0.7023	0.0000	0.0000
0.6587	0.7031	0.0000	0.0000
0.6597	0.7039	0.0000	0.0000
0.6607	0.7046	0.0000	0.0000
0.6617	0.7054	0.0000	0.0000
0.6627	0.7061	0.0000	0.0000
0.6637	0.7068	0.0000	0.0000
0.6647	0.7076	0.0000	0.0000
0.6657	0.7083	0.0000	0.0000
0.6667	0.7090	0.0000	0.0000
0.6677	0.7098	0.0000	0.0000
0.6687	0.7105	0.0000	0.0000
0.6697	0.7112	0.0000	0.0000
0.6707	0.7119	0.0000	0.0000
0.6717	0.7127	0.0000	0.0000
0.6727	0.7134	0.0000	0.0000
0.6737	0.7141	0.0000	0.0000
0.6747	0.7148	0.0000	0.0000
0.6757	0.7155	0.0000	0.0000
0.6767	0.7162	0.0000	0.0000
0.6777	0.7169	0.0000	0.0000
0.6787	0.7176	0.0000	0.0000
0.6797	0.7183	0.0000	0.0000
0.6807	0.7190	0.0000	0.0000
0.6817	0.7197	0.0000	0.0000
0.6827	0.7204	0.0000	0.0000
0.6837	0.7210	0.0000	0.0000
0.6847	0.7217	0.0000	0.0000
0.6857	0.7224	0.0000	0.0000
0.6867	0.7231	0.0000	0.0000
0.6877	0.7237	0.0000	0.0000
0.6887	0.7244	0.0000	0.0000
0.6897	0.7251	0.0000	0.0000
0.6907	0.7257	0.0000	0.0000
0.6917	0.7264	0.0000	0.0000
0.6927	0.7271	0.0000	0.0000
0.6937	0.7277	0.0000	0.0000
0.6947	0.7284	0.0000	0.0000
0.6957	0.7290	0.0000	0.0000
0.6967	0.7297	0.0000	0.0000
0.6977	0.7303	0.0000	0.0000
0.6987	0.7310	0.0000	0.0000
0.6997	0.7316	0.0000	0.0000
0.7007	0.7323	0.0000	0.0000
0.7017	0.7329	0.0000	0.0000
0.7027	0.7335	0.0000	0.0000
0.7037	0.7342	0.0000	0.0000
0.7047	0.7348	0.0000	0.0000
0.7057	0.7354	0.0000	0.0000
0.7067	0.7361	0.0000	0.0000
0.7077	0.7367	0.0000	0.0000
0.7087	0.7373	0.0000	0.0000
0.7097	0.7379	0.0000	0.0000
0.7107	0.7386	0.0000	0.0000
0.7117	0.7392	0.0000	0.0000
0.7127	0.7398	0.0000	0.0000
0.7137	0.7404	0.0000	0.0000
0.7147	0.7410	0.0000	0.0000
0.7157	0.7416	0.0000	0.0000
0.7167	0.7422	0.0000	0.0000
0.7177	0.7428	0.0000	0.0000
0.7187	0.7434	0.0000	0.0000
0.7197	0.7440	0.0000	0.0000
0.7207	0.7446	0.0000	0.0000
0.7217	0.7452	0.0000	0.0000
0.7227	0.7458	0.0000	0.0000
0.7237	0.7464	0.0000	0.0000
0.7247	0.7470	0.0000	0.0000
0.7257	0.7476	0.0000	0.0000
0.7267	0.7482	0.0000	0.0000
0.7277	0.7487	0.0000	0.0000
0.7287	0.7493	0.0000	0.0000
0.7297	0.7499	0.0000	0.0000
0.7307	0.7505	0.0000	0.0000
0.7317	0.7511	0.0000	0.0000
0.7327	0.7516	0.0000	0.0000
0.7337	0.7522	0.0000	0.0000
0.7347	0.7528	0.0000	0.0000
0.7357	0.7533	0.0000	0.0000
0.7367	0.7539	0.0000	0.0000
0.7377	0.7545	0.0000	0.0000
0.7387	0.7550	0.0000	0.0000
0.7397	0.7556	0.0000	0.0000
0.7407	0.7561	0.0000	0.0000
0.7417	0.7567	0.0000	0.0000
0.7427	0.7573	0.0000	0.0000
0.7437	0.7578	0.0000	0.0000
0.7447	0.7584	0.0000	0.0000
0.7457	0.7589	0.0000	0.0000
0.7467	0.7595	0.0000	0.0000
0.7477	0.7600	0.0000	0.0000
0.7487	0.7605	0.0000	0.0000
0.7497	0.7611	0.0000	0.0000
0.7508	0.7616	0.0000	0.0000
0.7518	0.7622	0.0000	0.0000
0.7528	0.7627	0.0000	0.0000
0.7538	0.7632	0.0000	0.0000
0.7548	0.7638	0.0000	0.0000
0.7558	0.7643	0.0000	0.0000
0.7568	0.7648	0.0000	0.0000
0.7578	0.7654	0.0000	0.0000
0.7588	0.7659	0.0000	0.0000
0.7598	0.7664	0.0000	0.0000
0.7608	0.7669	0.0000	0.0000
0.7618	0.7675	0.0000	0.0000
0.7628	0.7680	0.0000	0.0000
0.7638	0.7685	0.0000	0.0000
0.7648	0.7690	0.0000	0.0000
0.7658	0.7695	0.0000	0.0000
0.7668	0.7701	0.0000	0.0000
0.7678	0.7706	0.0000	0.0000
0.7688	0.7711	0.0000	0.0000
0.7698	0.7716	0.0000	0.0000
0.7708	0.7721	0.0000	0.0000
0.7718	0.7726	0.0000	0.0000
0.7728	0.7731	0.0000	0.0000
0.7738	0.7736	0.0000	0.0000
0.7748	0.7741	0.0000	0.0000
0.7758	0.7746	0.0000	0.0000
0.7768	0.7751	0.0000	0.0000
0.7778	0.7756	0.0000	0.0000
0.7788	0.7761	0.0000	0.0000
0.7798	0.7766	0.0000	0.0000
0.7808	0.7771	0.0000	0.0000
0.7818	0.7776	0.0000	0.0000
0.7828	0.7781	0.0000	0.0000
0.7838	0.7786	0.0000	0.0000
0.7848	0.7791	0.0000	0.0000
0.7858	0.7796	0.0000	0.0000
0.7868	0.7801	0.0000	0.0000
0.7878	0.7806	0.0000	0.0000
0.7888	0.7810	0.0000	0.0000
0.7898	0.7815	0.0000	0.0000
0.7908	0.7820	0.0000	0.0000
0.7918	0.7825	0.0000	0.0000
0.7928	0.7830	0.0000	0.0000
0.7938	0.7835	0.0000	0.0000
0.7948	0.7839	0.0000	0.0000
0.7958	0.7844	0.0000	0.0000
0.7968	0.7849	0.0000	0.0000
0.7978	0.7854	0.0000	0.0000
0.7988	0.7858	0.0000	0.0000
0.7998	0.7863	0.0000	0.0000
0.8008	0.7868	0.0000	0.0000
0.8018	0.7873	0.0000	0.0000
0.8028	0.7877	0.0000	0.0000
0.8038	0.7882	0.0000	0.0000
0.8048	0.7887	0.0000	0.0000
0.8058	0.7891	0.0000	0.0000
0.8068	0.7896	0.0000	0.0000
0.8078	0.7901	0.0000	0.0000
0.8088	0.7905	0.0000	0.0000
0.8098	0.7910	0.0000	0.0000
0.8108	0.7914	0.0000	0.0000
0.8118	0.7919	0.0000	0.0000
0.8128	0.7924	0.0000	0.0000
0.8138	0.7928	0.0000	0.0000
0.8148	0.7933	0.0000	0.0000
0.8158	0.7937	0.0000	0.0000
0.8168	0.7942	0.0000	0.0000
0.8178	0.7946	0.0000	0.0000
0.8188	0.7951	0.0000	0.0000
0.8198	0.7955	0.0000	0.0000
0.8208	0.7960	0.0000	0.0000
0.8218	0.7964	0.0000	0.0000
0.8228	0.7969	0.0000	0.0000
0.8238	0.7973	0.0000	0.0000
0.8248	0.7978	0.0000	0.0000
0.8258	0.7982	0.0000	0.0000
0.8268	0.7987	0.0000	0.0000
0.8278	0.7991	0.0000	0.0000
0.8288	0.7996	0.0000	0.0000
0.8298	0.8000	0.0000	0.0000
0.8308	0.8004	0.0000	0.0000
0.8318	0.8009	0.0000	0.0000
0.8328	0.8013	0.0000	0.0000
0.8338	0.8018	0.0000	0.0000
0.8348	0.8022	0.0000	0.0000
0.8358	0.8026	0.0000	0.0000
0.8368	0.8031	0.0000	0.0000
0.8378	0.8035	0.0000	0.0000
0.8388	0.8040	0.0000	0.0000
0.8398	0.8044	0.0000	0.0000
0.8408	0.8048	0.0000	0.0000
0.8418	0.8053	0.0000	0.0000
0.8428	0.8057	0.0000	0.0000
0.8438	0.8061	0.0000	0.0000
0.8448	0.8066	0.0000	0.0000
0.8458	0.8070	0.0000	0.0000
0.8468	0.8074	0.0000	0.0000
0.8478	0.8078	0.0000	0.0000
0.8488	0.8083	0.0000	0.0000
0.8498	0.8087	0.0000	0.0000
0.8509	0.8091	0.0000	0.0000
0.8519	0.8096	0.0000	0.0000
0.8529	0.8100	0.0000	0.0000
0.8539	0.8104	0.0000	0.0000
0.8549	0.8108	0.0000	0.0000
0.8559	0.8113	0.0000	0.0000
0.8569	0.8117	0.0000	0.0000
0.8579	0.8121	0.0000	0.0000
0.8589	0.8125	0.0000	0.0000
0.8599	0.8129	0.0000	0.0000
0.8609	0.8134	0.0000	0.0000
0.8619	0.8138	0.0000	0.0000
0.8629	0.8142	0.0000	0.0000
0.8639	0.8146	0.0000	0.0000
0.8649	0.8150	0.0000	0.0000
0.8659	0.8155	0.0000	0.0000
0.8669	0.8159	0.0000	0.0000
0.8679	0.8163	0.0000	0.0000
0.8689	0.8167	0.0000	0.0000
0.8699	0.8171	0.0000	0.0000
0.8709	0.8176	0.0000	0.0000
0.8719	0.8180	0.0000	0.0000
0.8729	0.8184	0.0000	0.0000
0.8739	0.8188	0.0000	0.0000
0.8749	0.8192	0.0000	0.0000
0.8759	0.8196	0.0000	0.0000
0.8769	0.8200	0.0000	0.0000
0.8779	0.8205	0.0000	0.0000
0.8789	0.8209	0.0000	0.0000
0.8799	0.8213	0.0000	0.0000
0.8809	0.8217	0.0000	0.0000
0.8819	0.8221	0.0000	0.0000
0.8829	0.8225	0.0000	0.0000
0.8839	0.8229	0.0000	0.0000
0.8849	0.8233	0.0000	0.0000
0.8859	0.8237	0.0000	0.0000
0.8869	0.8241	0.0000	0.0000
0.8879	0.8246	0.0000	0.0000
0.8889	0.8250	0.0000	0.0000
0.8899	0.8254	0.0000	0.0000
0.8909	0.8258	0.0000	0.0000
0.8919	0.8262	0.0000	0.0000
0.8929	0.8266	0.0000	0.0000
0.8939	0.8270	0.0000	0.0000
0.8949	0.8274	0.0000	0.0000
0.8959	0.8278	0.0000	0.0000
0.8969	0.8282	0.0000	0.0000
0.8979	0.8286	0.0000	0.0000
0.8989	0.8290	0.0000	0.0000
0.8999	0.8294	0.0000	0.0000
0.9009	0.8298	0.0000	0.0000
0.9019	0.8303	0.0000	0.0000
0.9029	0.8307	0.0000	0.0000
0.9039	0.8311	0.0000	0.0000
0.9049	0.8315	0.0000	0.0000
0.9059	0.8319	0.0000	0.0000
0.9069	0.8323	0.0000	0.0000
0.9079	0.8327	0.0000	0.0000
0.9089	0.8331	0.0000	0.0000
0.9099	0.8335	0.0000	0.0000
0.9109	0.8339	0.0000	0.0000
0.9119	0.8343	0.0000	0.0000
0.9129	0.8347	0.0000	0.0000
0.9139	0.8351	0.0000	0.0000
0.9149	0.8355	0.0000	0.0000
0.9159	0.8359	0.0000	0.0000
0.9169	0.8363	0.0000	0.0000
0.9179	0.8367	0.0000	0.0000
0.9189	0.8371	0.0000	0.0000
0.9199	0.8375	0.0000	0.0000
0.9209	0.8379	0.0000	0.0000
0.9219	0.8383	0.0000	0.0000
0.9229	0.8387	0.0000	0.0000
0.9239	0.8391	0.0000	0.0000
0.9249	0.8395	0.0000	0.0000
0.9259	0.8399	0.0000	0.0000
0.9269	0.8403	0.0000	0.0000
0.9279	0.8407	0.0000	0.0000
0.9289	0.8411	0.0000	0.0000
0.9299	0.8415	0.0000	0.0000
0.9309	0.8419	0.0000	0.0000
0.9319	0.8423	0.0000	0.0000
0.9329	0.8427	0.0000	0.0000
0.9339	0.8431	0.0000	0.0000
0.9349	0.8435	0.0000	0.0000
0.9359	0.8439	0.0000	0.0000
0.9369	0.8444	0.0000	0.0000
0.9379	0.8448	0.0000	0.0000
0.9389	0.8452	0.0000	0.0000
0.9399	0.8456	0.0000	0.0000
0.9409	0.8460	0.0000	0.0000
0.9419	0.8464	0.0000	0.0000
0.9429	0.8468	0.0000	0.0000
0.9439	0.8472	0.0000	0.0000
0.9449	0.8476	0.0000	0.0000
0.9459	0.8480	0.0000	0.0000
0.9469	0.8484	0.0000	0.0000
0.9479	0.8488	0.0000	0.0000
0.9489	0.8492	0.0000	0.0000
0.9499	0.8496	0.0000	0.0000
0.9510	0.8500	0.0000	0.0000
0.9520	0.8504	0.0000	0.0000
0.9530	0.8508	0.0000	0.0000
0.9540	0.8512	0.0000	0.0000
0.9550	0.8516	0.0000	0.0000
0.9560	0.8520	0.0000	0.0000
0.9570	0.8524	0.0000	0.0000
0.9580	0.8528	0.0000	0.0000
0.9590	0.8532	0.0000	0.0000
0.9600	0.8536	0.0000	0.0000
0.9610	0.8541	0.0000	0.0000
0.9620	0.8545	0.0000	0.0000
0.9630	0.8549	0.0000	0.0000
0.9640	0.8553	0.0000	0.0000
0.9650	0.8557	0.0000	0.0000
0.9660	0.8561	0.0000	0.0000
0.9670	0.8565	0.0000	0.0000
0.9680	0.8569	0.0000	0.0000
0.9690	0.8573	0.0000	0.0000
0.9700	0.8577	0.0000	0.0000
0.9710	0.8581	0.0000	0.0000
0.9720	0.8586	0.0000	0.0000
0.9730	0.8590	0.0000	0.0000
0.9740	0.8594	0.0000	0.0000
0.9750	0.8598	0.0000	0.0000
0.9760	0.8602	0.0000	0.0000
0.9770	0.8606	0.0000	0.0000
0.9780	0.8610	0.0000	0.0000
0.9790	0.8614	0.0000	0.0000
0.9800	0.8619	0.0000	0.0000
0.9810	0.8623	0.0000	0.0000
0.9820	0.8627	0.0000	0.0000
0.9830	0.8631	0.0000	0.0000
0.9840	0.8635	0.0000	0.0000
0.9850	0.8639	0.0000	0.0000
0.9860	0.8644	0.0000	0.0000
0.9870	0.8648	0.0000	0.0000
0.9880	0.8652	0.0000	0.0000
0.9890	0.8656	0.0000	0.0000
0.9900	0.8660	0.0000	0.0000
0.9910	0.8665	0.0000	0.0000
0.9920	0.8669	0.0000	0.0000
0.9930	0.8673	0.0000	0.0000
0.9940	0.8677	0.0000	0.0000
0.9950	0.8681	0.0000	0.0000
0.9960	0.8686	0.0000	0.0000
0.9970	0.8690	0.0000	0.0000
0.9980	0.8694	0.0000	0.0000
0.9990	0.8699	0.0000	0.0000
1.0000	0.8703	0.0000	0.0000
0.7738
