0.0000	0.1781	0.0000	0.0000
0.0010	0.1788	0.0000	0.0000
0.0020	0.1795	0.0000	0.0000
0.0030	0.1802	0.0000	0.0000
0.0040	0.1809	0.0000	0.0000
0.0050	0.1815	0.0000	0.0000
0.0060	0.1822	0.0000	0.0000
0.0070	0.1829	0.0000	0.0000
0.0080	0.1836	0.0000	0.0000
0.0090	0.1842	0.0000	0.0000
0.0100	0.1849	0.0000	0.0000
0.0110	0.1856	0.0000	0.0000
0.0120	0.1863	0.0000	0.0000
0.0130	0.1869	0.0000	0.0000
0.0140	0.1876	0.0000	0.0000
0.0150	0.1883	0.0000	0.0000
0.0160	0.1889	0.0000	0.0000
0.0170	0.1896	0.0000	0.0000
0.0180	0.1903	0.0000	0.0000
0.0190	0.1909	0.0000	0.0000
0.0200	0.1916	0.0000	0.0000
0.0210	0.1923	0.0000	0.0000
0.0220	0.1929	0.0000	0.0000
0.0230	0.1936	0.0000	0.0000
0.0240	0.1943	0.0000	0.0000
0.0250	0.1949	0.0000	0.0000
0.0260	0.1956	0.0000	0.0000
0.0270	0.1962	0.0000	0.0000
0.0280	0.1969	0.0000	0.0000
0.0290	0.1976	0.0000	0.0000
0.0300	0.1982	0.0000	0.0000
0.0310	0.1989	0.0000	0.0000
0.0320	0.1996	0.0000	0.0000
0.0330	0.2002	0.0000	0.0000
0.0340	0.2009	0.0000	0.0000
0.0350	0.2015	0.0000	0.0000
0.0360	0.2022	0.0000	0.0000
0.0370	0.2028	0.0000	0.0000
0.0380	0.2035	0.0000	0.0000
0.0390	0.2041	0.0000	0.0000
0.0400	0.2048	0.0000	0.0000
0.0410	0.2055	0.0000	0.0000
0.0420	0.2061	0.0000	0.0000
0.0430	0.2068	0.0000	0.0000
0.0440	0.2074	0.0000	0.0000
0.0450	0.2081	0.0000	0.0000
0.0460	0.2087	0.0000	0.0000
0.0470	0.2094	0.0000	0.0000
0.0480	0.2100	0.0000	0.0000
0.0490	0.2107	0.0000	0.0000
0.0501	0.2113	0.0000	0.0000
0.0511	0.2120	0.0000	0.0000
0.0521	0.2126	0.0000	0.0000
0.0531	0.2132	0.0000	0.0000
0.0541	0.2139	0.0000	0.0000
0.0551	0.2145	0.0000	0.0000
0.0561	0.2152	0.0000	0.0000
0.0571	0.2158	0.0000	0.0000
0.0581	0.2165	0.0000	0.0000
0.0591	0.2171	0.0000	0.0000
0.0601	0.2177	0.0000	0.0000
0.0611	0.2184	0.0000	0.0000
0.0621	0.2190	0.0000	0.0000
0.0631	0.2197	0.0000	0.0000
0.0641	0.2203	0.0000	0.0000
0.0651	0.2209	0.0000	0.0000
0.0661	0.2216	0.0000	0.0000
0.0671	0.2222	0.0000	0.0000
0.0681	0.2229	0.0000	0.0000
0.0691	0.2235	0.0000	0.0000
0.0701	0.2241	0.0000	0.0000
0.0711	0.2248	0.0000	0.0000
0.0721	0.2254	0.0000	0.0000
0.0731	0.2260	0.0000	0.0000
0.0741	0.2267	0.0000	0.0000
0.0751	0.2273	0.0000	0.0000
0.0761	0.2279	0.0000	0.0000
0.0771	0.2286	0.0000	0.0000
0.0781	0.2292	0.0000	0.0000
0.0791	0.2298	0.0000	0.0000
0.0801	0.2305	0.0000	0.0000
0.0811	0.2311	0.0000	0.0000
0.0821	0.2317	0.0000	0.0000
0.0831	0.2323	0.0000	0.0000
0.0841	0.2330	0.0000	0.0000
0.0851	0.2336	0.0000	0.0000
0.0861	0.2342	0.0000	0.0000
0.0871	0.2348	0.0000	0.0000
0.0881	0.2355	0.0000	0.0000
0.0891	0.2361	0.0000	0.0000
0.0901	0.2367	0.0000	0.0000
0.0911	0.2373	0.0000	0.0000
0.0921	0.2380	0.0000	0.0000
0.0931	0.2386	0.0000	0.0000
0.0941	0.2392	0.0000	0.0000
0.0951	0.2398	0.0000	0.0000
0.0961	0.2405	0.0000	0.0000
0.0971	0.2411	0.0000	0.0000
0.0981	0.2417	0.0000	0.0000
0.0991	0.2423	0.0000	0.0000
0.1001	0.2429	0.0000	0.0000
0.1011	0.2436	0.0000	0.0000
0.1021	0.2442	0.0000	0.0000
0.1031	0.2448	0.0000	0.0000
0.1041	0.2454	0.0000	0.0000
0.1051	0.2460	0.0000	0.0000
0.1061	0.2466	0.0000	0.0000
0.1071	0.2473	0.0000	0.0000
0.1081	0.2479	0.0000	0.0000
0.1091	0.2485	0.0000	0.0000
0.1101	0.2491	0.0000	0.0000
0.1111	0.2497	0.0000	0.0000
0.1121	0.2503	0.0000	0.0000
0.1131	0.2509	0.0000	0.0000
0.1141	0.2515	0.0000	0.0000
0.1151	0.2522	0.0000	0.0000
0.1161	0.2528	0.0000	0.0000
0.1171	0.2534	0.0000	0.0000
0.1181	0.2540	0.0000	0.0000
0.1191	0.2546	0.0000	0.0000
0.1201	0.2552	0.0000	0.0000
0.1211	0.2558	0.0000	0.0000
0.1221	0.2564	0.0000	0.0000
0.1231	0.2570	0.0000	0.0000
0.1241	0.2576	0.0000	0.0000
0.1251	0.2582	0.0000	0.0000
0.1261	0.2589	0.0000	0.0000
0.1271	0.2595	0.0000	0.0000
0.1281	0.2601	0.0000	0.0000
0.1291	0.2607	0.0000	0.0000
0.1301	0.2613	0.0000	0.0000
0.1311	0.2619	0.0000	0.0000
0.1321	0.2625	0.0000	0.0000
0.1331	0.2631	0.0000	0.0000
0.1341	0.2637	0.0000	0.0000
0.1351	0.2643	0.0000	0.0000
0.1361	0.2649	0.0000	0.0000
0.1371	0.2655	0.0000	0.0000
0.1381	0.2661	0.0000	0.0000
0.1391	0.2667	0.0000	0.0000
0.1401	0.2673	0.0000	0.0000
0.1411	0.2679	0.0000	0.0000
0.1421	0.2685	0.0000	0.0000
0.1431	0.2691	0.0000	0.0000
0.1441	0.2697	0.0000	0.0000
0.1451	0.2703	0.0000	0.0000
0.1461	0.2709	0.0000	0.0000
0.1471	0.2715	0.0000	0.0000
0.1481	0.2721	0.0000	0.0000
0.1491	0.2727	0.0000	0.0000
0.1502	0.2733	0.0000	0.0000
0.1512	0.2739	0.0000	0.0000
0.1522	0.2745	0.0000	0.0000
0.1532	0.2750	0.0000	0.0000
0.1542	0.2756	0.0000	0.0000
0.1552	0.2762	0.0000	0.0000
0.1562	0.2768	0.0000	0.0000
0.1572	0.2774	0.0000	0.0000
0.1582	0.2780	0.0000	0.0000
0.1592	0.2786	0.0000	0.0000
0.1602	0.2792	0.0000	0.0000
0.1612	0.2798	0.0000	0.0000
0.1622	0.2804	0.0000	0.0000
0.1632	0.2810	0.0000	0.0000
0.1642	0.2816	0.0000	0.0000
0.1652	0.2822	0.0000	0.0000
0.1662	0.2827	0.0000	0.0000
0.1672	0.2833	0.0000	0.0000
0.1682	0.2839	0.0000	0.0000
0.1692	0.2845	0.0000	0.0000
0.1702	0.2851	0.0000	0.0000
0.1712	0.2857	0.0000	0.0000
0.1722	0.2863	0.0000	0.0000
0.1732	0.2869	0.0000	0.0000
0.1742	0.2874	0.0000	0.0000
0.1752	0.2880	0.0000	0.0000
0.1762	0.2886	0.0000	0.0000
0.1772	0.2892	0.0000	0.0000
0.1782	0.2898	0.0000	0.0000
0.1792	0.2904	0.0000	0.0000
0.1802	0.2910	0.0000	0.0000
0.1812	0.2915	0.0000	0.0000
0.1822	0.2921	0.0000	0.0000
0.1832	0.2927	0.0000	0.0000
0.1842	0.2933	0.0000	0.0000
0.1852	0.2939	0.0000	0.0000
0.1862	0.2945	0.0000	0.0000
0.1872	0.2951	0.0000	0.0000
0.1882	0.2956	0.0000	0.0000
0.1892	0.2962	0.0000	0.0000
0.1902	0.2968	0.0000	0.0000
0.1912	0.2974	0.0000	0.0000
0.1922	0.2980	0.0000	0.0000
0.1932	0.2985	0.0000	0.0000
0.1942	0.2991	0.0000	0.0000
0.1952	0.2997	0.0000	0.0000
0.1962	0.3003	0.0000	0.0000
0.1972	0.3009	0.0000	0.0000
0.1982	0.3015	0.0000	0.0000
0.1992	0.3020	0.0000	0.0000
0.2002	0.3026	0.0000	0.0000
0.2012	0.3032	0.0000	0.0000
0.2022	0.3038	0.0000	0.0000
0.2032	0.3044	0.0000	0.0000
0.2042	0.3049	0.0000	0.0000
0.2052	0.3055	0.0000	0.0000
0.2062	0.3061	0.0000	0.0000
0.2072	0.3067	0.0000	0.0000
0.2082	0.3073	0.0000	0.0000
0.2092	0.3078	0.0000	0.0000
0.2102	0.3084	0.0000	0.0000
0.2112	0.3090	0.0000	0.0000
0.2122	0.3096	0.0000	0.0000
0.2132	0.3101	0.0000	0.0000
0.2142	0.3107	0.0000	0.0000
0.2152	0.3113	0.0000	0.0000
0.2162	0.3119	0.0000	0.0000
0.2172	0.3125	0.0000	0.0000
0.2182	0.3130	0.0000	0.0000
0.2192	0.3136	0.0000	0.0000
0.2202	0.3142	0.0000	0.0000
0.2212	0.3148	0.0000	0.0000
0.2222	0.3153	0.0000	0.0000
0.2232	0.3159	0.0000	0.0000
0.2242	0.3165	0.0000	0.0000
0.2252	0.3171	0.0000	0.0000
0.2262	0.3176	0.0000	0.0000
0.2272	0.3182	0.0000	0.0000
0.2282	0.3188	0.0000	0.0000
0.2292	0.3194	0.0000	0.0000
0.2302	0.3199	0.0000	0.0000
0.2312	0.3205	0.0000	0.0000
0.2322	0.3211	0.0000	0.0000
0.2332	0.3217	0.0000	0.0000
0.2342	0.3223	0.0000	0.0000
0.2352	0.3228	0.0000	0.0000
0.2362	0.3234	0.0000	0.0000
0.2372	0.3240	0.0000	0.0000
0.2382	0.3246	0.0000	0.0000
0.2392	0.3251	0.0000	0.0000
0.2402	0.3257	0.0000	0.0000
0.2412	0.3263	0.0000	0.0000
0.2422	0.3269	0.0000	0.0000
0.2432	0.3274	0.0000	0.0000
0.2442	0.3280	0.0000	0.0000
0.2452	0.3286	0.0000	0.0000
0.2462	0.3292	0.0000	0.0000
0.2472	0.3297	0.0000	0.0000
0.2482	0.3303	0.0000	0.0000
0.2492	0.3309	0.0000	0.0000
0.2503	0.3315	0.0000	0.0000
0.2513	0.3320	0.0000	0.0000
0.2523	0.3326	0.0000	0.0000
0.2533	0.3332	0.0000	0.0000
0.2543	0.3338	0.0000	0.0000
0.2553	0.3343	0.0000	0.0000
0.2563	0.3349	0.0000	0.0000
0.2573	0.3355	0.0000	0.0000
0.2583	0.3361	0.0000	0.0000
0.2593	0.3366	0.0000	0.0000
0.2603	0.3372	0.0000	0.0000
0.2613	0.3378	0.0000	0.0000
0.2623	0.3384	0.0000	0.0000
0.2633	0.3390	0.0000	0.0000
0.2643	0.3395	0.0000	0.0000
0.2653	0.3401	0.0000	0.0000
0.2663	0.3407	0.0000	0.0000
0.2673	0.3413	0.0000	0.0000
0.2683	0.3418	0.0000	0.0000
0.2693	0.3424	0.0000	0.0000
0.2703	0.3430	0.0000	0.0000
0.2713	0.3436	0.0000	0.0000
0.2723	0.3442	0.0000	0.0000
0.2733	0.3447	0.0000	0.0000
0.2743	0.3453	0.0000	0.0000
0.2753	0.3459	0.0000	0.0000
0.2763	0.3465	0.0000	0.0000
0.2773	0.3471	0.0000	0.0000
0.2783	0.3476	0.0000	0.0000
0.2793	0.3482	0.0000	0.0000
0.2803	0.3488	0.0000	0.0000
0.2813	0.3494	0.0000	0.0000
0.2823	0.3500	0.0000	0.0000
0.2833	0.3505	0.0000	0.0000
0.2843	0.3511	0.0000	0.0000
0.2853	0.3517	0.0000	0.0000
0.2863	0.3523	0.0000	0.0000
0.2873	0.3529	0.0000	0.0000
0.2883	0.3534	0.0000	0.0000
0.2893	0.3540	0.0000	0.0000
0.2903	0.3546	0.0000	0.0000
0.2913	0.3552	0.0000	0.0000
0.2923	0.3558	0.0000	0.0000
0.2933	0.3564	0.0000	0.0000
0.2943	0.3569	0.0000	0.0000
0.2953	0.3575	0.0000	0.0000
0.2963	0.3581	0.0000	0.0000
0.2973	0.3587	0.0000	0.0000
0.2983	0.3593	0.0000	0.0000
0.2993	0.3599	0.0000	0.0000
0.3003	0.3604	0.0000	0.0000
0.3013	0.3610	0.0000	0.0000
0.3023	0.3616	0.0000	0.0000
0.3033	0.3622	0.0000	0.0000
0.3043	0.3628	0.0000	0.0000
0.3053	0.3634	0.0000	0.0000
0.3063	0.3640	0.0000	0.0000
0.3073	0.3646	0.0000	0.0000
0.3083	0.3652	0.0000	0.0000
0.3093	0.3657	0.0000	0.0000
0.3103	0.3663	0.0000	0.0000
0.3113	0.3669	0.0000	0.0000
0.3123	0.3675	0.0000	0.0000
0.3133	0.3681	0.0000	0.0000
0.3143	0.3687	0.0000	0.0000
0.3153	0.3693	0.0000	0.0000
0.3163	0.3699	0.0000	0.0000
0.3173	0.3705	0.0000	0.0000
0.3183	0.3711	0.0000	0.0000
0.3193	0.3717	0.0000	0.0000
0.3203	0.3723	0.0000	0.0000
0.3213	0.3729	0.0000	0.0000
0.3223	0.3735	0.0000	0.0000
0.3233	0.3741	0.0000	0.0000
0.3243	0.3747	0.0000	0.0000
0.3253	0.3753	0.0000	0.0000
0.3263	0.3759	0.0000	0.0000
0.3273	0.3764	0.0000	0.0000
0.3283	0.3771	0.0000	0.0000
0.3293	0.3777	0.0000	0.0000
0.3303	0.3783	0.0000	0.0000
0.3313	0.3789	0.0000	0.0000
0.3323	0.3795	0.0000	0.0000
0.3333	0.3801	0.0000	0.0000
0.3343	0.3807	0.0000	0.0000
0.3353	0.3813	0.0000	0.0000
0.3363	0.3819	0.0000	0.0000
0.3373	0.3825	0.0000	0.0000
0.3383	0.3831	0.0000	0.0000
0.3393	0.3837	0.0000	0.0000
0.3403	0.3843	0.0000	0.0000
0.3413	0.3849	0.0000	0.0000
0.3423	0.3855	0.0000	0.0000
0.3433	0.3861	0.0000	0.0000
0.3443	0.3867	0.0000	0.0000
0.3453	0.3874	0.0000	0.0000
0.3463	0.3880	0.0000	0.0000
0.3473	0.3886	0.0000	0.0000
0.3483	0.3892	0.0000	0.0000
0.3493	0.3898	0.0000	0.0000
0.3504	0.3904	0.0000	0.0000
0.3514	0.3910	0.0000	0.0000
0.3524	0.3917	0.0000	0.0000
0.3534	0.3923	0.0000	0.0000
0.3544	0.3929	0.0000	0.0000
0.3554	0.3935	0.0000	0.0000
0.3564	0.3941	0.0000	0.0000
0.3574	0.3948	0.0000	0.0000
0.3584	0.3954	0.0000	0.0000
0.3594	0.3960	0.0000	0.0000
0.3604	0.3966	0.0000	0.0000
0.3614	0.3973	0.0000	0.0000
0.3624	0.3979	0.0000	0.0000
0.3634	0.3985	0.0000	0.0000
0.3644	0.3992	0.0000	0.0000
0.3654	0.3998	0.0000	0.0000
0.3664	0.4004	0.0000	0.0000
0.3674	0.4010	0.0000	0.0000
0.3684	0.4017	0.0000	0.0000
0.3694	0.4023	0.0000	0.0000
0.3704	0.4030	0.0000	0.0000
0.3714	0.4036	0.0000	0.0000
0.3724	0.4042	0.0000	0.0000
0.3734	0.4049	0.0000	0.0000
0.3744	0.4055	0.0000	0.0000
0.3754	0.4061	0.0000	0.0000
0.3764	0.4068	0.0000	0.0000
0.3774	0.4074	0.0000	0.0000
0.3784	0.4081	0.0000	0.0000
0.3794	0.4087	0.0000	0.0000
0.3804	0.4094	0.0000	0.0000
0.3814	0.4100	0.0000	0.0000
0.3824	0.4107	0.0000	0.0000
0.3834	0.4113	0.0000	0.0000
0.3844	0.4120	0.0000	0.0000
0.3854	0.4126	0.0000	0.0000
0.3864	0.4133	0.0000	0.0000
0.3874	0.4139	0.0000	0.0000
0.3884	0.4146	0.0000	0.0000
0.3894	0.4153	0.0000	0.0000
0.3904	0.4159	0.0000	0.0000
0.3914	0.4166	0.0000	0.0000
0.3924	0.4172	0.0000	0.0000
0.3934	0.4179	0.0000	0.0000
0.3944	0.4186	0.0000	0.0000
0.3954	0.4192	0.0000	0.0000
0.3964	0.4199	0.0000	0.0000
0.3974	0.4206	0.0000	0.0000
0.3984	0.4212	0.0000	0.0000
0.3994	0.4219	0.0000	0.0000
0.4004	0.4226	0.0000	0.0000
0.4014	0.4233	0.0000	0.0000
0.4024	0.4239	0.0000	0.0000
0.4034	0.4246	0.0000	0.0000
0.4044	0.4253	0.0000	0.0000
0.4054	0.4260	0.0000	0.0000
0.4064	0.4267	0.0000	0.0000
0.4074	0.4273	0.0000	0.0000
0.4084	0.4280	0.0000	0.0000
0.4094	0.4287	0.0000	0.0000
0.4104	0.4294	0.0000	0.0000
0.4114	0.4301	0.0000	0.0000
0.4124	0.4308	0.0000	0.0000
0.4134	0.4315	0.0000	0.0000
0.4144	0.4322	0.0000	0.0000
0.4154	0.4329	0.0000	0.0000
0.4164	0.4336	0.0000	0.0000
0.4174	0.4343	0.0000	0.0000
0.4184	0.4350	0.0000	0.0000
0.4194	0.4357	0.0000	0.0000
0.4204	0.4364	0.0000	0.0000
0.4214	0.4371	0.0000	0.0000
0.4224	0.4378	0.0000	0.0000
0.4234	0.4385	0.0000	0.0000
0.4244	0.4392	0.0000	0.0000
0.4254	0.4400	0.0000	0.0000
0.4264	0.4407	0.0000	0.0000
0.4274	0.4414	0.0000	0.0000
0.4284	0.4421	0.0000	0.0000
0.4294	0.4428	0.0000	0.0000
0.4304	0.4436	0.0000	0.0000
0.4314	0.4443	0.0000	0.0000
0.4324	0.4450	0.0000	0.0000
0.4334	0.4458	0.0000	0.0000
0.4344	0.4465	0.0000	0.0000
0.4354	0.4472	0.0000	0.0000
0.4364	0.4480	0.0000	0.0000
0.4374	0.4487	0.0000	0.0000
0.4384	0.4494	0.0000	0.0000
0.4394	0.4502	0.0000	0.0000
0.4404	0.4509	0.0000	0.0000
0.4414	0.4517	0.0000	0.0000
0.4424	0.4524	0.0000	0.0000
0.4434	0.4532	0.0000	0.0000
0.4444	0.4539	0.0000	0.0000
0.4454	0.4547	0.0000	0.0000
0.4464	0.4555	0.0000	0.0000
0.4474	0.4562	0.0000	0.0000
0.4484	0.4570	0.0000	0.0000
0.4494	0.4578	0.0000	0.0000
0.4505	0.4585	0.0000	0.0000
0.4515	0.4593	0.0000	0.0000
0.4525	0.4601	0.0000	0.0000
0.4535	0.4609	0.0000	0.0000
0.4545	0.4616	0.0000	0.0000
0.4555	0.4624	0.0000	0.0000
0.4565	0.4632	0.0000	0.0000
0.4575	0.4640	0.0000	0.0000
0.4585	0.4648	0.0000	0.0000
0.4595	0.4656	0.0000	0.0000
0.4605	0.4664	0.0000	0.0000
0.4615	0.4672	0.0000	0.0000
0.4625	0.4680	0.0000	0.0000
0.4635	0.4688	0.0000	0.0000
0.4645	0.4696	0.0000	0.0000
0.4655	0.4704	0.0000	0.0000
0.4665	0.4712	0.0000	0.0000
0.4675	0.4720	0.0000	0.0000
0.4685	0.4728	0.0000	0.0000
0.4695	0.4736	0.0000	0.0000
0.4705	0.4744	0.0000	0.0000
0.4715	0.4753	0.0000	0.0000
0.4725	0.4761	0.0000	0.0000
0.4735	0.4769	0.0000	0.0000
0.4745	0.4778	0.0000	0.0000
0.4755	0.4786	0.0000	0.0000
0.4765	0.4794	0.0000	0.0000
0.4775	0.4803	0.0000	0.0000
0.4785	0.4811	0.0000	0.0000
0.4795	0.4820	0.0000	0.0000
0.4805	0.4828	0.0000	0.0000
0.4815	0.4837	0.0000	0.0000
0.4825	0.4845	0.0000	0.0000
0.4835	0.4854	0.0000	0.0000
0.4845	0.4863	0.0000	0.0000
0.4855	0.4871	0.0000	0.0000
0.4865	0.4880	0.0000	0.0000
0.4875	0.4889	0.0000	0.0000
0.4885	0.4898	0.0000	0.0000
0.4895	0.4906	0.0000	0.0000
0.4905	0.4915	0.0000	0.0000
0.4915	0.4924	0.0000	0.0000
0.4925	0.4933	0.0000	0.0000
0.4935	0.4942	0.0000	0.0000
0.4945	0.4951	0.0000	0.0000
0.4955	0.4960	0.0000	0.0000
0.4965	0.4969	0.0000	0.0000
0.4975	0.4978	0.0000	0.0000
0.4985	0.4987	0.0000	0.0000
0.4995	0.4996	0.0000	0.0000
0.5005	0.5005	0.0000	0.0000
0.5015	0.5015	0.0000	0.0000
0.5025	0.5024	0.0000	0.0000
0.5035	0.5033	0.0000	0.0000
0.5045	0.5042	0.0000	0.0000
0.5055	0.5051	0.0000	0.0000
0.5065	0.5060	0.0000	0.0000
0.5075	0.5069	0.0000	0.0000
0.5085	0.5078	0.0000	0.0000
0.5095	0.5087	0.0000	0.0000
0.5105	0.5095	0.0000	0.0000
0.5115	0.5104	0.0000	0.0000
0.5125	0.5113	0.0000	0.0000
0.5135	0.5122	0.0000	0.0000
0.5145	0.5131	0.0000	0.0000
0.5155	0.5139	0.0000	0.0000
0.5165	0.5148	0.0000	0.0000
0.5175	0.5156	0.0000	0.0000
0.5185	0.5165	0.0000	0.0000
0.5195	0.5174	0.0000	0.0000
0.5205	0.5182	0.0000	0.0000
0.5215	0.5191	0.0000	0.0000
0.5225	0.5199	0.0000	0.0000
0.5235	0.5208	0.0000	0.0000
0.5245	0.5216	0.0000	0.0000
0.5255	0.5224	0.0000	0.0000
0.5265	0.5233	0.0000	0.0000
0.5275	0.5241	0.0000	0.0000
0.5285	0.5249	0.0000	0.0000
0.5295	0.5257	0.0000	0.0000
0.5305	0.5266	0.0000	0.0000
0.5315	0.5274	0.0000	0.0000
0.5325	0.5282	0.0000	0.0000
0.5335	0.5290	0.0000	0.0000
0.5345	0.5298	0.0000	0.0000
0.5355	0.5306	0.0000	0.0000
0.5365	0.5314	0.0000	0.0000
0.5375	0.5322	0.0000	0.0000
0.5385	0.5330	0.0000	0.0000
0.5395	0.5338	0.0000	0.0000
0.5405	0.5346	0.0000	0.0000
0.5415	0.5354	0.0000	0.0000
0.5425	0.5362	0.0000	0.0000
0.5435	0.5370	0.0000	0.0000
0.5445	0.5378	0.0000	0.0000
0.5455	0.5386	0.0000	0.0000
0.5465	0.5394	0.0000	0.0000
0.5475	0.5401	0.0000	0.0000
0.5485	0.5409	0.0000	0.0000
0.5495	0.5417	0.0000	0.0000
0.5506	0.5425	0.0000	0.0000
0.5516	0.5432	0.0000	0.0000
0.5526	0.5440	0.0000	0.0000
0.5536	0.5447	0.0000	0.0000
0.5546	0.5455	0.0000	0.0000
0.5556	0.5463	0.0000	0.0000
0.5566	0.5470	0.0000	0.0000
0.5576	0.5478	0.0000	0.0000
0.5586	0.5485	0.0000	0.0000
0.5596	0.5493	0.0000	0.0000
0.5606	0.5500	0.0000	0.0000
0.5616	0.5508	0.0000	0.0000
0.5626	0.5515	0.0000	0.0000
0.5636	0.5523	0.0000	0.0000
0.5646	0.5530	0.0000	0.0000
0.5656	0.5537	0.0000	0.0000
0.5666	0.5545	0.0000	0.0000
0.5676	0.5552	0.0000	0.0000
0.5686	0.5559	0.0000	0.0000
0.5696	0.5567	0.0000	0.0000
0.5706	0.5574	0.0000	0.0000
0.5716	0.5581	0.0000	0.0000
0.5726	0.5588	0.0000	0.0000
0.5736	0.5595	0.0000	0.0000
0.5746	0.5603	0.0000	0.0000
0.5756	0.5610	0.0000	0.0000
0.5766	0.5617	0.0000	0.0000
0.5776	0.5624	0.0000	0.0000
0.5786	0.5631	0.0000	0.0000
0.5796	0.5638	0.0000	0.0000
0.5806	0.5645	0.0000	0.0000
0.5816	0.5652	0.0000	0.0000
0.5826	0.5659	0.0000	0.0000
0.5836	0.5666	0.0000	0.0000
0.5846	0.5673	0.0000	0.0000
0.5856	0.5680	0.0000	0.0000
0.5866	0.5687	0.0000	0.0000
0.5876	0.5694	0.0000	0.0000
0.5886	0.5701	0.0000	0.0000
0.5896	0.5708	0.0000	0.0000
0.5906	0.5715	0.0000	0.0000
0.5916	0.5722	0.0000	0.0000
0.5926	0.5729	0.0000	0.0000
0.5936	0.5736	0.0000	0.0000
0.5946	0.5743	0.0000	0.0000
0.5956	0.5749	0.0000	0.0000
0.5966	0.5756	0.0000	0.0000
0.5976	0.5763	0.0000	0.0000
0.5986	0.5770	0.0000	0.0000
0.5996	0.5777	0.0000	0.0000
0.6006	0.5783	0.0000	0.0000
0.6016	0.5790	0.0000	0.0000
0.6026	0.5797	0.0000	0.0000
0.6036	0.5803	0.0000	0.0000
0.6046	0.5810	0.0000	0.0000
0.6056	0.5817	0.0000	0.0000
0.6066	0.5823	0.0000	0.0000
0.6076	0.5830	0.0000	0.0000
0.6086	0.5837	0.0000	0.0000
0.6096	0.5843	0.0000	0.0000
0.6106	0.5850	0.0000	0.0000
0.6116	0.5856	0.0000	0.0000
0.6126	0.5863	0.0000	0.0000
0.6136	0.5870	0.0000	0.0000
0.6146	0.5876	0.0000	0.0000
0.6156	0.5883	0.0000	0.0000
0.6166	0.5889	0.0000	0.0000
0.6176	0.5896	0.0000	0.0000
0.6186	0.5902	0.0000	0.0000
0.6196	0.5909	0.0000	0.0000
0.6206	0.5915	0.0000	0.0000
0.6216	0.5922	0.0000	0.0000
0.6226	0.5928	0.0000	0.0000
0.6236	0.5934	0.0000	0.0000
0.6246	0.5941	0.0000	0.0000
0.6256	0.5947	0.0000	0.0000
0.6266	0.5954	0.0000	0.0000
0.6276	0.5960	0.0000	0.0000
0.6286	0.5966	0.0000	0.0000
0.6296	0.5973	0.0000	0.0000
0.6306	0.5979	0.0000	0.0000
0.6316	0.5986	0.0000	0.0000
0.6326	0.5992	0.0000	0.0000
0.6336	0.5998	0.0000	0.0000
0.6346	0.6005	0.0000	0.0000
0.6356	0.6011	0.0000	0.0000
0.6366	0.6017	0.0000	0.0000
0.6376	0.6023	0.0000	0.0000
0.6386	0.6030	0.0000	0.0000
0.6396	0.6036	0.0000	0.0000
0.6406	0.6042	0.0000	0.0000
0.6416	0.6048	0.0000	0.0000
0.6426	0.6055	0.0000	0.0000
0.6436	0.6061	0.0000	0.0000
0.6446	0.6067	0.0000	0.0000
0.6456	0.6073	0.0000	0.0000
0.6466	0.6080	0.0000	0.0000
0.6476	0.6086	0.0000	0.0000
0.6486	0.6092	0.0000	0.0000
0.6496	0.6098	0.0000	0.0000
0.6507	0.6104	0.0000	0.0000
0.6517	0.6110	0.0000	0.0000
0.6527	0.6117	0.0000	0.0000
0.6537	0.6123	0.0000	0.0000
0.6547	0.6129	0.0000	0.0000
0.6557	0.6135	0.0000	0.0000
0.6567	0.6141	0.0000	0.0000
0.6577	0.6147	0.0000	0.0000
0.6587	0.6153	0.0000	0.0000
0.6597	0.6159	0.0000	0.0000
0.6607	0.6165	0.0000	0.0000
0.6617	0.6172	0.0000	0.0000
0.6627	0.6178	0.0000	0.0000
0.6637	0.6184	0.0000	0.0000
0.6647	0.6190	0.0000	0.0000
0.6657	0.6196	0.0000	0.0000
0.6667	0.6202	0.0000	0.0000
0.6677	0.6208	0.0000	0.0000
0.6687	0.6214	0.0000	0.0000
0.6697	0.6220	0.0000	0.0000
0.6707	0.6226	0.0000	0.0000
0.6717	0.6232	0.0000	0.0000
0.6727	0.6238	0.0000	0.0000
0.6737	0.6244	0.0000	0.0000
0.6747	0.6250	0.0000	0.0000
0.6757	0.6256	0.0000	0.0000
0.6767	0.6262	0.0000	0.0000
0.6777	0.6268	0.0000	0.0000
0.6787	0.6274	0.0000	0.0000
0.6797	0.6280	0.0000	0.0000
0.6807	0.6286	0.0000	0.0000
0.6817	0.6292	0.0000	0.0000
0.6827	0.6298	0.0000	0.0000
0.6837	0.6303	0.0000	0.0000
0.6847	0.6309	0.0000	0.0000
0.6857	0.6315	0.0000	0.0000
0.6867	0.6321	0.0000	0.0000
0.6877	0.6327	0.0000	0.0000
0.6887	0.6333	0.0000	0.0000
0.6897	0.6339	0.0000	0.0000
0.6907	0.6345	0.0000	0.0000
0.6917	0.6351	0.0000	0.0000
0.6927	0.6357	0.0000	0.0000
0.6937	0.6363	0.0000	0.0000
0.6947	0.6368	0.0000	0.0000
0.6957	0.6374	0.0000	0.0000
0.6967	0.6380	0.0000	0.0000
0.6977	0.6386	0.0000	0.0000
0.6987	0.6392	0.0000	0.0000
0.6997	0.6398	0.0000	0.0000
0.7007	0.6404	0.0000	0.0000
0.7017	0.6410	0.0000	0.0000
0.7027	0.6415	0.0000	0.0000
0.7037	0.6421	0.0000	0.0000
0.7047	0.6427	0.0000	0.0000
0.7057	0.6433	0.0000	0.0000
0.7067	0.6439	0.0000	0.0000
0.7077	0.6445	0.0000	0.0000
0.7087	0.6450	0.0000	0.0000
0.7097	0.6456	0.0000	0.0000
0.7107	0.6462	0.0000	0.0000
0.7117	0.6468	0.0000	0.0000
0.7127	0.6474	0.0000	0.0000
0.7137	0.6479	0.0000	0.0000
0.7147	0.6485	0.0000	0.0000
0.7157	0.6491	0.0000	0.0000
0.7167	0.6497	0.0000	0.0000
0.7177	0.6503	0.0000	0.0000
0.7187	0.6509	0.0000	0.0000
0.7197	0.6514	0.0000	0.0000
0.7207	0.6520	0.0000	0.0000
0.7217	0.6526	0.0000	0.0000
0.7227	0.6532	0.0000	0.0000
0.7237	0.6537	0.0000	0.0000
0.7247	0.6543	0.0000	0.0000
0.7257	0.6549	0.0000	0.0000
0.7267	0.6555	0.0000	0.0000
0.7277	0.6561	0.0000	0.0000
0.7287	0.6566	0.0000	0.0000
0.7297	0.6572	0.0000	0.0000
0.7307	0.6578	0.0000	0.0000
0.7317	0.6584	0.0000	0.0000
0.7327	0.6589	0.0000	0.0000
0.7337	0.6595	0.0000	0.0000
0.7347	0.6601	0.0000	0.0000
0.7357	0.6607	0.0000	0.0000
0.7367	0.6613	0.0000	0.0000
0.7377	0.6618	0.0000	0.0000
0.7387	0.6624	0.0000	0.0000
0.7397	0.6630	0.0000	0.0000
0.7407	0.6636	0.0000	0.0000
0.7417	0.6641	0.0000	0.0000
0.7427	0.6647	0.0000	0.0000
0.7437	0.6653	0.0000	0.0000
0.7447	0.6659	0.0000	0.0000
0.7457	0.6664	0.0000	0.0000
0.7467	0.6670	0.0000	0.0000
0.7477	0.6676	0.0000	0.0000
0.7487	0.6682	0.0000	0.0000
0.7497	0.6687	0.0000	0.0000
0.7508	0.6693	0.0000	0.0000
0.7518	0.6699	0.0000	0.0000
0.7528	0.6705	0.0000	0.0000
0.7538	0.6710	0.0000	0.0000
0.7548	0.6716	0.0000	0.0000
0.7558	0.6722	0.0000	0.0000
0.7568	0.6728	0.0000	0.0000
0.7578	0.6733	0.0000	0.0000
0.7588	0.6739	0.0000	0.0000
0.7598	0.6745	0.0000	0.0000
0.7608	0.6751	0.0000	0.0000
0.7618	0.6756	0.0000	0.0000
0.7628	0.6762	0.0000	0.0000
0.7638	0.6768	0.0000	0.0000
0.7648	0.6774	0.0000	0.0000
0.7658	0.6779	0.0000	0.0000
0.7668	0.6785	0.0000	0.0000
0.7678	0.6791	0.0000	0.0000
0.7688	0.6797	0.0000	0.0000
0.7698	0.6802	0.0000	0.0000
0.7708	0.6808	0.0000	0.0000
0.7718	0.6814	0.0000	0.0000
0.7728	0.6820	0.0000	0.0000
0.7738	0.6825	0.0000	0.0000
0.7748	0.6831	0.0000	0.0000
0.7758	0.6837	0.0000	0.0000
0.7768	0.6843	0.0000	0.0000
0.7778	0.6848	0.0000	0.0000
0.7788	0.6854	0.0000	0.0000
0.7798	0.6860	0.0000	0.0000
0.7808	0.6866	0.0000	0.0000
0.7818	0.6872	0.0000	0.0000
0.7828	0.6877	0.0000	0.0000
0.7838	0.6883	0.0000	0.0000
0.7848	0.6889	0.0000	0.0000
0.7858	0.6895	0.0000	0.0000
0.7868	0.6900	0.0000	0.0000
0.7878	0.6906	0.0000	0.0000
0.7888	0.6912	0.0000	0.0000
0.7898	0.6918	0.0000	0.0000
0.7908	0.6923	0.0000	0.0000
0.7918	0.6929	0.0000	0.0000
0.7928	0.6935	0.0000	0.0000
0.7938	0.6941	0.0000	0.0000
0.7948	0.6947	0.0000	0.0000
0.7958	0.6952	0.0000	0.0000
0.7968	0.6958	0.0000	0.0000
0.7978	0.6964	0.0000	0.0000
0.7988	0.6970	0.0000	0.0000
0.7998	0.6976	0.0000	0.0000
0.8008	0.6981	0.0000	0.0000
0.8018	0.6987	0.0000	0.0000
0.8028	0.6993	0.0000	0.0000
0.8038	0.6999	0.0000	0.0000
0.8048	0.7005	0.0000	0.0000
0.8058	0.7010	0.0000	0.0000
0.8068	0.7016	0.0000	0.0000
0.8078	0.7022	0.0000	0.0000
0.8088	0.7028	0.0000	0.0000
0.8098	0.7034	0.0000	0.0000
0.8108	0.7039	0.0000	0.0000
0.8118	0.7045	0.0000	0.0000
0.8128	0.7051	0.0000	0.0000
0.8138	0.7057	0.0000	0.0000
0.8148	0.7063	0.0000	0.0000
0.8158	0.7069	0.0000	0.0000
0.8168	0.7074	0.0000	0.0000
0.8178	0.7080	0.0000	0.0000
0.8188	0.7086	0.0000	0.0000
0.8198	0.7092	0.0000	0.0000
0.8208	0.7098	0.0000	0.0000
0.8218	0.7104	0.0000	0.0000
0.8228	0.7109	0.0000	0.0000
0.8238	0.7115	0.0000	0.0000
0.8248	0.7121	0.0000	0.0000
0.8258	0.7127	0.0000	0.0000
0.8268	0.7133	0.0000	0.0000
0.8278	0.7139	0.0000	0.0000
0.8288	0.7145	0.0000	0.0000
0.8298	0.7150	0.0000	0.0000
0.8308	0.7156	0.0000	0.0000
0.8318	0.7162	0.0000	0.0000
0.8328	0.7168	0.0000	0.0000
0.8338	0.7174	0.0000	0.0000
0.8348	0.7180	0.0000	0.0000
0.8358	0.7186	0.0000	0.0000
0.8368	0.7192	0.0000	0.0000
0.8378	0.7198	0.0000	0.0000
0.8388	0.7203	0.0000	0.0000
0.8398	0.7209	0.0000	0.0000
0.8408	0.7215	0.0000	0.0000
0.8418	0.7221	0.0000	0.0000
0.8428	0.7227	0.0000	0.0000
0.8438	0.7233	0.0000	0.0000
0.8448	0.7239	0.0000	0.0000
0.8458	0.7245	0.0000	0.0000
0.8468	0.7251	0.0000	0.0000
0.8478	0.7257	0.0000	0.0000
0.8488	0.7263	0.0000	0.0000
0.8498	0.7269	0.0000	0.0000
0.8509	0.7275	0.0000	0.0000
0.8519	0.7281	0.0000	0.0000
0.8529	0.7287	0.0000	0.0000
0.8539	0.7292	0.0000	0.0000
0.8549	0.7298	0.0000	0.0000
0.8559	0.7304	0.0000	0.0000
0.8569	0.7310	0.0000	0.0000
0.8579	0.7316	0.0000	0.0000
0.8589	0.7322	0.0000	0.0000
0.8599	0.7328	0.0000	0.0000
0.8609	0.7334	0.0000	0.0000
0.8619	0.7340	0.0000	0.0000
0.8629	0.7346	0.0000	0.0000
0.8639	0.7352	0.0000	0.0000
0.8649	0.7358	0.0000	0.0000
0.8659	0.7364	0.0000	0.0000
0.8669	0.7370	0.0000	0.0000
0.8679	0.7376	0.0000	0.0000
0.8689	0.7382	0.0000	0.0000
0.8699	0.7388	0.0000	0.0000
0.8709	0.7394	0.0000	0.0000
0.8719	0.7400	0.0000	0.0000
0.8729	0.7407	0.0000	0.0000
0.8739	0.7413	0.0000	0.0000
0.8749	0.7419	0.0000	0.0000
0.8759	0.7425	0.0000	0.0000
0.8769	0.7431	0.0000	0.0000
0.8779	0.7437	0.0000	0.0000
0.8789	0.7443	0.0000	0.0000
0.8799	0.7449	0.0000	0.0000
0.8809	0.7455	0.0000	0.0000
0.8819	0.7461	0.0000	0.0000
0.8829	0.7467	0.0000	0.0000
0.8839	0.7473	0.0000	0.0000
0.8849	0.7479	0.0000	0.0000
0.8859	0.7485	0.0000	0.0000
0.8869	0.7492	0.0000	0.0000
0.8879	0.7498	0.0000	0.0000
0.8889	0.7504	0.0000	0.0000
0.8899	0.7510	0.0000	0.0000
0.8909	0.7516	0.0000	0.0000
0.8919	0.7522	0.0000	0.0000
0.8929	0.7528	0.0000	0.0000
0.8939	0.7534	0.0000	0.0000
0.8949	0.7541	0.0000	0.0000
0.8959	0.7547	0.0000	0.0000
0.8969	0.7553	0.0000	0.0000
0.8979	0.7559	0.0000	0.0000
0.8989	0.7565	0.0000	0.0000
0.8999	0.7571	0.0000	0.0000
0.9009	0.7578	0.0000	0.0000
0.9019	0.7584	0.0000	0.0000
0.9029	0.7590	0.0000	0.0000
0.9039	0.7596	0.0000	0.0000
0.9049	0.7602	0.0000	0.0000
0.9059	0.7609	0.0000	0.0000
0.9069	0.7615	0.0000	0.0000
0.9079	0.7621	0.0000	0.0000
0.9089	0.7627	0.0000	0.0000
0.9099	0.7634	0.0000	0.0000
0.9109	0.7640	0.0000	0.0000
0.9119	0.7646	0.0000	0.0000
0.9129	0.7652	0.0000	0.0000
0.9139	0.7658	0.0000	0.0000
0.9149	0.7665	0.0000	0.0000
0.9159	0.7671	0.0000	0.0000
0.9169	0.7677	0.0000	0.0000
0.9179	0.7684	0.0000	0.0000
0.9189	0.7690	0.0000	0.0000
0.9199	0.7696	0.0000	0.0000
0.9209	0.7702	0.0000	0.0000
0.9219	0.7709	0.0000	0.0000
0.9229	0.7715	0.0000	0.0000
0.9239	0.7721	0.0000	0.0000
0.9249	0.7728	0.0000	0.0000
0.9259	0.7734	0.0000	0.0000
0.9269	0.7740	0.0000	0.0000
0.9279	0.7747	0.0000	0.0000
0.9289	0.7753	0.0000	0.0000
0.9299	0.7759	0.0000	0.0000
0.9309	0.7766	0.0000	0.0000
0.9319	0.7772	0.0000	0.0000
0.9329	0.7778	0.0000	0.0000
0.9339	0.7785	0.0000	0.0000
0.9349	0.7791	0.0000	0.0000
0.9359	0.7797	0.0000	0.0000
0.9369	0.7804	0.0000	0.0000
0.9379	0.7810	0.0000	0.0000
0.9389	0.7817	0.0000	0.0000
0.9399	0.7823	0.0000	0.0000
0.9409	0.7829	0.0000	0.0000
0.9419	0.7836	0.0000	0.0000
0.9429	0.7842	0.0000	0.0000
0.9439	0.7849	0.0000	0.0000
0.9449	0.7855	0.0000	0.0000
0.9459	0.7862	0.0000	0.0000
0.9469	0.7868	0.0000	0.0000
0.9479	0.7874	0.0000	0.0000
0.9489	0.7881	0.0000	0.0000
0.9499	0.7887	0.0000	0.0000
0.9510	0.7894	0.0000	0.0000
0.9520	0.7900	0.0000	0.0000
0.9530	0.7907	0.0000	0.0000
0.9540	0.7913	0.0000	0.0000
0.9550	0.7920	0.0000	0.0000
0.9560	0.7926	0.0000	0.0000
0.9570	0.7933	0.0000	0.0000
0.9580	0.7939	0.0000	0.0000
0.9590	0.7946	0.0000	0.0000
0.9600	0.7952	0.0000	0.0000
0.9610	0.7959	0.0000	0.0000
0.9620	0.7965	0.0000	0.0000
0.9630	0.7972	0.0000	0.0000
0.9640	0.7978	0.0000	0.0000
0.9650	0.7985	0.0000	0.0000
0.9660	0.7992	0.0000	0.0000
0.9670	0.7998	0.0000	0.0000
0.9680	0.8005	0.0000	0.0000
0.9690	0.8011	0.0000	0.0000
0.9700	0.8018	0.0000	0.0000
0.9710	0.8025	0.0000	0.0000
0.9720	0.8031	0.0000	0.0000
0.9730	0.8038	0.0000	0.0000
0.9740	0.8044	0.0000	0.0000
0.9750	0.8051	0.0000	0.0000
0.9760	0.8058	0.0000	0.0000
0.9770	0.8064	0.0000	0.0000
0.9780	0.8071	0.0000	0.0000
0.9790	0.8077	0.0000	0.0000
0.9800	0.8084	0.0000	0.0000
0.9810	0.8091	0.0000	0.0000
0.9820	0.8097	0.0000	0.0000
0.9830	0.8104	0.0000	0.0000
0.9840	0.8111	0.0000	0.0000
0.9850	0.8117	0.0000	0.0000
0.9860	0.8124	0.0000	0.0000
0.9870	0.8131	0.0000	0.0000
0.9880	0.8138	0.0000	0.0000
0.9890	0.8144	0.0000	0.0000
0.9900	0.8151	0.0000	0.0000
0.9910	0.8158	0.0000	0.0000
0.9920	0.8164	0.0000	0.0000
0.9930	0.8171	0.0000	0.0000
0.9940	0.8178	0.0000	0.0000
0.9950	0.8185	0.0000	0.0000
0.9960	0.8191	0.0000	0.0000
0.9970	0.8198	0.0000	0.0000
0.9980	0.8205	0.0000	0.0000
0.9990	0.8212	0.0000	0.0000
1.0000	0.8219	0.0000	0.0000
0.5015
