0.0000	0.1307	0.0000	0.0000
0.0010	0.1316	0.0000	0.0000
0.0020	0.1324	0.0000	0.0000
0.0030	0.1332	0.0000	0.0000
0.0040	0.1340	0.0000	0.0000
0.0050	0.1349	0.0000	0.0000
0.0060	0.1357	0.0000	0.0000
0.0070	0.1365	0.0000	0.0000
0.0080	0.1374	0.0000	0.0000
0.0090	0.1382	0.0000	0.0000
0.0100	0.1390	0.0000	0.0000
0.0110	0.1399	0.0000	0.0000
0.0120	0.1407	0.0000	0.0000
0.0130	0.1415	0.0000	0.0000
0.0140	0.1423	0.0000	0.0000
0.0150	0.1432	0.0000	0.0000
0.0160	0.1440	0.0000	0.0000
0.0170	0.1448	0.0000	0.0000
0.0180	0.1456	0.0000	0.0000
0.0190	0.1465	0.0000	0.0000
0.0200	0.1473	0.0000	0.0000
0.0210	0.1481	0.0000	0.0000
0.0220	0.1490	0.0000	0.0000
0.0230	0.1498	0.0000	0.0000
0.0240	0.1506	0.0000	0.0000
0.0250	0.1514	0.0000	0.0000
0.0260	0.1522	0.0000	0.0000
0.0270	0.1531	0.0000	0.0000
0.0280	0.1539	0.0000	0.0000
0.0290	0.1547	0.0000	0.0000
0.0300	0.1555	0.0000	0.0000
0.0310	0.1564	0.0000	0.0000
0.0320	0.1572	0.0000	0.0000
0.0330	0.1580	0.0000	0.0000
0.0340	0.1588	0.0000	0.0000
0.0350	0.1596	0.0000	0.0000
0.0360	0.1605	0.0000	0.0000
0.0370	0.1613	0.0000	0.0000
0.0380	0.1621	0.0000	0.0000
0.0390	0.1629	0.0000	0.0000
0.0400	0.1637	0.0000	0.0000
0.0410	0.1646	0.0000	0.0000
0.0420	0.1654	0.0000	0.0000
0.0430	0.1662	0.0000	0.0000
0.0440	0.1670	0.0000	0.0000
0.0450	0.1678	0.0000	0.0000
0.0460	0.1687	0.0000	0.0000
0.0470	0.1695	0.0000	0.0000
0.0480	0.1703	0.0000	0.0000
0.0490	0.1711	0.0000	0.0000
0.0501	0.1719	0.0000	0.0000
0.0511	0.1727	0.0000	0.0000
0.0521	0.1736	0.0000	0.0000
0.0531	0.1744	0.0000	0.0000
0.0541	0.1752	0.0000	0.0000
0.0551	0.1760	0.0000	0.0000
0.0561	0.1768	0.0000	0.0000
0.0571	0.1776	0.0000	0.0000
0.0581	0.1784	0.0000	0.0000
0.0591	0.1793	0.0000	0.0000
0.0601	0.1801	0.0000	0.0000
0.0611	0.1809	0.0000	0.0000
0.0621	0.1817	0.0000	0.0000
0.0631	0.1825	0.0000	0.0000
0.0641	0.1833	0.0000	0.0000
0.0651	0.1841	0.0000	0.0000
0.0661	0.1849	0.0000	0.0000
0.0671	0.1857	0.0000	0.0000
0.0681	0.1866	0.0000	0.0000
0.0691	0.1874	0.0000	0.0000
0.0701	0.1882	0.0000	0.0000
0.0711	0.1890	0.0000	0.0000
0.0721	0.1898	0.0000	0.0000
0.0731	0.1906	0.0000	0.0000
0.0741	0.1914	0.0000	0.0000
0.0751	0.1922	0.0000	0.0000
0.0761	0.1930	0.0000	0.0000
0.0771	0.1938	0.0000	0.0000
0.0781	0.1946	0.0000	0.0000
0.0791	0.1954	0.0000	0.0000
0.0801	0.1962	0.0000	0.0000
0.0811	0.1971	0.0000	0.0000
0.0821	0.1979	0.0000	0.0000
0.0831	0.1987	0.0000	0.0000
0.0841	0.1995	0.0000	0.0000
0.0851	0.2003	0.0000	0.0000
0.0861	0.2011	0.0000	0.0000
0.0871	0.2019	0.0000	0.0000
0.0881	0.2027	0.0000	0.0000
0.0891	0.2035	0.0000	0.0000
0.0901	0.2043	0.0000	0.0000
0.0911	0.2051	0.0000	0.0000
0.0921	0.2059	0.0000	0.0000
0.0931	0.2067	0.0000	0.0000
0.0941	0.2075	0.0000	0.0000
0.0951	0.2083	0.0000	0.0000
0.0961	0.2091	0.0000	0.0000
0.0971	0.2099	0.0000	0.0000
0.0981	0.2107	0.0000	0.0000
0.0991	0.2115	0.0000	0.0000
0.1001	0.2123	0.0000	0.0000
0.1011	0.2131	0.0000	0.0000
0.1021	0.2139	0.0000	0.0000
0.1031	0.2147	0.0000	0.0000
0.1041	0.2155	0.0000	0.0000
0.1051	0.2163	0.0000	0.0000
0.1061	0.2171	0.0000	0.0000
0.1071	0.2179	0.0000	0.0000
0.1081	0.2187	0.0000	0.0000
0.1091	0.2195	0.0000	0.0000
0.1101	0.2203	0.0000	0.0000
0.1111	0.2211	0.0000	0.0000
0.1121	0.2219	0.0000	0.0000
0.1131	0.2227	0.0000	0.0000
0.1141	0.2235	0.0000	0.0000
0.1151	0.2243	0.0000	0.0000
0.1161	0.2251	0.0000	0.0000
0.1171	0.2259	0.0000	0.0000
0.1181	0.2267	0.0000	0.0000
0.1191	0.2274	0.0000	0.0000
0.1201	0.2282	0.0000	0.0000
0.1211	0.2290	0.0000	0.0000
0.1221	0.2298	0.0000	0.0000
0.1231	0.2306	0.0000	0.0000
0.1241	0.2314	0.0000	0.0000
0.1251	0.2322	0.0000	0.0000
0.1261	0.2330	0.0000	0.0000
0.1271	0.2338	0.0000	0.0000
0.1281	0.2346	0.0000	0.0000
0.1291	0.2354	0.0000	0.0000
0.1301	0.2362	0.0000	0.0000
0.1311	0.2370	0.0000	0.0000
0.1321	0.2378	0.0000	0.0000
0.1331	0.2385	0.0000	0.0000
0.1341	0.2393	0.0000	0.0000
0.1351	0.2401	0.0000	0.0000
0.1361	0.2409	0.0000	0.0000
0.1371	0.2417	0.0000	0.0000
0.1381	0.2425	0.0000	0.0000
0.1391	0.2433	0.0000	0.0000
0.1401	0.2441	0.0000	0.0000
0.1411	0.2449	0.0000	0.0000
0.1421	0.2456	0.0000	0.0000
0.1431	0.2464	0.0000	0.0000
0.1441	0.2472	0.0000	0.0000
0.1451	0.2480	0.0000	0.0000
0.1461	0.2488	0.0000	0.0000
0.1471	0.2496	0.0000	0.0000
0.1481	0.2504	0.0000	0.0000
0.1491	0.2512	0.0000	0.0000
0.1502	0.2519	0.0000	0.0000
0.1512	0.2527	0.0000	0.0000
0.1522	0.2535	0.0000	0.0000
0.1532	0.2543	0.0000	0.0000
0.1542	0.2551	0.0000	0.0000
0.1552	0.2559	0.0000	0.0000
0.1562	0.2567	0.0000	0.0000
0.1572	0.2574	0.0000	0.0000
0.1582	0.2582	0.0000	0.0000
0.1592	0.2590	0.0000	0.0000
0.1602	0.2598	0.0000	0.0000
0.1612	0.2606	0.0000	0.0000
0.1622	0.2614	0.0000	0.0000
0.1632	0.2621	0.0000	0.0000
0.1642	0.2629	0.0000	0.0000
0.1652	0.2637	0.0000	0.0000
0.1662	0.2645	0.0000	0.0000
0.1672	0.2653	0.0000	0.0000
0.1682	0.2661	0.0000	0.0000
0.1692	0.2668	0.0000	0.0000
0.1702	0.2676	0.0000	0.0000
0.1712	0.2684	0.0000	0.0000
0.1722	0.2692	0.0000	0.0000
0.1732	0.2700	0.0000	0.0000
0.1742	0.2707	0.0000	0.0000
0.1752	0.2715	0.0000	0.0000
0.1762	0.2723	0.0000	0.0000
0.1772	0.2731	0.0000	0.0000
0.1782	0.2739	0.0000	0.0000
0.1792	0.2746	0.0000	0.0000
0.1802	0.2754	0.0000	0.0000
0.1812	0.2762	0.0000	0.0000
0.1822	0.2770	0.0000	0.0000
0.1832	0.2778	0.0000	0.0000
0.1842	0.2785	0.0000	0.0000
0.1852	0.2793	0.0000	0.0000
0.1862	0.2801	0.0000	0.0000
0.1872	0.2809	0.0000	0.0000
0.1882	0.2816	0.0000	0.0000
0.1892	0.2824	0.0000	0.0000
0.1902	0.2832	0.0000	0.0000
0.1912	0.2840	0.0000	0.0000
0.1922	0.2847	0.0000	0.0000
0.1932	0.2855	0.0000	0.0000
0.1942	0.2863	0.0000	0.0000
0.1952	0.2871	0.0000	0.0000
0.1962	0.2879	0.0000	0.0000
0.1972	0.2886	0.0000	0.0000
0.1982	0.2894	0.0000	0.0000
0.1992	0.2902	0.0000	0.0000
0.2002	0.2910	0.0000	0.0000
0.2012	0.2917	0.0000	0.0000
0.2022	0.2925	0.0000	0.0000
0.2032	0.2933	0.0000	0.0000
0.2042	0.2941	0.0000	0.0000
0.2052	0.2948	0.0000	0.0000
0.2062	0.2956	0.0000	0.0000
0.2072	0.2964	0.0000	0.0000
0.2082	0.2971	0.0000	0.0000
0.2092	0.2979	0.0000	0.0000
0.2102	0.2987	0.0000	0.0000
0.2112	0.2995	0.0000	0.0000
0.2122	0.3002	0.0000	0.0000
0.2132	0.3010	0.0000	0.0000
0.2142	0.3018	0.0000	0.0000
0.2152	0.3026	0.0000	0.0000
0.2162	0.3033	0.0000	0.0000
0.2172	0.3041	0.0000	0.0000
0.2182	0.3049	0.0000	0.0000
0.2192	0.3057	0.0000	0.0000
0.2202	0.3064	0.0000	0.0000
0.2212	0.3072	0.0000	0.0000
0.2222	0.3080	0.0000	0.0000
0.2232	0.3087	0.0000	0.0000
0.2242	0.3095	0.0000	0.0000
0.2252	0.3103	0.0000	0.0000
0.2262	0.3111	0.0000	0.0000
0.2272	0.3118	0.0000	0.0000
0.2282	0.3126	0.0000	0.0000
0.2292	0.3134	0.0000	0.0000
0.2302	0.3141	0.0000	0.0000
0.2312	0.3149	0.0000	0.0000
0.2322	0.3157	0.0000	0.0000
0.2332	0.3164	0.0000	0.0000
0.2342	0.3172	0.0000	0.0000
0.2352	0.3180	0.0000	0.0000
0.2362	0.3188	0.0000	0.0000
0.2372	0.3195	0.0000	0.0000
0.2382	0.3203	0.0000	0.0000
0.2392	0.3211	0.0000	0.0000
0.2402	0.3218	0.0000	0.0000
0.2412	0.3226	0.0000	0.0000
0.2422	0.3234	0.0000	0.0000
0.2432	0.3241	0.0000	0.0000
0.2442	0.3249	0.0000	0.0000
0.2452	0.3257	0.0000	0.0000
0.2462	0.3264	0.0000	0.0000
0.2472	0.3272	0.0000	0.0000
0.2482	0.3280	0.0000	0.0000
0.2492	0.3288	0.0000	0.0000
0.2503	0.3295	0.0000	0.0000
0.2513	0.3303	0.0000	0.0000
0.2523	0.3311	0.0000	0.0000
0.2533	0.3318	0.0000	0.0000
0.2543	0.3326	0.0000	0.0000
0.2553	0.3334	0.0000	0.0000
0.2563	0.3341	0.0000	0.0000
0.2573	0.3349	0.0000	0.0000
0.2583	0.3357	0.0000	0.0000
0.2593	0.3364	0.0000	0.0000
0.2603	0.3372	0.0000	0.0000
0.2613	0.3380	0.0000	0.0000
0.2623	0.3387	0.0000	0.0000
0.2633	0.3395	0.0000	0.0000
0.2643	0.3403	0.0000	0.0000
0.2653	0.3410	0.0000	0.0000
0.2663	0.3418	0.0000	0.0000
0.2673	0.3426	0.0000	0.0000
0.2683	0.3433	0.0000	0.0000
0.2693	0.3441	0.0000	0.0000
0.2703	0.3449	0.0000	0.0000
0.2713	0.3456	0.0000	0.0000
0.2723	0.3464	0.0000	0.0000
0.2733	0.3472	0.0000	0.0000
0.2743	0.3479	0.0000	0.0000
0.2753	0.3487	0.0000	0.0000
0.2763	0.3495	0.0000	0.0000
0.2773	0.3502	0.0000	0.0000
0.2783	0.3510	0.0000	0.0000
0.2793	0.3518	0.0000	0.0000
0.2803	0.3525	0.0000	0.0000
0.2813	0.3533	0.0000	0.0000
0.2823	0.3541	0.0000	0.0000
0.2833	0.3549	0.0000	0.0000
0.2843	0.3556	0.0000	0.0000
0.2853	0.3564	0.0000	0.0000
0.2863	0.3572	0.0000	0.0000
0.2873	0.3579	0.0000	0.0000
0.2883	0.3587	0.0000	0.0000
0.2893	0.3595	0.0000	0.0000
0.2903	0.3602	0.0000	0.0000
0.2913	0.3610	0.0000	0.0000
0.2923	0.3618	0.0000	0.0000
0.2933	0.3625	0.0000	0.0000
0.2943	0.3633	0.0000	0.0000
0.2953	0.3641	0.0000	0.0000
0.2963	0.3648	0.0000	0.0000
0.2973	0.3656	0.0000	0.0000
0.2983	0.3664	0.0000	0.0000
0.2993	0.3671	0.0000	0.0000
0.3003	0.3679	0.0000	0.0000
0.3013	0.3687	0.0000	0.0000
0.3023	0.3694	0.0000	0.0000
0.3033	0.3702	0.0000	0.0000
0.3043	0.3710	0.0000	0.0000
0.3053	0.3717	0.0000	0.0000
0.3063	0.3725	0.0000	0.0000
0.3073	0.3733	0.0000	0.0000
0.3083	0.3740	0.0000	0.0000
0.3093	0.3748	0.0000	0.0000
0.3103	0.3756	0.0000	0.0000
0.3113	0.3763	0.0000	0.0000
0.3123	0.3771	0.0000	0.0000
0.3133	0.3779	0.0000	0.0000
0.3143	0.3787	0.0000	0.0000
0.3153	0.3794	0.0000	0.0000
0.3163	0.3802	0.0000	0.0000
0.3173	0.3810	0.0000	0.0000
0.3183	0.3817	0.0000	0.0000
0.3193	0.3825	0.0000	0.0000
0.3203	0.3833	0.0000	0.0000
0.3213	0.3840	0.0000	0.0000
0.3223	0.3848	0.0000	0.0000
0.3233	0.3856	0.0000	0.0000
0.3243	0.3864	0.0000	0.0000
0.3253	0.3871	0.0000	0.0000
0.3263	0.3879	0.0000	0.0000
0.3273	0.3887	0.0000	0.0000
0.3283	0.3894	0.0000	0.0000
0.3293	0.3902	0.0000	0.0000
0.3303	0.3910	0.0000	0.0000
0.3313	0.3917	0.0000	0.0000
0.3323	0.3925	0.0000	0.0000
0.3333	0.3933	0.0000	0.0000
0.3343	0.3941	0.0000	0.0000
0.3353	0.3948	0.0000	0.0000
0.3363	0.3956	0.0000	0.0000
0.3373	0.3964	0.0000	0.0000
0.3383	0.3972	0.0000	0.0000
0.3393	0.3979	0.0000	0.0000
0.3403	0.3987	0.0000	0.0000
0.3413	0.3995	0.0000	0.0000
0.3423	0.4002	0.0000	0.0000
0.3433	0.4010	0.0000	0.0000
0.3443	0.4018	0.0000	0.0000
0.3453	0.4026	0.0000	0.0000
0.3463	0.4033	0.0000	0.0000
0.3473	0.4041	0.0000	0.0000
0.3483	0.4049	0.0000	0.0000
0.3493	0.4057	0.0000	0.0000
0.3504	0.4064	0.0000	0.0000
0.3514	0.4072	0.0000	0.0000
0.3524	0.4080	0.0000	0.0000
0.3534	0.4088	0.0000	0.0000
0.3544	0.4096	0.0000	0.0000
0.3554	0.4103	0.0000	0.0000
0.3564	0.4111	0.0000	0.0000
0.3574	0.4119	0.0000	0.0000
0.3584	0.4127	0.0000	0.0000
0.3594	0.4134	0.0000	0.0000
0.3604	0.4142	0.0000	0.0000
0.3614	0.4150	0.0000	0.0000
0.3624	0.4158	0.0000	0.0000
0.3634	0.4166	0.0000	0.0000
0.3644	0.4173	0.0000	0.0000
0.3654	0.4181	0.0000	0.0000
0.3664	0.4189	0.0000	0.0000
0.3674	0.4197	0.0000	0.0000
0.3684	0.4205	0.0000	0.0000
0.3694	0.4212	0.0000	0.0000
0.3704	0.4220	0.0000	0.0000
0.3714	0.4228	0.0000	0.0000
0.3724	0.4236	0.0000	0.0000
0.3734	0.4244	0.0000	0.0000
0.3744	0.4252	0.0000	0.0000
0.3754	0.4259	0.0000	0.0000
0.3764	0.4267	0.0000	0.0000
0.3774	0.4275	0.0000	0.0000
0.3784	0.4283	0.0000	0.0000
0.3794	0.4291	0.0000	0.0000
0.3804	0.4299	0.0000	0.0000
0.3814	0.4306	0.0000	0.0000
0.3824	0.4314	0.0000	0.0000
0.3834	0.4322	0.0000	0.0000
0.3844	0.4330	0.0000	0.0000
0.3854	0.4338	0.0000	0.0000
0.3864	0.4346	0.0000	0.0000
0.3874	0.4354	0.0000	0.0000
0.3884	0.4362	0.0000	0.0000
0.3894	0.4370	0.0000	0.0000
0.3904	0.4377	0.0000	0.0000
0.3914	0.4385	0.0000	0.0000
0.3924	0.4393	0.0000	0.0000
0.3934	0.4401	0.0000	0.0000
0.3944	0.4409	0.0000	0.0000
0.3954	0.4417	0.0000	0.0000
0.3964	0.4425	0.0000	0.0000
0.3974	0.4433	0.0000	0.0000
0.3984	0.4441	0.0000	0.0000
0.3994	0.4449	0.0000	0.0000
0.4004	0.4457	0.0000	0.0000
0.4014	0.4465	0.0000	0.0000
0.4024	0.4473	0.0000	0.0000
0.4034	0.4481	0.0000	0.0000
0.4044	0.4489	0.0000	0.0000
0.4054	0.4497	0.0000	0.0000
0.4064	0.4505	0.0000	0.0000
0.4074	0.4513	0.0000	0.0000
0.4084	0.4521	0.0000	0.0000
0.4094	0.4529	0.0000	0.0000
0.4104	0.4537	0.0000	0.0000
0.4114	0.4545	0.0000	0.0000
0.4124	0.4553	0.0000	0.0000
0.4134	0.4561	0.0000	0.0000
0.4144	0.4569	0.0000	0.0000
0.4154	0.4577	0.0000	0.0000
0.4164	0.4585	0.0000	0.0000
0.4174	0.4593	0.0000	0.0000
0.4184	0.4601	0.0000	0.0000
0.4194	0.4609	0.0000	0.0000
0.4204	0.4617	0.0000	0.0000
0.4214	0.4625	0.0000	0.0000
0.4224	0.4633	0.0000	0.0000
0.4234	0.4641	0.0000	0.0000
0.4244	0.4649	0.0000	0.0000
0.4254	0.4658	0.0000	0.0000
0.4264	0.4666	0.0000	0.0000
0.4274	0.4674	0.0000	0.0000
0.4284	0.4682	0.0000	0.0000
0.4294	0.4690	0.0000	0.0000
0.4304	0.4698	0.0000	0.0000
0.4314	0.4706	0.0000	0.0000
0.4324	0.4715	0.0000	0.0000
0.4334	0.4723	0.0000	0.0000
0.4344	0.4731	0.0000	0.0000
0.4354	0.4739	0.0000	0.0000
0.4364	0.4747	0.0000	0.0000
0.4374	0.4756	0.0000	0.0000
0.4384	0.4764	0.0000	0.0000
0.4394	0.4772	0.0000	0.0000
0.4404	0.4780	0.0000	0.0000
0.4414	0.4788	0.0000	0.0000
0.4424	0.4797	0.0000	0.0000
0.4434	0.4805	0.0000	0.0000
0.4444	0.4813	0.0000	0.0000
0.4454	0.4821	0.0000	0.0000
0.4464	0.4830	0.0000	0.0000
0.4474	0.4838	0.0000	0.0000
0.4484	0.4846	0.0000	0.0000
0.4494	0.4855	0.0000	0.0000
0.4505	0.4863	0.0000	0.0000
0.4515	0.4871	0.0000	0.0000
0.4525	0.4880	0.0000	0.0000
0.4535	0.4888	0.0000	0.0000
0.4545	0.4896	0.0000	0.0000
0.4555	0.4905	0.0000	0.0000
0.4565	0.4913	0.0000	0.0000
0.4575	0.4922	0.0000	0.0000
0.4585	0.4930	0.0000	0.0000
0.4595	0.4938	0.0000	0.0000
0.4605	0.4947	0.0000	0.0000
0.4615	0.4955	0.0000	0.0000
0.4625	0.4964	0.0000	0.0000
0.4635	0.4972	0.0000	0.0000
0.4645	0.4981	0.0000	0.0000
0.4655	0.4989	0.0000	0.0000
0.4665	0.4998	0.0000	0.0000
0.4675	0.5006	0.0000	0.0000
0.4685	0.5015	0.0000	0.0000
0.4695	0.5023	0.0000	0.0000
0.4705	0.5032	0.0000	0.0000
0.4715	0.5040	0.0000	0.0000
0.4725	0.5049	0.0000	0.0000
0.4735	0.5057	0.0000	0.0000
0.4745	0.5066	0.0000	0.0000
0.4755	0.5074	0.0000	0.0000
0.4765	0.5083	0.0000	0.0000
0.4775	0.5092	0.0000	0.0000
0.4785	0.5100	0.0000	0.0000
0.4795	0.5109	0.0000	0.0000
0.4805	0.5118	0.0000	0.0000
0.4815	0.5126	0.0000	0.0000
0.4825	0.5135	0.0000	0.0000
0.4835	0.5144	0.0000	0.0000
0.4845	0.5152	0.0000	0.0000
0.4855	0.5161	0.0000	0.0000
0.4865	0.5170	0.0000	0.0000
0.4875	0.5179	0.0000	0.0000
0.4885	0.5187	0.0000	0.0000
0.4895	0.5196	0.0000	0.0000
0.4905	0.5205	0.0000	0.0000
0.4915	0.5214	0.0000	0.0000
0.4925	0.5222	0.0000	0.0000
0.4935	0.5231	0.0000	0.0000
0.4945	0.5240	0.0000	0.0000
0.4955	0.5249	0.0000	0.0000
0.4965	0.5258	0.0000	0.0000
0.4975	0.5267	0.0000	0.0000
0.4985	0.5276	0.0000	0.0000
0.4995	0.5285	0.0000	0.0000
0.5005	0.5297	0.0000	0.0000
0.5015	0.5313	0.0000	0.0000
0.5025	0.5328	0.0000	0.0000
0.5035	0.5344	0.0000	0.0000
0.5045	0.5359	0.0000	0.0000
0.5055	0.5375	0.0000	0.0000
0.5065	0.5390	0.0000	0.0000
0.5075	0.5405	0.0000	0.0000
0.5085	0.5421	0.0000	0.0000
0.5095	0.5436	0.0000	0.0000
0.5105	0.5451	0.0000	0.0000
0.5115	0.5466	0.0000	0.0000
0.5125	0.5480	0.0000	0.0000
0.5135	0.5495	0.0000	0.0000
0.5145	0.5510	0.0000	0.0000
0.5155	0.5525	0.0000	0.0000
0.5165	0.5539	0.0000	0.0000
0.5175	0.5554	0.0000	0.0000
0.5185	0.5568	0.0000	0.0000
0.5195	0.5582	0.0000	0.0000
0.5205	0.5597	0.0000	0.0000
0.5215	0.5611	0.0000	0.0000
0.5225	0.5625	0.0000	0.0000
0.5235	0.5639	0.0000	0.0000
0.5245	0.5653	0.0000	0.0000
0.5255	0.5667	0.0000	0.0000
0.5265	0.5681	0.0000	0.0000
0.5275	0.5694	0.0000	0.0000
0.5285	0.5708	0.0000	0.0000
0.5295	0.5722	0.0000	0.0000
0.5305	0.5735	0.0000	0.0000
0.5315	0.5749	0.0000	0.0000
0.5325	0.5762	0.0000	0.0000
0.5335	0.5776	0.0000	0.0000
0.5345	0.5789	0.0000	0.0000
0.5355	0.5802	0.0000	0.0000
0.5365	0.5815	0.0000	0.0000
0.5375	0.5828	0.0000	0.0000
0.5385	0.5841	0.0000	0.0000
0.5395	0.5854	0.0000	0.0000
0.5405	0.5867	0.0000	0.0000
0.5415	0.5880	0.0000	0.0000
0.5425	0.5893	0.0000	0.0000
0.5435	0.5905	0.0000	0.0000
0.5445	0.5918	0.0000	0.0000
0.5455	0.5931	0.0000	0.0000
0.5465	0.5943	0.0000	0.0000
0.5475	0.5955	0.0000	0.0000
0.5485	0.5968	0.0000	0.0000
0.5495	0.5980	0.0000	0.0000
0.5506	0.5992	0.0000	0.0000
0.5516	0.6005	0.0000	0.0000
0.5526	0.6017	0.0000	0.0000
0.5536	0.6029	0.0000	0.0000
0.5546	0.6041	0.0000	0.0000
0.5556	0.6053	0.0000	0.0000
0.5566	0.6065	0.0000	0.0000
0.5576	0.6077	0.0000	0.0000
0.5586	0.6088	0.0000	0.0000
0.5596	0.6100	0.0000	0.0000
0.5606	0.6112	0.0000	0.0000
0.5616	0.6123	0.0000	0.0000
0.5626	0.6135	0.0000	0.0000
0.5636	0.6146	0.0000	0.0000
0.5646	0.6158	0.0000	0.0000
0.5656	0.6169	0.0000	0.0000
0.5666	0.6181	0.0000	0.0000
0.5676	0.6192	0.0000	0.0000
0.5686	0.6203	0.0000	0.0000
0.5696	0.6214	0.0000	0.0000
0.5706	0.6225	0.0000	0.0000
0.5716	0.6236	0.0000	0.0000
0.5726	0.6247	0.0000	0.0000
0.5736	0.6258	0.0000	0.0000
0.5746	0.6269	0.0000	0.0000
0.5756	0.6280	0.0000	0.0000
0.5766	0.6291	0.0000	0.0000
0.5776	0.6302	0.0000	0.0000
0.5786	0.6312	0.0000	0.0000
0.5796	0.6323	0.0000	0.0000
0.5806	0.6334	0.0000	0.0000
0.5816	0.6344	0.0000	0.0000
0.5826	0.6355	0.0000	0.0000
0.5836	0.6365	0.0000	0.0000
0.5846	0.6376	0.0000	0.0000
0.5856	0.6386	0.0000	0.0000
0.5866	0.6396	0.0000	0.0000
0.5876	0.6407	0.0000	0.0000
0.5886	0.6417	0.0000	0.0000
0.5896	0.6427	0.0000	0.0000
0.5906	0.6437	0.0000	0.0000
0.5916	0.6447	0.0000	0.0000
0.5926	0.6457	0.0000	0.0000
0.5936	0.6467	0.0000	0.0000
0.5946	0.6477	0.0000	0.0000
0.5956	0.6487	0.0000	0.0000
0.5966	0.6497	0.0000	0.0000
0.5976	0.6507	0.0000	0.0000
0.5986	0.6516	0.0000	0.0000
0.5996	0.6526	0.0000	0.0000
0.6006	0.6536	0.0000	0.0000
0.6016	0.6545	0.0000	0.0000
0.6026	0.6555	0.0000	0.0000
0.6036	0.6564	0.0000	0.0000
0.6046	0.6574	0.0000	0.0000
0.6056	0.6583	0.0000	0.0000
0.6066	0.6593	0.0000	0.0000
0.6076	0.6602	0.0000	0.0000
0.6086	0.6611	0.0000	0.0000
0.6096	0.6621	0.0000	0.0000
0.6106	0.6630	0.0000	0.0000
0.6116	0.6639	0.0000	0.0000
0.6126	0.6648	0.0000	0.0000
0.6136	0.6657	0.0000	0.0000
0.6146	0.6667	0.0000	0.0000
0.6156	0.6676	0.0000	0.0000
0.6166	0.6685	0.0000	0.0000
0.6176	0.6693	0.0000	0.0000
0.6186	0.6702	0.0000	0.0000
0.6196	0.6711	0.0000	0.0000
0.6206	0.6720	0.0000	0.0000
0.6216	0.6729	0.0000	0.0000
0.6226	0.6738	0.0000	0.0000
0.6236	0.6746	0.0000	0.0000
0.6246	0.6755	0.0000	0.0000
0.6256	0.6764	0.0000	0.0000
0.6266	0.6772	0.0000	0.0000
0.6276	0.6781	0.0000	0.0000
0.6286	0.6789	0.0000	0.0000
0.6296	0.6798	0.0000	0.0000
0.6306	0.6806	0.0000	0.0000
0.6316	0.6815	0.0000	0.0000
0.6326	0.6823	0.0000	0.0000
0.6336	0.6831	0.0000	0.0000
0.6346	0.6840	0.0000	0.0000
0.6356	0.6848	0.0000	0.0000
0.6366	0.6856	0.0000	0.0000
0.6376	0.6864	0.0000	0.0000
0.6386	0.6873	0.0000	0.0000
0.6396	0.6881	0.0000	0.0000
0.6406	0.6889	0.0000	0.0000
0.6416	0.6897	0.0000	0.0000
0.6426	0.6905	0.0000	0.0000
0.6436	0.6913	0.0000	0.0000
0.6446	0.6921	0.0000	0.0000
0.6456	0.6929	0.0000	0.0000
0.6466	0.6937	0.0000	0.0000
0.6476	0.6944	0.0000	0.0000
0.6486	0.6952	0.0000	0.0000
0.6496	0.6960	0.0000	0.0000
0.6507	0.6968	0.0000	0.0000
0.6517	0.6976	0.0000	0.0000
0.6527	0.6983	0.0000	0.0000
0.6537	0.6991	0.0000	0.0000
0.6547	0.6999	0.0000	0.0000
0.6557	0.7006	0.0000	0.0000
0.6567	0.7014	0.0000	0.0000
0.6577	0.7021	0.0000	0.0000
0.6587	0.7029	0.0000	0.0000
0.6597	0.7036	0.0000	0.0000
0.6607	0.7044	0.0000	0.0000
0.6617	0.7051	0.0000	0.0000
0.6627	0.7058	0.0000	0.0000
0.6637	0.7066	0.0000	0.0000
0.6647	0.7073	0.0000	0.0000
0.6657	0.7080	0.0000	0.0000
0.6667	0.7088	0.0000	0.0000
0.6677	0.7095	0.0000	0.0000
0.6687	0.7102	0.0000	0.0000
0.6697	0.7109	0.0000	0.0000
0.6707	0.7116	0.0000	0.0000
0.6717	0.7124	0.0000	0.0000
0.6727	0.7131	0.0000	0.0000
0.6737	0.7138	0.0000	0.0000
0.6747	0.7145	0.0000	0.0000
0.6757	0.7152	0.0000	0.0000
0.6767	0.7159	0.0000	0.0000
0.6777	0.7166	0.0000	0.0000
0.6787	0.7173	0.0000	0.0000
0.6797	0.7180	0.0000	0.0000
0.6807	0.7186	0.0000	0.0000
0.6817	0.7193	0.0000	0.0000
0.6827	0.7200	0.0000	0.0000
0.6837	0.7207	0.0000	0.0000
0.6847	0.7214	0.0000	0.0000
0.6857	0.7220	0.0000	0.0000
0.6867	0.7227	0.0000	0.0000
0.6877	0.7234	0.0000	0.0000
0.6887	0.7240	0.0000	0.0000
0.6897	0.7247	0.0000	0.0000
0.6907	0.7254	0.0000	0.0000
0.6917	0.7260	0.0000	0.0000
0.6927	0.7267	0.0000	0.0000
0.6937	0.7273	0.0000	0.0000
0.6947	0.7280	0.0000	0.0000
0.6957	0.7286	0.0000	0.0000
0.6967	0.7293	0.0000	0.0000
0.6977	0.7299	0.0000	0.0000
0.6987	0.7306	0.0000	0.0000
0.6997	0.7312	0.0000	0.0000
0.7007	0.7318	0.0000	0.0000
0.7017	0.7325	0.0000	0.0000
0.7027	0.7331	0.0000	0.0000
0.7037	0.7337	0.0000	0.0000
0.7047	0.7344	0.0000	0.0000
0.7057	0.7350	0.0000	0.0000
0.7067	0.7356	0.0000	0.0000
0.7077	0.7362	0.0000	0.0000
0.7087	0.7369	0.0000	0.0000
0.7097	0.7375	0.0000	0.0000
0.7107	0.7381	0.0000	0.0000
0.7117	0.7387	0.0000	0.0000
0.7127	0.7393	0.0000	0.0000
0.7137	0.7399	0.0000	0.0000
0.7147	0.7405	0.0000	0.0000
0.7157	0.7411	0.0000	0.0000
0.7167	0.7417	0.0000	0.0000
0.7177	0.7423	0.0000	0.0000
0.7187	0.7429	0.0000	0.0000
0.7197	0.7435	0.0000	0.0000
0.7207	0.7441	0.0000	0.0000
0.7217	0.7447	0.0000	0.0000
0.7227	0.7453	0.0000	0.0000
0.7237	0.7459	0.0000	0.0000
0.7247	0.7465	0.0000	0.0000
0.7257	0.7470	0.0000	0.0000
0.7267	0.7476	0.0000	0.0000
0.7277	0.7482	0.0000	0.0000
0.7287	0.7488	0.0000	0.0000
0.7297	0.7494	0.0000	0.0000
0.7307	0.7499	0.0000	0.0000
0.7317	0.7505	0.0000	0.0000
0.7327	0.7511	0.0000	0.0000
0.7337	0.7516	0.0000	0.0000
0.7347	0.7522	0.0000	0.0000
0.7357	0.7528	0.0000	0.0000
0.7367	0.7533	0.0000	0.0000
0.7377	0.7539	0.0000	0.0000
0.7387	0.7544	0.0000	0.0000
0.7397	0.7550	0.0000	0.0000
0.7407	0.7556	0.0000	0.0000
0.7417	0.7561	0.0000	0.0000
0.7427	0.7567	0.0000	0.0000
0.7437	0.7572	0.0000	0.0000
0.7447	0.7577	0.0000	0.0000
0.7457	0.7583	0.0000	0.0000
0.7467	0.7588	0.0000	0.0000
0.7477	0.7594	0.0000	0.0000
0.7487	0.7599	0.0000	0.0000
0.7497	0.7605	0.0000	0.0000
0.7508	0.7610	0.0000	0.0000
0.7518	0.7615	0.0000	0.0000
0.7528	0.7621	0.0000	0.0000
0.7538	0.7626	0.0000	0.0000
0.7548	0.7631	0.0000	0.0000
0.7558	0.7637	0.0000	0.0000
0.7568	0.7642	0.0000	0.0000
0.7578	0.7647	0.0000	0.0000
0.7588	0.7652	0.0000	0.0000
0.7598	0.7658	0.0000	0.0000
0.7608	0.7663	0.0000	0.0000
0.7618	0.7668	0.0000	0.0000
0.7628	0.7673	0.0000	0.0000
0.7638	0.7678	0.0000	0.0000
0.7648	0.7683	0.0000	0.0000
0.7658	0.7689	0.0000	0.0000
0.7668	0.7694	0.0000	0.0000
0.7678	0.7699	0.0000	0.0000
0.7688	0.7704	0.0000	0.0000
0.7698	0.7709	0.0000	0.0000
0.7708	0.7714	0.0000	0.0000
0.7718	0.7719	0.0000	0.0000
0.7728	0.7724	0.0000	0.0000
0.7738	0.7729	0.0000	0.0000
0.7748	0.7734	0.0000	0.0000
0.7758	0.7739	0.0000	0.0000
0.7768	0.7744	0.0000	0.0000
0.7778	0.7749	0.0000	0.0000
0.7788	0.7754	0.0000	0.0000
0.7798	0.7759	0.0000	0.0000
0.7808	0.7764	0.0000	0.0000
0.7818	0.7769	0.0000	0.0000
0.7828	0.7774	0.0000	0.0000
0.7838	0.7779	0.0000	0.0000
0.7848	0.7784	0.0000	0.0000
0.7858	0.7788	0.0000	0.0000
0.7868	0.7793	0.0000	0.0000
0.7878	0.7798	0.0000	0.0000
0.7888	0.7803	0.0000	0.0000
0.7898	0.7808	0.0000	0.0000
0.7908	0.7813	0.0000	0.0000
0.7918	0.7817	0.0000	0.0000
0.7928	0.7822	0.0000	0.0000
0.7938	0.7827	0.0000	0.0000
0.7948	0.7832	0.0000	0.0000
0.7958	0.7836	0.0000	0.0000
0.7968	0.7841	0.0000	0.0000
0.7978	0.7846	0.0000	0.0000
0.7988	0.7850	0.0000	0.0000
0.7998	0.7855	0.0000	0.0000
0.8008	0.7860	0.0000	0.0000
0.8018	0.7865	0.0000	0.0000
0.8028	0.7869	0.0000	0.0000
0.8038	0.7874	0.0000	0.0000
0.8048	0.7878	0.0000	0.0000
0.8058	0.7883	0.0000	0.0000
0.8068	0.7888	0.0000	0.0000
0.8078	0.7892	0.0000	0.0000
0.8088	0.7897	0.0000	0.0000
0.8098	0.7902	0.0000	0.0000
0.8108	0.7906	0.0000	0.0000
0.8118	0.7911	0.0000	0.0000
0.8128	0.7915	0.0000	0.0000
0.8138	0.7920	0.0000	0.0000
0.8148	0.7924	0.0000	0.0000
0.8158	0.7929	0.0000	0.0000
0.8168	0.7933	0.0000	0.0000
0.8178	0.7938	0.0000	0.0000
0.8188	0.7942	0.0000	0.0000
0.8198	0.7947	0.0000	0.0000
0.8208	0.7951	0.0000	0.0000
0.8218	0.7956	0.0000	0.0000
0.8228	0.7960	0.0000	0.0000
0.8238	0.7965	0.0000	0.0000
0.8248	0.7969	0.0000	0.0000
0.8258	0.7974	0.0000	0.0000
0.8268	0.7978	0.0000	0.0000
0.8278	0.7983	0.0000	0.0000
0.8288	0.7987	0.0000	0.0000
0.8298	0.7991	0.0000	0.0000
0.8308	0.7996	0.0000	0.0000
0.8318	0.8000	0.0000	0.0000
0.8328	0.8005	0.0000	0.0000
0.8338	0.8009	0.0000	0.0000
0.8348	0.8013	0.0000	0.0000
0.8358	0.8018	0.0000	0.0000
0.8368	0.8022	0.0000	0.0000
0.8378	0.8026	0.0000	0.0000
0.8388	0.8031	0.0000	0.0000
0.8398	0.8035	0.0000	0.0000
0.8408	0.8039	0.0000	0.0000
0.8418	0.8044	0.0000	0.0000
0.8428	0.8048	0.0000	0.0000
0.8438	0.8052	0.0000	0.0000
0.8448	0.8057	0.0000	0.0000
0.8458	0.8061	0.0000	0.0000
0.8468	0.8065	0.0000	0.0000
0.8478	0.8069	0.0000	0.0000
0.8488	0.8074	0.0000	0.0000
0.8498	0.8078	0.0000	0.0000
0.8509	0.8082	0.0000	0.0000
0.8519	0.8086	0.0000	0.0000
0.8529	0.8091	0.0000	0.0000
0.8539	0.8095	0.0000	0.0000
0.8549	0.8099	0.0000	0.0000
0.8559	0.8103	0.0000	0.0000
0.8569	0.8108	0.0000	0.0000
0.8579	0.8112	0.0000	0.0000
0.8589	0.8116	0.0000	0.0000
0.8599	0.8120	0.0000	0.0000
0.8609	0.8124	0.0000	0.0000
0.8619	0.8129	0.0000	0.0000
0.8629	0.8133	0.0000	0.0000
0.8639	0.8137	0.0000	0.0000
0.8649	0.8141	0.0000	0.0000
0.8659	0.8145	0.0000	0.0000
0.8669	0.8149	0.0000	0.0000
0.8679	0.8154	0.0000	0.0000
0.8689	0.8158	0.0000	0.0000
0.8699	0.8162	0.0000	0.0000
0.8709	0.8166	0.0000	0.0000
0.8719	0.8170	0.0000	0.0000
0.8729	0.8174	0.0000	0.0000
0.8739	0.8178	0.0000	0.0000
0.8749	0.8183	0.0000	0.0000
0.8759	0.8187	0.0000	0.0000
0.8769	0.8191	0.0000	0.0000
0.8779	0.8195	0.0000	0.0000
0.8789	0.8199	0.0000	0.0000
0.8799	0.8203	0.0000	0.0000
0.8809	0.8207	0.0000	0.0000
0.8819	0.8211	0.0000	0.0000
0.8829	0.8215	0.0000	0.0000
0.8839	0.8219	0.0000	0.0000
0.8849	0.8224	0.0000	0.0000
0.8859	0.8228	0.0000	0.0000
0.8869	0.8232	0.0000	0.0000
0.8879	0.8236	0.0000	0.0000
0.8889	0.8240	0.0000	0.0000
0.8899	0.8244	0.0000	0.0000
0.8909	0.8248	0.0000	0.0000
0.8919	0.8252	0.0000	0.0000
0.8929	0.8256	0.0000	0.0000
0.8939	0.8260	0.0000	0.0000
0.8949	0.8264	0.0000	0.0000
0.8959	0.8268	0.0000	0.0000
0.8969	0.8272	0.0000	0.0000
0.8979	0.8276	0.0000	0.0000
0.8989	0.8280	0.0000	0.0000
0.8999	0.8285	0.0000	0.0000
0.9009	0.8289	0.0000	0.0000
0.9019	0.8293	0.0000	0.0000
0.9029	0.8297	0.0000	0.0000
0.9039	0.8301	0.0000	0.0000
0.9049	0.8305	0.0000	0.0000
0.9059	0.8309	0.0000	0.0000
0.9069	0.8313	0.0000	0.0000
0.9079	0.8317	0.0000	0.0000
0.9089	0.8321	0.0000	0.0000
0.9099	0.8325	0.0000	0.0000
0.9109	0.8329	0.0000	0.0000
0.9119	0.8333	0.0000	0.0000
0.9129	0.8337	0.0000	0.0000
0.9139	0.8341	0.0000	0.0000
0.9149	0.8345	0.0000	0.0000
0.9159	0.8349	0.0000	0.0000
0.9169	0.8353	0.0000	0.0000
0.9179	0.8357	0.0000	0.0000
0.9189	0.8361	0.0000	0.0000
0.9199	0.8365	0.0000	0.0000
0.9209	0.8369	0.0000	0.0000
0.9219	0.8373	0.0000	0.0000
0.9229	0.8377	0.0000	0.0000
0.9239	0.8381	0.0000	0.0000
0.9249	0.8385	0.0000	0.0000
0.9259	0.8389	0.0000	0.0000
0.9269	0.8393	0.0000	0.0000
0.9279	0.8397	0.0000	0.0000
0.9289	0.8401	0.0000	0.0000
0.9299	0.8405	0.0000	0.0000
0.9309	0.8409	0.0000	0.0000
0.9319	0.8413	0.0000	0.0000
0.9329	0.8417	0.0000	0.0000
0.9339	0.8421	0.0000	0.0000
0.9349	0.8425	0.0000	0.0000
0.9359	0.8429	0.0000	0.0000
0.9369	0.8433	0.0000	0.0000
0.9379	0.8437	0.0000	0.0000
0.9389	0.8441	0.0000	0.0000
0.9399	0.8445	0.0000	0.0000
0.9409	0.8449	0.0000	0.0000
0.9419	0.8453	0.0000	0.0000
0.9429	0.8457	0.0000	0.0000
0.9439	0.8462	0.0000	0.0000
0.9449	0.8466	0.0000	0.0000
0.9459	0.8470	0.0000	0.0000
0.9469	0.8474	0.0000	0.0000
0.9479	0.8478	0.0000	0.0000
0.9489	0.8482	0.0000	0.0000
0.9499	0.8486	0.0000	0.0000
0.9510	0.8490	0.0000	0.0000
0.9520	0.8494	0.0000	0.0000
0.9530	0.8498	0.0000	0.0000
0.9540	0.8502	0.0000	0.0000
0.9550	0.8506	0.0000	0.0000
0.9560	0.8510	0.0000	0.0000
0.9570	0.8514	0.0000	0.0000
0.9580	0.8518	0.0000	0.0000
0.9590	0.8522	0.0000	0.0000
0.9600	0.8526	0.0000	0.0000
0.9610	0.8530	0.0000	0.0000
0.9620	0.8534	0.0000	0.0000
0.9630	0.8538	0.0000	0.0000
0.9640	0.8543	0.0000	0.0000
0.9650	0.8547	0.0000	0.0000
0.9660	0.8551	0.0000	0.0000
0.9670	0.8555	0.0000	0.0000
0.9680	0.8559	0.0000	0.0000
0.9690	0.8563	0.0000	0.0000
0.9700	0.8567	0.0000	0.0000
0.9710	0.8571	0.0000	0.0000
0.9720	0.8575	0.0000	0.0000
0.9730	0.8579	0.0000	0.0000
0.9740	0.8584	0.0000	0.0000
0.9750	0.8588	0.0000	0.0000
0.9760	0.8592	0.0000	0.0000
0.9770	0.8596	0.0000	0.0000
0.9780	0.8600	0.0000	0.0000
0.9790	0.8604	0.0000	0.0000
0.9800	0.8608	0.0000	0.0000
0.9810	0.8613	0.0000	0.0000
0.9820	0.8617	0.0000	0.0000
0.9830	0.8621	0.0000	0.0000
0.9840	0.8625	0.0000	0.0000
0.9850	0.8629	0.0000	0.0000
0.9860	0.8633	0.0000	0.0000
0.9870	0.8638	0.0000	0.0000
0.9880	0.8642	0.0000	0.0000
0.9890	0.8646	0.0000	0.0000
0.9900	0.8650	0.0000	0.0000
0.9910	0.8654	0.0000	0.0000
0.9920	0.8659	0.0000	0.0000
0.9930	0.8663	0.0000	0.0000
0.9940	0.8667	0.0000	0.0000
0.9950	0.8671	0.0000	0.0000
0.9960	0.8676	0.0000	0.0000
0.9970	0.8680	0.0000	0.0000
0.9980	0.8684	0.0000	0.0000
0.9990	0.8689	0.0000	0.0000
1.0000	0.8693	0.0000	0.0000
0.7728
