0.0000	0.1786	0.0000	0.0000
0.0010	0.1792	0.0000	0.0000
0.0020	0.1799	0.0000	0.0000
0.0030	0.1806	0.0000	0.0000
0.0040	0.1813	0.0000	0.0000
0.0050	0.1820	0.0000	0.0000
0.0060	0.1826	0.0000	0.0000
0.0070	0.1833	0.0000	0.0000
0.0080	0.1840	0.0000	0.0000
0.0090	0.1847	0.0000	0.0000
0.0100	0.1853	0.0000	0.0000
0.0110	0.1860	0.0000	0.0000
0.0120	0.1867	0.0000	0.0000
0.0130	0.1874	0.0000	0.0000
0.0140	0.1880	0.0000	0.0000
0.0150	0.1887	0.0000	0.0000
0.0160	0.1894	0.0000	0.0000
0.0170	0.1900	0.0000	0.0000
0.0180	0.1907	0.0000	0.0000
0.0190	0.1914	0.0000	0.0000
0.0200	0.1920	0.0000	0.0000
0.0210	0.1927	0.0000	0.0000
0.0220	0.1934	0.0000	0.0000
0.0230	0.1940	0.0000	0.0000
0.0240	0.1947	0.0000	0.0000
0.0250	0.1954	0.0000	0.0000
0.0260	0.1960	0.0000	0.0000
0.0270	0.1967	0.0000	0.0000
0.0280	0.1973	0.0000	0.0000
0.0290	0.1980	0.0000	0.0000
0.0300	0.1987	0.0000	0.0000
0.0310	0.1993	0.0000	0.0000
0.0320	0.2000	0.0000	0.0000
0.0330	0.2006	0.0000	0.0000
0.0340	0.2013	0.0000	0.0000
0.0350	0.2020	0.0000	0.0000
0.0360	0.2026	0.0000	0.0000
0.0370	0.2033	0.0000	0.0000
0.0380	0.2039	0.0000	0.0000
0.0390	0.2046	0.0000	0.0000
0.0400	0.2052	0.0000	0.0000
0.0410	0.2059	0.0000	0.0000
0.0420	0.2065	0.0000	0.0000
0.0430	0.2072	0.0000	0.0000
0.0440	0.2078	0.0000	0.0000
0.0450	0.2085	0.0000	0.0000
0.0460	0.2092	0.0000	0.0000
0.0470	0.2098	0.0000	0.0000
0.0480	0.2105	0.0000	0.0000
0.0490	0.2111	0.0000	0.0000
0.0501	0.2117	0.0000	0.0000
0.0511	0.2124	0.0000	0.0000
0.0521	0.2130	0.0000	0.0000
0.0531	0.2137	0.0000	0.0000
0.0541	0.2143	0.0000	0.0000
0.0551	0.2150	0.0000	0.0000
0.0561	0.2156	0.0000	0.0000
0.0571	0.2163	0.0000	0.0000
0.0581	0.2169	0.0000	0.0000
0.0591	0.2176	0.0000	0.0000
0.0601	0.2182	0.0000	0.0000
0.0611	0.2188	0.0000	0.0000
0.0621	0.2195	0.0000	0.0000
0.0631	0.2201	0.0000	0.0000
0.0641	0.2208	0.0000	0.0000
0.0651	0.2214	0.0000	0.0000
0.0661	0.2220	0.0000	0.0000
0.0671	0.2227	0.0000	0.0000
0.0681	0.2233	0.0000	0.0000
0.0691	0.2239	0.0000	0.0000
0.0701	0.2246	0.0000	0.0000
0.0711	0.2252	0.0000	0.0000
0.0721	0.2259	0.0000	0.0000
0.0731	0.2265	0.0000	0.0000
0.0741	0.2271	0.0000	0.0000
0.0751	0.2278	0.0000	0.0000
0.0761	0.2284	0.0000	0.0000
0.0771	0.2290	0.0000	0.0000
0.0781	0.2296	0.0000	0.0000
0.0791	0.2303	0.0000	0.0000
0.0801	0.2309	0.0000	0.0000
0.0811	0.2315	0.0000	0.0000
0.0821	0.2322	0.0000	0.0000
0.0831	0.2328	0.0000	0.0000
0.0841	0.2334	0.0000	0.0000
0.0851	0.2341	0.0000	0.0000
0.0861	0.2347	0.0000	0.0000
0.0871	0.2353	0.0000	0.0000
0.0881	0.2359	0.0000	0.0000
0.0891	0.2366	0.0000	0.0000
0.0901	0.2372	0.0000	0.0000
0.0911	0.2378	0.0000	0.0000
0.0921	0.2384	0.0000	0.0000
0.0931	0.2391	0.0000	0.0000
0.0941	0.2397	0.0000	0.0000
0.0951	0.2403	0.0000	0.0000
0.0961	0.2409	0.0000	0.0000
0.0971	0.2415	0.0000	0.0000
0.0981	0.2422	0.0000	0.0000
0.0991	0.2428	0.0000	0.0000
0.1001	0.2434	0.0000	0.0000
0.1011	0.2440	0.0000	0.0000
0.1021	0.2446	0.0000	0.0000
0.1031	0.2452	0.0000	0.0000
0.1041	0.2459	0.0000	0.0000
0.1051	0.2465	0.0000	0.0000
0.1061	0.2471	0.0000	0.0000
0.1071	0.2477	0.0000	0.0000
0.1081	0.2483	0.0000	0.0000
0.1091	0.2489	0.0000	0.0000
0.1101	0.2496	0.0000	0.0000
0.1111	0.2502	0.0000	0.0000
0.1121	0.2508	0.0000	0.0000
0.1131	0.2514	0.0000	0.0000
0.1141	0.2520	0.0000	0.0000
0.1151	0.2526	0.0000	0.0000
0.1161	0.2532	0.0000	0.0000
0.1171	0.2538	0.0000	0.0000
0.1181	0.2545	0.0000	0.0000
0.1191	0.2551	0.0000	0.0000
0.1201	0.2557	0.0000	0.0000
0.1211	0.2563	0.0000	0.0000
0.1221	0.2569	0.0000	0.0000
0.1231	0.2575	0.0000	0.0000
0.1241	0.2581	0.0000	0.0000
0.1251	0.2587	0.0000	0.0000
0.1261	0.2593	0.0000	0.0000
0.1271	0.2599	0.0000	0.0000
0.1281	0.2605	0.0000	0.0000
0.1291	0.2611	0.0000	0.0000
0.1301	0.2617	0.0000	0.0000
0.1311	0.2623	0.0000	0.0000
0.1321	0.2629	0.0000	0.0000
0.1331	0.2635	0.0000	0.0000
0.1341	0.2641	0.0000	0.0000
0.1351	0.2647	0.0000	0.0000
0.1361	0.2653	0.0000	0.0000
0.1371	0.2660	0.0000	0.0000
0.1381	0.2666	0.0000	0.0000
0.1391	0.2672	0.0000	0.0000
0.1401	0.2678	0.0000	0.0000
0.1411	0.2684	0.0000	0.0000
0.1421	0.2690	0.0000	0.0000
0.1431	0.2695	0.0000	0.0000
0.1441	0.2701	0.0000	0.0000
0.1451	0.2707	0.0000	0.0000
0.1461	0.2713	0.0000	0.0000
0.1471	0.2719	0.0000	0.0000
0.1481	0.2725	0.0000	0.0000
0.1491	0.2731	0.0000	0.0000
0.1502	0.2737	0.0000	0.0000
0.1512	0.2743	0.0000	0.0000
0.1522	0.2749	0.0000	0.0000
0.1532	0.2755	0.0000	0.0000
0.1542	0.2761	0.0000	0.0000
0.1552	0.2767	0.0000	0.0000
0.1562	0.2773	0.0000	0.0000
0.1572	0.2779	0.0000	0.0000
0.1582	0.2785	0.0000	0.0000
0.1592	0.2791	0.0000	0.0000
0.1602	0.2797	0.0000	0.0000
0.1612	0.2803	0.0000	0.0000
0.1622	0.2808	0.0000	0.0000
0.1632	0.2814	0.0000	0.0000
0.1642	0.2820	0.0000	0.0000
0.1652	0.2826	0.0000	0.0000
0.1662	0.2832	0.0000	0.0000
0.1672	0.2838	0.0000	0.0000
0.1682	0.2844	0.0000	0.0000
0.1692	0.2850	0.0000	0.0000
0.1702	0.2856	0.0000	0.0000
0.1712	0.2861	0.0000	0.0000
0.1722	0.2867	0.0000	0.0000
0.1732	0.2873	0.0000	0.0000
0.1742	0.2879	0.0000	0.0000
0.1752	0.2885	0.0000	0.0000
0.1762	0.2891	0.0000	0.0000
0.1772	0.2897	0.0000	0.0000
0.1782	0.2903	0.0000	0.0000
0.1792	0.2908	0.0000	0.0000
0.1802	0.2914	0.0000	0.0000
0.1812	0.2920	0.0000	0.0000
0.1822	0.2926	0.0000	0.0000
0.1832	0.2932	0.0000	0.0000
0.1842	0.2938	0.0000	0.0000
0.1852	0.2943	0.0000	0.0000
0.1862	0.2949	0.0000	0.0000
0.1872	0.2955	0.0000	0.0000
0.1882	0.2961	0.0000	0.0000
0.1892	0.2967	0.0000	0.0000
0.1902	0.2973	0.0000	0.0000
0.1912	0.2978	0.0000	0.0000
0.1922	0.2984	0.0000	0.0000
0.1932	0.2990	0.0000	0.0000
0.1942	0.2996	0.0000	0.0000
0.1952	0.3002	0.0000	0.0000
0.1962	0.3008	0.0000	0.0000
0.1972	0.3013	0.0000	0.0000
0.1982	0.3019	0.0000	0.0000
0.1992	0.3025	0.0000	0.0000
0.2002	0.3031	0.0000	0.0000
0.2012	0.3037	0.0000	0.0000
0.2022	0.3042	0.0000	0.0000
0.2032	0.3048	0.0000	0.0000
0.2042	0.3054	0.0000	0.0000
0.2052	0.3060	0.0000	0.0000
0.2062	0.3065	0.0000	0.0000
0.2072	0.3071	0.0000	0.0000
0.2082	0.3077	0.0000	0.0000
0.2092	0.3083	0.0000	0.0000
0.2102	0.3089	0.0000	0.0000
0.2112	0.3094	0.0000	0.0000
0.2122	0.3100	0.0000	0.0000
0.2132	0.3106	0.0000	0.0000
0.2142	0.3112	0.0000	0.0000
0.2152	0.3117	0.0000	0.0000
0.2162	0.3123	0.0000	0.0000
0.2172	0.3129	0.0000	0.0000
0.2182	0.3135	0.0000	0.0000
0.2192	0.3141	0.0000	0.0000
0.2202	0.3146	0.0000	0.0000
0.2212	0.3152	0.0000	0.0000
0.2222	0.3158	0.0000	0.0000
0.2232	0.3164	0.0000	0.0000
0.2242	0.3169	0.0000	0.0000
0.2252	0.3175	0.0000	0.0000
0.2262	0.3181	0.0000	0.0000
0.2272	0.3187	0.0000	0.0000
0.2282	0.3192	0.0000	0.0000
0.2292	0.3198	0.0000	0.0000
0.2302	0.3204	0.0000	0.0000
0.2312	0.3210	0.0000	0.0000
0.2322	0.3215	0.0000	0.0000
0.2332	0.3221	0.0000	0.0000
0.2342	0.3227	0.0000	0.0000
0.2352	0.3233	0.0000	0.0000
0.2362	0.3238	0.0000	0.0000
0.2372	0.3244	0.0000	0.0000
0.2382	0.3250	0.0000	0.0000
0.2392	0.3256	0.0000	0.0000
0.2402	0.3261	0.0000	0.0000
0.2412	0.3267	0.0000	0.0000
0.2422	0.3273	0.0000	0.0000
0.2432	0.3279	0.0000	0.0000
0.2442	0.3284	0.0000	0.0000
0.2452	0.3290	0.0000	0.0000
0.2462	0.3296	0.0000	0.0000
0.2472	0.3302	0.0000	0.0000
0.2482	0.3307	0.0000	0.0000
0.2492	0.3313	0.0000	0.0000
0.2503	0.3319	0.0000	0.0000
0.2513	0.3325	0.0000	0.0000
0.2523	0.3330	0.0000	0.0000
0.2533	0.3336	0.0000	0.0000
0.2543	0.3342	0.0000	0.0000
0.2553	0.3348	0.0000	0.0000
0.2563	0.3354	0.0000	0.0000
0.2573	0.3359	0.0000	0.0000
0.2583	0.3365	0.0000	0.0000
0.2593	0.3371	0.0000	0.0000
0.2603	0.3377	0.0000	0.0000
0.2613	0.3382	0.0000	0.0000
0.2623	0.3388	0.0000	0.0000
0.2633	0.3394	0.0000	0.0000
0.2643	0.3400	0.0000	0.0000
0.2653	0.3405	0.0000	0.0000
0.2663	0.3411	0.0000	0.0000
0.2673	0.3417	0.0000	0.0000
0.2683	0.3423	0.0000	0.0000
0.2693	0.3428	0.0000	0.0000
0.2703	0.3434	0.0000	0.0000
0.2713	0.3440	0.0000	0.0000
0.2723	0.3446	0.0000	0.0000
0.2733	0.3452	0.0000	0.0000
0.2743	0.3457	0.0000	0.0000
0.2753	0.3463	0.0000	0.0000
0.2763	0.3469	0.0000	0.0000
0.2773	0.3475	0.0000	0.0000
0.2783	0.3480	0.0000	0.0000
0.2793	0.3486	0.0000	0.0000
0.2803	0.3492	0.0000	0.0000
0.2813	0.3498	0.0000	0.0000
0.2823	0.3504	0.0000	0.0000
0.2833	0.3509	0.0000	0.0000
0.2843	0.3515	0.0000	0.0000
0.2853	0.3521	0.0000	0.0000
0.2863	0.3527	0.0000	0.0000
0.2873	0.3533	0.0000	0.0000
0.2883	0.3538	0.0000	0.0000
0.2893	0.3544	0.0000	0.0000
0.2903	0.3550	0.0000	0.0000
0.2913	0.3556	0.0000	0.0000
0.2923	0.3562	0.0000	0.0000
0.2933	0.3568	0.0000	0.0000
0.2943	0.3573	0.0000	0.0000
0.2953	0.3579	0.0000	0.0000
0.2963	0.3585	0.0000	0.0000
0.2973	0.3591	0.0000	0.0000
0.2983	0.3597	0.0000	0.0000
0.2993	0.3603	0.0000	0.0000
0.3003	0.3608	0.0000	0.0000
0.3013	0.3614	0.0000	0.0000
0.3023	0.3620	0.0000	0.0000
0.3033	0.3626	0.0000	0.0000
0.3043	0.3632	0.0000	0.0000
0.3053	0.3638	0.0000	0.0000
0.3063	0.3644	0.0000	0.0000
0.3073	0.3649	0.0000	0.0000
0.3083	0.3655	0.0000	0.0000
0.3093	0.3661	0.0000	0.0000
0.3103	0.3667	0.0000	0.0000
0.3113	0.3673	0.0000	0.0000
0.3123	0.3679	0.0000	0.0000
0.3133	0.3685	0.0000	0.0000
0.3143	0.3691	0.0000	0.0000
0.3153	0.3697	0.0000	0.0000
0.3163	0.3703	0.0000	0.0000
0.3173	0.3709	0.0000	0.0000
0.3183	0.3714	0.0000	0.0000
0.3193	0.3720	0.0000	0.0000
0.3203	0.3726	0.0000	0.0000
0.3213	0.3732	0.0000	0.0000
0.3223	0.3738	0.0000	0.0000
0.3233	0.3744	0.0000	0.0000
0.3243	0.3750	0.0000	0.0000
0.3253	0.3756	0.0000	0.0000
0.3263	0.3762	0.0000	0.0000
0.3273	0.3768	0.0000	0.0000
0.3283	0.3774	0.0000	0.0000
0.3293	0.3780	0.0000	0.0000
0.3303	0.3786	0.0000	0.0000
0.3313	0.3792	0.0000	0.0000
0.3323	0.3798	0.0000	0.0000
0.3333	0.3804	0.0000	0.0000
0.3343	0.3810	0.0000	0.0000
0.3353	0.3816	0.0000	0.0000
0.3363	0.3822	0.0000	0.0000
0.3373	0.3828	0.0000	0.0000
0.3383	0.3834	0.0000	0.0000
0.3393	0.3840	0.0000	0.0000
0.3403	0.3846	0.0000	0.0000
0.3413	0.3853	0.0000	0.0000
0.3423	0.3859	0.0000	0.0000
0.3433	0.3865	0.0000	0.0000
0.3443	0.3871	0.0000	0.0000
0.3453	0.3877	0.0000	0.0000
0.3463	0.3883	0.0000	0.0000
0.3473	0.3889	0.0000	0.0000
0.3483	0.3895	0.0000	0.0000
0.3493	0.3901	0.0000	0.0000
0.3504	0.3908	0.0000	0.0000
0.3514	0.3914	0.0000	0.0000
0.3524	0.3920	0.0000	0.0000
0.3534	0.3926	0.0000	0.0000
0.3544	0.3932	0.0000	0.0000
0.3554	0.3938	0.0000	0.0000
0.3564	0.3945	0.0000	0.0000
0.3574	0.3951	0.0000	0.0000
0.3584	0.3957	0.0000	0.0000
0.3594	0.3963	0.0000	0.0000
0.3604	0.3970	0.0000	0.0000
0.3614	0.3976	0.0000	0.0000
0.3624	0.3982	0.0000	0.0000
0.3634	0.3988	0.0000	0.0000
0.3644	0.3995	0.0000	0.0000
0.3654	0.4001	0.0000	0.0000
0.3664	0.4007	0.0000	0.0000
0.3674	0.4014	0.0000	0.0000
0.3684	0.4020	0.0000	0.0000
0.3694	0.4026	0.0000	0.0000
0.3704	0.4033	0.0000	0.0000
0.3714	0.4039	0.0000	0.0000
0.3724	0.4045	0.0000	0.0000
0.3734	0.4052	0.0000	0.0000
0.3744	0.4058	0.0000	0.0000
0.3754	0.4064	0.0000	0.0000
0.3764	0.4071	0.0000	0.0000
0.3774	0.4077	0.0000	0.0000
0.3784	0.4084	0.0000	0.0000
0.3794	0.4090	0.0000	0.0000
0.3804	0.4097	0.0000	0.0000
0.3814	0.4103	0.0000	0.0000
0.3824	0.4109	0.0000	0.0000
0.3834	0.4116	0.0000	0.0000
0.3844	0.4122	0.0000	0.0000
0.3854	0.4129	0.0000	0.0000
0.3864	0.4136	0.0000	0.0000
0.3874	0.4142	0.0000	0.0000
0.3884	0.4149	0.0000	0.0000
0.3894	0.4155	0.0000	0.0000
0.3904	0.4162	0.0000	0.0000
0.3914	0.4168	0.0000	0.0000
0.3924	0.4175	0.0000	0.0000
0.3934	0.4182	0.0000	0.0000
0.3944	0.4188	0.0000	0.0000
0.3954	0.4195	0.0000	0.0000
0.3964	0.4202	0.0000	0.0000
0.3974	0.4208	0.0000	0.0000
0.3984	0.4215	0.0000	0.0000
0.3994	0.4222	0.0000	0.0000
0.4004	0.4228	0.0000	0.0000
0.4014	0.4235	0.0000	0.0000
0.4024	0.4242	0.0000	0.0000
0.4034	0.4249	0.0000	0.0000
0.4044	0.4255	0.0000	0.0000
0.4054	0.4262	0.0000	0.0000
0.4064	0.4269	0.0000	0.0000
0.4074	0.4276	0.0000	0.0000
0.4084	0.4283	0.0000	0.0000
0.4094	0.4289	0.0000	0.0000
0.4104	0.4296	0.0000	0.0000
0.4114	0.4303	0.0000	0.0000
0.4124	0.4310	0.0000	0.0000
0.4134	0.4317	0.0000	0.0000
0.4144	0.4324	0.0000	0.0000
0.4154	0.4331	0.0000	0.0000
0.4164	0.4338	0.0000	0.0000
0.4174	0.4345	0.0000	0.0000
0.4184	0.4352	0.0000	0.0000
0.4194	0.4359	0.0000	0.0000
0.4204	0.4366	0.0000	0.0000
0.4214	0.4373	0.0000	0.0000
0.4224	0.4380	0.0000	0.0000
0.4234	0.4387	0.0000	0.0000
0.4244	0.4394	0.0000	0.0000
0.4254	0.4402	0.0000	0.0000
0.4264	0.4409	0.0000	0.0000
0.4274	0.4416	0.0000	0.0000
0.4284	0.4423	0.0000	0.0000
0.4294	0.4430	0.0000	0.0000
0.4304	0.4438	0.0000	0.0000
0.4314	0.4445	0.0000	0.0000
0.4324	0.4452	0.0000	0.0000
0.4334	0.4459	0.0000	0.0000
0.4344	0.4467	0.0000	0.0000
0.4354	0.4474	0.0000	0.0000
0.4364	0.4481	0.0000	0.0000
0.4374	0.4489	0.0000	0.0000
0.4384	0.4496	0.0000	0.0000
0.4394	0.4504	0.0000	0.0000
0.4404	0.4511	0.0000	0.0000
0.4414	0.4518	0.0000	0.0000
0.4424	0.4526	0.0000	0.0000
0.4434	0.4533	0.0000	0.0000
0.4444	0.4541	0.0000	0.0000
0.4454	0.4549	0.0000	0.0000
0.4464	0.4556	0.0000	0.0000
0.4474	0.4564	0.0000	0.0000
0.4484	0.4571	0.0000	0.0000
0.4494	0.4579	0.0000	0.0000
0.4505	0.4587	0.0000	0.0000
0.4515	0.4594	0.0000	0.0000
0.4525	0.4602	0.0000	0.0000
0.4535	0.4610	0.0000	0.0000
0.4545	0.4618	0.0000	0.0000
0.4555	0.4625	0.0000	0.0000
0.4565	0.4633	0.0000	0.0000
0.4575	0.4641	0.0000	0.0000
0.4585	0.4649	0.0000	0.0000
0.4595	0.4657	0.0000	0.0000
0.4605	0.4665	0.0000	0.0000
0.4615	0.4673	0.0000	0.0000
0.4625	0.4681	0.0000	0.0000
0.4635	0.4689	0.0000	0.0000
0.4645	0.4697	0.0000	0.0000
0.4655	0.4705	0.0000	0.0000
0.4665	0.4713	0.0000	0.0000
0.4675	0.4721	0.0000	0.0000
0.4685	0.4729	0.0000	0.0000
0.4695	0.4737	0.0000	0.0000
0.4705	0.4745	0.0000	0.0000
0.4715	0.4754	0.0000	0.0000
0.4725	0.4762	0.0000	0.0000
0.4735	0.4770	0.0000	0.0000
0.4745	0.4778	0.0000	0.0000
0.4755	0.4787	0.0000	0.0000
0.4765	0.4795	0.0000	0.0000
0.4775	0.4803	0.0000	0.0000
0.4785	0.4812	0.0000	0.0000
0.4795	0.4820	0.0000	0.0000
0.4805	0.4829	0.0000	0.0000
0.4815	0.4837	0.0000	0.0000
0.4825	0.4846	0.0000	0.0000
0.4835	0.4854	0.0000	0.0000
0.4845	0.4863	0.0000	0.0000
0.4855	0.4872	0.0000	0.0000
0.4865	0.4880	0.0000	0.0000
0.4875	0.4889	0.0000	0.0000
0.4885	0.4898	0.0000	0.0000
0.4895	0.4907	0.0000	0.0000
0.4905	0.4915	0.0000	0.0000
0.4915	0.4924	0.0000	0.0000
0.4925	0.4933	0.0000	0.0000
0.4935	0.4942	0.0000	0.0000
0.4945	0.4951	0.0000	0.0000
0.4955	0.4960	0.0000	0.0000
0.4965	0.4969	0.0000	0.0000
0.4975	0.4978	0.0000	0.0000
0.4985	0.4987	0.0000	0.0000
0.4995	0.4996	0.0000	0.0000
0.5005	0.5005	0.0000	0.0000
0.5015	0.5015	0.0000	0.0000
0.5025	0.5024	0.0000	0.0000
0.5035	0.5033	0.0000	0.0000
0.5045	0.5042	0.0000	0.0000
0.5055	0.5051	0.0000	0.0000
0.5065	0.5060	0.0000	0.0000
0.5075	0.5069	0.0000	0.0000
0.5085	0.5077	0.0000	0.0000
0.5095	0.5086	0.0000	0.0000
0.5105	0.5095	0.0000	0.0000
0.5115	0.5104	0.0000	0.0000
0.5125	0.5113	0.0000	0.0000
0.5135	0.5121	0.0000	0.0000
0.5145	0.5130	0.0000	0.0000
0.5155	0.5139	0.0000	0.0000
0.5165	0.5147	0.0000	0.0000
0.5175	0.5156	0.0000	0.0000
0.5185	0.5165	0.0000	0.0000
0.5195	0.5173	0.0000	0.0000
0.5205	0.5182	0.0000	0.0000
0.5215	0.5190	0.0000	0.0000
0.5225	0.5198	0.0000	0.0000
0.5235	0.5207	0.0000	0.0000
0.5245	0.5215	0.0000	0.0000
0.5255	0.5224	0.0000	0.0000
0.5265	0.5232	0.0000	0.0000
0.5275	0.5240	0.0000	0.0000
0.5285	0.5248	0.0000	0.0000
0.5295	0.5257	0.0000	0.0000
0.5305	0.5265	0.0000	0.0000
0.5315	0.5273	0.0000	0.0000
0.5325	0.5281	0.0000	0.0000
0.5335	0.5289	0.0000	0.0000
0.5345	0.5297	0.0000	0.0000
0.5355	0.5305	0.0000	0.0000
0.5365	0.5313	0.0000	0.0000
0.5375	0.5321	0.0000	0.0000
0.5385	0.5329	0.0000	0.0000
0.5395	0.5337	0.0000	0.0000
0.5405	0.5345	0.0000	0.0000
0.5415	0.5353	0.0000	0.0000
0.5425	0.5361	0.0000	0.0000
0.5435	0.5369	0.0000	0.0000
0.5445	0.5377	0.0000	0.0000
0.5455	0.5385	0.0000	0.0000
0.5465	0.5392	0.0000	0.0000
0.5475	0.5400	0.0000	0.0000
0.5485	0.5408	0.0000	0.0000
0.5495	0.5415	0.0000	0.0000
0.5506	0.5423	0.0000	0.0000
0.5516	0.5431	0.0000	0.0000
0.5526	0.5438	0.0000	0.0000
0.5536	0.5446	0.0000	0.0000
0.5546	0.5454	0.0000	0.0000
0.5556	0.5461	0.0000	0.0000
0.5566	0.5469	0.0000	0.0000
0.5576	0.5476	0.0000	0.0000
0.5586	0.5484	0.0000	0.0000
0.5596	0.5491	0.0000	0.0000
0.5606	0.5499	0.0000	0.0000
0.5616	0.5506	0.0000	0.0000
0.5626	0.5513	0.0000	0.0000
0.5636	0.5521	0.0000	0.0000
0.5646	0.5528	0.0000	0.0000
0.5656	0.5536	0.0000	0.0000
0.5666	0.5543	0.0000	0.0000
0.5676	0.5550	0.0000	0.0000
0.5686	0.5557	0.0000	0.0000
0.5696	0.5565	0.0000	0.0000
0.5706	0.5572	0.0000	0.0000
0.5716	0.5579	0.0000	0.0000
0.5726	0.5586	0.0000	0.0000
0.5736	0.5594	0.0000	0.0000
0.5746	0.5601	0.0000	0.0000
0.5756	0.5608	0.0000	0.0000
0.5766	0.5615	0.0000	0.0000
0.5776	0.5622	0.0000	0.0000
0.5786	0.5629	0.0000	0.0000
0.5796	0.5636	0.0000	0.0000
0.5806	0.5643	0.0000	0.0000
0.5816	0.5650	0.0000	0.0000
0.5826	0.5657	0.0000	0.0000
0.5836	0.5664	0.0000	0.0000
0.5846	0.5671	0.0000	0.0000
0.5856	0.5678	0.0000	0.0000
0.5866	0.5685	0.0000	0.0000
0.5876	0.5692	0.0000	0.0000
0.5886	0.5699	0.0000	0.0000
0.5896	0.5706	0.0000	0.0000
0.5906	0.5713	0.0000	0.0000
0.5916	0.5720	0.0000	0.0000
0.5926	0.5727	0.0000	0.0000
0.5936	0.5733	0.0000	0.0000
0.5946	0.5740	0.0000	0.0000
0.5956	0.5747	0.0000	0.0000
0.5966	0.5754	0.0000	0.0000
0.5976	0.5761	0.0000	0.0000
0.5986	0.5767	0.0000	0.0000
0.5996	0.5774	0.0000	0.0000
0.6006	0.5781	0.0000	0.0000
0.6016	0.5787	0.0000	0.0000
0.6026	0.5794	0.0000	0.0000
0.6036	0.5801	0.0000	0.0000
0.6046	0.5807	0.0000	0.0000
0.6056	0.5814	0.0000	0.0000
0.6066	0.5821	0.0000	0.0000
0.6076	0.5827	0.0000	0.0000
0.6086	0.5834	0.0000	0.0000
0.6096	0.5841	0.0000	0.0000
0.6106	0.5847	0.0000	0.0000
0.6116	0.5854	0.0000	0.0000
0.6126	0.5860	0.0000	0.0000
0.6136	0.5867	0.0000	0.0000
0.6146	0.5873	0.0000	0.0000
0.6156	0.5880	0.0000	0.0000
0.6166	0.5886	0.0000	0.0000
0.6176	0.5893	0.0000	0.0000
0.6186	0.5899	0.0000	0.0000
0.6196	0.5906	0.0000	0.0000
0.6206	0.5912	0.0000	0.0000
0.6216	0.5919	0.0000	0.0000
0.6226	0.5925	0.0000	0.0000
0.6236	0.5932	0.0000	0.0000
0.6246	0.5938	0.0000	0.0000
0.6256	0.5944	0.0000	0.0000
0.6266	0.5951	0.0000	0.0000
0.6276	0.5957	0.0000	0.0000
0.6286	0.5963	0.0000	0.0000
0.6296	0.5970	0.0000	0.0000
0.6306	0.5976	0.0000	0.0000
0.6316	0.5983	0.0000	0.0000
0.6326	0.5989	0.0000	0.0000
0.6336	0.5995	0.0000	0.0000
0.6346	0.6001	0.0000	0.0000
0.6356	0.6008	0.0000	0.0000
0.6366	0.6014	0.0000	0.0000
0.6376	0.6020	0.0000	0.0000
0.6386	0.6027	0.0000	0.0000
0.6396	0.6033	0.0000	0.0000
0.6406	0.6039	0.0000	0.0000
0.6416	0.6045	0.0000	0.0000
0.6426	0.6051	0.0000	0.0000
0.6436	0.6058	0.0000	0.0000
0.6446	0.6064	0.0000	0.0000
0.6456	0.6070	0.0000	0.0000
0.6466	0.6076	0.0000	0.0000
0.6476	0.6082	0.0000	0.0000
0.6486	0.6089	0.0000	0.0000
0.6496	0.6095	0.0000	0.0000
0.6507	0.6101	0.0000	0.0000
0.6517	0.6107	0.0000	0.0000
0.6527	0.6113	0.0000	0.0000
0.6537	0.6119	0.0000	0.0000
0.6547	0.6125	0.0000	0.0000
0.6557	0.6131	0.0000	0.0000
0.6567	0.6138	0.0000	0.0000
0.6577	0.6144	0.0000	0.0000
0.6587	0.6150	0.0000	0.0000
0.6597	0.6156	0.0000	0.0000
0.6607	0.6162	0.0000	0.0000
0.6617	0.6168	0.0000	0.0000
0.6627	0.6174	0.0000	0.0000
0.6637	0.6180	0.0000	0.0000
0.6647	0.6186	0.0000	0.0000
0.6657	0.6192	0.0000	0.0000
0.6667	0.6198	0.0000	0.0000
0.6677	0.6204	0.0000	0.0000
0.6687	0.6210	0.0000	0.0000
0.6697	0.6216	0.0000	0.0000
0.6707	0.6222	0.0000	0.0000
0.6717	0.6228	0.0000	0.0000
0.6727	0.6234	0.0000	0.0000
0.6737	0.6240	0.0000	0.0000
0.6747	0.6246	0.0000	0.0000
0.6757	0.6252	0.0000	0.0000
0.6767	0.6258	0.0000	0.0000
0.6777	0.6264	0.0000	0.0000
0.6787	0.6270	0.0000	0.0000
0.6797	0.6276	0.0000	0.0000
0.6807	0.6282	0.0000	0.0000
0.6817	0.6288	0.0000	0.0000
0.6827	0.6294	0.0000	0.0000
0.6837	0.6300	0.0000	0.0000
0.6847	0.6306	0.0000	0.0000
0.6857	0.6312	0.0000	0.0000
0.6867	0.6317	0.0000	0.0000
0.6877	0.6323	0.0000	0.0000
0.6887	0.6329	0.0000	0.0000
0.6897	0.6335	0.0000	0.0000
0.6907	0.6341	0.0000	0.0000
0.6917	0.6347	0.0000	0.0000
0.6927	0.6353	0.0000	0.0000
0.6937	0.6359	0.0000	0.0000
0.6947	0.6365	0.0000	0.0000
0.6957	0.6370	0.0000	0.0000
0.6967	0.6376	0.0000	0.0000
0.6977	0.6382	0.0000	0.0000
0.6987	0.6388	0.0000	0.0000
0.6997	0.6394	0.0000	0.0000
0.7007	0.6400	0.0000	0.0000
0.7017	0.6405	0.0000	0.0000
0.7027	0.6411	0.0000	0.0000
0.7037	0.6417	0.0000	0.0000
0.7047	0.6423	0.0000	0.0000
0.7057	0.6429	0.0000	0.0000
0.7067	0.6435	0.0000	0.0000
0.7077	0.6440	0.0000	0.0000
0.7087	0.6446	0.0000	0.0000
0.7097	0.6452	0.0000	0.0000
0.7107	0.6458	0.0000	0.0000
0.7117	0.6464	0.0000	0.0000
0.7127	0.6470	0.0000	0.0000
0.7137	0.6475	0.0000	0.0000
0.7147	0.6481	0.0000	0.0000
0.7157	0.6487	0.0000	0.0000
0.7167	0.6493	0.0000	0.0000
0.7177	0.6499	0.0000	0.0000
0.7187	0.6504	0.0000	0.0000
0.7197	0.6510	0.0000	0.0000
0.7207	0.6516	0.0000	0.0000
0.7217	0.6522	0.0000	0.0000
0.7227	0.6527	0.0000	0.0000
0.7237	0.6533	0.0000	0.0000
0.7247	0.6539	0.0000	0.0000
0.7257	0.6545	0.0000	0.0000
0.7267	0.6551	0.0000	0.0000
0.7277	0.6556	0.0000	0.0000
0.7287	0.6562	0.0000	0.0000
0.7297	0.6568	0.0000	0.0000
0.7307	0.6574	0.0000	0.0000
0.7317	0.6579	0.0000	0.0000
0.7327	0.6585	0.0000	0.0000
0.7337	0.6591	0.0000	0.0000
0.7347	0.6597	0.0000	0.0000
0.7357	0.6602	0.0000	0.0000
0.7367	0.6608	0.0000	0.0000
0.7377	0.6614	0.0000	0.0000
0.7387	0.6620	0.0000	0.0000
0.7397	0.6625	0.0000	0.0000
0.7407	0.6631	0.0000	0.0000
0.7417	0.6637	0.0000	0.0000
0.7427	0.6643	0.0000	0.0000
0.7437	0.6648	0.0000	0.0000
0.7447	0.6654	0.0000	0.0000
0.7457	0.6660	0.0000	0.0000
0.7467	0.6666	0.0000	0.0000
0.7477	0.6671	0.0000	0.0000
0.7487	0.6677	0.0000	0.0000
0.7497	0.6683	0.0000	0.0000
0.7508	0.6689	0.0000	0.0000
0.7518	0.6694	0.0000	0.0000
0.7528	0.6700	0.0000	0.0000
0.7538	0.6706	0.0000	0.0000
0.7548	0.6712	0.0000	0.0000
0.7558	0.6717	0.0000	0.0000
0.7568	0.6723	0.0000	0.0000
0.7578	0.6729	0.0000	0.0000
0.7588	0.6735	0.0000	0.0000
0.7598	0.6740	0.0000	0.0000
0.7608	0.6746	0.0000	0.0000
0.7618	0.6752	0.0000	0.0000
0.7628	0.6758	0.0000	0.0000
0.7638	0.6763	0.0000	0.0000
0.7648	0.6769	0.0000	0.0000
0.7658	0.6775	0.0000	0.0000
0.7668	0.6781	0.0000	0.0000
0.7678	0.6786	0.0000	0.0000
0.7688	0.6792	0.0000	0.0000
0.7698	0.6798	0.0000	0.0000
0.7708	0.6804	0.0000	0.0000
0.7718	0.6809	0.0000	0.0000
0.7728	0.6815	0.0000	0.0000
0.7738	0.6821	0.0000	0.0000
0.7748	0.6827	0.0000	0.0000
0.7758	0.6832	0.0000	0.0000
0.7768	0.6838	0.0000	0.0000
0.7778	0.6844	0.0000	0.0000
0.7788	0.6850	0.0000	0.0000
0.7798	0.6855	0.0000	0.0000
0.7808	0.6861	0.0000	0.0000
0.7818	0.6867	0.0000	0.0000
0.7828	0.6873	0.0000	0.0000
0.7838	0.6878	0.0000	0.0000
0.7848	0.6884	0.0000	0.0000
0.7858	0.6890	0.0000	0.0000
0.7868	0.6896	0.0000	0.0000
0.7878	0.6902	0.0000	0.0000
0.7888	0.6907	0.0000	0.0000
0.7898	0.6913	0.0000	0.0000
0.7908	0.6919	0.0000	0.0000
0.7918	0.6925	0.0000	0.0000
0.7928	0.6930	0.0000	0.0000
0.7938	0.6936	0.0000	0.0000
0.7948	0.6942	0.0000	0.0000
0.7958	0.6948	0.0000	0.0000
0.7968	0.6954	0.0000	0.0000
0.7978	0.6959	0.0000	0.0000
0.7988	0.6965	0.0000	0.0000
0.7998	0.6971	0.0000	0.0000
0.8008	0.6977	0.0000	0.0000
0.8018	0.6982	0.0000	0.0000
0.8028	0.6988	0.0000	0.0000
0.8038	0.6994	0.0000	0.0000
0.8048	0.7000	0.0000	0.0000
0.8058	0.7006	0.0000	0.0000
0.8068	0.7012	0.0000	0.0000
0.8078	0.7017	0.0000	0.0000
0.8088	0.7023	0.0000	0.0000
0.8098	0.7029	0.0000	0.0000
0.8108	0.7035	0.0000	0.0000
0.8118	0.7041	0.0000	0.0000
0.8128	0.7046	0.0000	0.0000
0.8138	0.7052	0.0000	0.0000
0.8148	0.7058	0.0000	0.0000
0.8158	0.7064	0.0000	0.0000
0.8168	0.7070	0.0000	0.0000
0.8178	0.7076	0.0000	0.0000
0.8188	0.7081	0.0000	0.0000
0.8198	0.7087	0.0000	0.0000
0.8208	0.7093	0.0000	0.0000
0.8218	0.7099	0.0000	0.0000
0.8228	0.7105	0.0000	0.0000
0.8238	0.7111	0.0000	0.0000
0.8248	0.7116	0.0000	0.0000
0.8258	0.7122	0.0000	0.0000
0.8268	0.7128	0.0000	0.0000
0.8278	0.7134	0.0000	0.0000
0.8288	0.7140	0.0000	0.0000
0.8298	0.7146	0.0000	0.0000
0.8308	0.7152	0.0000	0.0000
0.8318	0.7158	0.0000	0.0000
0.8328	0.7163	0.0000	0.0000
0.8338	0.7169	0.0000	0.0000
0.8348	0.7175	0.0000	0.0000
0.8358	0.7181	0.0000	0.0000
0.8368	0.7187	0.0000	0.0000
0.8378	0.7193	0.0000	0.0000
0.8388	0.7199	0.0000	0.0000
0.8398	0.7205	0.0000	0.0000
0.8408	0.7211	0.0000	0.0000
0.8418	0.7217	0.0000	0.0000
0.8428	0.7222	0.0000	0.0000
0.8438	0.7228	0.0000	0.0000
0.8448	0.7234	0.0000	0.0000
0.8458	0.7240	0.0000	0.0000
0.8468	0.7246	0.0000	0.0000
0.8478	0.7252	0.0000	0.0000
0.8488	0.7258	0.0000	0.0000
0.8498	0.7264	0.0000	0.0000
0.8509	0.7270	0.0000	0.0000
0.8519	0.7276	0.0000	0.0000
0.8529	0.7282	0.0000	0.0000
0.8539	0.7288	0.0000	0.0000
0.8549	0.7294	0.0000	0.0000
0.8559	0.7300	0.0000	0.0000
0.8569	0.7306	0.0000	0.0000
0.8579	0.7312	0.0000	0.0000
0.8589	0.7318	0.0000	0.0000
0.8599	0.7324	0.0000	0.0000
0.8609	0.7330	0.0000	0.0000
0.8619	0.7336	0.0000	0.0000
0.8629	0.7342	0.0000	0.0000
0.8639	0.7348	0.0000	0.0000
0.8649	0.7354	0.0000	0.0000
0.8659	0.7360	0.0000	0.0000
0.8669	0.7366	0.0000	0.0000
0.8679	0.7372	0.0000	0.0000
0.8689	0.7378	0.0000	0.0000
0.8699	0.7384	0.0000	0.0000
0.8709	0.7390	0.0000	0.0000
0.8719	0.7396	0.0000	0.0000
0.8729	0.7402	0.0000	0.0000
0.8739	0.7408	0.0000	0.0000
0.8749	0.7414	0.0000	0.0000
0.8759	0.7420	0.0000	0.0000
0.8769	0.7426	0.0000	0.0000
0.8779	0.7432	0.0000	0.0000
0.8789	0.7438	0.0000	0.0000
0.8799	0.7444	0.0000	0.0000
0.8809	0.7450	0.0000	0.0000
0.8819	0.7456	0.0000	0.0000
0.8829	0.7463	0.0000	0.0000
0.8839	0.7469	0.0000	0.0000
0.8849	0.7475	0.0000	0.0000
0.8859	0.7481	0.0000	0.0000
0.8869	0.7487	0.0000	0.0000
0.8879	0.7493	0.0000	0.0000
0.8889	0.7499	0.0000	0.0000
0.8899	0.7505	0.0000	0.0000
0.8909	0.7511	0.0000	0.0000
0.8919	0.7518	0.0000	0.0000
0.8929	0.7524	0.0000	0.0000
0.8939	0.7530	0.0000	0.0000
0.8949	0.7536	0.0000	0.0000
0.8959	0.7542	0.0000	0.0000
0.8969	0.7548	0.0000	0.0000
0.8979	0.7554	0.0000	0.0000
0.8989	0.7561	0.0000	0.0000
0.8999	0.7567	0.0000	0.0000
0.9009	0.7573	0.0000	0.0000
0.9019	0.7579	0.0000	0.0000
0.9029	0.7585	0.0000	0.0000
0.9039	0.7592	0.0000	0.0000
0.9049	0.7598	0.0000	0.0000
0.9059	0.7604	0.0000	0.0000
0.9069	0.7610	0.0000	0.0000
0.9079	0.7616	0.0000	0.0000
0.9089	0.7623	0.0000	0.0000
0.9099	0.7629	0.0000	0.0000
0.9109	0.7635	0.0000	0.0000
0.9119	0.7641	0.0000	0.0000
0.9129	0.7648	0.0000	0.0000
0.9139	0.7654	0.0000	0.0000
0.9149	0.7660	0.0000	0.0000
0.9159	0.7666	0.0000	0.0000
0.9169	0.7673	0.0000	0.0000
0.9179	0.7679	0.0000	0.0000
0.9189	0.7685	0.0000	0.0000
0.9199	0.7692	0.0000	0.0000
0.9209	0.7698	0.0000	0.0000
0.9219	0.7704	0.0000	0.0000
0.9229	0.7710	0.0000	0.0000
0.9239	0.7717	0.0000	0.0000
0.9249	0.7723	0.0000	0.0000
0.9259	0.7729	0.0000	0.0000
0.9269	0.7736	0.0000	0.0000
0.9279	0.7742	0.0000	0.0000
0.9289	0.7748	0.0000	0.0000
0.9299	0.7755	0.0000	0.0000
0.9309	0.7761	0.0000	0.0000
0.9319	0.7767	0.0000	0.0000
0.9329	0.7774	0.0000	0.0000
0.9339	0.7780	0.0000	0.0000
0.9349	0.7787	0.0000	0.0000
0.9359	0.7793	0.0000	0.0000
0.9369	0.7799	0.0000	0.0000
0.9379	0.7806	0.0000	0.0000
0.9389	0.7812	0.0000	0.0000
0.9399	0.7819	0.0000	0.0000
0.9409	0.7825	0.0000	0.0000
0.9419	0.7831	0.0000	0.0000
0.9429	0.7838	0.0000	0.0000
0.9439	0.7844	0.0000	0.0000
0.9449	0.7851	0.0000	0.0000
0.9459	0.7857	0.0000	0.0000
0.9469	0.7864	0.0000	0.0000
0.9479	0.7870	0.0000	0.0000
0.9489	0.7876	0.0000	0.0000
0.9499	0.7883	0.0000	0.0000
0.9510	0.7889	0.0000	0.0000
0.9520	0.7896	0.0000	0.0000
0.9530	0.7902	0.0000	0.0000
0.9540	0.7909	0.0000	0.0000
0.9550	0.7915	0.0000	0.0000
0.9560	0.7922	0.0000	0.0000
0.9570	0.7928	0.0000	0.0000
0.9580	0.7935	0.0000	0.0000
0.9590	0.7941	0.0000	0.0000
0.9600	0.7948	0.0000	0.0000
0.9610	0.7954	0.0000	0.0000
0.9620	0.7961	0.0000	0.0000
0.9630	0.7968	0.0000	0.0000
0.9640	0.7974	0.0000	0.0000
0.9650	0.7981	0.0000	0.0000
0.9660	0.7987	0.0000	0.0000
0.9670	0.7994	0.0000	0.0000
0.9680	0.8000	0.0000	0.0000
0.9690	0.8007	0.0000	0.0000
0.9700	0.8014	0.0000	0.0000
0.9710	0.8020	0.0000	0.0000
0.9720	0.8027	0.0000	0.0000
0.9730	0.8033	0.0000	0.0000
0.9740	0.8040	0.0000	0.0000
0.9750	0.8047	0.0000	0.0000
0.9760	0.8053	0.0000	0.0000
0.9770	0.8060	0.0000	0.0000
0.9780	0.8067	0.0000	0.0000
0.9790	0.8073	0.0000	0.0000
0.9800	0.8080	0.0000	0.0000
0.9810	0.8086	0.0000	0.0000
0.9820	0.8093	0.0000	0.0000
0.9830	0.8100	0.0000	0.0000
0.9840	0.8107	0.0000	0.0000
0.9850	0.8113	0.0000	0.0000
0.9860	0.8120	0.0000	0.0000
0.9870	0.8127	0.0000	0.0000
0.9880	0.8133	0.0000	0.0000
0.9890	0.8140	0.0000	0.0000
0.9900	0.8147	0.0000	0.0000
0.9910	0.8153	0.0000	0.0000
0.9920	0.8160	0.0000	0.0000
0.9930	0.8167	0.0000	0.0000
0.9940	0.8174	0.0000	0.0000
0.9950	0.8180	0.0000	0.0000
0.9960	0.8187	0.0000	0.0000
0.9970	0.8194	0.0000	0.0000
0.9980	0.8201	0.0000	0.0000
0.9990	0.8208	0.0000	0.0000
1.0000	0.8214	0.0000	0.0000
0.5015
