0.0000	0.1335	0.0000	0.0000
0.0010	0.1343	0.0000	0.0000
0.0020	0.1352	0.0000	0.0000
0.0030	0.1360	0.0000	0.0000
0.0040	0.1368	0.0000	0.0000
0.0050	0.1377	0.0000	0.0000
0.0060	0.1385	0.0000	0.0000
0.0070	0.1393	0.0000	0.0000
0.0080	0.1402	0.0000	0.0000
0.0090	0.1410	0.0000	0.0000
0.0100	0.1418	0.0000	0.0000
0.0110	0.1427	0.0000	0.0000
0.0120	0.1435	0.0000	0.0000
0.0130	0.1443	0.0000	0.0000
0.0140	0.1451	0.0000	0.0000
0.0150	0.1460	0.0000	0.0000
0.0160	0.1468	0.0000	0.0000
0.0170	0.1476	0.0000	0.0000
0.0180	0.1485	0.0000	0.0000
0.0190	0.1493	0.0000	0.0000
0.0200	0.1501	0.0000	0.0000
0.0210	0.1509	0.0000	0.0000
0.0220	0.1518	0.0000	0.0000
0.0230	0.1526	0.0000	0.0000
0.0240	0.1534	0.0000	0.0000
0.0250	0.1542	0.0000	0.0000
0.0260	0.1551	0.0000	0.0000
0.0270	0.1559	0.0000	0.0000
0.0280	0.1567	0.0000	0.0000
0.0290	0.1575	0.0000	0.0000
0.0300	0.1584	0.0000	0.0000
0.0310	0.1592	0.0000	0.0000
0.0320	0.1600	0.0000	0.0000
0.0330	0.1608	0.0000	0.0000
0.0340	0.1617	0.0000	0.0000
0.0350	0.1625	0.0000	0.0000
0.0360	0.1633	0.0000	0.0000
0.0370	0.1641	0.0000	0.0000
0.0380	0.1649	0.0000	0.0000
0.0390	0.1658	0.0000	0.0000
0.0400	0.1666	0.0000	0.0000
0.0410	0.1674	0.0000	0.0000
0.0420	0.1682	0.0000	0.0000
0.0430	0.1690	0.0000	0.0000
0.0440	0.1699	0.0000	0.0000
0.0450	0.1707	0.0000	0.0000
0.0460	0.1715	0.0000	0.0000
0.0470	0.1723	0.0000	0.0000
0.0480	0.1731	0.0000	0.0000
0.0490	0.1740	0.0000	0.0000
0.0501	0.1748	0.0000	0.0000
0.0511	0.1756	0.0000	0.0000
0.0521	0.1764	0.0000	0.0000
0.0531	0.1772	0.0000	0.0000
0.0541	0.1780	0.0000	0.0000
0.0551	0.1789	0.0000	0.0000
0.0561	0.1797	0.0000	0.0000
0.0571	0.1805	0.0000	0.0000
0.0581	0.1813	0.0000	0.0000
0.0591	0.1821	0.0000	0.0000
0.0601	0.1829	0.0000	0.0000
0.0611	0.1837	0.0000	0.0000
0.0621	0.1846	0.0000	0.0000
0.0631	0.1854	0.0000	0.0000
0.0641	0.1862	0.0000	0.0000
0.0651	0.1870	0.0000	0.0000
0.0661	0.1878	0.0000	0.0000
0.0671	0.1886	0.0000	0.0000
0.0681	0.1894	0.0000	0.0000
0.0691	0.1902	0.0000	0.0000
0.0701	0.1910	0.0000	0.0000
0.0711	0.1919	0.0000	0.0000
0.0721	0.1927	0.0000	0.0000
0.0731	0.1935	0.0000	0.0000
0.0741	0.1943	0.0000	0.0000
0.0751	0.1951	0.0000	0.0000
0.0761	0.1959	0.0000	0.0000
0.0771	0.1967	0.0000	0.0000
0.0781	0.1975	0.0000	0.0000
0.0791	0.1983	0.0000	0.0000
0.0801	0.1991	0.0000	0.0000
0.0811	0.1999	0.0000	0.0000
0.0821	0.2007	0.0000	0.0000
0.0831	0.2016	0.0000	0.0000
0.0841	0.2024	0.0000	0.0000
0.0851	0.2032	0.0000	0.0000
0.0861	0.2040	0.0000	0.0000
0.0871	0.2048	0.0000	0.0000
0.0881	0.2056	0.0000	0.0000
0.0891	0.2064	0.0000	0.0000
0.0901	0.2072	0.0000	0.0000
0.0911	0.2080	0.0000	0.0000
0.0921	0.2088	0.0000	0.0000
0.0931	0.2096	0.0000	0.0000
0.0941	0.2104	0.0000	0.0000
0.0951	0.2112	0.0000	0.0000
0.0961	0.2120	0.0000	0.0000
0.0971	0.2128	0.0000	0.0000
0.0981	0.2136	0.0000	0.0000
0.0991	0.2144	0.0000	0.0000
0.1001	0.2152	0.0000	0.0000
0.1011	0.2160	0.0000	0.0000
0.1021	0.2168	0.0000	0.0000
0.1031	0.2176	0.0000	0.0000
0.1041	0.2184	0.0000	0.0000
0.1051	0.2192	0.0000	0.0000
0.1061	0.2200	0.0000	0.0000
0.1071	0.2208	0.0000	0.0000
0.1081	0.2216	0.0000	0.0000
0.1091	0.2224	0.0000	0.0000
0.1101	0.2232	0.0000	0.0000
0.1111	0.2240	0.0000	0.0000
0.1121	0.2248	0.0000	0.0000
0.1131	0.2256	0.0000	0.0000
0.1141	0.2264	0.0000	0.0000
0.1151	0.2272	0.0000	0.0000
0.1161	0.2280	0.0000	0.0000
0.1171	0.2288	0.0000	0.0000
0.1181	0.2296	0.0000	0.0000
0.1191	0.2304	0.0000	0.0000
0.1201	0.2312	0.0000	0.0000
0.1211	0.2320	0.0000	0.0000
0.1221	0.2327	0.0000	0.0000
0.1231	0.2335	0.0000	0.0000
0.1241	0.2343	0.0000	0.0000
0.1251	0.2351	0.0000	0.0000
0.1261	0.2359	0.0000	0.0000
0.1271	0.2367	0.0000	0.0000
0.1281	0.2375	0.0000	0.0000
0.1291	0.2383	0.0000	0.0000
0.1301	0.2391	0.0000	0.0000
0.1311	0.2399	0.0000	0.0000
0.1321	0.2407	0.0000	0.0000
0.1331	0.2415	0.0000	0.0000
0.1341	0.2423	0.0000	0.0000
0.1351	0.2430	0.0000	0.0000
0.1361	0.2438	0.0000	0.0000
0.1371	0.2446	0.0000	0.0000
0.1381	0.2454	0.0000	0.0000
0.1391	0.2462	0.0000	0.0000
0.1401	0.2470	0.0000	0.0000
0.1411	0.2478	0.0000	0.0000
0.1421	0.2486	0.0000	0.0000
0.1431	0.2494	0.0000	0.0000
0.1441	0.2501	0.0000	0.0000
0.1451	0.2509	0.0000	0.0000
0.1461	0.2517	0.0000	0.0000
0.1471	0.2525	0.0000	0.0000
0.1481	0.2533	0.0000	0.0000
0.1491	0.2541	0.0000	0.0000
0.1502	0.2549	0.0000	0.0000
0.1512	0.2557	0.0000	0.0000
0.1522	0.2564	0.0000	0.0000
0.1532	0.2572	0.0000	0.0000
0.1542	0.2580	0.0000	0.0000
0.1552	0.2588	0.0000	0.0000
0.1562	0.2596	0.0000	0.0000
0.1572	0.2604	0.0000	0.0000
0.1582	0.2611	0.0000	0.0000
0.1592	0.2619	0.0000	0.0000
0.1602	0.2627	0.0000	0.0000
0.1612	0.2635	0.0000	0.0000
0.1622	0.2643	0.0000	0.0000
0.1632	0.2651	0.0000	0.0000
0.1642	0.2658	0.0000	0.0000
0.1652	0.2666	0.0000	0.0000
0.1662	0.2674	0.0000	0.0000
0.1672	0.2682	0.0000	0.0000
0.1682	0.2690	0.0000	0.0000
0.1692	0.2698	0.0000	0.0000
0.1702	0.2705	0.0000	0.0000
0.1712	0.2713	0.0000	0.0000
0.1722	0.2721	0.0000	0.0000
0.1732	0.2729	0.0000	0.0000
0.1742	0.2737	0.0000	0.0000
0.1752	0.2744	0.0000	0.0000
0.1762	0.2752	0.0000	0.0000
0.1772	0.2760	0.0000	0.0000
0.1782	0.2768	0.0000	0.0000
0.1792	0.2776	0.0000	0.0000
0.1802	0.2783	0.0000	0.0000
0.1812	0.2791	0.0000	0.0000
0.1822	0.2799	0.0000	0.0000
0.1832	0.2807	0.0000	0.0000
0.1842	0.2814	0.0000	0.0000
0.1852	0.2822	0.0000	0.0000
0.1862	0.2830	0.0000	0.0000
0.1872	0.2838	0.0000	0.0000
0.1882	0.2846	0.0000	0.0000
0.1892	0.2853	0.0000	0.0000
0.1902	0.2861	0.0000	0.0000
0.1912	0.2869	0.0000	0.0000
0.1922	0.2877	0.0000	0.0000
0.1932	0.2884	0.0000	0.0000
0.1942	0.2892	0.0000	0.0000
0.1952	0.2900	0.0000	0.0000
0.1962	0.2908	0.0000	0.0000
0.1972	0.2915	0.0000	0.0000
0.1982	0.2923	0.0000	0.0000
0.1992	0.2931	0.0000	0.0000
0.2002	0.2939	0.0000	0.0000
0.2012	0.2946	0.0000	0.0000
0.2022	0.2954	0.0000	0.0000
0.2032	0.2962	0.0000	0.0000
0.2042	0.2970	0.0000	0.0000
0.2052	0.2977	0.0000	0.0000
0.2062	0.2985	0.0000	0.0000
0.2072	0.2993	0.0000	0.0000
0.2082	0.3000	0.0000	0.0000
0.2092	0.3008	0.0000	0.0000
0.2102	0.3016	0.0000	0.0000
0.2112	0.3024	0.0000	0.0000
0.2122	0.3031	0.0000	0.0000
0.2132	0.3039	0.0000	0.0000
0.2142	0.3047	0.0000	0.0000
0.2152	0.3055	0.0000	0.0000
0.2162	0.3062	0.0000	0.0000
0.2172	0.3070	0.0000	0.0000
0.2182	0.3078	0.0000	0.0000
0.2192	0.3085	0.0000	0.0000
0.2202	0.3093	0.0000	0.0000
0.2212	0.3101	0.0000	0.0000
0.2222	0.3108	0.0000	0.0000
0.2232	0.3116	0.0000	0.0000
0.2242	0.3124	0.0000	0.0000
0.2252	0.3132	0.0000	0.0000
0.2262	0.3139	0.0000	0.0000
0.2272	0.3147	0.0000	0.0000
0.2282	0.3155	0.0000	0.0000
0.2292	0.3162	0.0000	0.0000
0.2302	0.3170	0.0000	0.0000
0.2312	0.3178	0.0000	0.0000
0.2322	0.3185	0.0000	0.0000
0.2332	0.3193	0.0000	0.0000
0.2342	0.3201	0.0000	0.0000
0.2352	0.3208	0.0000	0.0000
0.2362	0.3216	0.0000	0.0000
0.2372	0.3224	0.0000	0.0000
0.2382	0.3231	0.0000	0.0000
0.2392	0.3239	0.0000	0.0000
0.2402	0.3247	0.0000	0.0000
0.2412	0.3255	0.0000	0.0000
0.2422	0.3262	0.0000	0.0000
0.2432	0.3270	0.0000	0.0000
0.2442	0.3278	0.0000	0.0000
0.2452	0.3285	0.0000	0.0000
0.2462	0.3293	0.0000	0.0000
0.2472	0.3301	0.0000	0.0000
0.2482	0.3308	0.0000	0.0000
0.2492	0.3316	0.0000	0.0000
0.2503	0.3324	0.0000	0.0000
0.2513	0.3331	0.0000	0.0000
0.2523	0.3339	0.0000	0.0000
0.2533	0.3346	0.0000	0.0000
0.2543	0.3354	0.0000	0.0000
0.2553	0.3362	0.0000	0.0000
0.2563	0.3369	0.0000	0.0000
0.2573	0.3377	0.0000	0.0000
0.2583	0.3385	0.0000	0.0000
0.2593	0.3392	0.0000	0.0000
0.2603	0.3400	0.0000	0.0000
0.2613	0.3408	0.0000	0.0000
0.2623	0.3415	0.0000	0.0000
0.2633	0.3423	0.0000	0.0000
0.2643	0.3431	0.0000	0.0000
0.2653	0.3438	0.0000	0.0000
0.2663	0.3446	0.0000	0.0000
0.2673	0.3454	0.0000	0.0000
0.2683	0.3461	0.0000	0.0000
0.2693	0.3469	0.0000	0.0000
0.2703	0.3477	0.0000	0.0000
0.2713	0.3484	0.0000	0.0000
0.2723	0.3492	0.0000	0.0000
0.2733	0.3500	0.0000	0.0000
0.2743	0.3507	0.0000	0.0000
0.2753	0.3515	0.0000	0.0000
0.2763	0.3522	0.0000	0.0000
0.2773	0.3530	0.0000	0.0000
0.2783	0.3538	0.0000	0.0000
0.2793	0.3545	0.0000	0.0000
0.2803	0.3553	0.0000	0.0000
0.2813	0.3561	0.0000	0.0000
0.2823	0.3568	0.0000	0.0000
0.2833	0.3576	0.0000	0.0000
0.2843	0.3584	0.0000	0.0000
0.2853	0.3591	0.0000	0.0000
0.2863	0.3599	0.0000	0.0000
0.2873	0.3607	0.0000	0.0000
0.2883	0.3614	0.0000	0.0000
0.2893	0.3622	0.0000	0.0000
0.2903	0.3629	0.0000	0.0000
0.2913	0.3637	0.0000	0.0000
0.2923	0.3645	0.0000	0.0000
0.2933	0.3652	0.0000	0.0000
0.2943	0.3660	0.0000	0.0000
0.2953	0.3668	0.0000	0.0000
0.2963	0.3675	0.0000	0.0000
0.2973	0.3683	0.0000	0.0000
0.2983	0.3691	0.0000	0.0000
0.2993	0.3698	0.0000	0.0000
0.3003	0.3706	0.0000	0.0000
0.3013	0.3713	0.0000	0.0000
0.3023	0.3721	0.0000	0.0000
0.3033	0.3729	0.0000	0.0000
0.3043	0.3736	0.0000	0.0000
0.3053	0.3744	0.0000	0.0000
0.3063	0.3752	0.0000	0.0000
0.3073	0.3759	0.0000	0.0000
0.3083	0.3767	0.0000	0.0000
0.3093	0.3775	0.0000	0.0000
0.3103	0.3782	0.0000	0.0000
0.3113	0.3790	0.0000	0.0000
0.3123	0.3798	0.0000	0.0000
0.3133	0.3805	0.0000	0.0000
0.3143	0.3813	0.0000	0.0000
0.3153	0.3821	0.0000	0.0000
0.3163	0.3828	0.0000	0.0000
0.3173	0.3836	0.0000	0.0000
0.3183	0.3843	0.0000	0.0000
0.3193	0.3851	0.0000	0.0000
0.3203	0.3859	0.0000	0.0000
0.3213	0.3866	0.0000	0.0000
0.3223	0.3874	0.0000	0.0000
0.3233	0.3882	0.0000	0.0000
0.3243	0.3889	0.0000	0.0000
0.3253	0.3897	0.0000	0.0000
0.3263	0.3905	0.0000	0.0000
0.3273	0.3912	0.0000	0.0000
0.3283	0.3920	0.0000	0.0000
0.3293	0.3928	0.0000	0.0000
0.3303	0.3935	0.0000	0.0000
0.3313	0.3943	0.0000	0.0000
0.3323	0.3951	0.0000	0.0000
0.3333	0.3958	0.0000	0.0000
0.3343	0.3966	0.0000	0.0000
0.3353	0.3974	0.0000	0.0000
0.3363	0.3981	0.0000	0.0000
0.3373	0.3989	0.0000	0.0000
0.3383	0.3997	0.0000	0.0000
0.3393	0.4004	0.0000	0.0000
0.3403	0.4012	0.0000	0.0000
0.3413	0.4020	0.0000	0.0000
0.3423	0.4028	0.0000	0.0000
0.3433	0.4035	0.0000	0.0000
0.3443	0.4043	0.0000	0.0000
0.3453	0.4051	0.0000	0.0000
0.3463	0.4058	0.0000	0.0000
0.3473	0.4066	0.0000	0.0000
0.3483	0.4074	0.0000	0.0000
0.3493	0.4081	0.0000	0.0000
0.3504	0.4089	0.0000	0.0000
0.3514	0.4097	0.0000	0.0000
0.3524	0.4105	0.0000	0.0000
0.3534	0.4112	0.0000	0.0000
0.3544	0.4120	0.0000	0.0000
0.3554	0.4128	0.0000	0.0000
0.3564	0.4135	0.0000	0.0000
0.3574	0.4143	0.0000	0.0000
0.3584	0.4151	0.0000	0.0000
0.3594	0.4159	0.0000	0.0000
0.3604	0.4166	0.0000	0.0000
0.3614	0.4174	0.0000	0.0000
0.3624	0.4182	0.0000	0.0000
0.3634	0.4189	0.0000	0.0000
0.3644	0.4197	0.0000	0.0000
0.3654	0.4205	0.0000	0.0000
0.3664	0.4213	0.0000	0.0000
0.3674	0.4220	0.0000	0.0000
0.3684	0.4228	0.0000	0.0000
0.3694	0.4236	0.0000	0.0000
0.3704	0.4244	0.0000	0.0000
0.3714	0.4251	0.0000	0.0000
0.3724	0.4259	0.0000	0.0000
0.3734	0.4267	0.0000	0.0000
0.3744	0.4275	0.0000	0.0000
0.3754	0.4283	0.0000	0.0000
0.3764	0.4290	0.0000	0.0000
0.3774	0.4298	0.0000	0.0000
0.3784	0.4306	0.0000	0.0000
0.3794	0.4314	0.0000	0.0000
0.3804	0.4321	0.0000	0.0000
0.3814	0.4329	0.0000	0.0000
0.3824	0.4337	0.0000	0.0000
0.3834	0.4345	0.0000	0.0000
0.3844	0.4353	0.0000	0.0000
0.3854	0.4360	0.0000	0.0000
0.3864	0.4368	0.0000	0.0000
0.3874	0.4376	0.0000	0.0000
0.3884	0.4384	0.0000	0.0000
0.3894	0.4392	0.0000	0.0000
0.3904	0.4400	0.0000	0.0000
0.3914	0.4407	0.0000	0.0000
0.3924	0.4415	0.0000	0.0000
0.3934	0.4423	0.0000	0.0000
0.3944	0.4431	0.0000	0.0000
0.3954	0.4439	0.0000	0.0000
0.3964	0.4447	0.0000	0.0000
0.3974	0.4455	0.0000	0.0000
0.3984	0.4462	0.0000	0.0000
0.3994	0.4470	0.0000	0.0000
0.4004	0.4478	0.0000	0.0000
0.4014	0.4486	0.0000	0.0000
0.4024	0.4494	0.0000	0.0000
0.4034	0.4502	0.0000	0.0000
0.4044	0.4510	0.0000	0.0000
0.4054	0.4518	0.0000	0.0000
0.4064	0.4526	0.0000	0.0000
0.4074	0.4534	0.0000	0.0000
0.4084	0.4541	0.0000	0.0000
0.4094	0.4549	0.0000	0.0000
0.4104	0.4557	0.0000	0.0000
0.4114	0.4565	0.0000	0.0000
0.4124	0.4573	0.0000	0.0000
0.4134	0.4581	0.0000	0.0000
0.4144	0.4589	0.0000	0.0000
0.4154	0.4597	0.0000	0.0000
0.4164	0.4605	0.0000	0.0000
0.4174	0.4613	0.0000	0.0000
0.4184	0.4621	0.0000	0.0000
0.4194	0.4629	0.0000	0.0000
0.4204	0.4637	0.0000	0.0000
0.4214	0.4645	0.0000	0.0000
0.4224	0.4653	0.0000	0.0000
0.4234	0.4661	0.0000	0.0000
0.4244	0.4669	0.0000	0.0000
0.4254	0.4677	0.0000	0.0000
0.4264	0.4685	0.0000	0.0000
0.4274	0.4693	0.0000	0.0000
0.4284	0.4701	0.0000	0.0000
0.4294	0.4709	0.0000	0.0000
0.4304	0.4717	0.0000	0.0000
0.4314	0.4725	0.0000	0.0000
0.4324	0.4733	0.0000	0.0000
0.4334	0.4742	0.0000	0.0000
0.4344	0.4750	0.0000	0.0000
0.4354	0.4758	0.0000	0.0000
0.4364	0.4766	0.0000	0.0000
0.4374	0.4774	0.0000	0.0000
0.4384	0.4782	0.0000	0.0000
0.4394	0.4790	0.0000	0.0000
0.4404	0.4798	0.0000	0.0000
0.4414	0.4806	0.0000	0.0000
0.4424	0.4815	0.0000	0.0000
0.4434	0.4823	0.0000	0.0000
0.4444	0.4831	0.0000	0.0000
0.4454	0.4839	0.0000	0.0000
0.4464	0.4847	0.0000	0.0000
0.4474	0.4856	0.0000	0.0000
0.4484	0.4864	0.0000	0.0000
0.4494	0.4872	0.0000	0.0000
0.4505	0.4880	0.0000	0.0000
0.4515	0.4888	0.0000	0.0000
0.4525	0.4897	0.0000	0.0000
0.4535	0.4905	0.0000	0.0000
0.4545	0.4913	0.0000	0.0000
0.4555	0.4921	0.0000	0.0000
0.4565	0.4930	0.0000	0.0000
0.4575	0.4938	0.0000	0.0000
0.4585	0.4946	0.0000	0.0000
0.4595	0.4955	0.0000	0.0000
0.4605	0.4963	0.0000	0.0000
0.4615	0.4971	0.0000	0.0000
0.4625	0.4980	0.0000	0.0000
0.4635	0.4988	0.0000	0.0000
0.4645	0.4996	0.0000	0.0000
0.4655	0.5005	0.0000	0.0000
0.4665	0.5013	0.0000	0.0000
0.4675	0.5021	0.0000	0.0000
0.4685	0.5030	0.0000	0.0000
0.4695	0.5038	0.0000	0.0000
0.4705	0.5047	0.0000	0.0000
0.4715	0.5055	0.0000	0.0000
0.4725	0.5064	0.0000	0.0000
0.4735	0.5072	0.0000	0.0000
0.4745	0.5081	0.0000	0.0000
0.4755	0.5089	0.0000	0.0000
0.4765	0.5098	0.0000	0.0000
0.4775	0.5106	0.0000	0.0000
0.4785	0.5115	0.0000	0.0000
0.4795	0.5123	0.0000	0.0000
0.4805	0.5132	0.0000	0.0000
0.4815	0.5140	0.0000	0.0000
0.4825	0.5149	0.0000	0.0000
0.4835	0.5157	0.0000	0.0000
0.4845	0.5166	0.0000	0.0000
0.4855	0.5175	0.0000	0.0000
0.4865	0.5183	0.0000	0.0000
0.4875	0.5192	0.0000	0.0000
0.4885	0.5200	0.0000	0.0000
0.4895	0.5209	0.0000	0.0000
0.4905	0.5218	0.0000	0.0000
0.4915	0.5226	0.0000	0.0000
0.4925	0.5235	0.0000	0.0000
0.4935	0.5244	0.0000	0.0000
0.4945	0.5253	0.0000	0.0000
0.4955	0.5261	0.0000	0.0000
0.4965	0.5270	0.0000	0.0000
0.4975	0.5279	0.0000	0.0000
0.4985	0.5288	0.0000	0.0000
0.4995	0.5296	0.0000	0.0000
0.5005	0.5309	0.0000	0.0000
0.5015	0.5324	0.0000	0.0000
0.5025	0.5340	0.0000	0.0000
0.5035	0.5355	0.0000	0.0000
0.5045	0.5370	0.0000	0.0000
0.5055	0.5385	0.0000	0.0000
0.5065	0.5400	0.0000	0.0000
0.5075	0.5415	0.0000	0.0000
0.5085	0.5430	0.0000	0.0000
0.5095	0.5445	0.0000	0.0000
0.5105	0.5460	0.0000	0.0000
0.5115	0.5475	0.0000	0.0000
0.5125	0.5489	0.0000	0.0000
0.5135	0.5504	0.0000	0.0000
0.5145	0.5518	0.0000	0.0000
0.5155	0.5533	0.0000	0.0000
0.5165	0.5547	0.0000	0.0000
0.5175	0.5561	0.0000	0.0000
0.5185	0.5576	0.0000	0.0000
0.5195	0.5590	0.0000	0.0000
0.5205	0.5604	0.0000	0.0000
0.5215	0.5618	0.0000	0.0000
0.5225	0.5632	0.0000	0.0000
0.5235	0.5646	0.0000	0.0000
0.5245	0.5659	0.0000	0.0000
0.5255	0.5673	0.0000	0.0000
0.5265	0.5687	0.0000	0.0000
0.5275	0.5700	0.0000	0.0000
0.5285	0.5714	0.0000	0.0000
0.5295	0.5727	0.0000	0.0000
0.5305	0.5740	0.0000	0.0000
0.5315	0.5754	0.0000	0.0000
0.5325	0.5767	0.0000	0.0000
0.5335	0.5780	0.0000	0.0000
0.5345	0.5793	0.0000	0.0000
0.5355	0.5806	0.0000	0.0000
0.5365	0.5819	0.0000	0.0000
0.5375	0.5832	0.0000	0.0000
0.5385	0.5845	0.0000	0.0000
0.5395	0.5857	0.0000	0.0000
0.5405	0.5870	0.0000	0.0000
0.5415	0.5883	0.0000	0.0000
0.5425	0.5895	0.0000	0.0000
0.5435	0.5908	0.0000	0.0000
0.5445	0.5920	0.0000	0.0000
0.5455	0.5933	0.0000	0.0000
0.5465	0.5945	0.0000	0.0000
0.5475	0.5957	0.0000	0.0000
0.5485	0.5969	0.0000	0.0000
0.5495	0.5981	0.0000	0.0000
0.5506	0.5994	0.0000	0.0000
0.5516	0.6006	0.0000	0.0000
0.5526	0.6017	0.0000	0.0000
0.5536	0.6029	0.0000	0.0000
0.5546	0.6041	0.0000	0.0000
0.5556	0.6053	0.0000	0.0000
0.5566	0.6065	0.0000	0.0000
0.5576	0.6076	0.0000	0.0000
0.5586	0.6088	0.0000	0.0000
0.5596	0.6099	0.0000	0.0000
0.5606	0.6111	0.0000	0.0000
0.5616	0.6122	0.0000	0.0000
0.5626	0.6134	0.0000	0.0000
0.5636	0.6145	0.0000	0.0000
0.5646	0.6156	0.0000	0.0000
0.5656	0.6168	0.0000	0.0000
0.5666	0.6179	0.0000	0.0000
0.5676	0.6190	0.0000	0.0000
0.5686	0.6201	0.0000	0.0000
0.5696	0.6212	0.0000	0.0000
0.5706	0.6223	0.0000	0.0000
0.5716	0.6234	0.0000	0.0000
0.5726	0.6245	0.0000	0.0000
0.5736	0.6255	0.0000	0.0000
0.5746	0.6266	0.0000	0.0000
0.5756	0.6277	0.0000	0.0000
0.5766	0.6287	0.0000	0.0000
0.5776	0.6298	0.0000	0.0000
0.5786	0.6308	0.0000	0.0000
0.5796	0.6319	0.0000	0.0000
0.5806	0.6329	0.0000	0.0000
0.5816	0.6340	0.0000	0.0000
0.5826	0.6350	0.0000	0.0000
0.5836	0.6360	0.0000	0.0000
0.5846	0.6371	0.0000	0.0000
0.5856	0.6381	0.0000	0.0000
0.5866	0.6391	0.0000	0.0000
0.5876	0.6401	0.0000	0.0000
0.5886	0.6411	0.0000	0.0000
0.5896	0.6421	0.0000	0.0000
0.5906	0.6431	0.0000	0.0000
0.5916	0.6441	0.0000	0.0000
0.5926	0.6451	0.0000	0.0000
0.5936	0.6461	0.0000	0.0000
0.5946	0.6470	0.0000	0.0000
0.5956	0.6480	0.0000	0.0000
0.5966	0.6490	0.0000	0.0000
0.5976	0.6499	0.0000	0.0000
0.5986	0.6509	0.0000	0.0000
0.5996	0.6519	0.0000	0.0000
0.6006	0.6528	0.0000	0.0000
0.6016	0.6538	0.0000	0.0000
0.6026	0.6547	0.0000	0.0000
0.6036	0.6556	0.0000	0.0000
0.6046	0.6566	0.0000	0.0000
0.6056	0.6575	0.0000	0.0000
0.6066	0.6584	0.0000	0.0000
0.6076	0.6593	0.0000	0.0000
0.6086	0.6603	0.0000	0.0000
0.6096	0.6612	0.0000	0.0000
0.6106	0.6621	0.0000	0.0000
0.6116	0.6630	0.0000	0.0000
0.6126	0.6639	0.0000	0.0000
0.6136	0.6648	0.0000	0.0000
0.6146	0.6657	0.0000	0.0000
0.6156	0.6666	0.0000	0.0000
0.6166	0.6674	0.0000	0.0000
0.6176	0.6683	0.0000	0.0000
0.6186	0.6692	0.0000	0.0000
0.6196	0.6701	0.0000	0.0000
0.6206	0.6709	0.0000	0.0000
0.6216	0.6718	0.0000	0.0000
0.6226	0.6727	0.0000	0.0000
0.6236	0.6735	0.0000	0.0000
0.6246	0.6744	0.0000	0.0000
0.6256	0.6752	0.0000	0.0000
0.6266	0.6761	0.0000	0.0000
0.6276	0.6769	0.0000	0.0000
0.6286	0.6778	0.0000	0.0000
0.6296	0.6786	0.0000	0.0000
0.6306	0.6794	0.0000	0.0000
0.6316	0.6802	0.0000	0.0000
0.6326	0.6811	0.0000	0.0000
0.6336	0.6819	0.0000	0.0000
0.6346	0.6827	0.0000	0.0000
0.6356	0.6835	0.0000	0.0000
0.6366	0.6843	0.0000	0.0000
0.6376	0.6851	0.0000	0.0000
0.6386	0.6859	0.0000	0.0000
0.6396	0.6867	0.0000	0.0000
0.6406	0.6875	0.0000	0.0000
0.6416	0.6883	0.0000	0.0000
0.6426	0.6891	0.0000	0.0000
0.6436	0.6899	0.0000	0.0000
0.6446	0.6907	0.0000	0.0000
0.6456	0.6915	0.0000	0.0000
0.6466	0.6922	0.0000	0.0000
0.6476	0.6930	0.0000	0.0000
0.6486	0.6938	0.0000	0.0000
0.6496	0.6945	0.0000	0.0000
0.6507	0.6953	0.0000	0.0000
0.6517	0.6961	0.0000	0.0000
0.6527	0.6968	0.0000	0.0000
0.6537	0.6976	0.0000	0.0000
0.6547	0.6983	0.0000	0.0000
0.6557	0.6991	0.0000	0.0000
0.6567	0.6998	0.0000	0.0000
0.6577	0.7006	0.0000	0.0000
0.6587	0.7013	0.0000	0.0000
0.6597	0.7020	0.0000	0.0000
0.6607	0.7028	0.0000	0.0000
0.6617	0.7035	0.0000	0.0000
0.6627	0.7042	0.0000	0.0000
0.6637	0.7049	0.0000	0.0000
0.6647	0.7057	0.0000	0.0000
0.6657	0.7064	0.0000	0.0000
0.6667	0.7071	0.0000	0.0000
0.6677	0.7078	0.0000	0.0000
0.6687	0.7085	0.0000	0.0000
0.6697	0.7092	0.0000	0.0000
0.6707	0.7099	0.0000	0.0000
0.6717	0.7106	0.0000	0.0000
0.6727	0.7113	0.0000	0.0000
0.6737	0.7120	0.0000	0.0000
0.6747	0.7127	0.0000	0.0000
0.6757	0.7134	0.0000	0.0000
0.6767	0.7141	0.0000	0.0000
0.6777	0.7148	0.0000	0.0000
0.6787	0.7155	0.0000	0.0000
0.6797	0.7161	0.0000	0.0000
0.6807	0.7168	0.0000	0.0000
0.6817	0.7175	0.0000	0.0000
0.6827	0.7182	0.0000	0.0000
0.6837	0.7188	0.0000	0.0000
0.6847	0.7195	0.0000	0.0000
0.6857	0.7202	0.0000	0.0000
0.6867	0.7208	0.0000	0.0000
0.6877	0.7215	0.0000	0.0000
0.6887	0.7221	0.0000	0.0000
0.6897	0.7228	0.0000	0.0000
0.6907	0.7234	0.0000	0.0000
0.6917	0.7241	0.0000	0.0000
0.6927	0.7247	0.0000	0.0000
0.6937	0.7254	0.0000	0.0000
0.6947	0.7260	0.0000	0.0000
0.6957	0.7266	0.0000	0.0000
0.6967	0.7273	0.0000	0.0000
0.6977	0.7279	0.0000	0.0000
0.6987	0.7285	0.0000	0.0000
0.6997	0.7292	0.0000	0.0000
0.7007	0.7298	0.0000	0.0000
0.7017	0.7304	0.0000	0.0000
0.7027	0.7311	0.0000	0.0000
0.7037	0.7317	0.0000	0.0000
0.7047	0.7323	0.0000	0.0000
0.7057	0.7329	0.0000	0.0000
0.7067	0.7335	0.0000	0.0000
0.7077	0.7341	0.0000	0.0000
0.7087	0.7347	0.0000	0.0000
0.7097	0.7353	0.0000	0.0000
0.7107	0.7359	0.0000	0.0000
0.7117	0.7366	0.0000	0.0000
0.7127	0.7372	0.0000	0.0000
0.7137	0.7378	0.0000	0.0000
0.7147	0.7383	0.0000	0.0000
0.7157	0.7389	0.0000	0.0000
0.7167	0.7395	0.0000	0.0000
0.7177	0.7401	0.0000	0.0000
0.7187	0.7407	0.0000	0.0000
0.7197	0.7413	0.0000	0.0000
0.7207	0.7419	0.0000	0.0000
0.7217	0.7425	0.0000	0.0000
0.7227	0.7430	0.0000	0.0000
0.7237	0.7436	0.0000	0.0000
0.7247	0.7442	0.0000	0.0000
0.7257	0.7448	0.0000	0.0000
0.7267	0.7453	0.0000	0.0000
0.7277	0.7459	0.0000	0.0000
0.7287	0.7465	0.0000	0.0000
0.7297	0.7470	0.0000	0.0000
0.7307	0.7476	0.0000	0.0000
0.7317	0.7482	0.0000	0.0000
0.7327	0.7487	0.0000	0.0000
0.7337	0.7493	0.0000	0.0000
0.7347	0.7498	0.0000	0.0000
0.7357	0.7504	0.0000	0.0000
0.7367	0.7510	0.0000	0.0000
0.7377	0.7515	0.0000	0.0000
0.7387	0.7521	0.0000	0.0000
0.7397	0.7526	0.0000	0.0000
0.7407	0.7532	0.0000	0.0000
0.7417	0.7537	0.0000	0.0000
0.7427	0.7542	0.0000	0.0000
0.7437	0.7548	0.0000	0.0000
0.7447	0.7553	0.0000	0.0000
0.7457	0.7559	0.0000	0.0000
0.7467	0.7564	0.0000	0.0000
0.7477	0.7569	0.0000	0.0000
0.7487	0.7575	0.0000	0.0000
0.7497	0.7580	0.0000	0.0000
0.7508	0.7585	0.0000	0.0000
0.7518	0.7591	0.0000	0.0000
0.7528	0.7596	0.0000	0.0000
0.7538	0.7601	0.0000	0.0000
0.7548	0.7606	0.0000	0.0000
0.7558	0.7611	0.0000	0.0000
0.7568	0.7617	0.0000	0.0000
0.7578	0.7622	0.0000	0.0000
0.7588	0.7627	0.0000	0.0000
0.7598	0.7632	0.0000	0.0000
0.7608	0.7637	0.0000	0.0000
0.7618	0.7642	0.0000	0.0000
0.7628	0.7648	0.0000	0.0000
0.7638	0.7653	0.0000	0.0000
0.7648	0.7658	0.0000	0.0000
0.7658	0.7663	0.0000	0.0000
0.7668	0.7668	0.0000	0.0000
0.7678	0.7673	0.0000	0.0000
0.7688	0.7678	0.0000	0.0000
0.7698	0.7683	0.0000	0.0000
0.7708	0.7688	0.0000	0.0000
0.7718	0.7693	0.0000	0.0000
0.7728	0.7698	0.0000	0.0000
0.7738	0.7703	0.0000	0.0000
0.7748	0.7708	0.0000	0.0000
0.7758	0.7713	0.0000	0.0000
0.7768	0.7718	0.0000	0.0000
0.7778	0.7723	0.0000	0.0000
0.7788	0.7727	0.0000	0.0000
0.7798	0.7732	0.0000	0.0000
0.7808	0.7737	0.0000	0.0000
0.7818	0.7742	0.0000	0.0000
0.7828	0.7747	0.0000	0.0000
0.7838	0.7752	0.0000	0.0000
0.7848	0.7757	0.0000	0.0000
0.7858	0.7761	0.0000	0.0000
0.7868	0.7766	0.0000	0.0000
0.7878	0.7771	0.0000	0.0000
0.7888	0.7776	0.0000	0.0000
0.7898	0.7780	0.0000	0.0000
0.7908	0.7785	0.0000	0.0000
0.7918	0.7790	0.0000	0.0000
0.7928	0.7795	0.0000	0.0000
0.7938	0.7799	0.0000	0.0000
0.7948	0.7804	0.0000	0.0000
0.7958	0.7809	0.0000	0.0000
0.7968	0.7813	0.0000	0.0000
0.7978	0.7818	0.0000	0.0000
0.7988	0.7823	0.0000	0.0000
0.7998	0.7827	0.0000	0.0000
0.8008	0.7832	0.0000	0.0000
0.8018	0.7837	0.0000	0.0000
0.8028	0.7841	0.0000	0.0000
0.8038	0.7846	0.0000	0.0000
0.8048	0.7850	0.0000	0.0000
0.8058	0.7855	0.0000	0.0000
0.8068	0.7860	0.0000	0.0000
0.8078	0.7864	0.0000	0.0000
0.8088	0.7869	0.0000	0.0000
0.8098	0.7873	0.0000	0.0000
0.8108	0.7878	0.0000	0.0000
0.8118	0.7882	0.0000	0.0000
0.8128	0.7887	0.0000	0.0000
0.8138	0.7891	0.0000	0.0000
0.8148	0.7896	0.0000	0.0000
0.8158	0.7900	0.0000	0.0000
0.8168	0.7905	0.0000	0.0000
0.8178	0.7909	0.0000	0.0000
0.8188	0.7914	0.0000	0.0000
0.8198	0.7918	0.0000	0.0000
0.8208	0.7923	0.0000	0.0000
0.8218	0.7927	0.0000	0.0000
0.8228	0.7932	0.0000	0.0000
0.8238	0.7936	0.0000	0.0000
0.8248	0.7940	0.0000	0.0000
0.8258	0.7945	0.0000	0.0000
0.8268	0.7949	0.0000	0.0000
0.8278	0.7954	0.0000	0.0000
0.8288	0.7958	0.0000	0.0000
0.8298	0.7962	0.0000	0.0000
0.8308	0.7967	0.0000	0.0000
0.8318	0.7971	0.0000	0.0000
0.8328	0.7975	0.0000	0.0000
0.8338	0.7980	0.0000	0.0000
0.8348	0.7984	0.0000	0.0000
0.8358	0.7988	0.0000	0.0000
0.8368	0.7993	0.0000	0.0000
0.8378	0.7997	0.0000	0.0000
0.8388	0.8001	0.0000	0.0000
0.8398	0.8006	0.0000	0.0000
0.8408	0.8010	0.0000	0.0000
0.8418	0.8014	0.0000	0.0000
0.8428	0.8018	0.0000	0.0000
0.8438	0.8023	0.0000	0.0000
0.8448	0.8027	0.0000	0.0000
0.8458	0.8031	0.0000	0.0000
0.8468	0.8036	0.0000	0.0000
0.8478	0.8040	0.0000	0.0000
0.8488	0.8044	0.0000	0.0000
0.8498	0.8048	0.0000	0.0000
0.8509	0.8052	0.0000	0.0000
0.8519	0.8057	0.0000	0.0000
0.8529	0.8061	0.0000	0.0000
0.8539	0.8065	0.0000	0.0000
0.8549	0.8069	0.0000	0.0000
0.8559	0.8074	0.0000	0.0000
0.8569	0.8078	0.0000	0.0000
0.8579	0.8082	0.0000	0.0000
0.8589	0.8086	0.0000	0.0000
0.8599	0.8090	0.0000	0.0000
0.8609	0.8094	0.0000	0.0000
0.8619	0.8099	0.0000	0.0000
0.8629	0.8103	0.0000	0.0000
0.8639	0.8107	0.0000	0.0000
0.8649	0.8111	0.0000	0.0000
0.8659	0.8115	0.0000	0.0000
0.8669	0.8119	0.0000	0.0000
0.8679	0.8124	0.0000	0.0000
0.8689	0.8128	0.0000	0.0000
0.8699	0.8132	0.0000	0.0000
0.8709	0.8136	0.0000	0.0000
0.8719	0.8140	0.0000	0.0000
0.8729	0.8144	0.0000	0.0000
0.8739	0.8148	0.0000	0.0000
0.8749	0.8152	0.0000	0.0000
0.8759	0.8157	0.0000	0.0000
0.8769	0.8161	0.0000	0.0000
0.8779	0.8165	0.0000	0.0000
0.8789	0.8169	0.0000	0.0000
0.8799	0.8173	0.0000	0.0000
0.8809	0.8177	0.0000	0.0000
0.8819	0.8181	0.0000	0.0000
0.8829	0.8185	0.0000	0.0000
0.8839	0.8189	0.0000	0.0000
0.8849	0.8193	0.0000	0.0000
0.8859	0.8197	0.0000	0.0000
0.8869	0.8202	0.0000	0.0000
0.8879	0.8206	0.0000	0.0000
0.8889	0.8210	0.0000	0.0000
0.8899	0.8214	0.0000	0.0000
0.8909	0.8218	0.0000	0.0000
0.8919	0.8222	0.0000	0.0000
0.8929	0.8226	0.0000	0.0000
0.8939	0.8230	0.0000	0.0000
0.8949	0.8234	0.0000	0.0000
0.8959	0.8238	0.0000	0.0000
0.8969	0.8242	0.0000	0.0000
0.8979	0.8246	0.0000	0.0000
0.8989	0.8250	0.0000	0.0000
0.8999	0.8254	0.0000	0.0000
0.9009	0.8258	0.0000	0.0000
0.9019	0.8262	0.0000	0.0000
0.9029	0.8266	0.0000	0.0000
0.9039	0.8270	0.0000	0.0000
0.9049	0.8275	0.0000	0.0000
0.9059	0.8279	0.0000	0.0000
0.9069	0.8283	0.0000	0.0000
0.9079	0.8287	0.0000	0.0000
0.9089	0.8291	0.0000	0.0000
0.9099	0.8295	0.0000	0.0000
0.9109	0.8299	0.0000	0.0000
0.9119	0.8303	0.0000	0.0000
0.9129	0.8307	0.0000	0.0000
0.9139	0.8311	0.0000	0.0000
0.9149	0.8315	0.0000	0.0000
0.9159	0.8319	0.0000	0.0000
0.9169	0.8323	0.0000	0.0000
0.9179	0.8327	0.0000	0.0000
0.9189	0.8331	0.0000	0.0000
0.9199	0.8335	0.0000	0.0000
0.9209	0.8339	0.0000	0.0000
0.9219	0.8343	0.0000	0.0000
0.9229	0.8347	0.0000	0.0000
0.9239	0.8351	0.0000	0.0000
0.9249	0.8355	0.0000	0.0000
0.9259	0.8359	0.0000	0.0000
0.9269	0.8363	0.0000	0.0000
0.9279	0.8367	0.0000	0.0000
0.9289	0.8371	0.0000	0.0000
0.9299	0.8375	0.0000	0.0000
0.9309	0.8379	0.0000	0.0000
0.9319	0.8383	0.0000	0.0000
0.9329	0.8387	0.0000	0.0000
0.9339	0.8391	0.0000	0.0000
0.9349	0.8395	0.0000	0.0000
0.9359	0.8399	0.0000	0.0000
0.9369	0.8403	0.0000	0.0000
0.9379	0.8408	0.0000	0.0000
0.9389	0.8412	0.0000	0.0000
0.9399	0.8416	0.0000	0.0000
0.9409	0.8420	0.0000	0.0000
0.9419	0.8424	0.0000	0.0000
0.9429	0.8428	0.0000	0.0000
0.9439	0.8432	0.0000	0.0000
0.9449	0.8436	0.0000	0.0000
0.9459	0.8440	0.0000	0.0000
0.9469	0.8444	0.0000	0.0000
0.9479	0.8448	0.0000	0.0000
0.9489	0.8452	0.0000	0.0000
0.9499	0.8456	0.0000	0.0000
0.9510	0.8460	0.0000	0.0000
0.9520	0.8464	0.0000	0.0000
0.9530	0.8468	0.0000	0.0000
0.9540	0.8472	0.0000	0.0000
0.9550	0.8477	0.0000	0.0000
0.9560	0.8481	0.0000	0.0000
0.9570	0.8485	0.0000	0.0000
0.9580	0.8489	0.0000	0.0000
0.9590	0.8493	0.0000	0.0000
0.9600	0.8497	0.0000	0.0000
0.9610	0.8501	0.0000	0.0000
0.9620	0.8505	0.0000	0.0000
0.9630	0.8509	0.0000	0.0000
0.9640	0.8513	0.0000	0.0000
0.9650	0.8517	0.0000	0.0000
0.9660	0.8522	0.0000	0.0000
0.9670	0.8526	0.0000	0.0000
0.9680	0.8530	0.0000	0.0000
0.9690	0.8534	0.0000	0.0000
0.9700	0.8538	0.0000	0.0000
0.9710	0.8542	0.0000	0.0000
0.9720	0.8546	0.0000	0.0000
0.9730	0.8551	0.0000	0.0000
0.9740	0.8555	0.0000	0.0000
0.9750	0.8559	0.0000	0.0000
0.9760	0.8563	0.0000	0.0000
0.9770	0.8567	0.0000	0.0000
0.9780	0.8571	0.0000	0.0000
0.9790	0.8576	0.0000	0.0000
0.9800	0.8580	0.0000	0.0000
0.9810	0.8584	0.0000	0.0000
0.9820	0.8588	0.0000	0.0000
0.9830	0.8592	0.0000	0.0000
0.9840	0.8597	0.0000	0.0000
0.9850	0.8601	0.0000	0.0000
0.9860	0.8605	0.0000	0.0000
0.9870	0.8609	0.0000	0.0000
0.9880	0.8613	0.0000	0.0000
0.9890	0.8618	0.0000	0.0000
0.9900	0.8622	0.0000	0.0000
0.9910	0.8626	0.0000	0.0000
0.9920	0.8630	0.0000	0.0000
0.9930	0.8635	0.0000	0.0000
0.9940	0.8639	0.0000	0.0000
0.9950	0.8643	0.0000	0.0000
0.9960	0.8648	0.0000	0.0000
0.9970	0.8652	0.0000	0.0000
0.9980	0.8656	0.0000	0.0000
0.9990	0.8661	0.0000	0.0000
1.0000	0.8665	0.0000	0.0000
0.7678
