0.0000	0.1342	0.0000	0.0000
0.0010	0.1350	0.0000	0.0000
0.0020	0.1358	0.0000	0.0000
0.0030	0.1367	0.0000	0.0000
0.0040	0.1375	0.0000	0.0000
0.0050	0.1383	0.0000	0.0000
0.0060	0.1392	0.0000	0.0000
0.0070	0.1400	0.0000	0.0000
0.0080	0.1408	0.0000	0.0000
0.0090	0.1417	0.0000	0.0000
0.0100	0.1425	0.0000	0.0000
0.0110	0.1433	0.0000	0.0000
0.0120	0.1442	0.0000	0.0000
0.0130	0.1450	0.0000	0.0000
0.0140	0.1458	0.0000	0.0000
0.0150	0.1466	0.0000	0.0000
0.0160	0.1475	0.0000	0.0000
0.0170	0.1483	0.0000	0.0000
0.0180	0.1491	0.0000	0.0000
0.0190	0.1500	0.0000	0.0000
0.0200	0.1508	0.0000	0.0000
0.0210	0.1516	0.0000	0.0000
0.0220	0.1524	0.0000	0.0000
0.0230	0.1533	0.0000	0.0000
0.0240	0.1541	0.0000	0.0000
0.0250	0.1549	0.0000	0.0000
0.0260	0.1557	0.0000	0.0000
0.0270	0.1566	0.0000	0.0000
0.0280	0.1574	0.0000	0.0000
0.0290	0.1582	0.0000	0.0000
0.0300	0.1590	0.0000	0.0000
0.0310	0.1599	0.0000	0.0000
0.0320	0.1607	0.0000	0.0000
0.0330	0.1615	0.0000	0.0000
0.0340	0.1623	0.0000	0.0000
0.0350	0.1632	0.0000	0.0000
0.0360	0.1640	0.0000	0.0000
0.0370	0.1648	0.0000	0.0000
0.0380	0.1656	0.0000	0.0000
0.0390	0.1664	0.0000	0.0000
0.0400	0.1673	0.0000	0.0000
0.0410	0.1681	0.0000	0.0000
0.0420	0.1689	0.0000	0.0000
0.0430	0.1697	0.0000	0.0000
0.0440	0.1705	0.0000	0.0000
0.0450	0.1714	0.0000	0.0000
0.0460	0.1722	0.0000	0.0000
0.0470	0.1730	0.0000	0.0000
0.0480	0.1738	0.0000	0.0000
0.0490	0.1746	0.0000	0.0000
0.0501	0.1755	0.0000	0.0000
0.0511	0.1763	0.0000	0.0000
0.0521	0.1771	0.0000	0.0000
0.0531	0.1779	0.0000	0.0000
0.0541	0.1787	0.0000	0.0000
0.0551	0.1795	0.0000	0.0000
0.0561	0.1803	0.0000	0.0000
0.0571	0.1812	0.0000	0.0000
0.0581	0.1820	0.0000	0.0000
0.0591	0.1828	0.0000	0.0000
0.0601	0.1836	0.0000	0.0000
0.0611	0.1844	0.0000	0.0000
0.0621	0.1852	0.0000	0.0000
0.0631	0.1860	0.0000	0.0000
0.0641	0.1869	0.0000	0.0000
0.0651	0.1877	0.0000	0.0000
0.0661	0.1885	0.0000	0.0000
0.0671	0.1893	0.0000	0.0000
0.0681	0.1901	0.0000	0.0000
0.0691	0.1909	0.0000	0.0000
0.0701	0.1917	0.0000	0.0000
0.0711	0.1925	0.0000	0.0000
0.0721	0.1934	0.0000	0.0000
0.0731	0.1942	0.0000	0.0000
0.0741	0.1950	0.0000	0.0000
0.0751	0.1958	0.0000	0.0000
0.0761	0.1966	0.0000	0.0000
0.0771	0.1974	0.0000	0.0000
0.0781	0.1982	0.0000	0.0000
0.0791	0.1990	0.0000	0.0000
0.0801	0.1998	0.0000	0.0000
0.0811	0.2006	0.0000	0.0000
0.0821	0.2014	0.0000	0.0000
0.0831	0.2022	0.0000	0.0000
0.0841	0.2030	0.0000	0.0000
0.0851	0.2039	0.0000	0.0000
0.0861	0.2047	0.0000	0.0000
0.0871	0.2055	0.0000	0.0000
0.0881	0.2063	0.0000	0.0000
0.0891	0.2071	0.0000	0.0000
0.0901	0.2079	0.0000	0.0000
0.0911	0.2087	0.0000	0.0000
0.0921	0.2095	0.0000	0.0000
0.0931	0.2103	0.0000	0.0000
0.0941	0.2111	0.0000	0.0000
0.0951	0.2119	0.0000	0.0000
0.0961	0.2127	0.0000	0.0000
0.0971	0.2135	0.0000	0.0000
0.0981	0.2143	0.0000	0.0000
0.0991	0.2151	0.0000	0.0000
0.1001	0.2159	0.0000	0.0000
0.1011	0.2167	0.0000	0.0000
0.1021	0.2175	0.0000	0.0000
0.1031	0.2183	0.0000	0.0000
0.1041	0.2191	0.0000	0.0000
0.1051	0.2199	0.0000	0.0000
0.1061	0.2207	0.0000	0.0000
0.1071	0.2215	0.0000	0.0000
0.1081	0.2223	0.0000	0.0000
0.1091	0.2231	0.0000	0.0000
0.1101	0.2239	0.0000	0.0000
0.1111	0.2247	0.0000	0.0000
0.1121	0.2255	0.0000	0.0000
0.1131	0.2263	0.0000	0.0000
0.1141	0.2271	0.0000	0.0000
0.1151	0.2279	0.0000	0.0000
0.1161	0.2287	0.0000	0.0000
0.1171	0.2295	0.0000	0.0000
0.1181	0.2303	0.0000	0.0000
0.1191	0.2311	0.0000	0.0000
0.1201	0.2319	0.0000	0.0000
0.1211	0.2327	0.0000	0.0000
0.1221	0.2335	0.0000	0.0000
0.1231	0.2342	0.0000	0.0000
0.1241	0.2350	0.0000	0.0000
0.1251	0.2358	0.0000	0.0000
0.1261	0.2366	0.0000	0.0000
0.1271	0.2374	0.0000	0.0000
0.1281	0.2382	0.0000	0.0000
0.1291	0.2390	0.0000	0.0000
0.1301	0.2398	0.0000	0.0000
0.1311	0.2406	0.0000	0.0000
0.1321	0.2414	0.0000	0.0000
0.1331	0.2422	0.0000	0.0000
0.1341	0.2430	0.0000	0.0000
0.1351	0.2438	0.0000	0.0000
0.1361	0.2445	0.0000	0.0000
0.1371	0.2453	0.0000	0.0000
0.1381	0.2461	0.0000	0.0000
0.1391	0.2469	0.0000	0.0000
0.1401	0.2477	0.0000	0.0000
0.1411	0.2485	0.0000	0.0000
0.1421	0.2493	0.0000	0.0000
0.1431	0.2501	0.0000	0.0000
0.1441	0.2509	0.0000	0.0000
0.1451	0.2516	0.0000	0.0000
0.1461	0.2524	0.0000	0.0000
0.1471	0.2532	0.0000	0.0000
0.1481	0.2540	0.0000	0.0000
0.1491	0.2548	0.0000	0.0000
0.1502	0.2556	0.0000	0.0000
0.1512	0.2564	0.0000	0.0000
0.1522	0.2571	0.0000	0.0000
0.1532	0.2579	0.0000	0.0000
0.1542	0.2587	0.0000	0.0000
0.1552	0.2595	0.0000	0.0000
0.1562	0.2603	0.0000	0.0000
0.1572	0.2611	0.0000	0.0000
0.1582	0.2619	0.0000	0.0000
0.1592	0.2626	0.0000	0.0000
0.1602	0.2634	0.0000	0.0000
0.1612	0.2642	0.0000	0.0000
0.1622	0.2650	0.0000	0.0000
0.1632	0.2658	0.0000	0.0000
0.1642	0.2666	0.0000	0.0000
0.1652	0.2673	0.0000	0.0000
0.1662	0.2681	0.0000	0.0000
0.1672	0.2689	0.0000	0.0000
0.1682	0.2697	0.0000	0.0000
0.1692	0.2705	0.0000	0.0000
0.1702	0.2712	0.0000	0.0000
0.1712	0.2720	0.0000	0.0000
0.1722	0.2728	0.0000	0.0000
0.1732	0.2736	0.0000	0.0000
0.1742	0.2744	0.0000	0.0000
0.1752	0.2751	0.0000	0.0000
0.1762	0.2759	0.0000	0.0000
0.1772	0.2767	0.0000	0.0000
0.1782	0.2775	0.0000	0.0000
0.1792	0.2783	0.0000	0.0000
0.1802	0.2790	0.0000	0.0000
0.1812	0.2798	0.0000	0.0000
0.1822	0.2806	0.0000	0.0000
0.1832	0.2814	0.0000	0.0000
0.1842	0.2822	0.0000	0.0000
0.1852	0.2829	0.0000	0.0000
0.1862	0.2837	0.0000	0.0000
0.1872	0.2845	0.0000	0.0000
0.1882	0.2853	0.0000	0.0000
0.1892	0.2860	0.0000	0.0000
0.1902	0.2868	0.0000	0.0000
0.1912	0.2876	0.0000	0.0000
0.1922	0.2884	0.0000	0.0000
0.1932	0.2891	0.0000	0.0000
0.1942	0.2899	0.0000	0.0000
0.1952	0.2907	0.0000	0.0000
0.1962	0.2915	0.0000	0.0000
0.1972	0.2922	0.0000	0.0000
0.1982	0.2930	0.0000	0.0000
0.1992	0.2938	0.0000	0.0000
0.2002	0.2946	0.0000	0.0000
0.2012	0.2953	0.0000	0.0000
0.2022	0.2961	0.0000	0.0000
0.2032	0.2969	0.0000	0.0000
0.2042	0.2977	0.0000	0.0000
0.2052	0.2984	0.0000	0.0000
0.2062	0.2992	0.0000	0.0000
0.2072	0.3000	0.0000	0.0000
0.2082	0.3008	0.0000	0.0000
0.2092	0.3015	0.0000	0.0000
0.2102	0.3023	0.0000	0.0000
0.2112	0.3031	0.0000	0.0000
0.2122	0.3038	0.0000	0.0000
0.2132	0.3046	0.0000	0.0000
0.2142	0.3054	0.0000	0.0000
0.2152	0.3062	0.0000	0.0000
0.2162	0.3069	0.0000	0.0000
0.2172	0.3077	0.0000	0.0000
0.2182	0.3085	0.0000	0.0000
0.2192	0.3092	0.0000	0.0000
0.2202	0.3100	0.0000	0.0000
0.2212	0.3108	0.0000	0.0000
0.2222	0.3116	0.0000	0.0000
0.2232	0.3123	0.0000	0.0000
0.2242	0.3131	0.0000	0.0000
0.2252	0.3139	0.0000	0.0000
0.2262	0.3146	0.0000	0.0000
0.2272	0.3154	0.0000	0.0000
0.2282	0.3162	0.0000	0.0000
0.2292	0.3169	0.0000	0.0000
0.2302	0.3177	0.0000	0.0000
0.2312	0.3185	0.0000	0.0000
0.2322	0.3192	0.0000	0.0000
0.2332	0.3200	0.0000	0.0000
0.2342	0.3208	0.0000	0.0000
0.2352	0.3215	0.0000	0.0000
0.2362	0.3223	0.0000	0.0000
0.2372	0.3231	0.0000	0.0000
0.2382	0.3238	0.0000	0.0000
0.2392	0.3246	0.0000	0.0000
0.2402	0.3254	0.0000	0.0000
0.2412	0.3261	0.0000	0.0000
0.2422	0.3269	0.0000	0.0000
0.2432	0.3277	0.0000	0.0000
0.2442	0.3284	0.0000	0.0000
0.2452	0.3292	0.0000	0.0000
0.2462	0.3300	0.0000	0.0000
0.2472	0.3307	0.0000	0.0000
0.2482	0.3315	0.0000	0.0000
0.2492	0.3323	0.0000	0.0000
0.2503	0.3330	0.0000	0.0000
0.2513	0.3338	0.0000	0.0000
0.2523	0.3346	0.0000	0.0000
0.2533	0.3353	0.0000	0.0000
0.2543	0.3361	0.0000	0.0000
0.2553	0.3369	0.0000	0.0000
0.2563	0.3376	0.0000	0.0000
0.2573	0.3384	0.0000	0.0000
0.2583	0.3392	0.0000	0.0000
0.2593	0.3399	0.0000	0.0000
0.2603	0.3407	0.0000	0.0000
0.2613	0.3415	0.0000	0.0000
0.2623	0.3422	0.0000	0.0000
0.2633	0.3430	0.0000	0.0000
0.2643	0.3438	0.0000	0.0000
0.2653	0.3445	0.0000	0.0000
0.2663	0.3453	0.0000	0.0000
0.2673	0.3460	0.0000	0.0000
0.2683	0.3468	0.0000	0.0000
0.2693	0.3476	0.0000	0.0000
0.2703	0.3483	0.0000	0.0000
0.2713	0.3491	0.0000	0.0000
0.2723	0.3499	0.0000	0.0000
0.2733	0.3506	0.0000	0.0000
0.2743	0.3514	0.0000	0.0000
0.2753	0.3522	0.0000	0.0000
0.2763	0.3529	0.0000	0.0000
0.2773	0.3537	0.0000	0.0000
0.2783	0.3545	0.0000	0.0000
0.2793	0.3552	0.0000	0.0000
0.2803	0.3560	0.0000	0.0000
0.2813	0.3567	0.0000	0.0000
0.2823	0.3575	0.0000	0.0000
0.2833	0.3583	0.0000	0.0000
0.2843	0.3590	0.0000	0.0000
0.2853	0.3598	0.0000	0.0000
0.2863	0.3606	0.0000	0.0000
0.2873	0.3613	0.0000	0.0000
0.2883	0.3621	0.0000	0.0000
0.2893	0.3628	0.0000	0.0000
0.2903	0.3636	0.0000	0.0000
0.2913	0.3644	0.0000	0.0000
0.2923	0.3651	0.0000	0.0000
0.2933	0.3659	0.0000	0.0000
0.2943	0.3667	0.0000	0.0000
0.2953	0.3674	0.0000	0.0000
0.2963	0.3682	0.0000	0.0000
0.2973	0.3690	0.0000	0.0000
0.2983	0.3697	0.0000	0.0000
0.2993	0.3705	0.0000	0.0000
0.3003	0.3712	0.0000	0.0000
0.3013	0.3720	0.0000	0.0000
0.3023	0.3728	0.0000	0.0000
0.3033	0.3735	0.0000	0.0000
0.3043	0.3743	0.0000	0.0000
0.3053	0.3751	0.0000	0.0000
0.3063	0.3758	0.0000	0.0000
0.3073	0.3766	0.0000	0.0000
0.3083	0.3774	0.0000	0.0000
0.3093	0.3781	0.0000	0.0000
0.3103	0.3789	0.0000	0.0000
0.3113	0.3796	0.0000	0.0000
0.3123	0.3804	0.0000	0.0000
0.3133	0.3812	0.0000	0.0000
0.3143	0.3819	0.0000	0.0000
0.3153	0.3827	0.0000	0.0000
0.3163	0.3835	0.0000	0.0000
0.3173	0.3842	0.0000	0.0000
0.3183	0.3850	0.0000	0.0000
0.3193	0.3858	0.0000	0.0000
0.3203	0.3865	0.0000	0.0000
0.3213	0.3873	0.0000	0.0000
0.3223	0.3880	0.0000	0.0000
0.3233	0.3888	0.0000	0.0000
0.3243	0.3896	0.0000	0.0000
0.3253	0.3903	0.0000	0.0000
0.3263	0.3911	0.0000	0.0000
0.3273	0.3919	0.0000	0.0000
0.3283	0.3926	0.0000	0.0000
0.3293	0.3934	0.0000	0.0000
0.3303	0.3942	0.0000	0.0000
0.3313	0.3949	0.0000	0.0000
0.3323	0.3957	0.0000	0.0000
0.3333	0.3965	0.0000	0.0000
0.3343	0.3972	0.0000	0.0000
0.3353	0.3980	0.0000	0.0000
0.3363	0.3988	0.0000	0.0000
0.3373	0.3995	0.0000	0.0000
0.3383	0.4003	0.0000	0.0000
0.3393	0.4011	0.0000	0.0000
0.3403	0.4018	0.0000	0.0000
0.3413	0.4026	0.0000	0.0000
0.3423	0.4034	0.0000	0.0000
0.3433	0.4041	0.0000	0.0000
0.3443	0.4049	0.0000	0.0000
0.3453	0.4057	0.0000	0.0000
0.3463	0.4064	0.0000	0.0000
0.3473	0.4072	0.0000	0.0000
0.3483	0.4080	0.0000	0.0000
0.3493	0.4087	0.0000	0.0000
0.3504	0.4095	0.0000	0.0000
0.3514	0.4103	0.0000	0.0000
0.3524	0.4110	0.0000	0.0000
0.3534	0.4118	0.0000	0.0000
0.3544	0.4126	0.0000	0.0000
0.3554	0.4134	0.0000	0.0000
0.3564	0.4141	0.0000	0.0000
0.3574	0.4149	0.0000	0.0000
0.3584	0.4157	0.0000	0.0000
0.3594	0.4164	0.0000	0.0000
0.3604	0.4172	0.0000	0.0000
0.3614	0.4180	0.0000	0.0000
0.3624	0.4188	0.0000	0.0000
0.3634	0.4195	0.0000	0.0000
0.3644	0.4203	0.0000	0.0000
0.3654	0.4211	0.0000	0.0000
0.3664	0.4218	0.0000	0.0000
0.3674	0.4226	0.0000	0.0000
0.3684	0.4234	0.0000	0.0000
0.3694	0.4242	0.0000	0.0000
0.3704	0.4249	0.0000	0.0000
0.3714	0.4257	0.0000	0.0000
0.3724	0.4265	0.0000	0.0000
0.3734	0.4273	0.0000	0.0000
0.3744	0.4280	0.0000	0.0000
0.3754	0.4288	0.0000	0.0000
0.3764	0.4296	0.0000	0.0000
0.3774	0.4304	0.0000	0.0000
0.3784	0.4311	0.0000	0.0000
0.3794	0.4319	0.0000	0.0000
0.3804	0.4327	0.0000	0.0000
0.3814	0.4335	0.0000	0.0000
0.3824	0.4343	0.0000	0.0000
0.3834	0.4350	0.0000	0.0000
0.3844	0.4358	0.0000	0.0000
0.3854	0.4366	0.0000	0.0000
0.3864	0.4374	0.0000	0.0000
0.3874	0.4382	0.0000	0.0000
0.3884	0.4389	0.0000	0.0000
0.3894	0.4397	0.0000	0.0000
0.3904	0.4405	0.0000	0.0000
0.3914	0.4413	0.0000	0.0000
0.3924	0.4421	0.0000	0.0000
0.3934	0.4428	0.0000	0.0000
0.3944	0.4436	0.0000	0.0000
0.3954	0.4444	0.0000	0.0000
0.3964	0.4452	0.0000	0.0000
0.3974	0.4460	0.0000	0.0000
0.3984	0.4468	0.0000	0.0000
0.3994	0.4476	0.0000	0.0000
0.4004	0.4483	0.0000	0.0000
0.4014	0.4491	0.0000	0.0000
0.4024	0.4499	0.0000	0.0000
0.4034	0.4507	0.0000	0.0000
0.4044	0.4515	0.0000	0.0000
0.4054	0.4523	0.0000	0.0000
0.4064	0.4531	0.0000	0.0000
0.4074	0.4539	0.0000	0.0000
0.4084	0.4546	0.0000	0.0000
0.4094	0.4554	0.0000	0.0000
0.4104	0.4562	0.0000	0.0000
0.4114	0.4570	0.0000	0.0000
0.4124	0.4578	0.0000	0.0000
0.4134	0.4586	0.0000	0.0000
0.4144	0.4594	0.0000	0.0000
0.4154	0.4602	0.0000	0.0000
0.4164	0.4610	0.0000	0.0000
0.4174	0.4618	0.0000	0.0000
0.4184	0.4626	0.0000	0.0000
0.4194	0.4634	0.0000	0.0000
0.4204	0.4642	0.0000	0.0000
0.4214	0.4650	0.0000	0.0000
0.4224	0.4658	0.0000	0.0000
0.4234	0.4666	0.0000	0.0000
0.4244	0.4674	0.0000	0.0000
0.4254	0.4682	0.0000	0.0000
0.4264	0.4690	0.0000	0.0000
0.4274	0.4698	0.0000	0.0000
0.4284	0.4706	0.0000	0.0000
0.4294	0.4714	0.0000	0.0000
0.4304	0.4722	0.0000	0.0000
0.4314	0.4730	0.0000	0.0000
0.4324	0.4738	0.0000	0.0000
0.4334	0.4746	0.0000	0.0000
0.4344	0.4754	0.0000	0.0000
0.4354	0.4762	0.0000	0.0000
0.4364	0.4770	0.0000	0.0000
0.4374	0.4778	0.0000	0.0000
0.4384	0.4786	0.0000	0.0000
0.4394	0.4795	0.0000	0.0000
0.4404	0.4803	0.0000	0.0000
0.4414	0.4811	0.0000	0.0000
0.4424	0.4819	0.0000	0.0000
0.4434	0.4827	0.0000	0.0000
0.4444	0.4835	0.0000	0.0000
0.4454	0.4843	0.0000	0.0000
0.4464	0.4852	0.0000	0.0000
0.4474	0.4860	0.0000	0.0000
0.4484	0.4868	0.0000	0.0000
0.4494	0.4876	0.0000	0.0000
0.4505	0.4884	0.0000	0.0000
0.4515	0.4892	0.0000	0.0000
0.4525	0.4901	0.0000	0.0000
0.4535	0.4909	0.0000	0.0000
0.4545	0.4917	0.0000	0.0000
0.4555	0.4925	0.0000	0.0000
0.4565	0.4934	0.0000	0.0000
0.4575	0.4942	0.0000	0.0000
0.4585	0.4950	0.0000	0.0000
0.4595	0.4958	0.0000	0.0000
0.4605	0.4967	0.0000	0.0000
0.4615	0.4975	0.0000	0.0000
0.4625	0.4983	0.0000	0.0000
0.4635	0.4992	0.0000	0.0000
0.4645	0.5000	0.0000	0.0000
0.4655	0.5008	0.0000	0.0000
0.4665	0.5017	0.0000	0.0000
0.4675	0.5025	0.0000	0.0000
0.4685	0.5033	0.0000	0.0000
0.4695	0.5042	0.0000	0.0000
0.4705	0.5050	0.0000	0.0000
0.4715	0.5059	0.0000	0.0000
0.4725	0.5067	0.0000	0.0000
0.4735	0.5076	0.0000	0.0000
0.4745	0.5084	0.0000	0.0000
0.4755	0.5092	0.0000	0.0000
0.4765	0.5101	0.0000	0.0000
0.4775	0.5109	0.0000	0.0000
0.4785	0.5118	0.0000	0.0000
0.4795	0.5126	0.0000	0.0000
0.4805	0.5135	0.0000	0.0000
0.4815	0.5143	0.0000	0.0000
0.4825	0.5152	0.0000	0.0000
0.4835	0.5160	0.0000	0.0000
0.4845	0.5169	0.0000	0.0000
0.4855	0.5178	0.0000	0.0000
0.4865	0.5186	0.0000	0.0000
0.4875	0.5195	0.0000	0.0000
0.4885	0.5203	0.0000	0.0000
0.4895	0.5212	0.0000	0.0000
0.4905	0.5221	0.0000	0.0000
0.4915	0.5229	0.0000	0.0000
0.4925	0.5238	0.0000	0.0000
0.4935	0.5247	0.0000	0.0000
0.4945	0.5255	0.0000	0.0000
0.4955	0.5264	0.0000	0.0000
0.4965	0.5273	0.0000	0.0000
0.4975	0.5282	0.0000	0.0000
0.4985	0.5290	0.0000	0.0000
0.4995	0.5299	0.0000	0.0000
0.5005	0.5311	0.0000	0.0000
0.5015	0.5327	0.0000	0.0000
0.5025	0.5342	0.0000	0.0000
0.5035	0.5357	0.0000	0.0000
0.5045	0.5373	0.0000	0.0000
0.5055	0.5388	0.0000	0.0000
0.5065	0.5403	0.0000	0.0000
0.5075	0.5418	0.0000	0.0000
0.5085	0.5433	0.0000	0.0000
0.5095	0.5447	0.0000	0.0000
0.5105	0.5462	0.0000	0.0000
0.5115	0.5477	0.0000	0.0000
0.5125	0.5491	0.0000	0.0000
0.5135	0.5506	0.0000	0.0000
0.5145	0.5520	0.0000	0.0000
0.5155	0.5535	0.0000	0.0000
0.5165	0.5549	0.0000	0.0000
0.5175	0.5563	0.0000	0.0000
0.5185	0.5577	0.0000	0.0000
0.5195	0.5591	0.0000	0.0000
0.5205	0.5605	0.0000	0.0000
0.5215	0.5619	0.0000	0.0000
0.5225	0.5633	0.0000	0.0000
0.5235	0.5647	0.0000	0.0000
0.5245	0.5661	0.0000	0.0000
0.5255	0.5674	0.0000	0.0000
0.5265	0.5688	0.0000	0.0000
0.5275	0.5701	0.0000	0.0000
0.5285	0.5715	0.0000	0.0000
0.5295	0.5728	0.0000	0.0000
0.5305	0.5741	0.0000	0.0000
0.5315	0.5755	0.0000	0.0000
0.5325	0.5768	0.0000	0.0000
0.5335	0.5781	0.0000	0.0000
0.5345	0.5794	0.0000	0.0000
0.5355	0.5807	0.0000	0.0000
0.5365	0.5820	0.0000	0.0000
0.5375	0.5833	0.0000	0.0000
0.5385	0.5845	0.0000	0.0000
0.5395	0.5858	0.0000	0.0000
0.5405	0.5871	0.0000	0.0000
0.5415	0.5883	0.0000	0.0000
0.5425	0.5896	0.0000	0.0000
0.5435	0.5908	0.0000	0.0000
0.5445	0.5921	0.0000	0.0000
0.5455	0.5933	0.0000	0.0000
0.5465	0.5945	0.0000	0.0000
0.5475	0.5957	0.0000	0.0000
0.5485	0.5970	0.0000	0.0000
0.5495	0.5982	0.0000	0.0000
0.5506	0.5994	0.0000	0.0000
0.5516	0.6006	0.0000	0.0000
0.5526	0.6018	0.0000	0.0000
0.5536	0.6029	0.0000	0.0000
0.5546	0.6041	0.0000	0.0000
0.5556	0.6053	0.0000	0.0000
0.5566	0.6065	0.0000	0.0000
0.5576	0.6076	0.0000	0.0000
0.5586	0.6088	0.0000	0.0000
0.5596	0.6099	0.0000	0.0000
0.5606	0.6111	0.0000	0.0000
0.5616	0.6122	0.0000	0.0000
0.5626	0.6133	0.0000	0.0000
0.5636	0.6145	0.0000	0.0000
0.5646	0.6156	0.0000	0.0000
0.5656	0.6167	0.0000	0.0000
0.5666	0.6178	0.0000	0.0000
0.5676	0.6189	0.0000	0.0000
0.5686	0.6200	0.0000	0.0000
0.5696	0.6211	0.0000	0.0000
0.5706	0.6222	0.0000	0.0000
0.5716	0.6233	0.0000	0.0000
0.5726	0.6244	0.0000	0.0000
0.5736	0.6255	0.0000	0.0000
0.5746	0.6265	0.0000	0.0000
0.5756	0.6276	0.0000	0.0000
0.5766	0.6287	0.0000	0.0000
0.5776	0.6297	0.0000	0.0000
0.5786	0.6308	0.0000	0.0000
0.5796	0.6318	0.0000	0.0000
0.5806	0.6328	0.0000	0.0000
0.5816	0.6339	0.0000	0.0000
0.5826	0.6349	0.0000	0.0000
0.5836	0.6359	0.0000	0.0000
0.5846	0.6370	0.0000	0.0000
0.5856	0.6380	0.0000	0.0000
0.5866	0.6390	0.0000	0.0000
0.5876	0.6400	0.0000	0.0000
0.5886	0.6410	0.0000	0.0000
0.5896	0.6420	0.0000	0.0000
0.5906	0.6430	0.0000	0.0000
0.5916	0.6440	0.0000	0.0000
0.5926	0.6449	0.0000	0.0000
0.5936	0.6459	0.0000	0.0000
0.5946	0.6469	0.0000	0.0000
0.5956	0.6479	0.0000	0.0000
0.5966	0.6488	0.0000	0.0000
0.5976	0.6498	0.0000	0.0000
0.5986	0.6507	0.0000	0.0000
0.5996	0.6517	0.0000	0.0000
0.6006	0.6526	0.0000	0.0000
0.6016	0.6536	0.0000	0.0000
0.6026	0.6545	0.0000	0.0000
0.6036	0.6555	0.0000	0.0000
0.6046	0.6564	0.0000	0.0000
0.6056	0.6573	0.0000	0.0000
0.6066	0.6582	0.0000	0.0000
0.6076	0.6591	0.0000	0.0000
0.6086	0.6601	0.0000	0.0000
0.6096	0.6610	0.0000	0.0000
0.6106	0.6619	0.0000	0.0000
0.6116	0.6628	0.0000	0.0000
0.6126	0.6637	0.0000	0.0000
0.6136	0.6646	0.0000	0.0000
0.6146	0.6655	0.0000	0.0000
0.6156	0.6663	0.0000	0.0000
0.6166	0.6672	0.0000	0.0000
0.6176	0.6681	0.0000	0.0000
0.6186	0.6690	0.0000	0.0000
0.6196	0.6698	0.0000	0.0000
0.6206	0.6707	0.0000	0.0000
0.6216	0.6716	0.0000	0.0000
0.6226	0.6724	0.0000	0.0000
0.6236	0.6733	0.0000	0.0000
0.6246	0.6741	0.0000	0.0000
0.6256	0.6750	0.0000	0.0000
0.6266	0.6758	0.0000	0.0000
0.6276	0.6766	0.0000	0.0000
0.6286	0.6775	0.0000	0.0000
0.6296	0.6783	0.0000	0.0000
0.6306	0.6791	0.0000	0.0000
0.6316	0.6800	0.0000	0.0000
0.6326	0.6808	0.0000	0.0000
0.6336	0.6816	0.0000	0.0000
0.6346	0.6824	0.0000	0.0000
0.6356	0.6832	0.0000	0.0000
0.6366	0.6840	0.0000	0.0000
0.6376	0.6848	0.0000	0.0000
0.6386	0.6856	0.0000	0.0000
0.6396	0.6864	0.0000	0.0000
0.6406	0.6872	0.0000	0.0000
0.6416	0.6880	0.0000	0.0000
0.6426	0.6888	0.0000	0.0000
0.6436	0.6896	0.0000	0.0000
0.6446	0.6904	0.0000	0.0000
0.6456	0.6911	0.0000	0.0000
0.6466	0.6919	0.0000	0.0000
0.6476	0.6927	0.0000	0.0000
0.6486	0.6935	0.0000	0.0000
0.6496	0.6942	0.0000	0.0000
0.6507	0.6950	0.0000	0.0000
0.6517	0.6957	0.0000	0.0000
0.6527	0.6965	0.0000	0.0000
0.6537	0.6972	0.0000	0.0000
0.6547	0.6980	0.0000	0.0000
0.6557	0.6987	0.0000	0.0000
0.6567	0.6995	0.0000	0.0000
0.6577	0.7002	0.0000	0.0000
0.6587	0.7009	0.0000	0.0000
0.6597	0.7017	0.0000	0.0000
0.6607	0.7024	0.0000	0.0000
0.6617	0.7031	0.0000	0.0000
0.6627	0.7039	0.0000	0.0000
0.6637	0.7046	0.0000	0.0000
0.6647	0.7053	0.0000	0.0000
0.6657	0.7060	0.0000	0.0000
0.6667	0.7067	0.0000	0.0000
0.6677	0.7074	0.0000	0.0000
0.6687	0.7081	0.0000	0.0000
0.6697	0.7088	0.0000	0.0000
0.6707	0.7095	0.0000	0.0000
0.6717	0.7102	0.0000	0.0000
0.6727	0.7109	0.0000	0.0000
0.6737	0.7116	0.0000	0.0000
0.6747	0.7123	0.0000	0.0000
0.6757	0.7130	0.0000	0.0000
0.6767	0.7137	0.0000	0.0000
0.6777	0.7144	0.0000	0.0000
0.6787	0.7150	0.0000	0.0000
0.6797	0.7157	0.0000	0.0000
0.6807	0.7164	0.0000	0.0000
0.6817	0.7171	0.0000	0.0000
0.6827	0.7177	0.0000	0.0000
0.6837	0.7184	0.0000	0.0000
0.6847	0.7191	0.0000	0.0000
0.6857	0.7197	0.0000	0.0000
0.6867	0.7204	0.0000	0.0000
0.6877	0.7210	0.0000	0.0000
0.6887	0.7217	0.0000	0.0000
0.6897	0.7223	0.0000	0.0000
0.6907	0.7230	0.0000	0.0000
0.6917	0.7236	0.0000	0.0000
0.6927	0.7243	0.0000	0.0000
0.6937	0.7249	0.0000	0.0000
0.6947	0.7256	0.0000	0.0000
0.6957	0.7262	0.0000	0.0000
0.6967	0.7268	0.0000	0.0000
0.6977	0.7275	0.0000	0.0000
0.6987	0.7281	0.0000	0.0000
0.6997	0.7287	0.0000	0.0000
0.7007	0.7293	0.0000	0.0000
0.7017	0.7300	0.0000	0.0000
0.7027	0.7306	0.0000	0.0000
0.7037	0.7312	0.0000	0.0000
0.7047	0.7318	0.0000	0.0000
0.7057	0.7324	0.0000	0.0000
0.7067	0.7330	0.0000	0.0000
0.7077	0.7336	0.0000	0.0000
0.7087	0.7343	0.0000	0.0000
0.7097	0.7349	0.0000	0.0000
0.7107	0.7355	0.0000	0.0000
0.7117	0.7361	0.0000	0.0000
0.7127	0.7367	0.0000	0.0000
0.7137	0.7373	0.0000	0.0000
0.7147	0.7378	0.0000	0.0000
0.7157	0.7384	0.0000	0.0000
0.7167	0.7390	0.0000	0.0000
0.7177	0.7396	0.0000	0.0000
0.7187	0.7402	0.0000	0.0000
0.7197	0.7408	0.0000	0.0000
0.7207	0.7414	0.0000	0.0000
0.7217	0.7419	0.0000	0.0000
0.7227	0.7425	0.0000	0.0000
0.7237	0.7431	0.0000	0.0000
0.7247	0.7437	0.0000	0.0000
0.7257	0.7442	0.0000	0.0000
0.7267	0.7448	0.0000	0.0000
0.7277	0.7454	0.0000	0.0000
0.7287	0.7459	0.0000	0.0000
0.7297	0.7465	0.0000	0.0000
0.7307	0.7471	0.0000	0.0000
0.7317	0.7476	0.0000	0.0000
0.7327	0.7482	0.0000	0.0000
0.7337	0.7488	0.0000	0.0000
0.7347	0.7493	0.0000	0.0000
0.7357	0.7499	0.0000	0.0000
0.7367	0.7504	0.0000	0.0000
0.7377	0.7510	0.0000	0.0000
0.7387	0.7515	0.0000	0.0000
0.7397	0.7521	0.0000	0.0000
0.7407	0.7526	0.0000	0.0000
0.7417	0.7531	0.0000	0.0000
0.7427	0.7537	0.0000	0.0000
0.7437	0.7542	0.0000	0.0000
0.7447	0.7548	0.0000	0.0000
0.7457	0.7553	0.0000	0.0000
0.7467	0.7558	0.0000	0.0000
0.7477	0.7564	0.0000	0.0000
0.7487	0.7569	0.0000	0.0000
0.7497	0.7574	0.0000	0.0000
0.7508	0.7580	0.0000	0.0000
0.7518	0.7585	0.0000	0.0000
0.7528	0.7590	0.0000	0.0000
0.7538	0.7595	0.0000	0.0000
0.7548	0.7600	0.0000	0.0000
0.7558	0.7606	0.0000	0.0000
0.7568	0.7611	0.0000	0.0000
0.7578	0.7616	0.0000	0.0000
0.7588	0.7621	0.0000	0.0000
0.7598	0.7626	0.0000	0.0000
0.7608	0.7631	0.0000	0.0000
0.7618	0.7637	0.0000	0.0000
0.7628	0.7642	0.0000	0.0000
0.7638	0.7647	0.0000	0.0000
0.7648	0.7652	0.0000	0.0000
0.7658	0.7657	0.0000	0.0000
0.7668	0.7662	0.0000	0.0000
0.7678	0.7667	0.0000	0.0000
0.7688	0.7672	0.0000	0.0000
0.7698	0.7677	0.0000	0.0000
0.7708	0.7682	0.0000	0.0000
0.7718	0.7687	0.0000	0.0000
0.7728	0.7692	0.0000	0.0000
0.7738	0.7697	0.0000	0.0000
0.7748	0.7702	0.0000	0.0000
0.7758	0.7707	0.0000	0.0000
0.7768	0.7712	0.0000	0.0000
0.7778	0.7716	0.0000	0.0000
0.7788	0.7721	0.0000	0.0000
0.7798	0.7726	0.0000	0.0000
0.7808	0.7731	0.0000	0.0000
0.7818	0.7736	0.0000	0.0000
0.7828	0.7741	0.0000	0.0000
0.7838	0.7745	0.0000	0.0000
0.7848	0.7750	0.0000	0.0000
0.7858	0.7755	0.0000	0.0000
0.7868	0.7760	0.0000	0.0000
0.7878	0.7765	0.0000	0.0000
0.7888	0.7769	0.0000	0.0000
0.7898	0.7774	0.0000	0.0000
0.7908	0.7779	0.0000	0.0000
0.7918	0.7784	0.0000	0.0000
0.7928	0.7788	0.0000	0.0000
0.7938	0.7793	0.0000	0.0000
0.7948	0.7798	0.0000	0.0000
0.7958	0.7802	0.0000	0.0000
0.7968	0.7807	0.0000	0.0000
0.7978	0.7812	0.0000	0.0000
0.7988	0.7816	0.0000	0.0000
0.7998	0.7821	0.0000	0.0000
0.8008	0.7826	0.0000	0.0000
0.8018	0.7830	0.0000	0.0000
0.8028	0.7835	0.0000	0.0000
0.8038	0.7839	0.0000	0.0000
0.8048	0.7844	0.0000	0.0000
0.8058	0.7849	0.0000	0.0000
0.8068	0.7853	0.0000	0.0000
0.8078	0.7858	0.0000	0.0000
0.8088	0.7862	0.0000	0.0000
0.8098	0.7867	0.0000	0.0000
0.8108	0.7871	0.0000	0.0000
0.8118	0.7876	0.0000	0.0000
0.8128	0.7880	0.0000	0.0000
0.8138	0.7885	0.0000	0.0000
0.8148	0.7889	0.0000	0.0000
0.8158	0.7894	0.0000	0.0000
0.8168	0.7898	0.0000	0.0000
0.8178	0.7903	0.0000	0.0000
0.8188	0.7907	0.0000	0.0000
0.8198	0.7912	0.0000	0.0000
0.8208	0.7916	0.0000	0.0000
0.8218	0.7920	0.0000	0.0000
0.8228	0.7925	0.0000	0.0000
0.8238	0.7929	0.0000	0.0000
0.8248	0.7934	0.0000	0.0000
0.8258	0.7938	0.0000	0.0000
0.8268	0.7942	0.0000	0.0000
0.8278	0.7947	0.0000	0.0000
0.8288	0.7951	0.0000	0.0000
0.8298	0.7956	0.0000	0.0000
0.8308	0.7960	0.0000	0.0000
0.8318	0.7964	0.0000	0.0000
0.8328	0.7969	0.0000	0.0000
0.8338	0.7973	0.0000	0.0000
0.8348	0.7977	0.0000	0.0000
0.8358	0.7982	0.0000	0.0000
0.8368	0.7986	0.0000	0.0000
0.8378	0.7990	0.0000	0.0000
0.8388	0.7994	0.0000	0.0000
0.8398	0.7999	0.0000	0.0000
0.8408	0.8003	0.0000	0.0000
0.8418	0.8007	0.0000	0.0000
0.8428	0.8012	0.0000	0.0000
0.8438	0.8016	0.0000	0.0000
0.8448	0.8020	0.0000	0.0000
0.8458	0.8024	0.0000	0.0000
0.8468	0.8029	0.0000	0.0000
0.8478	0.8033	0.0000	0.0000
0.8488	0.8037	0.0000	0.0000
0.8498	0.8041	0.0000	0.0000
0.8509	0.8046	0.0000	0.0000
0.8519	0.8050	0.0000	0.0000
0.8529	0.8054	0.0000	0.0000
0.8539	0.8058	0.0000	0.0000
0.8549	0.8062	0.0000	0.0000
0.8559	0.8067	0.0000	0.0000
0.8569	0.8071	0.0000	0.0000
0.8579	0.8075	0.0000	0.0000
0.8589	0.8079	0.0000	0.0000
0.8599	0.8083	0.0000	0.0000
0.8609	0.8088	0.0000	0.0000
0.8619	0.8092	0.0000	0.0000
0.8629	0.8096	0.0000	0.0000
0.8639	0.8100	0.0000	0.0000
0.8649	0.8104	0.0000	0.0000
0.8659	0.8108	0.0000	0.0000
0.8669	0.8112	0.0000	0.0000
0.8679	0.8117	0.0000	0.0000
0.8689	0.8121	0.0000	0.0000
0.8699	0.8125	0.0000	0.0000
0.8709	0.8129	0.0000	0.0000
0.8719	0.8133	0.0000	0.0000
0.8729	0.8137	0.0000	0.0000
0.8739	0.8141	0.0000	0.0000
0.8749	0.8145	0.0000	0.0000
0.8759	0.8150	0.0000	0.0000
0.8769	0.8154	0.0000	0.0000
0.8779	0.8158	0.0000	0.0000
0.8789	0.8162	0.0000	0.0000
0.8799	0.8166	0.0000	0.0000
0.8809	0.8170	0.0000	0.0000
0.8819	0.8174	0.0000	0.0000
0.8829	0.8178	0.0000	0.0000
0.8839	0.8182	0.0000	0.0000
0.8849	0.8186	0.0000	0.0000
0.8859	0.8190	0.0000	0.0000
0.8869	0.8194	0.0000	0.0000
0.8879	0.8199	0.0000	0.0000
0.8889	0.8203	0.0000	0.0000
0.8899	0.8207	0.0000	0.0000
0.8909	0.8211	0.0000	0.0000
0.8919	0.8215	0.0000	0.0000
0.8929	0.8219	0.0000	0.0000
0.8939	0.8223	0.0000	0.0000
0.8949	0.8227	0.0000	0.0000
0.8959	0.8231	0.0000	0.0000
0.8969	0.8235	0.0000	0.0000
0.8979	0.8239	0.0000	0.0000
0.8989	0.8243	0.0000	0.0000
0.8999	0.8247	0.0000	0.0000
0.9009	0.8251	0.0000	0.0000
0.9019	0.8255	0.0000	0.0000
0.9029	0.8259	0.0000	0.0000
0.9039	0.8263	0.0000	0.0000
0.9049	0.8267	0.0000	0.0000
0.9059	0.8271	0.0000	0.0000
0.9069	0.8276	0.0000	0.0000
0.9079	0.8280	0.0000	0.0000
0.9089	0.8284	0.0000	0.0000
0.9099	0.8288	0.0000	0.0000
0.9109	0.8292	0.0000	0.0000
0.9119	0.8296	0.0000	0.0000
0.9129	0.8300	0.0000	0.0000
0.9139	0.8304	0.0000	0.0000
0.9149	0.8308	0.0000	0.0000
0.9159	0.8312	0.0000	0.0000
0.9169	0.8316	0.0000	0.0000
0.9179	0.8320	0.0000	0.0000
0.9189	0.8324	0.0000	0.0000
0.9199	0.8328	0.0000	0.0000
0.9209	0.8332	0.0000	0.0000
0.9219	0.8336	0.0000	0.0000
0.9229	0.8340	0.0000	0.0000
0.9239	0.8344	0.0000	0.0000
0.9249	0.8348	0.0000	0.0000
0.9259	0.8352	0.0000	0.0000
0.9269	0.8356	0.0000	0.0000
0.9279	0.8360	0.0000	0.0000
0.9289	0.8364	0.0000	0.0000
0.9299	0.8368	0.0000	0.0000
0.9309	0.8372	0.0000	0.0000
0.9319	0.8376	0.0000	0.0000
0.9329	0.8380	0.0000	0.0000
0.9339	0.8384	0.0000	0.0000
0.9349	0.8388	0.0000	0.0000
0.9359	0.8392	0.0000	0.0000
0.9369	0.8396	0.0000	0.0000
0.9379	0.8401	0.0000	0.0000
0.9389	0.8405	0.0000	0.0000
0.9399	0.8409	0.0000	0.0000
0.9409	0.8413	0.0000	0.0000
0.9419	0.8417	0.0000	0.0000
0.9429	0.8421	0.0000	0.0000
0.9439	0.8425	0.0000	0.0000
0.9449	0.8429	0.0000	0.0000
0.9459	0.8433	0.0000	0.0000
0.9469	0.8437	0.0000	0.0000
0.9479	0.8441	0.0000	0.0000
0.9489	0.8445	0.0000	0.0000
0.9499	0.8449	0.0000	0.0000
0.9510	0.8453	0.0000	0.0000
0.9520	0.8457	0.0000	0.0000
0.9530	0.8461	0.0000	0.0000
0.9540	0.8466	0.0000	0.0000
0.9550	0.8470	0.0000	0.0000
0.9560	0.8474	0.0000	0.0000
0.9570	0.8478	0.0000	0.0000
0.9580	0.8482	0.0000	0.0000
0.9590	0.8486	0.0000	0.0000
0.9600	0.8490	0.0000	0.0000
0.9610	0.8494	0.0000	0.0000
0.9620	0.8498	0.0000	0.0000
0.9630	0.8502	0.0000	0.0000
0.9640	0.8506	0.0000	0.0000
0.9650	0.8511	0.0000	0.0000
0.9660	0.8515	0.0000	0.0000
0.9670	0.8519	0.0000	0.0000
0.9680	0.8523	0.0000	0.0000
0.9690	0.8527	0.0000	0.0000
0.9700	0.8531	0.0000	0.0000
0.9710	0.8535	0.0000	0.0000
0.9720	0.8540	0.0000	0.0000
0.9730	0.8544	0.0000	0.0000
0.9740	0.8548	0.0000	0.0000
0.9750	0.8552	0.0000	0.0000
0.9760	0.8556	0.0000	0.0000
0.9770	0.8560	0.0000	0.0000
0.9780	0.8565	0.0000	0.0000
0.9790	0.8569	0.0000	0.0000
0.9800	0.8573	0.0000	0.0000
0.9810	0.8577	0.0000	0.0000
0.9820	0.8581	0.0000	0.0000
0.9830	0.8586	0.0000	0.0000
0.9840	0.8590	0.0000	0.0000
0.9850	0.8594	0.0000	0.0000
0.9860	0.8598	0.0000	0.0000
0.9870	0.8603	0.0000	0.0000
0.9880	0.8607	0.0000	0.0000
0.9890	0.8611	0.0000	0.0000
0.9900	0.8615	0.0000	0.0000
0.9910	0.8620	0.0000	0.0000
0.9920	0.8624	0.0000	0.0000
0.9930	0.8628	0.0000	0.0000
0.9940	0.8632	0.0000	0.0000
0.9950	0.8637	0.0000	0.0000
0.9960	0.8641	0.0000	0.0000
0.9970	0.8645	0.0000	0.0000
0.9980	0.8650	0.0000	0.0000
0.9990	0.8654	0.0000	0.0000
1.0000	0.8658	0.0000	0.0000
0.7658
