0.0000	0.1361	0.0000	0.0000
0.0010	0.1369	0.0000	0.0000
0.0020	0.1378	0.0000	0.0000
0.0030	0.1386	0.0000	0.0000
0.0040	0.1395	0.0000	0.0000
0.0050	0.1403	0.0000	0.0000
0.0060	0.1411	0.0000	0.0000
0.0070	0.1420	0.0000	0.0000
0.0080	0.1428	0.0000	0.0000
0.0090	0.1436	0.0000	0.0000
0.0100	0.1445	0.0000	0.0000
0.0110	0.1453	0.0000	0.0000
0.0120	0.1461	0.0000	0.0000
0.0130	0.1470	0.0000	0.0000
0.0140	0.1478	0.0000	0.0000
0.0150	0.1486	0.0000	0.0000
0.0160	0.1494	0.0000	0.0000
0.0170	0.1503	0.0000	0.0000
0.0180	0.1511	0.0000	0.0000
0.0190	0.1519	0.0000	0.0000
0.0200	0.1528	0.0000	0.0000
0.0210	0.1536	0.0000	0.0000
0.0220	0.1544	0.0000	0.0000
0.0230	0.1553	0.0000	0.0000
0.0240	0.1561	0.0000	0.0000
0.0250	0.1569	0.0000	0.0000
0.0260	0.1577	0.0000	0.0000
0.0270	0.1586	0.0000	0.0000
0.0280	0.1594	0.0000	0.0000
0.0290	0.1602	0.0000	0.0000
0.0300	0.1611	0.0000	0.0000
0.0310	0.1619	0.0000	0.0000
0.0320	0.1627	0.0000	0.0000
0.0330	0.1635	0.0000	0.0000
0.0340	0.1644	0.0000	0.0000
0.0350	0.1652	0.0000	0.0000
0.0360	0.1660	0.0000	0.0000
0.0370	0.1668	0.0000	0.0000
0.0380	0.1677	0.0000	0.0000
0.0390	0.1685	0.0000	0.0000
0.0400	0.1693	0.0000	0.0000
0.0410	0.1701	0.0000	0.0000
0.0420	0.1709	0.0000	0.0000
0.0430	0.1718	0.0000	0.0000
0.0440	0.1726	0.0000	0.0000
0.0450	0.1734	0.0000	0.0000
0.0460	0.1742	0.0000	0.0000
0.0470	0.1751	0.0000	0.0000
0.0480	0.1759	0.0000	0.0000
0.0490	0.1767	0.0000	0.0000
0.0501	0.1775	0.0000	0.0000
0.0511	0.1783	0.0000	0.0000
0.0521	0.1792	0.0000	0.0000
0.0531	0.1800	0.0000	0.0000
0.0541	0.1808	0.0000	0.0000
0.0551	0.1816	0.0000	0.0000
0.0561	0.1824	0.0000	0.0000
0.0571	0.1832	0.0000	0.0000
0.0581	0.1841	0.0000	0.0000
0.0591	0.1849	0.0000	0.0000
0.0601	0.1857	0.0000	0.0000
0.0611	0.1865	0.0000	0.0000
0.0621	0.1873	0.0000	0.0000
0.0631	0.1881	0.0000	0.0000
0.0641	0.1890	0.0000	0.0000
0.0651	0.1898	0.0000	0.0000
0.0661	0.1906	0.0000	0.0000
0.0671	0.1914	0.0000	0.0000
0.0681	0.1922	0.0000	0.0000
0.0691	0.1930	0.0000	0.0000
0.0701	0.1938	0.0000	0.0000
0.0711	0.1947	0.0000	0.0000
0.0721	0.1955	0.0000	0.0000
0.0731	0.1963	0.0000	0.0000
0.0741	0.1971	0.0000	0.0000
0.0751	0.1979	0.0000	0.0000
0.0761	0.1987	0.0000	0.0000
0.0771	0.1995	0.0000	0.0000
0.0781	0.2003	0.0000	0.0000
0.0791	0.2011	0.0000	0.0000
0.0801	0.2020	0.0000	0.0000
0.0811	0.2028	0.0000	0.0000
0.0821	0.2036	0.0000	0.0000
0.0831	0.2044	0.0000	0.0000
0.0841	0.2052	0.0000	0.0000
0.0851	0.2060	0.0000	0.0000
0.0861	0.2068	0.0000	0.0000
0.0871	0.2076	0.0000	0.0000
0.0881	0.2084	0.0000	0.0000
0.0891	0.2092	0.0000	0.0000
0.0901	0.2100	0.0000	0.0000
0.0911	0.2108	0.0000	0.0000
0.0921	0.2116	0.0000	0.0000
0.0931	0.2125	0.0000	0.0000
0.0941	0.2133	0.0000	0.0000
0.0951	0.2141	0.0000	0.0000
0.0961	0.2149	0.0000	0.0000
0.0971	0.2157	0.0000	0.0000
0.0981	0.2165	0.0000	0.0000
0.0991	0.2173	0.0000	0.0000
0.1001	0.2181	0.0000	0.0000
0.1011	0.2189	0.0000	0.0000
0.1021	0.2197	0.0000	0.0000
0.1031	0.2205	0.0000	0.0000
0.1041	0.2213	0.0000	0.0000
0.1051	0.2221	0.0000	0.0000
0.1061	0.2229	0.0000	0.0000
0.1071	0.2237	0.0000	0.0000
0.1081	0.2245	0.0000	0.0000
0.1091	0.2253	0.0000	0.0000
0.1101	0.2261	0.0000	0.0000
0.1111	0.2269	0.0000	0.0000
0.1121	0.2277	0.0000	0.0000
0.1131	0.2285	0.0000	0.0000
0.1141	0.2293	0.0000	0.0000
0.1151	0.2301	0.0000	0.0000
0.1161	0.2309	0.0000	0.0000
0.1171	0.2317	0.0000	0.0000
0.1181	0.2325	0.0000	0.0000
0.1191	0.2333	0.0000	0.0000
0.1201	0.2341	0.0000	0.0000
0.1211	0.2349	0.0000	0.0000
0.1221	0.2357	0.0000	0.0000
0.1231	0.2365	0.0000	0.0000
0.1241	0.2373	0.0000	0.0000
0.1251	0.2381	0.0000	0.0000
0.1261	0.2389	0.0000	0.0000
0.1271	0.2397	0.0000	0.0000
0.1281	0.2404	0.0000	0.0000
0.1291	0.2412	0.0000	0.0000
0.1301	0.2420	0.0000	0.0000
0.1311	0.2428	0.0000	0.0000
0.1321	0.2436	0.0000	0.0000
0.1331	0.2444	0.0000	0.0000
0.1341	0.2452	0.0000	0.0000
0.1351	0.2460	0.0000	0.0000
0.1361	0.2468	0.0000	0.0000
0.1371	0.2476	0.0000	0.0000
0.1381	0.2484	0.0000	0.0000
0.1391	0.2492	0.0000	0.0000
0.1401	0.2500	0.0000	0.0000
0.1411	0.2507	0.0000	0.0000
0.1421	0.2515	0.0000	0.0000
0.1431	0.2523	0.0000	0.0000
0.1441	0.2531	0.0000	0.0000
0.1451	0.2539	0.0000	0.0000
0.1461	0.2547	0.0000	0.0000
0.1471	0.2555	0.0000	0.0000
0.1481	0.2563	0.0000	0.0000
0.1491	0.2571	0.0000	0.0000
0.1502	0.2579	0.0000	0.0000
0.1512	0.2586	0.0000	0.0000
0.1522	0.2594	0.0000	0.0000
0.1532	0.2602	0.0000	0.0000
0.1542	0.2610	0.0000	0.0000
0.1552	0.2618	0.0000	0.0000
0.1562	0.2626	0.0000	0.0000
0.1572	0.2634	0.0000	0.0000
0.1582	0.2641	0.0000	0.0000
0.1592	0.2649	0.0000	0.0000
0.1602	0.2657	0.0000	0.0000
0.1612	0.2665	0.0000	0.0000
0.1622	0.2673	0.0000	0.0000
0.1632	0.2681	0.0000	0.0000
0.1642	0.2689	0.0000	0.0000
0.1652	0.2696	0.0000	0.0000
0.1662	0.2704	0.0000	0.0000
0.1672	0.2712	0.0000	0.0000
0.1682	0.2720	0.0000	0.0000
0.1692	0.2728	0.0000	0.0000
0.1702	0.2736	0.0000	0.0000
0.1712	0.2743	0.0000	0.0000
0.1722	0.2751	0.0000	0.0000
0.1732	0.2759	0.0000	0.0000
0.1742	0.2767	0.0000	0.0000
0.1752	0.2775	0.0000	0.0000
0.1762	0.2782	0.0000	0.0000
0.1772	0.2790	0.0000	0.0000
0.1782	0.2798	0.0000	0.0000
0.1792	0.2806	0.0000	0.0000
0.1802	0.2814	0.0000	0.0000
0.1812	0.2821	0.0000	0.0000
0.1822	0.2829	0.0000	0.0000
0.1832	0.2837	0.0000	0.0000
0.1842	0.2845	0.0000	0.0000
0.1852	0.2853	0.0000	0.0000
0.1862	0.2860	0.0000	0.0000
0.1872	0.2868	0.0000	0.0000
0.1882	0.2876	0.0000	0.0000
0.1892	0.2884	0.0000	0.0000
0.1902	0.2892	0.0000	0.0000
0.1912	0.2899	0.0000	0.0000
0.1922	0.2907	0.0000	0.0000
0.1932	0.2915	0.0000	0.0000
0.1942	0.2923	0.0000	0.0000
0.1952	0.2930	0.0000	0.0000
0.1962	0.2938	0.0000	0.0000
0.1972	0.2946	0.0000	0.0000
0.1982	0.2954	0.0000	0.0000
0.1992	0.2961	0.0000	0.0000
0.2002	0.2969	0.0000	0.0000
0.2012	0.2977	0.0000	0.0000
0.2022	0.2985	0.0000	0.0000
0.2032	0.2992	0.0000	0.0000
0.2042	0.3000	0.0000	0.0000
0.2052	0.3008	0.0000	0.0000
0.2062	0.3016	0.0000	0.0000
0.2072	0.3023	0.0000	0.0000
0.2082	0.3031	0.0000	0.0000
0.2092	0.3039	0.0000	0.0000
0.2102	0.3046	0.0000	0.0000
0.2112	0.3054	0.0000	0.0000
0.2122	0.3062	0.0000	0.0000
0.2132	0.3070	0.0000	0.0000
0.2142	0.3077	0.0000	0.0000
0.2152	0.3085	0.0000	0.0000
0.2162	0.3093	0.0000	0.0000
0.2172	0.3101	0.0000	0.0000
0.2182	0.3108	0.0000	0.0000
0.2192	0.3116	0.0000	0.0000
0.2202	0.3124	0.0000	0.0000
0.2212	0.3131	0.0000	0.0000
0.2222	0.3139	0.0000	0.0000
0.2232	0.3147	0.0000	0.0000
0.2242	0.3154	0.0000	0.0000
0.2252	0.3162	0.0000	0.0000
0.2262	0.3170	0.0000	0.0000
0.2272	0.3178	0.0000	0.0000
0.2282	0.3185	0.0000	0.0000
0.2292	0.3193	0.0000	0.0000
0.2302	0.3201	0.0000	0.0000
0.2312	0.3208	0.0000	0.0000
0.2322	0.3216	0.0000	0.0000
0.2332	0.3224	0.0000	0.0000
0.2342	0.3231	0.0000	0.0000
0.2352	0.3239	0.0000	0.0000
0.2362	0.3247	0.0000	0.0000
0.2372	0.3254	0.0000	0.0000
0.2382	0.3262	0.0000	0.0000
0.2392	0.3270	0.0000	0.0000
0.2402	0.3277	0.0000	0.0000
0.2412	0.3285	0.0000	0.0000
0.2422	0.3293	0.0000	0.0000
0.2432	0.3300	0.0000	0.0000
0.2442	0.3308	0.0000	0.0000
0.2452	0.3316	0.0000	0.0000
0.2462	0.3323	0.0000	0.0000
0.2472	0.3331	0.0000	0.0000
0.2482	0.3339	0.0000	0.0000
0.2492	0.3346	0.0000	0.0000
0.2503	0.3354	0.0000	0.0000
0.2513	0.3362	0.0000	0.0000
0.2523	0.3369	0.0000	0.0000
0.2533	0.3377	0.0000	0.0000
0.2543	0.3385	0.0000	0.0000
0.2553	0.3392	0.0000	0.0000
0.2563	0.3400	0.0000	0.0000
0.2573	0.3408	0.0000	0.0000
0.2583	0.3415	0.0000	0.0000
0.2593	0.3423	0.0000	0.0000
0.2603	0.3431	0.0000	0.0000
0.2613	0.3438	0.0000	0.0000
0.2623	0.3446	0.0000	0.0000
0.2633	0.3453	0.0000	0.0000
0.2643	0.3461	0.0000	0.0000
0.2653	0.3469	0.0000	0.0000
0.2663	0.3476	0.0000	0.0000
0.2673	0.3484	0.0000	0.0000
0.2683	0.3492	0.0000	0.0000
0.2693	0.3499	0.0000	0.0000
0.2703	0.3507	0.0000	0.0000
0.2713	0.3515	0.0000	0.0000
0.2723	0.3522	0.0000	0.0000
0.2733	0.3530	0.0000	0.0000
0.2743	0.3537	0.0000	0.0000
0.2753	0.3545	0.0000	0.0000
0.2763	0.3553	0.0000	0.0000
0.2773	0.3560	0.0000	0.0000
0.2783	0.3568	0.0000	0.0000
0.2793	0.3576	0.0000	0.0000
0.2803	0.3583	0.0000	0.0000
0.2813	0.3591	0.0000	0.0000
0.2823	0.3598	0.0000	0.0000
0.2833	0.3606	0.0000	0.0000
0.2843	0.3614	0.0000	0.0000
0.2853	0.3621	0.0000	0.0000
0.2863	0.3629	0.0000	0.0000
0.2873	0.3637	0.0000	0.0000
0.2883	0.3644	0.0000	0.0000
0.2893	0.3652	0.0000	0.0000
0.2903	0.3659	0.0000	0.0000
0.2913	0.3667	0.0000	0.0000
0.2923	0.3675	0.0000	0.0000
0.2933	0.3682	0.0000	0.0000
0.2943	0.3690	0.0000	0.0000
0.2953	0.3698	0.0000	0.0000
0.2963	0.3705	0.0000	0.0000
0.2973	0.3713	0.0000	0.0000
0.2983	0.3720	0.0000	0.0000
0.2993	0.3728	0.0000	0.0000
0.3003	0.3736	0.0000	0.0000
0.3013	0.3743	0.0000	0.0000
0.3023	0.3751	0.0000	0.0000
0.3033	0.3758	0.0000	0.0000
0.3043	0.3766	0.0000	0.0000
0.3053	0.3774	0.0000	0.0000
0.3063	0.3781	0.0000	0.0000
0.3073	0.3789	0.0000	0.0000
0.3083	0.3797	0.0000	0.0000
0.3093	0.3804	0.0000	0.0000
0.3103	0.3812	0.0000	0.0000
0.3113	0.3819	0.0000	0.0000
0.3123	0.3827	0.0000	0.0000
0.3133	0.3835	0.0000	0.0000
0.3143	0.3842	0.0000	0.0000
0.3153	0.3850	0.0000	0.0000
0.3163	0.3857	0.0000	0.0000
0.3173	0.3865	0.0000	0.0000
0.3183	0.3873	0.0000	0.0000
0.3193	0.3880	0.0000	0.0000
0.3203	0.3888	0.0000	0.0000
0.3213	0.3896	0.0000	0.0000
0.3223	0.3903	0.0000	0.0000
0.3233	0.3911	0.0000	0.0000
0.3243	0.3918	0.0000	0.0000
0.3253	0.3926	0.0000	0.0000
0.3263	0.3934	0.0000	0.0000
0.3273	0.3941	0.0000	0.0000
0.3283	0.3949	0.0000	0.0000
0.3293	0.3957	0.0000	0.0000
0.3303	0.3964	0.0000	0.0000
0.3313	0.3972	0.0000	0.0000
0.3323	0.3979	0.0000	0.0000
0.3333	0.3987	0.0000	0.0000
0.3343	0.3995	0.0000	0.0000
0.3353	0.4002	0.0000	0.0000
0.3363	0.4010	0.0000	0.0000
0.3373	0.4018	0.0000	0.0000
0.3383	0.4025	0.0000	0.0000
0.3393	0.4033	0.0000	0.0000
0.3403	0.4041	0.0000	0.0000
0.3413	0.4048	0.0000	0.0000
0.3423	0.4056	0.0000	0.0000
0.3433	0.4063	0.0000	0.0000
0.3443	0.4071	0.0000	0.0000
0.3453	0.4079	0.0000	0.0000
0.3463	0.4086	0.0000	0.0000
0.3473	0.4094	0.0000	0.0000
0.3483	0.4102	0.0000	0.0000
0.3493	0.4109	0.0000	0.0000
0.3504	0.4117	0.0000	0.0000
0.3514	0.4125	0.0000	0.0000
0.3524	0.4132	0.0000	0.0000
0.3534	0.4140	0.0000	0.0000
0.3544	0.4148	0.0000	0.0000
0.3554	0.4155	0.0000	0.0000
0.3564	0.4163	0.0000	0.0000
0.3574	0.4171	0.0000	0.0000
0.3584	0.4178	0.0000	0.0000
0.3594	0.4186	0.0000	0.0000
0.3604	0.4194	0.0000	0.0000
0.3614	0.4201	0.0000	0.0000
0.3624	0.4209	0.0000	0.0000
0.3634	0.4217	0.0000	0.0000
0.3644	0.4224	0.0000	0.0000
0.3654	0.4232	0.0000	0.0000
0.3664	0.4240	0.0000	0.0000
0.3674	0.4247	0.0000	0.0000
0.3684	0.4255	0.0000	0.0000
0.3694	0.4263	0.0000	0.0000
0.3704	0.4271	0.0000	0.0000
0.3714	0.4278	0.0000	0.0000
0.3724	0.4286	0.0000	0.0000
0.3734	0.4294	0.0000	0.0000
0.3744	0.4301	0.0000	0.0000
0.3754	0.4309	0.0000	0.0000
0.3764	0.4317	0.0000	0.0000
0.3774	0.4325	0.0000	0.0000
0.3784	0.4332	0.0000	0.0000
0.3794	0.4340	0.0000	0.0000
0.3804	0.4348	0.0000	0.0000
0.3814	0.4355	0.0000	0.0000
0.3824	0.4363	0.0000	0.0000
0.3834	0.4371	0.0000	0.0000
0.3844	0.4379	0.0000	0.0000
0.3854	0.4386	0.0000	0.0000
0.3864	0.4394	0.0000	0.0000
0.3874	0.4402	0.0000	0.0000
0.3884	0.4410	0.0000	0.0000
0.3894	0.4417	0.0000	0.0000
0.3904	0.4425	0.0000	0.0000
0.3914	0.4433	0.0000	0.0000
0.3924	0.4441	0.0000	0.0000
0.3934	0.4448	0.0000	0.0000
0.3944	0.4456	0.0000	0.0000
0.3954	0.4464	0.0000	0.0000
0.3964	0.4472	0.0000	0.0000
0.3974	0.4480	0.0000	0.0000
0.3984	0.4487	0.0000	0.0000
0.3994	0.4495	0.0000	0.0000
0.4004	0.4503	0.0000	0.0000
0.4014	0.4511	0.0000	0.0000
0.4024	0.4519	0.0000	0.0000
0.4034	0.4526	0.0000	0.0000
0.4044	0.4534	0.0000	0.0000
0.4054	0.4542	0.0000	0.0000
0.4064	0.4550	0.0000	0.0000
0.4074	0.4558	0.0000	0.0000
0.4084	0.4566	0.0000	0.0000
0.4094	0.4574	0.0000	0.0000
0.4104	0.4581	0.0000	0.0000
0.4114	0.4589	0.0000	0.0000
0.4124	0.4597	0.0000	0.0000
0.4134	0.4605	0.0000	0.0000
0.4144	0.4613	0.0000	0.0000
0.4154	0.4621	0.0000	0.0000
0.4164	0.4629	0.0000	0.0000
0.4174	0.4637	0.0000	0.0000
0.4184	0.4644	0.0000	0.0000
0.4194	0.4652	0.0000	0.0000
0.4204	0.4660	0.0000	0.0000
0.4214	0.4668	0.0000	0.0000
0.4224	0.4676	0.0000	0.0000
0.4234	0.4684	0.0000	0.0000
0.4244	0.4692	0.0000	0.0000
0.4254	0.4700	0.0000	0.0000
0.4264	0.4708	0.0000	0.0000
0.4274	0.4716	0.0000	0.0000
0.4284	0.4724	0.0000	0.0000
0.4294	0.4732	0.0000	0.0000
0.4304	0.4740	0.0000	0.0000
0.4314	0.4748	0.0000	0.0000
0.4324	0.4756	0.0000	0.0000
0.4334	0.4764	0.0000	0.0000
0.4344	0.4772	0.0000	0.0000
0.4354	0.4780	0.0000	0.0000
0.4364	0.4788	0.0000	0.0000
0.4374	0.4796	0.0000	0.0000
0.4384	0.4804	0.0000	0.0000
0.4394	0.4812	0.0000	0.0000
0.4404	0.4820	0.0000	0.0000
0.4414	0.4828	0.0000	0.0000
0.4424	0.4836	0.0000	0.0000
0.4434	0.4844	0.0000	0.0000
0.4444	0.4852	0.0000	0.0000
0.4454	0.4860	0.0000	0.0000
0.4464	0.4868	0.0000	0.0000
0.4474	0.4876	0.0000	0.0000
0.4484	0.4884	0.0000	0.0000
0.4494	0.4892	0.0000	0.0000
0.4505	0.4901	0.0000	0.0000
0.4515	0.4909	0.0000	0.0000
0.4525	0.4917	0.0000	0.0000
0.4535	0.4925	0.0000	0.0000
0.4545	0.4933	0.0000	0.0000
0.4555	0.4941	0.0000	0.0000
0.4565	0.4950	0.0000	0.0000
0.4575	0.4958	0.0000	0.0000
0.4585	0.4966	0.0000	0.0000
0.4595	0.4974	0.0000	0.0000
0.4605	0.4982	0.0000	0.0000
0.4615	0.4991	0.0000	0.0000
0.4625	0.4999	0.0000	0.0000
0.4635	0.5007	0.0000	0.0000
0.4645	0.5015	0.0000	0.0000
0.4655	0.5023	0.0000	0.0000
0.4665	0.5032	0.0000	0.0000
0.4675	0.5040	0.0000	0.0000
0.4685	0.5048	0.0000	0.0000
0.4695	0.5057	0.0000	0.0000
0.4705	0.5065	0.0000	0.0000
0.4715	0.5073	0.0000	0.0000
0.4725	0.5082	0.0000	0.0000
0.4735	0.5090	0.0000	0.0000
0.4745	0.5098	0.0000	0.0000
0.4755	0.5107	0.0000	0.0000
0.4765	0.5115	0.0000	0.0000
0.4775	0.5123	0.0000	0.0000
0.4785	0.5132	0.0000	0.0000
0.4795	0.5140	0.0000	0.0000
0.4805	0.5149	0.0000	0.0000
0.4815	0.5157	0.0000	0.0000
0.4825	0.5165	0.0000	0.0000
0.4835	0.5174	0.0000	0.0000
0.4845	0.5182	0.0000	0.0000
0.4855	0.5191	0.0000	0.0000
0.4865	0.5199	0.0000	0.0000
0.4875	0.5208	0.0000	0.0000
0.4885	0.5216	0.0000	0.0000
0.4895	0.5225	0.0000	0.0000
0.4905	0.5233	0.0000	0.0000
0.4915	0.5242	0.0000	0.0000
0.4925	0.5251	0.0000	0.0000
0.4935	0.5259	0.0000	0.0000
0.4945	0.5268	0.0000	0.0000
0.4955	0.5276	0.0000	0.0000
0.4965	0.5285	0.0000	0.0000
0.4975	0.5294	0.0000	0.0000
0.4985	0.5302	0.0000	0.0000
0.4995	0.5311	0.0000	0.0000
0.5005	0.5323	0.0000	0.0000
0.5015	0.5338	0.0000	0.0000
0.5025	0.5353	0.0000	0.0000
0.5035	0.5369	0.0000	0.0000
0.5045	0.5384	0.0000	0.0000
0.5055	0.5399	0.0000	0.0000
0.5065	0.5414	0.0000	0.0000
0.5075	0.5428	0.0000	0.0000
0.5085	0.5443	0.0000	0.0000
0.5095	0.5458	0.0000	0.0000
0.5105	0.5472	0.0000	0.0000
0.5115	0.5487	0.0000	0.0000
0.5125	0.5501	0.0000	0.0000
0.5135	0.5516	0.0000	0.0000
0.5145	0.5530	0.0000	0.0000
0.5155	0.5544	0.0000	0.0000
0.5165	0.5558	0.0000	0.0000
0.5175	0.5573	0.0000	0.0000
0.5185	0.5587	0.0000	0.0000
0.5195	0.5600	0.0000	0.0000
0.5205	0.5614	0.0000	0.0000
0.5215	0.5628	0.0000	0.0000
0.5225	0.5642	0.0000	0.0000
0.5235	0.5655	0.0000	0.0000
0.5245	0.5669	0.0000	0.0000
0.5255	0.5683	0.0000	0.0000
0.5265	0.5696	0.0000	0.0000
0.5275	0.5709	0.0000	0.0000
0.5285	0.5723	0.0000	0.0000
0.5295	0.5736	0.0000	0.0000
0.5305	0.5749	0.0000	0.0000
0.5315	0.5762	0.0000	0.0000
0.5325	0.5775	0.0000	0.0000
0.5335	0.5788	0.0000	0.0000
0.5345	0.5801	0.0000	0.0000
0.5355	0.5814	0.0000	0.0000
0.5365	0.5827	0.0000	0.0000
0.5375	0.5839	0.0000	0.0000
0.5385	0.5852	0.0000	0.0000
0.5395	0.5865	0.0000	0.0000
0.5405	0.5877	0.0000	0.0000
0.5415	0.5889	0.0000	0.0000
0.5425	0.5902	0.0000	0.0000
0.5435	0.5914	0.0000	0.0000
0.5445	0.5926	0.0000	0.0000
0.5455	0.5939	0.0000	0.0000
0.5465	0.5951	0.0000	0.0000
0.5475	0.5963	0.0000	0.0000
0.5485	0.5975	0.0000	0.0000
0.5495	0.5987	0.0000	0.0000
0.5506	0.5999	0.0000	0.0000
0.5516	0.6011	0.0000	0.0000
0.5526	0.6022	0.0000	0.0000
0.5536	0.6034	0.0000	0.0000
0.5546	0.6046	0.0000	0.0000
0.5556	0.6057	0.0000	0.0000
0.5566	0.6069	0.0000	0.0000
0.5576	0.6080	0.0000	0.0000
0.5586	0.6092	0.0000	0.0000
0.5596	0.6103	0.0000	0.0000
0.5606	0.6114	0.0000	0.0000
0.5616	0.6126	0.0000	0.0000
0.5626	0.6137	0.0000	0.0000
0.5636	0.6148	0.0000	0.0000
0.5646	0.6159	0.0000	0.0000
0.5656	0.6170	0.0000	0.0000
0.5666	0.6181	0.0000	0.0000
0.5676	0.6192	0.0000	0.0000
0.5686	0.6203	0.0000	0.0000
0.5696	0.6214	0.0000	0.0000
0.5706	0.6225	0.0000	0.0000
0.5716	0.6235	0.0000	0.0000
0.5726	0.6246	0.0000	0.0000
0.5736	0.6257	0.0000	0.0000
0.5746	0.6267	0.0000	0.0000
0.5756	0.6278	0.0000	0.0000
0.5766	0.6288	0.0000	0.0000
0.5776	0.6299	0.0000	0.0000
0.5786	0.6309	0.0000	0.0000
0.5796	0.6319	0.0000	0.0000
0.5806	0.6330	0.0000	0.0000
0.5816	0.6340	0.0000	0.0000
0.5826	0.6350	0.0000	0.0000
0.5836	0.6360	0.0000	0.0000
0.5846	0.6370	0.0000	0.0000
0.5856	0.6380	0.0000	0.0000
0.5866	0.6390	0.0000	0.0000
0.5876	0.6400	0.0000	0.0000
0.5886	0.6410	0.0000	0.0000
0.5896	0.6420	0.0000	0.0000
0.5906	0.6430	0.0000	0.0000
0.5916	0.6440	0.0000	0.0000
0.5926	0.6449	0.0000	0.0000
0.5936	0.6459	0.0000	0.0000
0.5946	0.6469	0.0000	0.0000
0.5956	0.6478	0.0000	0.0000
0.5966	0.6488	0.0000	0.0000
0.5976	0.6497	0.0000	0.0000
0.5986	0.6507	0.0000	0.0000
0.5996	0.6516	0.0000	0.0000
0.6006	0.6525	0.0000	0.0000
0.6016	0.6535	0.0000	0.0000
0.6026	0.6544	0.0000	0.0000
0.6036	0.6553	0.0000	0.0000
0.6046	0.6562	0.0000	0.0000
0.6056	0.6572	0.0000	0.0000
0.6066	0.6581	0.0000	0.0000
0.6076	0.6590	0.0000	0.0000
0.6086	0.6599	0.0000	0.0000
0.6096	0.6608	0.0000	0.0000
0.6106	0.6617	0.0000	0.0000
0.6116	0.6626	0.0000	0.0000
0.6126	0.6634	0.0000	0.0000
0.6136	0.6643	0.0000	0.0000
0.6146	0.6652	0.0000	0.0000
0.6156	0.6661	0.0000	0.0000
0.6166	0.6669	0.0000	0.0000
0.6176	0.6678	0.0000	0.0000
0.6186	0.6687	0.0000	0.0000
0.6196	0.6695	0.0000	0.0000
0.6206	0.6704	0.0000	0.0000
0.6216	0.6712	0.0000	0.0000
0.6226	0.6721	0.0000	0.0000
0.6236	0.6729	0.0000	0.0000
0.6246	0.6738	0.0000	0.0000
0.6256	0.6746	0.0000	0.0000
0.6266	0.6754	0.0000	0.0000
0.6276	0.6763	0.0000	0.0000
0.6286	0.6771	0.0000	0.0000
0.6296	0.6779	0.0000	0.0000
0.6306	0.6787	0.0000	0.0000
0.6316	0.6795	0.0000	0.0000
0.6326	0.6804	0.0000	0.0000
0.6336	0.6812	0.0000	0.0000
0.6346	0.6820	0.0000	0.0000
0.6356	0.6828	0.0000	0.0000
0.6366	0.6836	0.0000	0.0000
0.6376	0.6844	0.0000	0.0000
0.6386	0.6851	0.0000	0.0000
0.6396	0.6859	0.0000	0.0000
0.6406	0.6867	0.0000	0.0000
0.6416	0.6875	0.0000	0.0000
0.6426	0.6883	0.0000	0.0000
0.6436	0.6890	0.0000	0.0000
0.6446	0.6898	0.0000	0.0000
0.6456	0.6906	0.0000	0.0000
0.6466	0.6913	0.0000	0.0000
0.6476	0.6921	0.0000	0.0000
0.6486	0.6929	0.0000	0.0000
0.6496	0.6936	0.0000	0.0000
0.6507	0.6944	0.0000	0.0000
0.6517	0.6951	0.0000	0.0000
0.6527	0.6959	0.0000	0.0000
0.6537	0.6966	0.0000	0.0000
0.6547	0.6973	0.0000	0.0000
0.6557	0.6981	0.0000	0.0000
0.6567	0.6988	0.0000	0.0000
0.6577	0.6995	0.0000	0.0000
0.6587	0.7003	0.0000	0.0000
0.6597	0.7010	0.0000	0.0000
0.6607	0.7017	0.0000	0.0000
0.6617	0.7024	0.0000	0.0000
0.6627	0.7031	0.0000	0.0000
0.6637	0.7038	0.0000	0.0000
0.6647	0.7046	0.0000	0.0000
0.6657	0.7053	0.0000	0.0000
0.6667	0.7060	0.0000	0.0000
0.6677	0.7067	0.0000	0.0000
0.6687	0.7074	0.0000	0.0000
0.6697	0.7081	0.0000	0.0000
0.6707	0.7087	0.0000	0.0000
0.6717	0.7094	0.0000	0.0000
0.6727	0.7101	0.0000	0.0000
0.6737	0.7108	0.0000	0.0000
0.6747	0.7115	0.0000	0.0000
0.6757	0.7122	0.0000	0.0000
0.6767	0.7128	0.0000	0.0000
0.6777	0.7135	0.0000	0.0000
0.6787	0.7142	0.0000	0.0000
0.6797	0.7148	0.0000	0.0000
0.6807	0.7155	0.0000	0.0000
0.6817	0.7162	0.0000	0.0000
0.6827	0.7168	0.0000	0.0000
0.6837	0.7175	0.0000	0.0000
0.6847	0.7181	0.0000	0.0000
0.6857	0.7188	0.0000	0.0000
0.6867	0.7194	0.0000	0.0000
0.6877	0.7201	0.0000	0.0000
0.6887	0.7207	0.0000	0.0000
0.6897	0.7214	0.0000	0.0000
0.6907	0.7220	0.0000	0.0000
0.6917	0.7227	0.0000	0.0000
0.6927	0.7233	0.0000	0.0000
0.6937	0.7239	0.0000	0.0000
0.6947	0.7246	0.0000	0.0000
0.6957	0.7252	0.0000	0.0000
0.6967	0.7258	0.0000	0.0000
0.6977	0.7264	0.0000	0.0000
0.6987	0.7271	0.0000	0.0000
0.6997	0.7277	0.0000	0.0000
0.7007	0.7283	0.0000	0.0000
0.7017	0.7289	0.0000	0.0000
0.7027	0.7295	0.0000	0.0000
0.7037	0.7301	0.0000	0.0000
0.7047	0.7307	0.0000	0.0000
0.7057	0.7313	0.0000	0.0000
0.7067	0.7319	0.0000	0.0000
0.7077	0.7325	0.0000	0.0000
0.7087	0.7331	0.0000	0.0000
0.7097	0.7337	0.0000	0.0000
0.7107	0.7343	0.0000	0.0000
0.7117	0.7349	0.0000	0.0000
0.7127	0.7355	0.0000	0.0000
0.7137	0.7361	0.0000	0.0000
0.7147	0.7367	0.0000	0.0000
0.7157	0.7373	0.0000	0.0000
0.7167	0.7379	0.0000	0.0000
0.7177	0.7384	0.0000	0.0000
0.7187	0.7390	0.0000	0.0000
0.7197	0.7396	0.0000	0.0000
0.7207	0.7402	0.0000	0.0000
0.7217	0.7407	0.0000	0.0000
0.7227	0.7413	0.0000	0.0000
0.7237	0.7419	0.0000	0.0000
0.7247	0.7424	0.0000	0.0000
0.7257	0.7430	0.0000	0.0000
0.7267	0.7436	0.0000	0.0000
0.7277	0.7441	0.0000	0.0000
0.7287	0.7447	0.0000	0.0000
0.7297	0.7453	0.0000	0.0000
0.7307	0.7458	0.0000	0.0000
0.7317	0.7464	0.0000	0.0000
0.7327	0.7469	0.0000	0.0000
0.7337	0.7475	0.0000	0.0000
0.7347	0.7480	0.0000	0.0000
0.7357	0.7486	0.0000	0.0000
0.7367	0.7491	0.0000	0.0000
0.7377	0.7496	0.0000	0.0000
0.7387	0.7502	0.0000	0.0000
0.7397	0.7507	0.0000	0.0000
0.7407	0.7513	0.0000	0.0000
0.7417	0.7518	0.0000	0.0000
0.7427	0.7523	0.0000	0.0000
0.7437	0.7529	0.0000	0.0000
0.7447	0.7534	0.0000	0.0000
0.7457	0.7539	0.0000	0.0000
0.7467	0.7545	0.0000	0.0000
0.7477	0.7550	0.0000	0.0000
0.7487	0.7555	0.0000	0.0000
0.7497	0.7560	0.0000	0.0000
0.7508	0.7566	0.0000	0.0000
0.7518	0.7571	0.0000	0.0000
0.7528	0.7576	0.0000	0.0000
0.7538	0.7581	0.0000	0.0000
0.7548	0.7586	0.0000	0.0000
0.7558	0.7591	0.0000	0.0000
0.7568	0.7596	0.0000	0.0000
0.7578	0.7602	0.0000	0.0000
0.7588	0.7607	0.0000	0.0000
0.7598	0.7612	0.0000	0.0000
0.7608	0.7617	0.0000	0.0000
0.7618	0.7622	0.0000	0.0000
0.7628	0.7627	0.0000	0.0000
0.7638	0.7632	0.0000	0.0000
0.7648	0.7637	0.0000	0.0000
0.7658	0.7642	0.0000	0.0000
0.7668	0.7647	0.0000	0.0000
0.7678	0.7652	0.0000	0.0000
0.7688	0.7657	0.0000	0.0000
0.7698	0.7662	0.0000	0.0000
0.7708	0.7667	0.0000	0.0000
0.7718	0.7672	0.0000	0.0000
0.7728	0.7677	0.0000	0.0000
0.7738	0.7681	0.0000	0.0000
0.7748	0.7686	0.0000	0.0000
0.7758	0.7691	0.0000	0.0000
0.7768	0.7696	0.0000	0.0000
0.7778	0.7701	0.0000	0.0000
0.7788	0.7706	0.0000	0.0000
0.7798	0.7710	0.0000	0.0000
0.7808	0.7715	0.0000	0.0000
0.7818	0.7720	0.0000	0.0000
0.7828	0.7725	0.0000	0.0000
0.7838	0.7730	0.0000	0.0000
0.7848	0.7734	0.0000	0.0000
0.7858	0.7739	0.0000	0.0000
0.7868	0.7744	0.0000	0.0000
0.7878	0.7749	0.0000	0.0000
0.7888	0.7753	0.0000	0.0000
0.7898	0.7758	0.0000	0.0000
0.7908	0.7763	0.0000	0.0000
0.7918	0.7767	0.0000	0.0000
0.7928	0.7772	0.0000	0.0000
0.7938	0.7777	0.0000	0.0000
0.7948	0.7781	0.0000	0.0000
0.7958	0.7786	0.0000	0.0000
0.7968	0.7790	0.0000	0.0000
0.7978	0.7795	0.0000	0.0000
0.7988	0.7800	0.0000	0.0000
0.7998	0.7804	0.0000	0.0000
0.8008	0.7809	0.0000	0.0000
0.8018	0.7813	0.0000	0.0000
0.8028	0.7818	0.0000	0.0000
0.8038	0.7823	0.0000	0.0000
0.8048	0.7827	0.0000	0.0000
0.8058	0.7832	0.0000	0.0000
0.8068	0.7836	0.0000	0.0000
0.8078	0.7841	0.0000	0.0000
0.8088	0.7845	0.0000	0.0000
0.8098	0.7850	0.0000	0.0000
0.8108	0.7854	0.0000	0.0000
0.8118	0.7859	0.0000	0.0000
0.8128	0.7863	0.0000	0.0000
0.8138	0.7867	0.0000	0.0000
0.8148	0.7872	0.0000	0.0000
0.8158	0.7876	0.0000	0.0000
0.8168	0.7881	0.0000	0.0000
0.8178	0.7885	0.0000	0.0000
0.8188	0.7890	0.0000	0.0000
0.8198	0.7894	0.0000	0.0000
0.8208	0.7898	0.0000	0.0000
0.8218	0.7903	0.0000	0.0000
0.8228	0.7907	0.0000	0.0000
0.8238	0.7912	0.0000	0.0000
0.8248	0.7916	0.0000	0.0000
0.8258	0.7920	0.0000	0.0000
0.8268	0.7925	0.0000	0.0000
0.8278	0.7929	0.0000	0.0000
0.8288	0.7933	0.0000	0.0000
0.8298	0.7938	0.0000	0.0000
0.8308	0.7942	0.0000	0.0000
0.8318	0.7946	0.0000	0.0000
0.8328	0.7951	0.0000	0.0000
0.8338	0.7955	0.0000	0.0000
0.8348	0.7959	0.0000	0.0000
0.8358	0.7963	0.0000	0.0000
0.8368	0.7968	0.0000	0.0000
0.8378	0.7972	0.0000	0.0000
0.8388	0.7976	0.0000	0.0000
0.8398	0.7981	0.0000	0.0000
0.8408	0.7985	0.0000	0.0000
0.8418	0.7989	0.0000	0.0000
0.8428	0.7993	0.0000	0.0000
0.8438	0.7997	0.0000	0.0000
0.8448	0.8002	0.0000	0.0000
0.8458	0.8006	0.0000	0.0000
0.8468	0.8010	0.0000	0.0000
0.8478	0.8014	0.0000	0.0000
0.8488	0.8019	0.0000	0.0000
0.8498	0.8023	0.0000	0.0000
0.8509	0.8027	0.0000	0.0000
0.8519	0.8031	0.0000	0.0000
0.8529	0.8035	0.0000	0.0000
0.8539	0.8040	0.0000	0.0000
0.8549	0.8044	0.0000	0.0000
0.8559	0.8048	0.0000	0.0000
0.8569	0.8052	0.0000	0.0000
0.8579	0.8056	0.0000	0.0000
0.8589	0.8060	0.0000	0.0000
0.8599	0.8064	0.0000	0.0000
0.8609	0.8069	0.0000	0.0000
0.8619	0.8073	0.0000	0.0000
0.8629	0.8077	0.0000	0.0000
0.8639	0.8081	0.0000	0.0000
0.8649	0.8085	0.0000	0.0000
0.8659	0.8089	0.0000	0.0000
0.8669	0.8093	0.0000	0.0000
0.8679	0.8098	0.0000	0.0000
0.8689	0.8102	0.0000	0.0000
0.8699	0.8106	0.0000	0.0000
0.8709	0.8110	0.0000	0.0000
0.8719	0.8114	0.0000	0.0000
0.8729	0.8118	0.0000	0.0000
0.8739	0.8122	0.0000	0.0000
0.8749	0.8126	0.0000	0.0000
0.8759	0.8130	0.0000	0.0000
0.8769	0.8134	0.0000	0.0000
0.8779	0.8138	0.0000	0.0000
0.8789	0.8143	0.0000	0.0000
0.8799	0.8147	0.0000	0.0000
0.8809	0.8151	0.0000	0.0000
0.8819	0.8155	0.0000	0.0000
0.8829	0.8159	0.0000	0.0000
0.8839	0.8163	0.0000	0.0000
0.8849	0.8167	0.0000	0.0000
0.8859	0.8171	0.0000	0.0000
0.8869	0.8175	0.0000	0.0000
0.8879	0.8179	0.0000	0.0000
0.8889	0.8183	0.0000	0.0000
0.8899	0.8187	0.0000	0.0000
0.8909	0.8191	0.0000	0.0000
0.8919	0.8195	0.0000	0.0000
0.8929	0.8199	0.0000	0.0000
0.8939	0.8203	0.0000	0.0000
0.8949	0.8207	0.0000	0.0000
0.8959	0.8211	0.0000	0.0000
0.8969	0.8215	0.0000	0.0000
0.8979	0.8220	0.0000	0.0000
0.8989	0.8224	0.0000	0.0000
0.8999	0.8228	0.0000	0.0000
0.9009	0.8232	0.0000	0.0000
0.9019	0.8236	0.0000	0.0000
0.9029	0.8240	0.0000	0.0000
0.9039	0.8244	0.0000	0.0000
0.9049	0.8248	0.0000	0.0000
0.9059	0.8252	0.0000	0.0000
0.9069	0.8256	0.0000	0.0000
0.9079	0.8260	0.0000	0.0000
0.9089	0.8264	0.0000	0.0000
0.9099	0.8268	0.0000	0.0000
0.9109	0.8272	0.0000	0.0000
0.9119	0.8276	0.0000	0.0000
0.9129	0.8280	0.0000	0.0000
0.9139	0.8284	0.0000	0.0000
0.9149	0.8288	0.0000	0.0000
0.9159	0.8292	0.0000	0.0000
0.9169	0.8296	0.0000	0.0000
0.9179	0.8300	0.0000	0.0000
0.9189	0.8304	0.0000	0.0000
0.9199	0.8308	0.0000	0.0000
0.9209	0.8312	0.0000	0.0000
0.9219	0.8316	0.0000	0.0000
0.9229	0.8320	0.0000	0.0000
0.9239	0.8324	0.0000	0.0000
0.9249	0.8328	0.0000	0.0000
0.9259	0.8332	0.0000	0.0000
0.9269	0.8336	0.0000	0.0000
0.9279	0.8340	0.0000	0.0000
0.9289	0.8344	0.0000	0.0000
0.9299	0.8348	0.0000	0.0000
0.9309	0.8352	0.0000	0.0000
0.9319	0.8356	0.0000	0.0000
0.9329	0.8360	0.0000	0.0000
0.9339	0.8364	0.0000	0.0000
0.9349	0.8368	0.0000	0.0000
0.9359	0.8373	0.0000	0.0000
0.9369	0.8377	0.0000	0.0000
0.9379	0.8381	0.0000	0.0000
0.9389	0.8385	0.0000	0.0000
0.9399	0.8389	0.0000	0.0000
0.9409	0.8393	0.0000	0.0000
0.9419	0.8397	0.0000	0.0000
0.9429	0.8401	0.0000	0.0000
0.9439	0.8405	0.0000	0.0000
0.9449	0.8409	0.0000	0.0000
0.9459	0.8413	0.0000	0.0000
0.9469	0.8417	0.0000	0.0000
0.9479	0.8421	0.0000	0.0000
0.9489	0.8425	0.0000	0.0000
0.9499	0.8429	0.0000	0.0000
0.9510	0.8433	0.0000	0.0000
0.9520	0.8437	0.0000	0.0000
0.9530	0.8442	0.0000	0.0000
0.9540	0.8446	0.0000	0.0000
0.9550	0.8450	0.0000	0.0000
0.9560	0.8454	0.0000	0.0000
0.9570	0.8458	0.0000	0.0000
0.9580	0.8462	0.0000	0.0000
0.9590	0.8466	0.0000	0.0000
0.9600	0.8470	0.0000	0.0000
0.9610	0.8474	0.0000	0.0000
0.9620	0.8478	0.0000	0.0000
0.9630	0.8483	0.0000	0.0000
0.9640	0.8487	0.0000	0.0000
0.9650	0.8491	0.0000	0.0000
0.9660	0.8495	0.0000	0.0000
0.9670	0.8499	0.0000	0.0000
0.9680	0.8503	0.0000	0.0000
0.9690	0.8507	0.0000	0.0000
0.9700	0.8511	0.0000	0.0000
0.9710	0.8516	0.0000	0.0000
0.9720	0.8520	0.0000	0.0000
0.9730	0.8524	0.0000	0.0000
0.9740	0.8528	0.0000	0.0000
0.9750	0.8532	0.0000	0.0000
0.9760	0.8536	0.0000	0.0000
0.9770	0.8541	0.0000	0.0000
0.9780	0.8545	0.0000	0.0000
0.9790	0.8549	0.0000	0.0000
0.9800	0.8553	0.0000	0.0000
0.9810	0.8557	0.0000	0.0000
0.9820	0.8562	0.0000	0.0000
0.9830	0.8566	0.0000	0.0000
0.9840	0.8570	0.0000	0.0000
0.9850	0.8574	0.0000	0.0000
0.9860	0.8579	0.0000	0.0000
0.9870	0.8583	0.0000	0.0000
0.9880	0.8587	0.0000	0.0000
0.9890	0.8591	0.0000	0.0000
0.9900	0.8596	0.0000	0.0000
0.9910	0.8600	0.0000	0.0000
0.9920	0.8604	0.0000	0.0000
0.9930	0.8609	0.0000	0.0000
0.9940	0.8613	0.0000	0.0000
0.9950	0.8617	0.0000	0.0000
0.9960	0.8622	0.0000	0.0000
0.9970	0.8626	0.0000	0.0000
0.9980	0.8630	0.0000	0.0000
0.9990	0.8635	0.0000	0.0000
1.0000	0.8639	0.0000	0.0000
0.7628
