0.0000	0.1363	0.0000	0.0000
0.0010	0.1372	0.0000	0.0000
0.0020	0.1380	0.0000	0.0000
0.0030	0.1388	0.0000	0.0000
0.0040	0.1397	0.0000	0.0000
0.0050	0.1405	0.0000	0.0000
0.0060	0.1414	0.0000	0.0000
0.0070	0.1422	0.0000	0.0000
0.0080	0.1430	0.0000	0.0000
0.0090	0.1439	0.0000	0.0000
0.0100	0.1447	0.0000	0.0000
0.0110	0.1455	0.0000	0.0000
0.0120	0.1464	0.0000	0.0000
0.0130	0.1472	0.0000	0.0000
0.0140	0.1480	0.0000	0.0000
0.0150	0.1489	0.0000	0.0000
0.0160	0.1497	0.0000	0.0000
0.0170	0.1505	0.0000	0.0000
0.0180	0.1513	0.0000	0.0000
0.0190	0.1522	0.0000	0.0000
0.0200	0.1530	0.0000	0.0000
0.0210	0.1538	0.0000	0.0000
0.0220	0.1547	0.0000	0.0000
0.0230	0.1555	0.0000	0.0000
0.0240	0.1563	0.0000	0.0000
0.0250	0.1572	0.0000	0.0000
0.0260	0.1580	0.0000	0.0000
0.0270	0.1588	0.0000	0.0000
0.0280	0.1596	0.0000	0.0000
0.0290	0.1605	0.0000	0.0000
0.0300	0.1613	0.0000	0.0000
0.0310	0.1621	0.0000	0.0000
0.0320	0.1629	0.0000	0.0000
0.0330	0.1638	0.0000	0.0000
0.0340	0.1646	0.0000	0.0000
0.0350	0.1654	0.0000	0.0000
0.0360	0.1662	0.0000	0.0000
0.0370	0.1671	0.0000	0.0000
0.0380	0.1679	0.0000	0.0000
0.0390	0.1687	0.0000	0.0000
0.0400	0.1695	0.0000	0.0000
0.0410	0.1704	0.0000	0.0000
0.0420	0.1712	0.0000	0.0000
0.0430	0.1720	0.0000	0.0000
0.0440	0.1728	0.0000	0.0000
0.0450	0.1737	0.0000	0.0000
0.0460	0.1745	0.0000	0.0000
0.0470	0.1753	0.0000	0.0000
0.0480	0.1761	0.0000	0.0000
0.0490	0.1769	0.0000	0.0000
0.0501	0.1778	0.0000	0.0000
0.0511	0.1786	0.0000	0.0000
0.0521	0.1794	0.0000	0.0000
0.0531	0.1802	0.0000	0.0000
0.0541	0.1810	0.0000	0.0000
0.0551	0.1819	0.0000	0.0000
0.0561	0.1827	0.0000	0.0000
0.0571	0.1835	0.0000	0.0000
0.0581	0.1843	0.0000	0.0000
0.0591	0.1851	0.0000	0.0000
0.0601	0.1859	0.0000	0.0000
0.0611	0.1868	0.0000	0.0000
0.0621	0.1876	0.0000	0.0000
0.0631	0.1884	0.0000	0.0000
0.0641	0.1892	0.0000	0.0000
0.0651	0.1900	0.0000	0.0000
0.0661	0.1908	0.0000	0.0000
0.0671	0.1917	0.0000	0.0000
0.0681	0.1925	0.0000	0.0000
0.0691	0.1933	0.0000	0.0000
0.0701	0.1941	0.0000	0.0000
0.0711	0.1949	0.0000	0.0000
0.0721	0.1957	0.0000	0.0000
0.0731	0.1965	0.0000	0.0000
0.0741	0.1974	0.0000	0.0000
0.0751	0.1982	0.0000	0.0000
0.0761	0.1990	0.0000	0.0000
0.0771	0.1998	0.0000	0.0000
0.0781	0.2006	0.0000	0.0000
0.0791	0.2014	0.0000	0.0000
0.0801	0.2022	0.0000	0.0000
0.0811	0.2030	0.0000	0.0000
0.0821	0.2038	0.0000	0.0000
0.0831	0.2046	0.0000	0.0000
0.0841	0.2055	0.0000	0.0000
0.0851	0.2063	0.0000	0.0000
0.0861	0.2071	0.0000	0.0000
0.0871	0.2079	0.0000	0.0000
0.0881	0.2087	0.0000	0.0000
0.0891	0.2095	0.0000	0.0000
0.0901	0.2103	0.0000	0.0000
0.0911	0.2111	0.0000	0.0000
0.0921	0.2119	0.0000	0.0000
0.0931	0.2127	0.0000	0.0000
0.0941	0.2135	0.0000	0.0000
0.0951	0.2143	0.0000	0.0000
0.0961	0.2151	0.0000	0.0000
0.0971	0.2159	0.0000	0.0000
0.0981	0.2167	0.0000	0.0000
0.0991	0.2176	0.0000	0.0000
0.1001	0.2184	0.0000	0.0000
0.1011	0.2192	0.0000	0.0000
0.1021	0.2200	0.0000	0.0000
0.1031	0.2208	0.0000	0.0000
0.1041	0.2216	0.0000	0.0000
0.1051	0.2224	0.0000	0.0000
0.1061	0.2232	0.0000	0.0000
0.1071	0.2240	0.0000	0.0000
0.1081	0.2248	0.0000	0.0000
0.1091	0.2256	0.0000	0.0000
0.1101	0.2264	0.0000	0.0000
0.1111	0.2272	0.0000	0.0000
0.1121	0.2280	0.0000	0.0000
0.1131	0.2288	0.0000	0.0000
0.1141	0.2296	0.0000	0.0000
0.1151	0.2304	0.0000	0.0000
0.1161	0.2312	0.0000	0.0000
0.1171	0.2320	0.0000	0.0000
0.1181	0.2328	0.0000	0.0000
0.1191	0.2336	0.0000	0.0000
0.1201	0.2344	0.0000	0.0000
0.1211	0.2352	0.0000	0.0000
0.1221	0.2360	0.0000	0.0000
0.1231	0.2368	0.0000	0.0000
0.1241	0.2376	0.0000	0.0000
0.1251	0.2383	0.0000	0.0000
0.1261	0.2391	0.0000	0.0000
0.1271	0.2399	0.0000	0.0000
0.1281	0.2407	0.0000	0.0000
0.1291	0.2415	0.0000	0.0000
0.1301	0.2423	0.0000	0.0000
0.1311	0.2431	0.0000	0.0000
0.1321	0.2439	0.0000	0.0000
0.1331	0.2447	0.0000	0.0000
0.1341	0.2455	0.0000	0.0000
0.1351	0.2463	0.0000	0.0000
0.1361	0.2471	0.0000	0.0000
0.1371	0.2479	0.0000	0.0000
0.1381	0.2487	0.0000	0.0000
0.1391	0.2495	0.0000	0.0000
0.1401	0.2502	0.0000	0.0000
0.1411	0.2510	0.0000	0.0000
0.1421	0.2518	0.0000	0.0000
0.1431	0.2526	0.0000	0.0000
0.1441	0.2534	0.0000	0.0000
0.1451	0.2542	0.0000	0.0000
0.1461	0.2550	0.0000	0.0000
0.1471	0.2558	0.0000	0.0000
0.1481	0.2566	0.0000	0.0000
0.1491	0.2574	0.0000	0.0000
0.1502	0.2581	0.0000	0.0000
0.1512	0.2589	0.0000	0.0000
0.1522	0.2597	0.0000	0.0000
0.1532	0.2605	0.0000	0.0000
0.1542	0.2613	0.0000	0.0000
0.1552	0.2621	0.0000	0.0000
0.1562	0.2629	0.0000	0.0000
0.1572	0.2637	0.0000	0.0000
0.1582	0.2644	0.0000	0.0000
0.1592	0.2652	0.0000	0.0000
0.1602	0.2660	0.0000	0.0000
0.1612	0.2668	0.0000	0.0000
0.1622	0.2676	0.0000	0.0000
0.1632	0.2684	0.0000	0.0000
0.1642	0.2692	0.0000	0.0000
0.1652	0.2699	0.0000	0.0000
0.1662	0.2707	0.0000	0.0000
0.1672	0.2715	0.0000	0.0000
0.1682	0.2723	0.0000	0.0000
0.1692	0.2731	0.0000	0.0000
0.1702	0.2739	0.0000	0.0000
0.1712	0.2746	0.0000	0.0000
0.1722	0.2754	0.0000	0.0000
0.1732	0.2762	0.0000	0.0000
0.1742	0.2770	0.0000	0.0000
0.1752	0.2778	0.0000	0.0000
0.1762	0.2785	0.0000	0.0000
0.1772	0.2793	0.0000	0.0000
0.1782	0.2801	0.0000	0.0000
0.1792	0.2809	0.0000	0.0000
0.1802	0.2817	0.0000	0.0000
0.1812	0.2825	0.0000	0.0000
0.1822	0.2832	0.0000	0.0000
0.1832	0.2840	0.0000	0.0000
0.1842	0.2848	0.0000	0.0000
0.1852	0.2856	0.0000	0.0000
0.1862	0.2863	0.0000	0.0000
0.1872	0.2871	0.0000	0.0000
0.1882	0.2879	0.0000	0.0000
0.1892	0.2887	0.0000	0.0000
0.1902	0.2895	0.0000	0.0000
0.1912	0.2902	0.0000	0.0000
0.1922	0.2910	0.0000	0.0000
0.1932	0.2918	0.0000	0.0000
0.1942	0.2926	0.0000	0.0000
0.1952	0.2933	0.0000	0.0000
0.1962	0.2941	0.0000	0.0000
0.1972	0.2949	0.0000	0.0000
0.1982	0.2957	0.0000	0.0000
0.1992	0.2964	0.0000	0.0000
0.2002	0.2972	0.0000	0.0000
0.2012	0.2980	0.0000	0.0000
0.2022	0.2988	0.0000	0.0000
0.2032	0.2995	0.0000	0.0000
0.2042	0.3003	0.0000	0.0000
0.2052	0.3011	0.0000	0.0000
0.2062	0.3019	0.0000	0.0000
0.2072	0.3026	0.0000	0.0000
0.2082	0.3034	0.0000	0.0000
0.2092	0.3042	0.0000	0.0000
0.2102	0.3050	0.0000	0.0000
0.2112	0.3057	0.0000	0.0000
0.2122	0.3065	0.0000	0.0000
0.2132	0.3073	0.0000	0.0000
0.2142	0.3081	0.0000	0.0000
0.2152	0.3088	0.0000	0.0000
0.2162	0.3096	0.0000	0.0000
0.2172	0.3104	0.0000	0.0000
0.2182	0.3111	0.0000	0.0000
0.2192	0.3119	0.0000	0.0000
0.2202	0.3127	0.0000	0.0000
0.2212	0.3135	0.0000	0.0000
0.2222	0.3142	0.0000	0.0000
0.2232	0.3150	0.0000	0.0000
0.2242	0.3158	0.0000	0.0000
0.2252	0.3165	0.0000	0.0000
0.2262	0.3173	0.0000	0.0000
0.2272	0.3181	0.0000	0.0000
0.2282	0.3188	0.0000	0.0000
0.2292	0.3196	0.0000	0.0000
0.2302	0.3204	0.0000	0.0000
0.2312	0.3212	0.0000	0.0000
0.2322	0.3219	0.0000	0.0000
0.2332	0.3227	0.0000	0.0000
0.2342	0.3235	0.0000	0.0000
0.2352	0.3242	0.0000	0.0000
0.2362	0.3250	0.0000	0.0000
0.2372	0.3258	0.0000	0.0000
0.2382	0.3265	0.0000	0.0000
0.2392	0.3273	0.0000	0.0000
0.2402	0.3281	0.0000	0.0000
0.2412	0.3288	0.0000	0.0000
0.2422	0.3296	0.0000	0.0000
0.2432	0.3304	0.0000	0.0000
0.2442	0.3311	0.0000	0.0000
0.2452	0.3319	0.0000	0.0000
0.2462	0.3327	0.0000	0.0000
0.2472	0.3334	0.0000	0.0000
0.2482	0.3342	0.0000	0.0000
0.2492	0.3350	0.0000	0.0000
0.2503	0.3357	0.0000	0.0000
0.2513	0.3365	0.0000	0.0000
0.2523	0.3373	0.0000	0.0000
0.2533	0.3380	0.0000	0.0000
0.2543	0.3388	0.0000	0.0000
0.2553	0.3396	0.0000	0.0000
0.2563	0.3403	0.0000	0.0000
0.2573	0.3411	0.0000	0.0000
0.2583	0.3419	0.0000	0.0000
0.2593	0.3426	0.0000	0.0000
0.2603	0.3434	0.0000	0.0000
0.2613	0.3441	0.0000	0.0000
0.2623	0.3449	0.0000	0.0000
0.2633	0.3457	0.0000	0.0000
0.2643	0.3464	0.0000	0.0000
0.2653	0.3472	0.0000	0.0000
0.2663	0.3480	0.0000	0.0000
0.2673	0.3487	0.0000	0.0000
0.2683	0.3495	0.0000	0.0000
0.2693	0.3503	0.0000	0.0000
0.2703	0.3510	0.0000	0.0000
0.2713	0.3518	0.0000	0.0000
0.2723	0.3525	0.0000	0.0000
0.2733	0.3533	0.0000	0.0000
0.2743	0.3541	0.0000	0.0000
0.2753	0.3548	0.0000	0.0000
0.2763	0.3556	0.0000	0.0000
0.2773	0.3564	0.0000	0.0000
0.2783	0.3571	0.0000	0.0000
0.2793	0.3579	0.0000	0.0000
0.2803	0.3587	0.0000	0.0000
0.2813	0.3594	0.0000	0.0000
0.2823	0.3602	0.0000	0.0000
0.2833	0.3609	0.0000	0.0000
0.2843	0.3617	0.0000	0.0000
0.2853	0.3625	0.0000	0.0000
0.2863	0.3632	0.0000	0.0000
0.2873	0.3640	0.0000	0.0000
0.2883	0.3647	0.0000	0.0000
0.2893	0.3655	0.0000	0.0000
0.2903	0.3663	0.0000	0.0000
0.2913	0.3670	0.0000	0.0000
0.2923	0.3678	0.0000	0.0000
0.2933	0.3686	0.0000	0.0000
0.2943	0.3693	0.0000	0.0000
0.2953	0.3701	0.0000	0.0000
0.2963	0.3708	0.0000	0.0000
0.2973	0.3716	0.0000	0.0000
0.2983	0.3724	0.0000	0.0000
0.2993	0.3731	0.0000	0.0000
0.3003	0.3739	0.0000	0.0000
0.3013	0.3747	0.0000	0.0000
0.3023	0.3754	0.0000	0.0000
0.3033	0.3762	0.0000	0.0000
0.3043	0.3769	0.0000	0.0000
0.3053	0.3777	0.0000	0.0000
0.3063	0.3785	0.0000	0.0000
0.3073	0.3792	0.0000	0.0000
0.3083	0.3800	0.0000	0.0000
0.3093	0.3807	0.0000	0.0000
0.3103	0.3815	0.0000	0.0000
0.3113	0.3823	0.0000	0.0000
0.3123	0.3830	0.0000	0.0000
0.3133	0.3838	0.0000	0.0000
0.3143	0.3846	0.0000	0.0000
0.3153	0.3853	0.0000	0.0000
0.3163	0.3861	0.0000	0.0000
0.3173	0.3868	0.0000	0.0000
0.3183	0.3876	0.0000	0.0000
0.3193	0.3884	0.0000	0.0000
0.3203	0.3891	0.0000	0.0000
0.3213	0.3899	0.0000	0.0000
0.3223	0.3907	0.0000	0.0000
0.3233	0.3914	0.0000	0.0000
0.3243	0.3922	0.0000	0.0000
0.3253	0.3929	0.0000	0.0000
0.3263	0.3937	0.0000	0.0000
0.3273	0.3945	0.0000	0.0000
0.3283	0.3952	0.0000	0.0000
0.3293	0.3960	0.0000	0.0000
0.3303	0.3967	0.0000	0.0000
0.3313	0.3975	0.0000	0.0000
0.3323	0.3983	0.0000	0.0000
0.3333	0.3990	0.0000	0.0000
0.3343	0.3998	0.0000	0.0000
0.3353	0.4006	0.0000	0.0000
0.3363	0.4013	0.0000	0.0000
0.3373	0.4021	0.0000	0.0000
0.3383	0.4029	0.0000	0.0000
0.3393	0.4036	0.0000	0.0000
0.3403	0.4044	0.0000	0.0000
0.3413	0.4051	0.0000	0.0000
0.3423	0.4059	0.0000	0.0000
0.3433	0.4067	0.0000	0.0000
0.3443	0.4074	0.0000	0.0000
0.3453	0.4082	0.0000	0.0000
0.3463	0.4090	0.0000	0.0000
0.3473	0.4097	0.0000	0.0000
0.3483	0.4105	0.0000	0.0000
0.3493	0.4113	0.0000	0.0000
0.3504	0.4120	0.0000	0.0000
0.3514	0.4128	0.0000	0.0000
0.3524	0.4136	0.0000	0.0000
0.3534	0.4143	0.0000	0.0000
0.3544	0.4151	0.0000	0.0000
0.3554	0.4159	0.0000	0.0000
0.3564	0.4166	0.0000	0.0000
0.3574	0.4174	0.0000	0.0000
0.3584	0.4182	0.0000	0.0000
0.3594	0.4189	0.0000	0.0000
0.3604	0.4197	0.0000	0.0000
0.3614	0.4205	0.0000	0.0000
0.3624	0.4212	0.0000	0.0000
0.3634	0.4220	0.0000	0.0000
0.3644	0.4228	0.0000	0.0000
0.3654	0.4235	0.0000	0.0000
0.3664	0.4243	0.0000	0.0000
0.3674	0.4251	0.0000	0.0000
0.3684	0.4258	0.0000	0.0000
0.3694	0.4266	0.0000	0.0000
0.3704	0.4274	0.0000	0.0000
0.3714	0.4281	0.0000	0.0000
0.3724	0.4289	0.0000	0.0000
0.3734	0.4297	0.0000	0.0000
0.3744	0.4305	0.0000	0.0000
0.3754	0.4312	0.0000	0.0000
0.3764	0.4320	0.0000	0.0000
0.3774	0.4328	0.0000	0.0000
0.3784	0.4335	0.0000	0.0000
0.3794	0.4343	0.0000	0.0000
0.3804	0.4351	0.0000	0.0000
0.3814	0.4359	0.0000	0.0000
0.3824	0.4366	0.0000	0.0000
0.3834	0.4374	0.0000	0.0000
0.3844	0.4382	0.0000	0.0000
0.3854	0.4390	0.0000	0.0000
0.3864	0.4397	0.0000	0.0000
0.3874	0.4405	0.0000	0.0000
0.3884	0.4413	0.0000	0.0000
0.3894	0.4421	0.0000	0.0000
0.3904	0.4428	0.0000	0.0000
0.3914	0.4436	0.0000	0.0000
0.3924	0.4444	0.0000	0.0000
0.3934	0.4452	0.0000	0.0000
0.3944	0.4459	0.0000	0.0000
0.3954	0.4467	0.0000	0.0000
0.3964	0.4475	0.0000	0.0000
0.3974	0.4483	0.0000	0.0000
0.3984	0.4491	0.0000	0.0000
0.3994	0.4498	0.0000	0.0000
0.4004	0.4506	0.0000	0.0000
0.4014	0.4514	0.0000	0.0000
0.4024	0.4522	0.0000	0.0000
0.4034	0.4530	0.0000	0.0000
0.4044	0.4537	0.0000	0.0000
0.4054	0.4545	0.0000	0.0000
0.4064	0.4553	0.0000	0.0000
0.4074	0.4561	0.0000	0.0000
0.4084	0.4569	0.0000	0.0000
0.4094	0.4577	0.0000	0.0000
0.4104	0.4584	0.0000	0.0000
0.4114	0.4592	0.0000	0.0000
0.4124	0.4600	0.0000	0.0000
0.4134	0.4608	0.0000	0.0000
0.4144	0.4616	0.0000	0.0000
0.4154	0.4624	0.0000	0.0000
0.4164	0.4632	0.0000	0.0000
0.4174	0.4640	0.0000	0.0000
0.4184	0.4647	0.0000	0.0000
0.4194	0.4655	0.0000	0.0000
0.4204	0.4663	0.0000	0.0000
0.4214	0.4671	0.0000	0.0000
0.4224	0.4679	0.0000	0.0000
0.4234	0.4687	0.0000	0.0000
0.4244	0.4695	0.0000	0.0000
0.4254	0.4703	0.0000	0.0000
0.4264	0.4711	0.0000	0.0000
0.4274	0.4719	0.0000	0.0000
0.4284	0.4727	0.0000	0.0000
0.4294	0.4735	0.0000	0.0000
0.4304	0.4743	0.0000	0.0000
0.4314	0.4751	0.0000	0.0000
0.4324	0.4759	0.0000	0.0000
0.4334	0.4767	0.0000	0.0000
0.4344	0.4775	0.0000	0.0000
0.4354	0.4783	0.0000	0.0000
0.4364	0.4791	0.0000	0.0000
0.4374	0.4799	0.0000	0.0000
0.4384	0.4807	0.0000	0.0000
0.4394	0.4815	0.0000	0.0000
0.4404	0.4823	0.0000	0.0000
0.4414	0.4831	0.0000	0.0000
0.4424	0.4839	0.0000	0.0000
0.4434	0.4847	0.0000	0.0000
0.4444	0.4855	0.0000	0.0000
0.4454	0.4863	0.0000	0.0000
0.4464	0.4871	0.0000	0.0000
0.4474	0.4879	0.0000	0.0000
0.4484	0.4887	0.0000	0.0000
0.4494	0.4895	0.0000	0.0000
0.4505	0.4903	0.0000	0.0000
0.4515	0.4912	0.0000	0.0000
0.4525	0.4920	0.0000	0.0000
0.4535	0.4928	0.0000	0.0000
0.4545	0.4936	0.0000	0.0000
0.4555	0.4944	0.0000	0.0000
0.4565	0.4952	0.0000	0.0000
0.4575	0.4960	0.0000	0.0000
0.4585	0.4969	0.0000	0.0000
0.4595	0.4977	0.0000	0.0000
0.4605	0.4985	0.0000	0.0000
0.4615	0.4993	0.0000	0.0000
0.4625	0.5001	0.0000	0.0000
0.4635	0.5010	0.0000	0.0000
0.4645	0.5018	0.0000	0.0000
0.4655	0.5026	0.0000	0.0000
0.4665	0.5034	0.0000	0.0000
0.4675	0.5043	0.0000	0.0000
0.4685	0.5051	0.0000	0.0000
0.4695	0.5059	0.0000	0.0000
0.4705	0.5068	0.0000	0.0000
0.4715	0.5076	0.0000	0.0000
0.4725	0.5084	0.0000	0.0000
0.4735	0.5093	0.0000	0.0000
0.4745	0.5101	0.0000	0.0000
0.4755	0.5109	0.0000	0.0000
0.4765	0.5118	0.0000	0.0000
0.4775	0.5126	0.0000	0.0000
0.4785	0.5134	0.0000	0.0000
0.4795	0.5143	0.0000	0.0000
0.4805	0.5151	0.0000	0.0000
0.4815	0.5160	0.0000	0.0000
0.4825	0.5168	0.0000	0.0000
0.4835	0.5176	0.0000	0.0000
0.4845	0.5185	0.0000	0.0000
0.4855	0.5193	0.0000	0.0000
0.4865	0.5202	0.0000	0.0000
0.4875	0.5210	0.0000	0.0000
0.4885	0.5219	0.0000	0.0000
0.4895	0.5227	0.0000	0.0000
0.4905	0.5236	0.0000	0.0000
0.4915	0.5244	0.0000	0.0000
0.4925	0.5253	0.0000	0.0000
0.4935	0.5261	0.0000	0.0000
0.4945	0.5270	0.0000	0.0000
0.4955	0.5279	0.0000	0.0000
0.4965	0.5287	0.0000	0.0000
0.4975	0.5296	0.0000	0.0000
0.4985	0.5305	0.0000	0.0000
0.4995	0.5313	0.0000	0.0000
0.5005	0.5325	0.0000	0.0000
0.5015	0.5340	0.0000	0.0000
0.5025	0.5356	0.0000	0.0000
0.5035	0.5371	0.0000	0.0000
0.5045	0.5386	0.0000	0.0000
0.5055	0.5401	0.0000	0.0000
0.5065	0.5416	0.0000	0.0000
0.5075	0.5431	0.0000	0.0000
0.5085	0.5445	0.0000	0.0000
0.5095	0.5460	0.0000	0.0000
0.5105	0.5475	0.0000	0.0000
0.5115	0.5489	0.0000	0.0000
0.5125	0.5504	0.0000	0.0000
0.5135	0.5518	0.0000	0.0000
0.5145	0.5532	0.0000	0.0000
0.5155	0.5546	0.0000	0.0000
0.5165	0.5561	0.0000	0.0000
0.5175	0.5575	0.0000	0.0000
0.5185	0.5589	0.0000	0.0000
0.5195	0.5602	0.0000	0.0000
0.5205	0.5616	0.0000	0.0000
0.5215	0.5630	0.0000	0.0000
0.5225	0.5644	0.0000	0.0000
0.5235	0.5657	0.0000	0.0000
0.5245	0.5671	0.0000	0.0000
0.5255	0.5684	0.0000	0.0000
0.5265	0.5698	0.0000	0.0000
0.5275	0.5711	0.0000	0.0000
0.5285	0.5725	0.0000	0.0000
0.5295	0.5738	0.0000	0.0000
0.5305	0.5751	0.0000	0.0000
0.5315	0.5764	0.0000	0.0000
0.5325	0.5777	0.0000	0.0000
0.5335	0.5790	0.0000	0.0000
0.5345	0.5803	0.0000	0.0000
0.5355	0.5816	0.0000	0.0000
0.5365	0.5828	0.0000	0.0000
0.5375	0.5841	0.0000	0.0000
0.5385	0.5854	0.0000	0.0000
0.5395	0.5866	0.0000	0.0000
0.5405	0.5879	0.0000	0.0000
0.5415	0.5891	0.0000	0.0000
0.5425	0.5904	0.0000	0.0000
0.5435	0.5916	0.0000	0.0000
0.5445	0.5928	0.0000	0.0000
0.5455	0.5940	0.0000	0.0000
0.5465	0.5952	0.0000	0.0000
0.5475	0.5964	0.0000	0.0000
0.5485	0.5976	0.0000	0.0000
0.5495	0.5988	0.0000	0.0000
0.5506	0.6000	0.0000	0.0000
0.5516	0.6012	0.0000	0.0000
0.5526	0.6024	0.0000	0.0000
0.5536	0.6036	0.0000	0.0000
0.5546	0.6047	0.0000	0.0000
0.5556	0.6059	0.0000	0.0000
0.5566	0.6070	0.0000	0.0000
0.5576	0.6082	0.0000	0.0000
0.5586	0.6093	0.0000	0.0000
0.5596	0.6105	0.0000	0.0000
0.5606	0.6116	0.0000	0.0000
0.5616	0.6127	0.0000	0.0000
0.5626	0.6138	0.0000	0.0000
0.5636	0.6150	0.0000	0.0000
0.5646	0.6161	0.0000	0.0000
0.5656	0.6172	0.0000	0.0000
0.5666	0.6183	0.0000	0.0000
0.5676	0.6194	0.0000	0.0000
0.5686	0.6204	0.0000	0.0000
0.5696	0.6215	0.0000	0.0000
0.5706	0.6226	0.0000	0.0000
0.5716	0.6237	0.0000	0.0000
0.5726	0.6247	0.0000	0.0000
0.5736	0.6258	0.0000	0.0000
0.5746	0.6269	0.0000	0.0000
0.5756	0.6279	0.0000	0.0000
0.5766	0.6290	0.0000	0.0000
0.5776	0.6300	0.0000	0.0000
0.5786	0.6310	0.0000	0.0000
0.5796	0.6321	0.0000	0.0000
0.5806	0.6331	0.0000	0.0000
0.5816	0.6341	0.0000	0.0000
0.5826	0.6351	0.0000	0.0000
0.5836	0.6361	0.0000	0.0000
0.5846	0.6371	0.0000	0.0000
0.5856	0.6381	0.0000	0.0000
0.5866	0.6391	0.0000	0.0000
0.5876	0.6401	0.0000	0.0000
0.5886	0.6411	0.0000	0.0000
0.5896	0.6421	0.0000	0.0000
0.5906	0.6431	0.0000	0.0000
0.5916	0.6441	0.0000	0.0000
0.5926	0.6450	0.0000	0.0000
0.5936	0.6460	0.0000	0.0000
0.5946	0.6470	0.0000	0.0000
0.5956	0.6479	0.0000	0.0000
0.5966	0.6489	0.0000	0.0000
0.5976	0.6498	0.0000	0.0000
0.5986	0.6508	0.0000	0.0000
0.5996	0.6517	0.0000	0.0000
0.6006	0.6526	0.0000	0.0000
0.6016	0.6536	0.0000	0.0000
0.6026	0.6545	0.0000	0.0000
0.6036	0.6554	0.0000	0.0000
0.6046	0.6563	0.0000	0.0000
0.6056	0.6572	0.0000	0.0000
0.6066	0.6581	0.0000	0.0000
0.6076	0.6590	0.0000	0.0000
0.6086	0.6600	0.0000	0.0000
0.6096	0.6608	0.0000	0.0000
0.6106	0.6617	0.0000	0.0000
0.6116	0.6626	0.0000	0.0000
0.6126	0.6635	0.0000	0.0000
0.6136	0.6644	0.0000	0.0000
0.6146	0.6653	0.0000	0.0000
0.6156	0.6661	0.0000	0.0000
0.6166	0.6670	0.0000	0.0000
0.6176	0.6679	0.0000	0.0000
0.6186	0.6687	0.0000	0.0000
0.6196	0.6696	0.0000	0.0000
0.6206	0.6704	0.0000	0.0000
0.6216	0.6713	0.0000	0.0000
0.6226	0.6721	0.0000	0.0000
0.6236	0.6730	0.0000	0.0000
0.6246	0.6738	0.0000	0.0000
0.6256	0.6747	0.0000	0.0000
0.6266	0.6755	0.0000	0.0000
0.6276	0.6763	0.0000	0.0000
0.6286	0.6771	0.0000	0.0000
0.6296	0.6780	0.0000	0.0000
0.6306	0.6788	0.0000	0.0000
0.6316	0.6796	0.0000	0.0000
0.6326	0.6804	0.0000	0.0000
0.6336	0.6812	0.0000	0.0000
0.6346	0.6820	0.0000	0.0000
0.6356	0.6828	0.0000	0.0000
0.6366	0.6836	0.0000	0.0000
0.6376	0.6844	0.0000	0.0000
0.6386	0.6852	0.0000	0.0000
0.6396	0.6860	0.0000	0.0000
0.6406	0.6867	0.0000	0.0000
0.6416	0.6875	0.0000	0.0000
0.6426	0.6883	0.0000	0.0000
0.6436	0.6891	0.0000	0.0000
0.6446	0.6898	0.0000	0.0000
0.6456	0.6906	0.0000	0.0000
0.6466	0.6914	0.0000	0.0000
0.6476	0.6921	0.0000	0.0000
0.6486	0.6929	0.0000	0.0000
0.6496	0.6936	0.0000	0.0000
0.6507	0.6944	0.0000	0.0000
0.6517	0.6951	0.0000	0.0000
0.6527	0.6959	0.0000	0.0000
0.6537	0.6966	0.0000	0.0000
0.6547	0.6973	0.0000	0.0000
0.6557	0.6981	0.0000	0.0000
0.6567	0.6988	0.0000	0.0000
0.6577	0.6995	0.0000	0.0000
0.6587	0.7003	0.0000	0.0000
0.6597	0.7010	0.0000	0.0000
0.6607	0.7017	0.0000	0.0000
0.6617	0.7024	0.0000	0.0000
0.6627	0.7031	0.0000	0.0000
0.6637	0.7038	0.0000	0.0000
0.6647	0.7046	0.0000	0.0000
0.6657	0.7053	0.0000	0.0000
0.6667	0.7060	0.0000	0.0000
0.6677	0.7067	0.0000	0.0000
0.6687	0.7074	0.0000	0.0000
0.6697	0.7080	0.0000	0.0000
0.6707	0.7087	0.0000	0.0000
0.6717	0.7094	0.0000	0.0000
0.6727	0.7101	0.0000	0.0000
0.6737	0.7108	0.0000	0.0000
0.6747	0.7115	0.0000	0.0000
0.6757	0.7121	0.0000	0.0000
0.6767	0.7128	0.0000	0.0000
0.6777	0.7135	0.0000	0.0000
0.6787	0.7142	0.0000	0.0000
0.6797	0.7148	0.0000	0.0000
0.6807	0.7155	0.0000	0.0000
0.6817	0.7162	0.0000	0.0000
0.6827	0.7168	0.0000	0.0000
0.6837	0.7175	0.0000	0.0000
0.6847	0.7181	0.0000	0.0000
0.6857	0.7188	0.0000	0.0000
0.6867	0.7194	0.0000	0.0000
0.6877	0.7201	0.0000	0.0000
0.6887	0.7207	0.0000	0.0000
0.6897	0.7213	0.0000	0.0000
0.6907	0.7220	0.0000	0.0000
0.6917	0.7226	0.0000	0.0000
0.6927	0.7233	0.0000	0.0000
0.6937	0.7239	0.0000	0.0000
0.6947	0.7245	0.0000	0.0000
0.6957	0.7251	0.0000	0.0000
0.6967	0.7258	0.0000	0.0000
0.6977	0.7264	0.0000	0.0000
0.6987	0.7270	0.0000	0.0000
0.6997	0.7276	0.0000	0.0000
0.7007	0.7282	0.0000	0.0000
0.7017	0.7289	0.0000	0.0000
0.7027	0.7295	0.0000	0.0000
0.7037	0.7301	0.0000	0.0000
0.7047	0.7307	0.0000	0.0000
0.7057	0.7313	0.0000	0.0000
0.7067	0.7319	0.0000	0.0000
0.7077	0.7325	0.0000	0.0000
0.7087	0.7331	0.0000	0.0000
0.7097	0.7337	0.0000	0.0000
0.7107	0.7343	0.0000	0.0000
0.7117	0.7349	0.0000	0.0000
0.7127	0.7355	0.0000	0.0000
0.7137	0.7360	0.0000	0.0000
0.7147	0.7366	0.0000	0.0000
0.7157	0.7372	0.0000	0.0000
0.7167	0.7378	0.0000	0.0000
0.7177	0.7384	0.0000	0.0000
0.7187	0.7390	0.0000	0.0000
0.7197	0.7395	0.0000	0.0000
0.7207	0.7401	0.0000	0.0000
0.7217	0.7407	0.0000	0.0000
0.7227	0.7412	0.0000	0.0000
0.7237	0.7418	0.0000	0.0000
0.7247	0.7424	0.0000	0.0000
0.7257	0.7429	0.0000	0.0000
0.7267	0.7435	0.0000	0.0000
0.7277	0.7441	0.0000	0.0000
0.7287	0.7446	0.0000	0.0000
0.7297	0.7452	0.0000	0.0000
0.7307	0.7457	0.0000	0.0000
0.7317	0.7463	0.0000	0.0000
0.7327	0.7468	0.0000	0.0000
0.7337	0.7474	0.0000	0.0000
0.7347	0.7479	0.0000	0.0000
0.7357	0.7485	0.0000	0.0000
0.7367	0.7490	0.0000	0.0000
0.7377	0.7496	0.0000	0.0000
0.7387	0.7501	0.0000	0.0000
0.7397	0.7506	0.0000	0.0000
0.7407	0.7512	0.0000	0.0000
0.7417	0.7517	0.0000	0.0000
0.7427	0.7522	0.0000	0.0000
0.7437	0.7528	0.0000	0.0000
0.7447	0.7533	0.0000	0.0000
0.7457	0.7538	0.0000	0.0000
0.7467	0.7544	0.0000	0.0000
0.7477	0.7549	0.0000	0.0000
0.7487	0.7554	0.0000	0.0000
0.7497	0.7559	0.0000	0.0000
0.7508	0.7564	0.0000	0.0000
0.7518	0.7570	0.0000	0.0000
0.7528	0.7575	0.0000	0.0000
0.7538	0.7580	0.0000	0.0000
0.7548	0.7585	0.0000	0.0000
0.7558	0.7590	0.0000	0.0000
0.7568	0.7595	0.0000	0.0000
0.7578	0.7600	0.0000	0.0000
0.7588	0.7606	0.0000	0.0000
0.7598	0.7611	0.0000	0.0000
0.7608	0.7616	0.0000	0.0000
0.7618	0.7621	0.0000	0.0000
0.7628	0.7626	0.0000	0.0000
0.7638	0.7631	0.0000	0.0000
0.7648	0.7636	0.0000	0.0000
0.7658	0.7641	0.0000	0.0000
0.7668	0.7646	0.0000	0.0000
0.7678	0.7651	0.0000	0.0000
0.7688	0.7656	0.0000	0.0000
0.7698	0.7661	0.0000	0.0000
0.7708	0.7665	0.0000	0.0000
0.7718	0.7670	0.0000	0.0000
0.7728	0.7675	0.0000	0.0000
0.7738	0.7680	0.0000	0.0000
0.7748	0.7685	0.0000	0.0000
0.7758	0.7690	0.0000	0.0000
0.7768	0.7695	0.0000	0.0000
0.7778	0.7700	0.0000	0.0000
0.7788	0.7704	0.0000	0.0000
0.7798	0.7709	0.0000	0.0000
0.7808	0.7714	0.0000	0.0000
0.7818	0.7719	0.0000	0.0000
0.7828	0.7723	0.0000	0.0000
0.7838	0.7728	0.0000	0.0000
0.7848	0.7733	0.0000	0.0000
0.7858	0.7738	0.0000	0.0000
0.7868	0.7742	0.0000	0.0000
0.7878	0.7747	0.0000	0.0000
0.7888	0.7752	0.0000	0.0000
0.7898	0.7757	0.0000	0.0000
0.7908	0.7761	0.0000	0.0000
0.7918	0.7766	0.0000	0.0000
0.7928	0.7771	0.0000	0.0000
0.7938	0.7775	0.0000	0.0000
0.7948	0.7780	0.0000	0.0000
0.7958	0.7784	0.0000	0.0000
0.7968	0.7789	0.0000	0.0000
0.7978	0.7794	0.0000	0.0000
0.7988	0.7798	0.0000	0.0000
0.7998	0.7803	0.0000	0.0000
0.8008	0.7807	0.0000	0.0000
0.8018	0.7812	0.0000	0.0000
0.8028	0.7816	0.0000	0.0000
0.8038	0.7821	0.0000	0.0000
0.8048	0.7826	0.0000	0.0000
0.8058	0.7830	0.0000	0.0000
0.8068	0.7835	0.0000	0.0000
0.8078	0.7839	0.0000	0.0000
0.8088	0.7844	0.0000	0.0000
0.8098	0.7848	0.0000	0.0000
0.8108	0.7853	0.0000	0.0000
0.8118	0.7857	0.0000	0.0000
0.8128	0.7861	0.0000	0.0000
0.8138	0.7866	0.0000	0.0000
0.8148	0.7870	0.0000	0.0000
0.8158	0.7875	0.0000	0.0000
0.8168	0.7879	0.0000	0.0000
0.8178	0.7884	0.0000	0.0000
0.8188	0.7888	0.0000	0.0000
0.8198	0.7892	0.0000	0.0000
0.8208	0.7897	0.0000	0.0000
0.8218	0.7901	0.0000	0.0000
0.8228	0.7906	0.0000	0.0000
0.8238	0.7910	0.0000	0.0000
0.8248	0.7914	0.0000	0.0000
0.8258	0.7919	0.0000	0.0000
0.8268	0.7923	0.0000	0.0000
0.8278	0.7927	0.0000	0.0000
0.8288	0.7932	0.0000	0.0000
0.8298	0.7936	0.0000	0.0000
0.8308	0.7940	0.0000	0.0000
0.8318	0.7945	0.0000	0.0000
0.8328	0.7949	0.0000	0.0000
0.8338	0.7953	0.0000	0.0000
0.8348	0.7957	0.0000	0.0000
0.8358	0.7962	0.0000	0.0000
0.8368	0.7966	0.0000	0.0000
0.8378	0.7970	0.0000	0.0000
0.8388	0.7974	0.0000	0.0000
0.8398	0.7979	0.0000	0.0000
0.8408	0.7983	0.0000	0.0000
0.8418	0.7987	0.0000	0.0000
0.8428	0.7991	0.0000	0.0000
0.8438	0.7996	0.0000	0.0000
0.8448	0.8000	0.0000	0.0000
0.8458	0.8004	0.0000	0.0000
0.8468	0.8008	0.0000	0.0000
0.8478	0.8013	0.0000	0.0000
0.8488	0.8017	0.0000	0.0000
0.8498	0.8021	0.0000	0.0000
0.8509	0.8025	0.0000	0.0000
0.8519	0.8029	0.0000	0.0000
0.8529	0.8033	0.0000	0.0000
0.8539	0.8038	0.0000	0.0000
0.8549	0.8042	0.0000	0.0000
0.8559	0.8046	0.0000	0.0000
0.8569	0.8050	0.0000	0.0000
0.8579	0.8054	0.0000	0.0000
0.8589	0.8058	0.0000	0.0000
0.8599	0.8063	0.0000	0.0000
0.8609	0.8067	0.0000	0.0000
0.8619	0.8071	0.0000	0.0000
0.8629	0.8075	0.0000	0.0000
0.8639	0.8079	0.0000	0.0000
0.8649	0.8083	0.0000	0.0000
0.8659	0.8087	0.0000	0.0000
0.8669	0.8091	0.0000	0.0000
0.8679	0.8096	0.0000	0.0000
0.8689	0.8100	0.0000	0.0000
0.8699	0.8104	0.0000	0.0000
0.8709	0.8108	0.0000	0.0000
0.8719	0.8112	0.0000	0.0000
0.8729	0.8116	0.0000	0.0000
0.8739	0.8120	0.0000	0.0000
0.8749	0.8124	0.0000	0.0000
0.8759	0.8128	0.0000	0.0000
0.8769	0.8132	0.0000	0.0000
0.8779	0.8136	0.0000	0.0000
0.8789	0.8140	0.0000	0.0000
0.8799	0.8145	0.0000	0.0000
0.8809	0.8149	0.0000	0.0000
0.8819	0.8153	0.0000	0.0000
0.8829	0.8157	0.0000	0.0000
0.8839	0.8161	0.0000	0.0000
0.8849	0.8165	0.0000	0.0000
0.8859	0.8169	0.0000	0.0000
0.8869	0.8173	0.0000	0.0000
0.8879	0.8177	0.0000	0.0000
0.8889	0.8181	0.0000	0.0000
0.8899	0.8185	0.0000	0.0000
0.8909	0.8189	0.0000	0.0000
0.8919	0.8193	0.0000	0.0000
0.8929	0.8197	0.0000	0.0000
0.8939	0.8201	0.0000	0.0000
0.8949	0.8205	0.0000	0.0000
0.8959	0.8209	0.0000	0.0000
0.8969	0.8213	0.0000	0.0000
0.8979	0.8217	0.0000	0.0000
0.8989	0.8221	0.0000	0.0000
0.8999	0.8225	0.0000	0.0000
0.9009	0.8229	0.0000	0.0000
0.9019	0.8233	0.0000	0.0000
0.9029	0.8238	0.0000	0.0000
0.9039	0.8242	0.0000	0.0000
0.9049	0.8246	0.0000	0.0000
0.9059	0.8250	0.0000	0.0000
0.9069	0.8254	0.0000	0.0000
0.9079	0.8258	0.0000	0.0000
0.9089	0.8262	0.0000	0.0000
0.9099	0.8266	0.0000	0.0000
0.9109	0.8270	0.0000	0.0000
0.9119	0.8274	0.0000	0.0000
0.9129	0.8278	0.0000	0.0000
0.9139	0.8282	0.0000	0.0000
0.9149	0.8286	0.0000	0.0000
0.9159	0.8290	0.0000	0.0000
0.9169	0.8294	0.0000	0.0000
0.9179	0.8298	0.0000	0.0000
0.9189	0.8302	0.0000	0.0000
0.9199	0.8306	0.0000	0.0000
0.9209	0.8310	0.0000	0.0000
0.9219	0.8314	0.0000	0.0000
0.9229	0.8318	0.0000	0.0000
0.9239	0.8322	0.0000	0.0000
0.9249	0.8326	0.0000	0.0000
0.9259	0.8330	0.0000	0.0000
0.9269	0.8334	0.0000	0.0000
0.9279	0.8338	0.0000	0.0000
0.9289	0.8342	0.0000	0.0000
0.9299	0.8346	0.0000	0.0000
0.9309	0.8350	0.0000	0.0000
0.9319	0.8354	0.0000	0.0000
0.9329	0.8358	0.0000	0.0000
0.9339	0.8362	0.0000	0.0000
0.9349	0.8366	0.0000	0.0000
0.9359	0.8370	0.0000	0.0000
0.9369	0.8374	0.0000	0.0000
0.9379	0.8378	0.0000	0.0000
0.9389	0.8382	0.0000	0.0000
0.9399	0.8386	0.0000	0.0000
0.9409	0.8390	0.0000	0.0000
0.9419	0.8395	0.0000	0.0000
0.9429	0.8399	0.0000	0.0000
0.9439	0.8403	0.0000	0.0000
0.9449	0.8407	0.0000	0.0000
0.9459	0.8411	0.0000	0.0000
0.9469	0.8415	0.0000	0.0000
0.9479	0.8419	0.0000	0.0000
0.9489	0.8423	0.0000	0.0000
0.9499	0.8427	0.0000	0.0000
0.9510	0.8431	0.0000	0.0000
0.9520	0.8435	0.0000	0.0000
0.9530	0.8439	0.0000	0.0000
0.9540	0.8443	0.0000	0.0000
0.9550	0.8447	0.0000	0.0000
0.9560	0.8451	0.0000	0.0000
0.9570	0.8456	0.0000	0.0000
0.9580	0.8460	0.0000	0.0000
0.9590	0.8464	0.0000	0.0000
0.9600	0.8468	0.0000	0.0000
0.9610	0.8472	0.0000	0.0000
0.9620	0.8476	0.0000	0.0000
0.9630	0.8480	0.0000	0.0000
0.9640	0.8484	0.0000	0.0000
0.9650	0.8488	0.0000	0.0000
0.9660	0.8493	0.0000	0.0000
0.9670	0.8497	0.0000	0.0000
0.9680	0.8501	0.0000	0.0000
0.9690	0.8505	0.0000	0.0000
0.9700	0.8509	0.0000	0.0000
0.9710	0.8513	0.0000	0.0000
0.9720	0.8517	0.0000	0.0000
0.9730	0.8522	0.0000	0.0000
0.9740	0.8526	0.0000	0.0000
0.9750	0.8530	0.0000	0.0000
0.9760	0.8534	0.0000	0.0000
0.9770	0.8538	0.0000	0.0000
0.9780	0.8543	0.0000	0.0000
0.9790	0.8547	0.0000	0.0000
0.9800	0.8551	0.0000	0.0000
0.9810	0.8555	0.0000	0.0000
0.9820	0.8559	0.0000	0.0000
0.9830	0.8564	0.0000	0.0000
0.9840	0.8568	0.0000	0.0000
0.9850	0.8572	0.0000	0.0000
0.9860	0.8576	0.0000	0.0000
0.9870	0.8581	0.0000	0.0000
0.9880	0.8585	0.0000	0.0000
0.9890	0.8589	0.0000	0.0000
0.9900	0.8593	0.0000	0.0000
0.9910	0.8598	0.0000	0.0000
0.9920	0.8602	0.0000	0.0000
0.9930	0.8606	0.0000	0.0000
0.9940	0.8611	0.0000	0.0000
0.9950	0.8615	0.0000	0.0000
0.9960	0.8619	0.0000	0.0000
0.9970	0.8624	0.0000	0.0000
0.9980	0.8628	0.0000	0.0000
0.9990	0.8632	0.0000	0.0000
1.0000	0.8637	0.0000	0.0000
0.7628
