0.0000	0.1794	0.0000	0.0000
0.0010	0.1800	0.0000	0.0000
0.0020	0.1807	0.0000	0.0000
0.0030	0.1814	0.0000	0.0000
0.0040	0.1821	0.0000	0.0000
0.0050	0.1828	0.0000	0.0000
0.0060	0.1834	0.0000	0.0000
0.0070	0.1841	0.0000	0.0000
0.0080	0.1848	0.0000	0.0000
0.0090	0.1855	0.0000	0.0000
0.0100	0.1861	0.0000	0.0000
0.0110	0.1868	0.0000	0.0000
0.0120	0.1875	0.0000	0.0000
0.0130	0.1882	0.0000	0.0000
0.0140	0.1888	0.0000	0.0000
0.0150	0.1895	0.0000	0.0000
0.0160	0.1902	0.0000	0.0000
0.0170	0.1908	0.0000	0.0000
0.0180	0.1915	0.0000	0.0000
0.0190	0.1922	0.0000	0.0000
0.0200	0.1928	0.0000	0.0000
0.0210	0.1935	0.0000	0.0000
0.0220	0.1942	0.0000	0.0000
0.0230	0.1948	0.0000	0.0000
0.0240	0.1955	0.0000	0.0000
0.0250	0.1962	0.0000	0.0000
0.0260	0.1968	0.0000	0.0000
0.0270	0.1975	0.0000	0.0000
0.0280	0.1982	0.0000	0.0000
0.0290	0.1988	0.0000	0.0000
0.0300	0.1995	0.0000	0.0000
0.0310	0.2002	0.0000	0.0000
0.0320	0.2008	0.0000	0.0000
0.0330	0.2015	0.0000	0.0000
0.0340	0.2021	0.0000	0.0000
0.0350	0.2028	0.0000	0.0000
0.0360	0.2034	0.0000	0.0000
0.0370	0.2041	0.0000	0.0000
0.0380	0.2048	0.0000	0.0000
0.0390	0.2054	0.0000	0.0000
0.0400	0.2061	0.0000	0.0000
0.0410	0.2067	0.0000	0.0000
0.0420	0.2074	0.0000	0.0000
0.0430	0.2080	0.0000	0.0000
0.0440	0.2087	0.0000	0.0000
0.0450	0.2093	0.0000	0.0000
0.0460	0.2100	0.0000	0.0000
0.0470	0.2106	0.0000	0.0000
0.0480	0.2113	0.0000	0.0000
0.0490	0.2119	0.0000	0.0000
0.0501	0.2126	0.0000	0.0000
0.0511	0.2132	0.0000	0.0000
0.0521	0.2139	0.0000	0.0000
0.0531	0.2145	0.0000	0.0000
0.0541	0.2152	0.0000	0.0000
0.0551	0.2158	0.0000	0.0000
0.0561	0.2165	0.0000	0.0000
0.0571	0.2171	0.0000	0.0000
0.0581	0.2178	0.0000	0.0000
0.0591	0.2184	0.0000	0.0000
0.0601	0.2190	0.0000	0.0000
0.0611	0.2197	0.0000	0.0000
0.0621	0.2203	0.0000	0.0000
0.0631	0.2210	0.0000	0.0000
0.0641	0.2216	0.0000	0.0000
0.0651	0.2222	0.0000	0.0000
0.0661	0.2229	0.0000	0.0000
0.0671	0.2235	0.0000	0.0000
0.0681	0.2242	0.0000	0.0000
0.0691	0.2248	0.0000	0.0000
0.0701	0.2254	0.0000	0.0000
0.0711	0.2261	0.0000	0.0000
0.0721	0.2267	0.0000	0.0000
0.0731	0.2273	0.0000	0.0000
0.0741	0.2280	0.0000	0.0000
0.0751	0.2286	0.0000	0.0000
0.0761	0.2292	0.0000	0.0000
0.0771	0.2299	0.0000	0.0000
0.0781	0.2305	0.0000	0.0000
0.0791	0.2311	0.0000	0.0000
0.0801	0.2318	0.0000	0.0000
0.0811	0.2324	0.0000	0.0000
0.0821	0.2330	0.0000	0.0000
0.0831	0.2337	0.0000	0.0000
0.0841	0.2343	0.0000	0.0000
0.0851	0.2349	0.0000	0.0000
0.0861	0.2355	0.0000	0.0000
0.0871	0.2362	0.0000	0.0000
0.0881	0.2368	0.0000	0.0000
0.0891	0.2374	0.0000	0.0000
0.0901	0.2380	0.0000	0.0000
0.0911	0.2387	0.0000	0.0000
0.0921	0.2393	0.0000	0.0000
0.0931	0.2399	0.0000	0.0000
0.0941	0.2405	0.0000	0.0000
0.0951	0.2412	0.0000	0.0000
0.0961	0.2418	0.0000	0.0000
0.0971	0.2424	0.0000	0.0000
0.0981	0.2430	0.0000	0.0000
0.0991	0.2437	0.0000	0.0000
0.1001	0.2443	0.0000	0.0000
0.1011	0.2449	0.0000	0.0000
0.1021	0.2455	0.0000	0.0000
0.1031	0.2461	0.0000	0.0000
0.1041	0.2467	0.0000	0.0000
0.1051	0.2474	0.0000	0.0000
0.1061	0.2480	0.0000	0.0000
0.1071	0.2486	0.0000	0.0000
0.1081	0.2492	0.0000	0.0000
0.1091	0.2498	0.0000	0.0000
0.1101	0.2504	0.0000	0.0000
0.1111	0.2511	0.0000	0.0000
0.1121	0.2517	0.0000	0.0000
0.1131	0.2523	0.0000	0.0000
0.1141	0.2529	0.0000	0.0000
0.1151	0.2535	0.0000	0.0000
0.1161	0.2541	0.0000	0.0000
0.1171	0.2547	0.0000	0.0000
0.1181	0.2553	0.0000	0.0000
0.1191	0.2559	0.0000	0.0000
0.1201	0.2566	0.0000	0.0000
0.1211	0.2572	0.0000	0.0000
0.1221	0.2578	0.0000	0.0000
0.1231	0.2584	0.0000	0.0000
0.1241	0.2590	0.0000	0.0000
0.1251	0.2596	0.0000	0.0000
0.1261	0.2602	0.0000	0.0000
0.1271	0.2608	0.0000	0.0000
0.1281	0.2614	0.0000	0.0000
0.1291	0.2620	0.0000	0.0000
0.1301	0.2626	0.0000	0.0000
0.1311	0.2632	0.0000	0.0000
0.1321	0.2638	0.0000	0.0000
0.1331	0.2644	0.0000	0.0000
0.1341	0.2650	0.0000	0.0000
0.1351	0.2656	0.0000	0.0000
0.1361	0.2662	0.0000	0.0000
0.1371	0.2668	0.0000	0.0000
0.1381	0.2674	0.0000	0.0000
0.1391	0.2680	0.0000	0.0000
0.1401	0.2686	0.0000	0.0000
0.1411	0.2692	0.0000	0.0000
0.1421	0.2698	0.0000	0.0000
0.1431	0.2704	0.0000	0.0000
0.1441	0.2710	0.0000	0.0000
0.1451	0.2716	0.0000	0.0000
0.1461	0.2722	0.0000	0.0000
0.1471	0.2728	0.0000	0.0000
0.1481	0.2734	0.0000	0.0000
0.1491	0.2740	0.0000	0.0000
0.1502	0.2746	0.0000	0.0000
0.1512	0.2752	0.0000	0.0000
0.1522	0.2758	0.0000	0.0000
0.1532	0.2764	0.0000	0.0000
0.1542	0.2770	0.0000	0.0000
0.1552	0.2776	0.0000	0.0000
0.1562	0.2782	0.0000	0.0000
0.1572	0.2788	0.0000	0.0000
0.1582	0.2794	0.0000	0.0000
0.1592	0.2800	0.0000	0.0000
0.1602	0.2806	0.0000	0.0000
0.1612	0.2811	0.0000	0.0000
0.1622	0.2817	0.0000	0.0000
0.1632	0.2823	0.0000	0.0000
0.1642	0.2829	0.0000	0.0000
0.1652	0.2835	0.0000	0.0000
0.1662	0.2841	0.0000	0.0000
0.1672	0.2847	0.0000	0.0000
0.1682	0.2853	0.0000	0.0000
0.1692	0.2859	0.0000	0.0000
0.1702	0.2864	0.0000	0.0000
0.1712	0.2870	0.0000	0.0000
0.1722	0.2876	0.0000	0.0000
0.1732	0.2882	0.0000	0.0000
0.1742	0.2888	0.0000	0.0000
0.1752	0.2894	0.0000	0.0000
0.1762	0.2900	0.0000	0.0000
0.1772	0.2906	0.0000	0.0000
0.1782	0.2911	0.0000	0.0000
0.1792	0.2917	0.0000	0.0000
0.1802	0.2923	0.0000	0.0000
0.1812	0.2929	0.0000	0.0000
0.1822	0.2935	0.0000	0.0000
0.1832	0.2941	0.0000	0.0000
0.1842	0.2946	0.0000	0.0000
0.1852	0.2952	0.0000	0.0000
0.1862	0.2958	0.0000	0.0000
0.1872	0.2964	0.0000	0.0000
0.1882	0.2970	0.0000	0.0000
0.1892	0.2976	0.0000	0.0000
0.1902	0.2981	0.0000	0.0000
0.1912	0.2987	0.0000	0.0000
0.1922	0.2993	0.0000	0.0000
0.1932	0.2999	0.0000	0.0000
0.1942	0.3005	0.0000	0.0000
0.1952	0.3011	0.0000	0.0000
0.1962	0.3016	0.0000	0.0000
0.1972	0.3022	0.0000	0.0000
0.1982	0.3028	0.0000	0.0000
0.1992	0.3034	0.0000	0.0000
0.2002	0.3040	0.0000	0.0000
0.2012	0.3045	0.0000	0.0000
0.2022	0.3051	0.0000	0.0000
0.2032	0.3057	0.0000	0.0000
0.2042	0.3063	0.0000	0.0000
0.2052	0.3068	0.0000	0.0000
0.2062	0.3074	0.0000	0.0000
0.2072	0.3080	0.0000	0.0000
0.2082	0.3086	0.0000	0.0000
0.2092	0.3092	0.0000	0.0000
0.2102	0.3097	0.0000	0.0000
0.2112	0.3103	0.0000	0.0000
0.2122	0.3109	0.0000	0.0000
0.2132	0.3115	0.0000	0.0000
0.2142	0.3120	0.0000	0.0000
0.2152	0.3126	0.0000	0.0000
0.2162	0.3132	0.0000	0.0000
0.2172	0.3138	0.0000	0.0000
0.2182	0.3143	0.0000	0.0000
0.2192	0.3149	0.0000	0.0000
0.2202	0.3155	0.0000	0.0000
0.2212	0.3161	0.0000	0.0000
0.2222	0.3167	0.0000	0.0000
0.2232	0.3172	0.0000	0.0000
0.2242	0.3178	0.0000	0.0000
0.2252	0.3184	0.0000	0.0000
0.2262	0.3190	0.0000	0.0000
0.2272	0.3195	0.0000	0.0000
0.2282	0.3201	0.0000	0.0000
0.2292	0.3207	0.0000	0.0000
0.2302	0.3213	0.0000	0.0000
0.2312	0.3218	0.0000	0.0000
0.2322	0.3224	0.0000	0.0000
0.2332	0.3230	0.0000	0.0000
0.2342	0.3235	0.0000	0.0000
0.2352	0.3241	0.0000	0.0000
0.2362	0.3247	0.0000	0.0000
0.2372	0.3253	0.0000	0.0000
0.2382	0.3258	0.0000	0.0000
0.2392	0.3264	0.0000	0.0000
0.2402	0.3270	0.0000	0.0000
0.2412	0.3276	0.0000	0.0000
0.2422	0.3281	0.0000	0.0000
0.2432	0.3287	0.0000	0.0000
0.2442	0.3293	0.0000	0.0000
0.2452	0.3299	0.0000	0.0000
0.2462	0.3304	0.0000	0.0000
0.2472	0.3310	0.0000	0.0000
0.2482	0.3316	0.0000	0.0000
0.2492	0.3322	0.0000	0.0000
0.2503	0.3327	0.0000	0.0000
0.2513	0.3333	0.0000	0.0000
0.2523	0.3339	0.0000	0.0000
0.2533	0.3345	0.0000	0.0000
0.2543	0.3350	0.0000	0.0000
0.2553	0.3356	0.0000	0.0000
0.2563	0.3362	0.0000	0.0000
0.2573	0.3368	0.0000	0.0000
0.2583	0.3373	0.0000	0.0000
0.2593	0.3379	0.0000	0.0000
0.2603	0.3385	0.0000	0.0000
0.2613	0.3391	0.0000	0.0000
0.2623	0.3396	0.0000	0.0000
0.2633	0.3402	0.0000	0.0000
0.2643	0.3408	0.0000	0.0000
0.2653	0.3414	0.0000	0.0000
0.2663	0.3419	0.0000	0.0000
0.2673	0.3425	0.0000	0.0000
0.2683	0.3431	0.0000	0.0000
0.2693	0.3437	0.0000	0.0000
0.2703	0.3442	0.0000	0.0000
0.2713	0.3448	0.0000	0.0000
0.2723	0.3454	0.0000	0.0000
0.2733	0.3460	0.0000	0.0000
0.2743	0.3465	0.0000	0.0000
0.2753	0.3471	0.0000	0.0000
0.2763	0.3477	0.0000	0.0000
0.2773	0.3483	0.0000	0.0000
0.2783	0.3488	0.0000	0.0000
0.2793	0.3494	0.0000	0.0000
0.2803	0.3500	0.0000	0.0000
0.2813	0.3506	0.0000	0.0000
0.2823	0.3512	0.0000	0.0000
0.2833	0.3517	0.0000	0.0000
0.2843	0.3523	0.0000	0.0000
0.2853	0.3529	0.0000	0.0000
0.2863	0.3535	0.0000	0.0000
0.2873	0.3540	0.0000	0.0000
0.2883	0.3546	0.0000	0.0000
0.2893	0.3552	0.0000	0.0000
0.2903	0.3558	0.0000	0.0000
0.2913	0.3564	0.0000	0.0000
0.2923	0.3569	0.0000	0.0000
0.2933	0.3575	0.0000	0.0000
0.2943	0.3581	0.0000	0.0000
0.2953	0.3587	0.0000	0.0000
0.2963	0.3593	0.0000	0.0000
0.2973	0.3599	0.0000	0.0000
0.2983	0.3604	0.0000	0.0000
0.2993	0.3610	0.0000	0.0000
0.3003	0.3616	0.0000	0.0000
0.3013	0.3622	0.0000	0.0000
0.3023	0.3628	0.0000	0.0000
0.3033	0.3634	0.0000	0.0000
0.3043	0.3639	0.0000	0.0000
0.3053	0.3645	0.0000	0.0000
0.3063	0.3651	0.0000	0.0000
0.3073	0.3657	0.0000	0.0000
0.3083	0.3663	0.0000	0.0000
0.3093	0.3669	0.0000	0.0000
0.3103	0.3675	0.0000	0.0000
0.3113	0.3680	0.0000	0.0000
0.3123	0.3686	0.0000	0.0000
0.3133	0.3692	0.0000	0.0000
0.3143	0.3698	0.0000	0.0000
0.3153	0.3704	0.0000	0.0000
0.3163	0.3710	0.0000	0.0000
0.3173	0.3716	0.0000	0.0000
0.3183	0.3722	0.0000	0.0000
0.3193	0.3728	0.0000	0.0000
0.3203	0.3733	0.0000	0.0000
0.3213	0.3739	0.0000	0.0000
0.3223	0.3745	0.0000	0.0000
0.3233	0.3751	0.0000	0.0000
0.3243	0.3757	0.0000	0.0000
0.3253	0.3763	0.0000	0.0000
0.3263	0.3769	0.0000	0.0000
0.3273	0.3775	0.0000	0.0000
0.3283	0.3781	0.0000	0.0000
0.3293	0.3787	0.0000	0.0000
0.3303	0.3793	0.0000	0.0000
0.3313	0.3799	0.0000	0.0000
0.3323	0.3805	0.0000	0.0000
0.3333	0.3811	0.0000	0.0000
0.3343	0.3817	0.0000	0.0000
0.3353	0.3823	0.0000	0.0000
0.3363	0.3829	0.0000	0.0000
0.3373	0.3835	0.0000	0.0000
0.3383	0.3841	0.0000	0.0000
0.3393	0.3847	0.0000	0.0000
0.3403	0.3853	0.0000	0.0000
0.3413	0.3859	0.0000	0.0000
0.3423	0.3865	0.0000	0.0000
0.3433	0.3871	0.0000	0.0000
0.3443	0.3877	0.0000	0.0000
0.3453	0.3883	0.0000	0.0000
0.3463	0.3890	0.0000	0.0000
0.3473	0.3896	0.0000	0.0000
0.3483	0.3902	0.0000	0.0000
0.3493	0.3908	0.0000	0.0000
0.3504	0.3914	0.0000	0.0000
0.3514	0.3920	0.0000	0.0000
0.3524	0.3926	0.0000	0.0000
0.3534	0.3932	0.0000	0.0000
0.3544	0.3939	0.0000	0.0000
0.3554	0.3945	0.0000	0.0000
0.3564	0.3951	0.0000	0.0000
0.3574	0.3957	0.0000	0.0000
0.3584	0.3963	0.0000	0.0000
0.3594	0.3969	0.0000	0.0000
0.3604	0.3976	0.0000	0.0000
0.3614	0.3982	0.0000	0.0000
0.3624	0.3988	0.0000	0.0000
0.3634	0.3994	0.0000	0.0000
0.3644	0.4001	0.0000	0.0000
0.3654	0.4007	0.0000	0.0000
0.3664	0.4013	0.0000	0.0000
0.3674	0.4019	0.0000	0.0000
0.3684	0.4026	0.0000	0.0000
0.3694	0.4032	0.0000	0.0000
0.3704	0.4038	0.0000	0.0000
0.3714	0.4045	0.0000	0.0000
0.3724	0.4051	0.0000	0.0000
0.3734	0.4057	0.0000	0.0000
0.3744	0.4064	0.0000	0.0000
0.3754	0.4070	0.0000	0.0000
0.3764	0.4076	0.0000	0.0000
0.3774	0.4083	0.0000	0.0000
0.3784	0.4089	0.0000	0.0000
0.3794	0.4096	0.0000	0.0000
0.3804	0.4102	0.0000	0.0000
0.3814	0.4108	0.0000	0.0000
0.3824	0.4115	0.0000	0.0000
0.3834	0.4121	0.0000	0.0000
0.3844	0.4128	0.0000	0.0000
0.3854	0.4134	0.0000	0.0000
0.3864	0.4141	0.0000	0.0000
0.3874	0.4147	0.0000	0.0000
0.3884	0.4154	0.0000	0.0000
0.3894	0.4160	0.0000	0.0000
0.3904	0.4167	0.0000	0.0000
0.3914	0.4173	0.0000	0.0000
0.3924	0.4180	0.0000	0.0000
0.3934	0.4187	0.0000	0.0000
0.3944	0.4193	0.0000	0.0000
0.3954	0.4200	0.0000	0.0000
0.3964	0.4206	0.0000	0.0000
0.3974	0.4213	0.0000	0.0000
0.3984	0.4220	0.0000	0.0000
0.3994	0.4226	0.0000	0.0000
0.4004	0.4233	0.0000	0.0000
0.4014	0.4240	0.0000	0.0000
0.4024	0.4246	0.0000	0.0000
0.4034	0.4253	0.0000	0.0000
0.4044	0.4260	0.0000	0.0000
0.4054	0.4267	0.0000	0.0000
0.4064	0.4273	0.0000	0.0000
0.4074	0.4280	0.0000	0.0000
0.4084	0.4287	0.0000	0.0000
0.4094	0.4294	0.0000	0.0000
0.4104	0.4301	0.0000	0.0000
0.4114	0.4308	0.0000	0.0000
0.4124	0.4314	0.0000	0.0000
0.4134	0.4321	0.0000	0.0000
0.4144	0.4328	0.0000	0.0000
0.4154	0.4335	0.0000	0.0000
0.4164	0.4342	0.0000	0.0000
0.4174	0.4349	0.0000	0.0000
0.4184	0.4356	0.0000	0.0000
0.4194	0.4363	0.0000	0.0000
0.4204	0.4370	0.0000	0.0000
0.4214	0.4377	0.0000	0.0000
0.4224	0.4384	0.0000	0.0000
0.4234	0.4391	0.0000	0.0000
0.4244	0.4398	0.0000	0.0000
0.4254	0.4405	0.0000	0.0000
0.4264	0.4412	0.0000	0.0000
0.4274	0.4419	0.0000	0.0000
0.4284	0.4427	0.0000	0.0000
0.4294	0.4434	0.0000	0.0000
0.4304	0.4441	0.0000	0.0000
0.4314	0.4448	0.0000	0.0000
0.4324	0.4455	0.0000	0.0000
0.4334	0.4463	0.0000	0.0000
0.4344	0.4470	0.0000	0.0000
0.4354	0.4477	0.0000	0.0000
0.4364	0.4485	0.0000	0.0000
0.4374	0.4492	0.0000	0.0000
0.4384	0.4499	0.0000	0.0000
0.4394	0.4507	0.0000	0.0000
0.4404	0.4514	0.0000	0.0000
0.4414	0.4521	0.0000	0.0000
0.4424	0.4529	0.0000	0.0000
0.4434	0.4536	0.0000	0.0000
0.4444	0.4544	0.0000	0.0000
0.4454	0.4551	0.0000	0.0000
0.4464	0.4559	0.0000	0.0000
0.4474	0.4566	0.0000	0.0000
0.4484	0.4574	0.0000	0.0000
0.4494	0.4582	0.0000	0.0000
0.4505	0.4589	0.0000	0.0000
0.4515	0.4597	0.0000	0.0000
0.4525	0.4605	0.0000	0.0000
0.4535	0.4612	0.0000	0.0000
0.4545	0.4620	0.0000	0.0000
0.4555	0.4628	0.0000	0.0000
0.4565	0.4635	0.0000	0.0000
0.4575	0.4643	0.0000	0.0000
0.4585	0.4651	0.0000	0.0000
0.4595	0.4659	0.0000	0.0000
0.4605	0.4667	0.0000	0.0000
0.4615	0.4675	0.0000	0.0000
0.4625	0.4683	0.0000	0.0000
0.4635	0.4691	0.0000	0.0000
0.4645	0.4699	0.0000	0.0000
0.4655	0.4707	0.0000	0.0000
0.4665	0.4715	0.0000	0.0000
0.4675	0.4723	0.0000	0.0000
0.4685	0.4731	0.0000	0.0000
0.4695	0.4739	0.0000	0.0000
0.4705	0.4747	0.0000	0.0000
0.4715	0.4755	0.0000	0.0000
0.4725	0.4763	0.0000	0.0000
0.4735	0.4771	0.0000	0.0000
0.4745	0.4780	0.0000	0.0000
0.4755	0.4788	0.0000	0.0000
0.4765	0.4796	0.0000	0.0000
0.4775	0.4805	0.0000	0.0000
0.4785	0.4813	0.0000	0.0000
0.4795	0.4821	0.0000	0.0000
0.4805	0.4830	0.0000	0.0000
0.4815	0.4838	0.0000	0.0000
0.4825	0.4847	0.0000	0.0000
0.4835	0.4855	0.0000	0.0000
0.4845	0.4864	0.0000	0.0000
0.4855	0.4872	0.0000	0.0000
0.4865	0.4881	0.0000	0.0000
0.4875	0.4890	0.0000	0.0000
0.4885	0.4898	0.0000	0.0000
0.4895	0.4907	0.0000	0.0000
0.4905	0.4916	0.0000	0.0000
0.4915	0.4925	0.0000	0.0000
0.4925	0.4934	0.0000	0.0000
0.4935	0.4942	0.0000	0.0000
0.4945	0.4951	0.0000	0.0000
0.4955	0.4960	0.0000	0.0000
0.4965	0.4969	0.0000	0.0000
0.4975	0.4978	0.0000	0.0000
0.4985	0.4987	0.0000	0.0000
0.4995	0.4996	0.0000	0.0000
0.5005	0.5005	0.0000	0.0000
0.5015	0.5014	0.0000	0.0000
0.5025	0.5023	0.0000	0.0000
0.5035	0.5032	0.0000	0.0000
0.5045	0.5041	0.0000	0.0000
0.5055	0.5050	0.0000	0.0000
0.5065	0.5059	0.0000	0.0000
0.5075	0.5068	0.0000	0.0000
0.5085	0.5077	0.0000	0.0000
0.5095	0.5086	0.0000	0.0000
0.5105	0.5094	0.0000	0.0000
0.5115	0.5103	0.0000	0.0000
0.5125	0.5112	0.0000	0.0000
0.5135	0.5121	0.0000	0.0000
0.5145	0.5129	0.0000	0.0000
0.5155	0.5138	0.0000	0.0000
0.5165	0.5146	0.0000	0.0000
0.5175	0.5155	0.0000	0.0000
0.5185	0.5163	0.0000	0.0000
0.5195	0.5172	0.0000	0.0000
0.5205	0.5180	0.0000	0.0000
0.5215	0.5189	0.0000	0.0000
0.5225	0.5197	0.0000	0.0000
0.5235	0.5205	0.0000	0.0000
0.5245	0.5214	0.0000	0.0000
0.5255	0.5222	0.0000	0.0000
0.5265	0.5230	0.0000	0.0000
0.5275	0.5239	0.0000	0.0000
0.5285	0.5247	0.0000	0.0000
0.5295	0.5255	0.0000	0.0000
0.5305	0.5263	0.0000	0.0000
0.5315	0.5271	0.0000	0.0000
0.5325	0.5279	0.0000	0.0000
0.5335	0.5287	0.0000	0.0000
0.5345	0.5295	0.0000	0.0000
0.5355	0.5303	0.0000	0.0000
0.5365	0.5311	0.0000	0.0000
0.5375	0.5319	0.0000	0.0000
0.5385	0.5327	0.0000	0.0000
0.5395	0.5335	0.0000	0.0000
0.5405	0.5343	0.0000	0.0000
0.5415	0.5351	0.0000	0.0000
0.5425	0.5359	0.0000	0.0000
0.5435	0.5367	0.0000	0.0000
0.5445	0.5374	0.0000	0.0000
0.5455	0.5382	0.0000	0.0000
0.5465	0.5390	0.0000	0.0000
0.5475	0.5398	0.0000	0.0000
0.5485	0.5405	0.0000	0.0000
0.5495	0.5413	0.0000	0.0000
0.5506	0.5420	0.0000	0.0000
0.5516	0.5428	0.0000	0.0000
0.5526	0.5436	0.0000	0.0000
0.5536	0.5443	0.0000	0.0000
0.5546	0.5451	0.0000	0.0000
0.5556	0.5458	0.0000	0.0000
0.5566	0.5466	0.0000	0.0000
0.5576	0.5473	0.0000	0.0000
0.5586	0.5481	0.0000	0.0000
0.5596	0.5488	0.0000	0.0000
0.5606	0.5496	0.0000	0.0000
0.5616	0.5503	0.0000	0.0000
0.5626	0.5510	0.0000	0.0000
0.5636	0.5518	0.0000	0.0000
0.5646	0.5525	0.0000	0.0000
0.5656	0.5532	0.0000	0.0000
0.5666	0.5539	0.0000	0.0000
0.5676	0.5547	0.0000	0.0000
0.5686	0.5554	0.0000	0.0000
0.5696	0.5561	0.0000	0.0000
0.5706	0.5568	0.0000	0.0000
0.5716	0.5576	0.0000	0.0000
0.5726	0.5583	0.0000	0.0000
0.5736	0.5590	0.0000	0.0000
0.5746	0.5597	0.0000	0.0000
0.5756	0.5604	0.0000	0.0000
0.5766	0.5611	0.0000	0.0000
0.5776	0.5618	0.0000	0.0000
0.5786	0.5625	0.0000	0.0000
0.5796	0.5632	0.0000	0.0000
0.5806	0.5639	0.0000	0.0000
0.5816	0.5646	0.0000	0.0000
0.5826	0.5653	0.0000	0.0000
0.5836	0.5660	0.0000	0.0000
0.5846	0.5667	0.0000	0.0000
0.5856	0.5674	0.0000	0.0000
0.5866	0.5681	0.0000	0.0000
0.5876	0.5688	0.0000	0.0000
0.5886	0.5695	0.0000	0.0000
0.5896	0.5702	0.0000	0.0000
0.5906	0.5708	0.0000	0.0000
0.5916	0.5715	0.0000	0.0000
0.5926	0.5722	0.0000	0.0000
0.5936	0.5729	0.0000	0.0000
0.5946	0.5736	0.0000	0.0000
0.5956	0.5742	0.0000	0.0000
0.5966	0.5749	0.0000	0.0000
0.5976	0.5756	0.0000	0.0000
0.5986	0.5763	0.0000	0.0000
0.5996	0.5769	0.0000	0.0000
0.6006	0.5776	0.0000	0.0000
0.6016	0.5783	0.0000	0.0000
0.6026	0.5789	0.0000	0.0000
0.6036	0.5796	0.0000	0.0000
0.6046	0.5803	0.0000	0.0000
0.6056	0.5809	0.0000	0.0000
0.6066	0.5816	0.0000	0.0000
0.6076	0.5822	0.0000	0.0000
0.6086	0.5829	0.0000	0.0000
0.6096	0.5836	0.0000	0.0000
0.6106	0.5842	0.0000	0.0000
0.6116	0.5849	0.0000	0.0000
0.6126	0.5855	0.0000	0.0000
0.6136	0.5862	0.0000	0.0000
0.6146	0.5868	0.0000	0.0000
0.6156	0.5875	0.0000	0.0000
0.6166	0.5881	0.0000	0.0000
0.6176	0.5888	0.0000	0.0000
0.6186	0.5894	0.0000	0.0000
0.6196	0.5900	0.0000	0.0000
0.6206	0.5907	0.0000	0.0000
0.6216	0.5913	0.0000	0.0000
0.6226	0.5920	0.0000	0.0000
0.6236	0.5926	0.0000	0.0000
0.6246	0.5932	0.0000	0.0000
0.6256	0.5939	0.0000	0.0000
0.6266	0.5945	0.0000	0.0000
0.6276	0.5951	0.0000	0.0000
0.6286	0.5958	0.0000	0.0000
0.6296	0.5964	0.0000	0.0000
0.6306	0.5970	0.0000	0.0000
0.6316	0.5977	0.0000	0.0000
0.6326	0.5983	0.0000	0.0000
0.6336	0.5989	0.0000	0.0000
0.6346	0.5996	0.0000	0.0000
0.6356	0.6002	0.0000	0.0000
0.6366	0.6008	0.0000	0.0000
0.6376	0.6014	0.0000	0.0000
0.6386	0.6021	0.0000	0.0000
0.6396	0.6027	0.0000	0.0000
0.6406	0.6033	0.0000	0.0000
0.6416	0.6039	0.0000	0.0000
0.6426	0.6045	0.0000	0.0000
0.6436	0.6052	0.0000	0.0000
0.6446	0.6058	0.0000	0.0000
0.6456	0.6064	0.0000	0.0000
0.6466	0.6070	0.0000	0.0000
0.6476	0.6076	0.0000	0.0000
0.6486	0.6082	0.0000	0.0000
0.6496	0.6088	0.0000	0.0000
0.6507	0.6095	0.0000	0.0000
0.6517	0.6101	0.0000	0.0000
0.6527	0.6107	0.0000	0.0000
0.6537	0.6113	0.0000	0.0000
0.6547	0.6119	0.0000	0.0000
0.6557	0.6125	0.0000	0.0000
0.6567	0.6131	0.0000	0.0000
0.6577	0.6137	0.0000	0.0000
0.6587	0.6143	0.0000	0.0000
0.6597	0.6149	0.0000	0.0000
0.6607	0.6155	0.0000	0.0000
0.6617	0.6161	0.0000	0.0000
0.6627	0.6167	0.0000	0.0000
0.6637	0.6173	0.0000	0.0000
0.6647	0.6179	0.0000	0.0000
0.6657	0.6185	0.0000	0.0000
0.6667	0.6191	0.0000	0.0000
0.6677	0.6197	0.0000	0.0000
0.6687	0.6203	0.0000	0.0000
0.6697	0.6209	0.0000	0.0000
0.6707	0.6215	0.0000	0.0000
0.6717	0.6221	0.0000	0.0000
0.6727	0.6227	0.0000	0.0000
0.6737	0.6233	0.0000	0.0000
0.6747	0.6239	0.0000	0.0000
0.6757	0.6245	0.0000	0.0000
0.6767	0.6251	0.0000	0.0000
0.6777	0.6257	0.0000	0.0000
0.6787	0.6263	0.0000	0.0000
0.6797	0.6269	0.0000	0.0000
0.6807	0.6275	0.0000	0.0000
0.6817	0.6281	0.0000	0.0000
0.6827	0.6287	0.0000	0.0000
0.6837	0.6293	0.0000	0.0000
0.6847	0.6298	0.0000	0.0000
0.6857	0.6304	0.0000	0.0000
0.6867	0.6310	0.0000	0.0000
0.6877	0.6316	0.0000	0.0000
0.6887	0.6322	0.0000	0.0000
0.6897	0.6328	0.0000	0.0000
0.6907	0.6334	0.0000	0.0000
0.6917	0.6340	0.0000	0.0000
0.6927	0.6345	0.0000	0.0000
0.6937	0.6351	0.0000	0.0000
0.6947	0.6357	0.0000	0.0000
0.6957	0.6363	0.0000	0.0000
0.6967	0.6369	0.0000	0.0000
0.6977	0.6375	0.0000	0.0000
0.6987	0.6381	0.0000	0.0000
0.6997	0.6386	0.0000	0.0000
0.7007	0.6392	0.0000	0.0000
0.7017	0.6398	0.0000	0.0000
0.7027	0.6404	0.0000	0.0000
0.7037	0.6410	0.0000	0.0000
0.7047	0.6415	0.0000	0.0000
0.7057	0.6421	0.0000	0.0000
0.7067	0.6427	0.0000	0.0000
0.7077	0.6433	0.0000	0.0000
0.7087	0.6439	0.0000	0.0000
0.7097	0.6444	0.0000	0.0000
0.7107	0.6450	0.0000	0.0000
0.7117	0.6456	0.0000	0.0000
0.7127	0.6462	0.0000	0.0000
0.7137	0.6468	0.0000	0.0000
0.7147	0.6473	0.0000	0.0000
0.7157	0.6479	0.0000	0.0000
0.7167	0.6485	0.0000	0.0000
0.7177	0.6491	0.0000	0.0000
0.7187	0.6497	0.0000	0.0000
0.7197	0.6502	0.0000	0.0000
0.7207	0.6508	0.0000	0.0000
0.7217	0.6514	0.0000	0.0000
0.7227	0.6520	0.0000	0.0000
0.7237	0.6525	0.0000	0.0000
0.7247	0.6531	0.0000	0.0000
0.7257	0.6537	0.0000	0.0000
0.7267	0.6543	0.0000	0.0000
0.7277	0.6548	0.0000	0.0000
0.7287	0.6554	0.0000	0.0000
0.7297	0.6560	0.0000	0.0000
0.7307	0.6566	0.0000	0.0000
0.7317	0.6571	0.0000	0.0000
0.7327	0.6577	0.0000	0.0000
0.7337	0.6583	0.0000	0.0000
0.7347	0.6589	0.0000	0.0000
0.7357	0.6594	0.0000	0.0000
0.7367	0.6600	0.0000	0.0000
0.7377	0.6606	0.0000	0.0000
0.7387	0.6612	0.0000	0.0000
0.7397	0.6617	0.0000	0.0000
0.7407	0.6623	0.0000	0.0000
0.7417	0.6629	0.0000	0.0000
0.7427	0.6635	0.0000	0.0000
0.7437	0.6640	0.0000	0.0000
0.7447	0.6646	0.0000	0.0000
0.7457	0.6652	0.0000	0.0000
0.7467	0.6658	0.0000	0.0000
0.7477	0.6663	0.0000	0.0000
0.7487	0.6669	0.0000	0.0000
0.7497	0.6675	0.0000	0.0000
0.7508	0.6681	0.0000	0.0000
0.7518	0.6686	0.0000	0.0000
0.7528	0.6692	0.0000	0.0000
0.7538	0.6698	0.0000	0.0000
0.7548	0.6703	0.0000	0.0000
0.7558	0.6709	0.0000	0.0000
0.7568	0.6715	0.0000	0.0000
0.7578	0.6721	0.0000	0.0000
0.7588	0.6726	0.0000	0.0000
0.7598	0.6732	0.0000	0.0000
0.7608	0.6738	0.0000	0.0000
0.7618	0.6744	0.0000	0.0000
0.7628	0.6749	0.0000	0.0000
0.7638	0.6755	0.0000	0.0000
0.7648	0.6761	0.0000	0.0000
0.7658	0.6767	0.0000	0.0000
0.7668	0.6772	0.0000	0.0000
0.7678	0.6778	0.0000	0.0000
0.7688	0.6784	0.0000	0.0000
0.7698	0.6789	0.0000	0.0000
0.7708	0.6795	0.0000	0.0000
0.7718	0.6801	0.0000	0.0000
0.7728	0.6807	0.0000	0.0000
0.7738	0.6812	0.0000	0.0000
0.7748	0.6818	0.0000	0.0000
0.7758	0.6824	0.0000	0.0000
0.7768	0.6830	0.0000	0.0000
0.7778	0.6835	0.0000	0.0000
0.7788	0.6841	0.0000	0.0000
0.7798	0.6847	0.0000	0.0000
0.7808	0.6853	0.0000	0.0000
0.7818	0.6858	0.0000	0.0000
0.7828	0.6864	0.0000	0.0000
0.7838	0.6870	0.0000	0.0000
0.7848	0.6876	0.0000	0.0000
0.7858	0.6881	0.0000	0.0000
0.7868	0.6887	0.0000	0.0000
0.7878	0.6893	0.0000	0.0000
0.7888	0.6899	0.0000	0.0000
0.7898	0.6905	0.0000	0.0000
0.7908	0.6910	0.0000	0.0000
0.7918	0.6916	0.0000	0.0000
0.7928	0.6922	0.0000	0.0000
0.7938	0.6928	0.0000	0.0000
0.7948	0.6933	0.0000	0.0000
0.7958	0.6939	0.0000	0.0000
0.7968	0.6945	0.0000	0.0000
0.7978	0.6951	0.0000	0.0000
0.7988	0.6956	0.0000	0.0000
0.7998	0.6962	0.0000	0.0000
0.8008	0.6968	0.0000	0.0000
0.8018	0.6974	0.0000	0.0000
0.8028	0.6980	0.0000	0.0000
0.8038	0.6985	0.0000	0.0000
0.8048	0.6991	0.0000	0.0000
0.8058	0.6997	0.0000	0.0000
0.8068	0.7003	0.0000	0.0000
0.8078	0.7009	0.0000	0.0000
0.8088	0.7014	0.0000	0.0000
0.8098	0.7020	0.0000	0.0000
0.8108	0.7026	0.0000	0.0000
0.8118	0.7032	0.0000	0.0000
0.8128	0.7038	0.0000	0.0000
0.8138	0.7044	0.0000	0.0000
0.8148	0.7049	0.0000	0.0000
0.8158	0.7055	0.0000	0.0000
0.8168	0.7061	0.0000	0.0000
0.8178	0.7067	0.0000	0.0000
0.8188	0.7073	0.0000	0.0000
0.8198	0.7079	0.0000	0.0000
0.8208	0.7084	0.0000	0.0000
0.8218	0.7090	0.0000	0.0000
0.8228	0.7096	0.0000	0.0000
0.8238	0.7102	0.0000	0.0000
0.8248	0.7108	0.0000	0.0000
0.8258	0.7114	0.0000	0.0000
0.8268	0.7119	0.0000	0.0000
0.8278	0.7125	0.0000	0.0000
0.8288	0.7131	0.0000	0.0000
0.8298	0.7137	0.0000	0.0000
0.8308	0.7143	0.0000	0.0000
0.8318	0.7149	0.0000	0.0000
0.8328	0.7155	0.0000	0.0000
0.8338	0.7161	0.0000	0.0000
0.8348	0.7166	0.0000	0.0000
0.8358	0.7172	0.0000	0.0000
0.8368	0.7178	0.0000	0.0000
0.8378	0.7184	0.0000	0.0000
0.8388	0.7190	0.0000	0.0000
0.8398	0.7196	0.0000	0.0000
0.8408	0.7202	0.0000	0.0000
0.8418	0.7208	0.0000	0.0000
0.8428	0.7214	0.0000	0.0000
0.8438	0.7220	0.0000	0.0000
0.8448	0.7226	0.0000	0.0000
0.8458	0.7231	0.0000	0.0000
0.8468	0.7237	0.0000	0.0000
0.8478	0.7243	0.0000	0.0000
0.8488	0.7249	0.0000	0.0000
0.8498	0.7255	0.0000	0.0000
0.8509	0.7261	0.0000	0.0000
0.8519	0.7267	0.0000	0.0000
0.8529	0.7273	0.0000	0.0000
0.8539	0.7279	0.0000	0.0000
0.8549	0.7285	0.0000	0.0000
0.8559	0.7291	0.0000	0.0000
0.8569	0.7297	0.0000	0.0000
0.8579	0.7303	0.0000	0.0000
0.8589	0.7309	0.0000	0.0000
0.8599	0.7315	0.0000	0.0000
0.8609	0.7321	0.0000	0.0000
0.8619	0.7327	0.0000	0.0000
0.8629	0.7333	0.0000	0.0000
0.8639	0.7339	0.0000	0.0000
0.8649	0.7345	0.0000	0.0000
0.8659	0.7351	0.0000	0.0000
0.8669	0.7357	0.0000	0.0000
0.8679	0.7363	0.0000	0.0000
0.8689	0.7369	0.0000	0.0000
0.8699	0.7375	0.0000	0.0000
0.8709	0.7381	0.0000	0.0000
0.8719	0.7387	0.0000	0.0000
0.8729	0.7393	0.0000	0.0000
0.8739	0.7399	0.0000	0.0000
0.8749	0.7405	0.0000	0.0000
0.8759	0.7411	0.0000	0.0000
0.8769	0.7417	0.0000	0.0000
0.8779	0.7423	0.0000	0.0000
0.8789	0.7429	0.0000	0.0000
0.8799	0.7436	0.0000	0.0000
0.8809	0.7442	0.0000	0.0000
0.8819	0.7448	0.0000	0.0000
0.8829	0.7454	0.0000	0.0000
0.8839	0.7460	0.0000	0.0000
0.8849	0.7466	0.0000	0.0000
0.8859	0.7472	0.0000	0.0000
0.8869	0.7478	0.0000	0.0000
0.8879	0.7484	0.0000	0.0000
0.8889	0.7490	0.0000	0.0000
0.8899	0.7497	0.0000	0.0000
0.8909	0.7503	0.0000	0.0000
0.8919	0.7509	0.0000	0.0000
0.8929	0.7515	0.0000	0.0000
0.8939	0.7521	0.0000	0.0000
0.8949	0.7527	0.0000	0.0000
0.8959	0.7534	0.0000	0.0000
0.8969	0.7540	0.0000	0.0000
0.8979	0.7546	0.0000	0.0000
0.8989	0.7552	0.0000	0.0000
0.8999	0.7558	0.0000	0.0000
0.9009	0.7564	0.0000	0.0000
0.9019	0.7571	0.0000	0.0000
0.9029	0.7577	0.0000	0.0000
0.9039	0.7583	0.0000	0.0000
0.9049	0.7589	0.0000	0.0000
0.9059	0.7595	0.0000	0.0000
0.9069	0.7602	0.0000	0.0000
0.9079	0.7608	0.0000	0.0000
0.9089	0.7614	0.0000	0.0000
0.9099	0.7620	0.0000	0.0000
0.9109	0.7627	0.0000	0.0000
0.9119	0.7633	0.0000	0.0000
0.9129	0.7639	0.0000	0.0000
0.9139	0.7645	0.0000	0.0000
0.9149	0.7652	0.0000	0.0000
0.9159	0.7658	0.0000	0.0000
0.9169	0.7664	0.0000	0.0000
0.9179	0.7670	0.0000	0.0000
0.9189	0.7677	0.0000	0.0000
0.9199	0.7683	0.0000	0.0000
0.9209	0.7689	0.0000	0.0000
0.9219	0.7696	0.0000	0.0000
0.9229	0.7702	0.0000	0.0000
0.9239	0.7708	0.0000	0.0000
0.9249	0.7715	0.0000	0.0000
0.9259	0.7721	0.0000	0.0000
0.9269	0.7727	0.0000	0.0000
0.9279	0.7734	0.0000	0.0000
0.9289	0.7740	0.0000	0.0000
0.9299	0.7746	0.0000	0.0000
0.9309	0.7753	0.0000	0.0000
0.9319	0.7759	0.0000	0.0000
0.9329	0.7765	0.0000	0.0000
0.9339	0.7772	0.0000	0.0000
0.9349	0.7778	0.0000	0.0000
0.9359	0.7784	0.0000	0.0000
0.9369	0.7791	0.0000	0.0000
0.9379	0.7797	0.0000	0.0000
0.9389	0.7804	0.0000	0.0000
0.9399	0.7810	0.0000	0.0000
0.9409	0.7817	0.0000	0.0000
0.9419	0.7823	0.0000	0.0000
0.9429	0.7829	0.0000	0.0000
0.9439	0.7836	0.0000	0.0000
0.9449	0.7842	0.0000	0.0000
0.9459	0.7849	0.0000	0.0000
0.9469	0.7855	0.0000	0.0000
0.9479	0.7862	0.0000	0.0000
0.9489	0.7868	0.0000	0.0000
0.9499	0.7875	0.0000	0.0000
0.9510	0.7881	0.0000	0.0000
0.9520	0.7888	0.0000	0.0000
0.9530	0.7894	0.0000	0.0000
0.9540	0.7901	0.0000	0.0000
0.9550	0.7907	0.0000	0.0000
0.9560	0.7914	0.0000	0.0000
0.9570	0.7920	0.0000	0.0000
0.9580	0.7927	0.0000	0.0000
0.9590	0.7933	0.0000	0.0000
0.9600	0.7940	0.0000	0.0000
0.9610	0.7946	0.0000	0.0000
0.9620	0.7953	0.0000	0.0000
0.9630	0.7959	0.0000	0.0000
0.9640	0.7966	0.0000	0.0000
0.9650	0.7972	0.0000	0.0000
0.9660	0.7979	0.0000	0.0000
0.9670	0.7986	0.0000	0.0000
0.9680	0.7992	0.0000	0.0000
0.9690	0.7999	0.0000	0.0000
0.9700	0.8005	0.0000	0.0000
0.9710	0.8012	0.0000	0.0000
0.9720	0.8019	0.0000	0.0000
0.9730	0.8025	0.0000	0.0000
0.9740	0.8032	0.0000	0.0000
0.9750	0.8038	0.0000	0.0000
0.9760	0.8045	0.0000	0.0000
0.9770	0.8052	0.0000	0.0000
0.9780	0.8058	0.0000	0.0000
0.9790	0.8065	0.0000	0.0000
0.9800	0.8072	0.0000	0.0000
0.9810	0.8078	0.0000	0.0000
0.9820	0.8085	0.0000	0.0000
0.9830	0.8092	0.0000	0.0000
0.9840	0.8098	0.0000	0.0000
0.9850	0.8105	0.0000	0.0000
0.9860	0.8112	0.0000	0.0000
0.9870	0.8119	0.0000	0.0000
0.9880	0.8125	0.0000	0.0000
0.9890	0.8132	0.0000	0.0000
0.9900	0.8139	0.0000	0.0000
0.9910	0.8145	0.0000	0.0000
0.9920	0.8152	0.0000	0.0000
0.9930	0.8159	0.0000	0.0000
0.9940	0.8166	0.0000	0.0000
0.9950	0.8172	0.0000	0.0000
0.9960	0.8179	0.0000	0.0000
0.9970	0.8186	0.0000	0.0000
0.9980	0.8193	0.0000	0.0000
0.9990	0.8200	0.0000	0.0000
1.0000	0.8206	0.0000	0.0000
0.5015
