0.0000	0.1390	0.0000	0.0000
0.0010	0.1399	0.0000	0.0000
0.0020	0.1407	0.0000	0.0000
0.0030	0.1415	0.0000	0.0000
0.0040	0.1424	0.0000	0.0000
0.0050	0.1432	0.0000	0.0000
0.0060	0.1441	0.0000	0.0000
0.0070	0.1449	0.0000	0.0000
0.0080	0.1457	0.0000	0.0000
0.0090	0.1466	0.0000	0.0000
0.0100	0.1474	0.0000	0.0000
0.0110	0.1482	0.0000	0.0000
0.0120	0.1491	0.0000	0.0000
0.0130	0.1499	0.0000	0.0000
0.0140	0.1508	0.0000	0.0000
0.0150	0.1516	0.0000	0.0000
0.0160	0.1524	0.0000	0.0000
0.0170	0.1533	0.0000	0.0000
0.0180	0.1541	0.0000	0.0000
0.0190	0.1549	0.0000	0.0000
0.0200	0.1558	0.0000	0.0000
0.0210	0.1566	0.0000	0.0000
0.0220	0.1574	0.0000	0.0000
0.0230	0.1583	0.0000	0.0000
0.0240	0.1591	0.0000	0.0000
0.0250	0.1599	0.0000	0.0000
0.0260	0.1608	0.0000	0.0000
0.0270	0.1616	0.0000	0.0000
0.0280	0.1624	0.0000	0.0000
0.0290	0.1633	0.0000	0.0000
0.0300	0.1641	0.0000	0.0000
0.0310	0.1649	0.0000	0.0000
0.0320	0.1658	0.0000	0.0000
0.0330	0.1666	0.0000	0.0000
0.0340	0.1674	0.0000	0.0000
0.0350	0.1682	0.0000	0.0000
0.0360	0.1691	0.0000	0.0000
0.0370	0.1699	0.0000	0.0000
0.0380	0.1707	0.0000	0.0000
0.0390	0.1716	0.0000	0.0000
0.0400	0.1724	0.0000	0.0000
0.0410	0.1732	0.0000	0.0000
0.0420	0.1740	0.0000	0.0000
0.0430	0.1749	0.0000	0.0000
0.0440	0.1757	0.0000	0.0000
0.0450	0.1765	0.0000	0.0000
0.0460	0.1773	0.0000	0.0000
0.0470	0.1782	0.0000	0.0000
0.0480	0.1790	0.0000	0.0000
0.0490	0.1798	0.0000	0.0000
0.0501	0.1806	0.0000	0.0000
0.0511	0.1815	0.0000	0.0000
0.0521	0.1823	0.0000	0.0000
0.0531	0.1831	0.0000	0.0000
0.0541	0.1839	0.0000	0.0000
0.0551	0.1848	0.0000	0.0000
0.0561	0.1856	0.0000	0.0000
0.0571	0.1864	0.0000	0.0000
0.0581	0.1872	0.0000	0.0000
0.0591	0.1881	0.0000	0.0000
0.0601	0.1889	0.0000	0.0000
0.0611	0.1897	0.0000	0.0000
0.0621	0.1905	0.0000	0.0000
0.0631	0.1913	0.0000	0.0000
0.0641	0.1922	0.0000	0.0000
0.0651	0.1930	0.0000	0.0000
0.0661	0.1938	0.0000	0.0000
0.0671	0.1946	0.0000	0.0000
0.0681	0.1954	0.0000	0.0000
0.0691	0.1962	0.0000	0.0000
0.0701	0.1971	0.0000	0.0000
0.0711	0.1979	0.0000	0.0000
0.0721	0.1987	0.0000	0.0000
0.0731	0.1995	0.0000	0.0000
0.0741	0.2003	0.0000	0.0000
0.0751	0.2011	0.0000	0.0000
0.0761	0.2020	0.0000	0.0000
0.0771	0.2028	0.0000	0.0000
0.0781	0.2036	0.0000	0.0000
0.0791	0.2044	0.0000	0.0000
0.0801	0.2052	0.0000	0.0000
0.0811	0.2060	0.0000	0.0000
0.0821	0.2069	0.0000	0.0000
0.0831	0.2077	0.0000	0.0000
0.0841	0.2085	0.0000	0.0000
0.0851	0.2093	0.0000	0.0000
0.0861	0.2101	0.0000	0.0000
0.0871	0.2109	0.0000	0.0000
0.0881	0.2117	0.0000	0.0000
0.0891	0.2125	0.0000	0.0000
0.0901	0.2134	0.0000	0.0000
0.0911	0.2142	0.0000	0.0000
0.0921	0.2150	0.0000	0.0000
0.0931	0.2158	0.0000	0.0000
0.0941	0.2166	0.0000	0.0000
0.0951	0.2174	0.0000	0.0000
0.0961	0.2182	0.0000	0.0000
0.0971	0.2190	0.0000	0.0000
0.0981	0.2198	0.0000	0.0000
0.0991	0.2206	0.0000	0.0000
0.1001	0.2214	0.0000	0.0000
0.1011	0.2222	0.0000	0.0000
0.1021	0.2231	0.0000	0.0000
0.1031	0.2239	0.0000	0.0000
0.1041	0.2247	0.0000	0.0000
0.1051	0.2255	0.0000	0.0000
0.1061	0.2263	0.0000	0.0000
0.1071	0.2271	0.0000	0.0000
0.1081	0.2279	0.0000	0.0000
0.1091	0.2287	0.0000	0.0000
0.1101	0.2295	0.0000	0.0000
0.1111	0.2303	0.0000	0.0000
0.1121	0.2311	0.0000	0.0000
0.1131	0.2319	0.0000	0.0000
0.1141	0.2327	0.0000	0.0000
0.1151	0.2335	0.0000	0.0000
0.1161	0.2343	0.0000	0.0000
0.1171	0.2351	0.0000	0.0000
0.1181	0.2359	0.0000	0.0000
0.1191	0.2367	0.0000	0.0000
0.1201	0.2375	0.0000	0.0000
0.1211	0.2383	0.0000	0.0000
0.1221	0.2391	0.0000	0.0000
0.1231	0.2399	0.0000	0.0000
0.1241	0.2407	0.0000	0.0000
0.1251	0.2415	0.0000	0.0000
0.1261	0.2423	0.0000	0.0000
0.1271	0.2431	0.0000	0.0000
0.1281	0.2439	0.0000	0.0000
0.1291	0.2447	0.0000	0.0000
0.1301	0.2455	0.0000	0.0000
0.1311	0.2463	0.0000	0.0000
0.1321	0.2471	0.0000	0.0000
0.1331	0.2479	0.0000	0.0000
0.1341	0.2487	0.0000	0.0000
0.1351	0.2495	0.0000	0.0000
0.1361	0.2503	0.0000	0.0000
0.1371	0.2511	0.0000	0.0000
0.1381	0.2519	0.0000	0.0000
0.1391	0.2527	0.0000	0.0000
0.1401	0.2535	0.0000	0.0000
0.1411	0.2543	0.0000	0.0000
0.1421	0.2551	0.0000	0.0000
0.1431	0.2559	0.0000	0.0000
0.1441	0.2567	0.0000	0.0000
0.1451	0.2575	0.0000	0.0000
0.1461	0.2582	0.0000	0.0000
0.1471	0.2590	0.0000	0.0000
0.1481	0.2598	0.0000	0.0000
0.1491	0.2606	0.0000	0.0000
0.1502	0.2614	0.0000	0.0000
0.1512	0.2622	0.0000	0.0000
0.1522	0.2630	0.0000	0.0000
0.1532	0.2638	0.0000	0.0000
0.1542	0.2646	0.0000	0.0000
0.1552	0.2654	0.0000	0.0000
0.1562	0.2662	0.0000	0.0000
0.1572	0.2669	0.0000	0.0000
0.1582	0.2677	0.0000	0.0000
0.1592	0.2685	0.0000	0.0000
0.1602	0.2693	0.0000	0.0000
0.1612	0.2701	0.0000	0.0000
0.1622	0.2709	0.0000	0.0000
0.1632	0.2717	0.0000	0.0000
0.1642	0.2725	0.0000	0.0000
0.1652	0.2733	0.0000	0.0000
0.1662	0.2740	0.0000	0.0000
0.1672	0.2748	0.0000	0.0000
0.1682	0.2756	0.0000	0.0000
0.1692	0.2764	0.0000	0.0000
0.1702	0.2772	0.0000	0.0000
0.1712	0.2780	0.0000	0.0000
0.1722	0.2788	0.0000	0.0000
0.1732	0.2795	0.0000	0.0000
0.1742	0.2803	0.0000	0.0000
0.1752	0.2811	0.0000	0.0000
0.1762	0.2819	0.0000	0.0000
0.1772	0.2827	0.0000	0.0000
0.1782	0.2835	0.0000	0.0000
0.1792	0.2842	0.0000	0.0000
0.1802	0.2850	0.0000	0.0000
0.1812	0.2858	0.0000	0.0000
0.1822	0.2866	0.0000	0.0000
0.1832	0.2874	0.0000	0.0000
0.1842	0.2882	0.0000	0.0000
0.1852	0.2889	0.0000	0.0000
0.1862	0.2897	0.0000	0.0000
0.1872	0.2905	0.0000	0.0000
0.1882	0.2913	0.0000	0.0000
0.1892	0.2921	0.0000	0.0000
0.1902	0.2928	0.0000	0.0000
0.1912	0.2936	0.0000	0.0000
0.1922	0.2944	0.0000	0.0000
0.1932	0.2952	0.0000	0.0000
0.1942	0.2960	0.0000	0.0000
0.1952	0.2967	0.0000	0.0000
0.1962	0.2975	0.0000	0.0000
0.1972	0.2983	0.0000	0.0000
0.1982	0.2991	0.0000	0.0000
0.1992	0.2999	0.0000	0.0000
0.2002	0.3006	0.0000	0.0000
0.2012	0.3014	0.0000	0.0000
0.2022	0.3022	0.0000	0.0000
0.2032	0.3030	0.0000	0.0000
0.2042	0.3037	0.0000	0.0000
0.2052	0.3045	0.0000	0.0000
0.2062	0.3053	0.0000	0.0000
0.2072	0.3061	0.0000	0.0000
0.2082	0.3068	0.0000	0.0000
0.2092	0.3076	0.0000	0.0000
0.2102	0.3084	0.0000	0.0000
0.2112	0.3092	0.0000	0.0000
0.2122	0.3099	0.0000	0.0000
0.2132	0.3107	0.0000	0.0000
0.2142	0.3115	0.0000	0.0000
0.2152	0.3123	0.0000	0.0000
0.2162	0.3130	0.0000	0.0000
0.2172	0.3138	0.0000	0.0000
0.2182	0.3146	0.0000	0.0000
0.2192	0.3154	0.0000	0.0000
0.2202	0.3161	0.0000	0.0000
0.2212	0.3169	0.0000	0.0000
0.2222	0.3177	0.0000	0.0000
0.2232	0.3185	0.0000	0.0000
0.2242	0.3192	0.0000	0.0000
0.2252	0.3200	0.0000	0.0000
0.2262	0.3208	0.0000	0.0000
0.2272	0.3215	0.0000	0.0000
0.2282	0.3223	0.0000	0.0000
0.2292	0.3231	0.0000	0.0000
0.2302	0.3239	0.0000	0.0000
0.2312	0.3246	0.0000	0.0000
0.2322	0.3254	0.0000	0.0000
0.2332	0.3262	0.0000	0.0000
0.2342	0.3269	0.0000	0.0000
0.2352	0.3277	0.0000	0.0000
0.2362	0.3285	0.0000	0.0000
0.2372	0.3292	0.0000	0.0000
0.2382	0.3300	0.0000	0.0000
0.2392	0.3308	0.0000	0.0000
0.2402	0.3315	0.0000	0.0000
0.2412	0.3323	0.0000	0.0000
0.2422	0.3331	0.0000	0.0000
0.2432	0.3339	0.0000	0.0000
0.2442	0.3346	0.0000	0.0000
0.2452	0.3354	0.0000	0.0000
0.2462	0.3362	0.0000	0.0000
0.2472	0.3369	0.0000	0.0000
0.2482	0.3377	0.0000	0.0000
0.2492	0.3385	0.0000	0.0000
0.2503	0.3392	0.0000	0.0000
0.2513	0.3400	0.0000	0.0000
0.2523	0.3408	0.0000	0.0000
0.2533	0.3415	0.0000	0.0000
0.2543	0.3423	0.0000	0.0000
0.2553	0.3431	0.0000	0.0000
0.2563	0.3438	0.0000	0.0000
0.2573	0.3446	0.0000	0.0000
0.2583	0.3453	0.0000	0.0000
0.2593	0.3461	0.0000	0.0000
0.2603	0.3469	0.0000	0.0000
0.2613	0.3476	0.0000	0.0000
0.2623	0.3484	0.0000	0.0000
0.2633	0.3492	0.0000	0.0000
0.2643	0.3499	0.0000	0.0000
0.2653	0.3507	0.0000	0.0000
0.2663	0.3515	0.0000	0.0000
0.2673	0.3522	0.0000	0.0000
0.2683	0.3530	0.0000	0.0000
0.2693	0.3538	0.0000	0.0000
0.2703	0.3545	0.0000	0.0000
0.2713	0.3553	0.0000	0.0000
0.2723	0.3560	0.0000	0.0000
0.2733	0.3568	0.0000	0.0000
0.2743	0.3576	0.0000	0.0000
0.2753	0.3583	0.0000	0.0000
0.2763	0.3591	0.0000	0.0000
0.2773	0.3599	0.0000	0.0000
0.2783	0.3606	0.0000	0.0000
0.2793	0.3614	0.0000	0.0000
0.2803	0.3621	0.0000	0.0000
0.2813	0.3629	0.0000	0.0000
0.2823	0.3637	0.0000	0.0000
0.2833	0.3644	0.0000	0.0000
0.2843	0.3652	0.0000	0.0000
0.2853	0.3660	0.0000	0.0000
0.2863	0.3667	0.0000	0.0000
0.2873	0.3675	0.0000	0.0000
0.2883	0.3682	0.0000	0.0000
0.2893	0.3690	0.0000	0.0000
0.2903	0.3698	0.0000	0.0000
0.2913	0.3705	0.0000	0.0000
0.2923	0.3713	0.0000	0.0000
0.2933	0.3720	0.0000	0.0000
0.2943	0.3728	0.0000	0.0000
0.2953	0.3736	0.0000	0.0000
0.2963	0.3743	0.0000	0.0000
0.2973	0.3751	0.0000	0.0000
0.2983	0.3759	0.0000	0.0000
0.2993	0.3766	0.0000	0.0000
0.3003	0.3774	0.0000	0.0000
0.3013	0.3781	0.0000	0.0000
0.3023	0.3789	0.0000	0.0000
0.3033	0.3797	0.0000	0.0000
0.3043	0.3804	0.0000	0.0000
0.3053	0.3812	0.0000	0.0000
0.3063	0.3819	0.0000	0.0000
0.3073	0.3827	0.0000	0.0000
0.3083	0.3835	0.0000	0.0000
0.3093	0.3842	0.0000	0.0000
0.3103	0.3850	0.0000	0.0000
0.3113	0.3857	0.0000	0.0000
0.3123	0.3865	0.0000	0.0000
0.3133	0.3873	0.0000	0.0000
0.3143	0.3880	0.0000	0.0000
0.3153	0.3888	0.0000	0.0000
0.3163	0.3895	0.0000	0.0000
0.3173	0.3903	0.0000	0.0000
0.3183	0.3911	0.0000	0.0000
0.3193	0.3918	0.0000	0.0000
0.3203	0.3926	0.0000	0.0000
0.3213	0.3933	0.0000	0.0000
0.3223	0.3941	0.0000	0.0000
0.3233	0.3949	0.0000	0.0000
0.3243	0.3956	0.0000	0.0000
0.3253	0.3964	0.0000	0.0000
0.3263	0.3971	0.0000	0.0000
0.3273	0.3979	0.0000	0.0000
0.3283	0.3987	0.0000	0.0000
0.3293	0.3994	0.0000	0.0000
0.3303	0.4002	0.0000	0.0000
0.3313	0.4009	0.0000	0.0000
0.3323	0.4017	0.0000	0.0000
0.3333	0.4025	0.0000	0.0000
0.3343	0.4032	0.0000	0.0000
0.3353	0.4040	0.0000	0.0000
0.3363	0.4047	0.0000	0.0000
0.3373	0.4055	0.0000	0.0000
0.3383	0.4063	0.0000	0.0000
0.3393	0.4070	0.0000	0.0000
0.3403	0.4078	0.0000	0.0000
0.3413	0.4085	0.0000	0.0000
0.3423	0.4093	0.0000	0.0000
0.3433	0.4101	0.0000	0.0000
0.3443	0.4108	0.0000	0.0000
0.3453	0.4116	0.0000	0.0000
0.3463	0.4123	0.0000	0.0000
0.3473	0.4131	0.0000	0.0000
0.3483	0.4139	0.0000	0.0000
0.3493	0.4146	0.0000	0.0000
0.3504	0.4154	0.0000	0.0000
0.3514	0.4161	0.0000	0.0000
0.3524	0.4169	0.0000	0.0000
0.3534	0.4177	0.0000	0.0000
0.3544	0.4184	0.0000	0.0000
0.3554	0.4192	0.0000	0.0000
0.3564	0.4200	0.0000	0.0000
0.3574	0.4207	0.0000	0.0000
0.3584	0.4215	0.0000	0.0000
0.3594	0.4222	0.0000	0.0000
0.3604	0.4230	0.0000	0.0000
0.3614	0.4238	0.0000	0.0000
0.3624	0.4245	0.0000	0.0000
0.3634	0.4253	0.0000	0.0000
0.3644	0.4261	0.0000	0.0000
0.3654	0.4268	0.0000	0.0000
0.3664	0.4276	0.0000	0.0000
0.3674	0.4283	0.0000	0.0000
0.3684	0.4291	0.0000	0.0000
0.3694	0.4299	0.0000	0.0000
0.3704	0.4306	0.0000	0.0000
0.3714	0.4314	0.0000	0.0000
0.3724	0.4322	0.0000	0.0000
0.3734	0.4329	0.0000	0.0000
0.3744	0.4337	0.0000	0.0000
0.3754	0.4345	0.0000	0.0000
0.3764	0.4352	0.0000	0.0000
0.3774	0.4360	0.0000	0.0000
0.3784	0.4368	0.0000	0.0000
0.3794	0.4375	0.0000	0.0000
0.3804	0.4383	0.0000	0.0000
0.3814	0.4391	0.0000	0.0000
0.3824	0.4398	0.0000	0.0000
0.3834	0.4406	0.0000	0.0000
0.3844	0.4414	0.0000	0.0000
0.3854	0.4421	0.0000	0.0000
0.3864	0.4429	0.0000	0.0000
0.3874	0.4437	0.0000	0.0000
0.3884	0.4444	0.0000	0.0000
0.3894	0.4452	0.0000	0.0000
0.3904	0.4460	0.0000	0.0000
0.3914	0.4468	0.0000	0.0000
0.3924	0.4475	0.0000	0.0000
0.3934	0.4483	0.0000	0.0000
0.3944	0.4491	0.0000	0.0000
0.3954	0.4498	0.0000	0.0000
0.3964	0.4506	0.0000	0.0000
0.3974	0.4514	0.0000	0.0000
0.3984	0.4522	0.0000	0.0000
0.3994	0.4529	0.0000	0.0000
0.4004	0.4537	0.0000	0.0000
0.4014	0.4545	0.0000	0.0000
0.4024	0.4552	0.0000	0.0000
0.4034	0.4560	0.0000	0.0000
0.4044	0.4568	0.0000	0.0000
0.4054	0.4576	0.0000	0.0000
0.4064	0.4583	0.0000	0.0000
0.4074	0.4591	0.0000	0.0000
0.4084	0.4599	0.0000	0.0000
0.4094	0.4607	0.0000	0.0000
0.4104	0.4614	0.0000	0.0000
0.4114	0.4622	0.0000	0.0000
0.4124	0.4630	0.0000	0.0000
0.4134	0.4638	0.0000	0.0000
0.4144	0.4646	0.0000	0.0000
0.4154	0.4653	0.0000	0.0000
0.4164	0.4661	0.0000	0.0000
0.4174	0.4669	0.0000	0.0000
0.4184	0.4677	0.0000	0.0000
0.4194	0.4685	0.0000	0.0000
0.4204	0.4692	0.0000	0.0000
0.4214	0.4700	0.0000	0.0000
0.4224	0.4708	0.0000	0.0000
0.4234	0.4716	0.0000	0.0000
0.4244	0.4724	0.0000	0.0000
0.4254	0.4732	0.0000	0.0000
0.4264	0.4739	0.0000	0.0000
0.4274	0.4747	0.0000	0.0000
0.4284	0.4755	0.0000	0.0000
0.4294	0.4763	0.0000	0.0000
0.4304	0.4771	0.0000	0.0000
0.4314	0.4779	0.0000	0.0000
0.4324	0.4787	0.0000	0.0000
0.4334	0.4795	0.0000	0.0000
0.4344	0.4802	0.0000	0.0000
0.4354	0.4810	0.0000	0.0000
0.4364	0.4818	0.0000	0.0000
0.4374	0.4826	0.0000	0.0000
0.4384	0.4834	0.0000	0.0000
0.4394	0.4842	0.0000	0.0000
0.4404	0.4850	0.0000	0.0000
0.4414	0.4858	0.0000	0.0000
0.4424	0.4866	0.0000	0.0000
0.4434	0.4874	0.0000	0.0000
0.4444	0.4882	0.0000	0.0000
0.4454	0.4890	0.0000	0.0000
0.4464	0.4898	0.0000	0.0000
0.4474	0.4906	0.0000	0.0000
0.4484	0.4914	0.0000	0.0000
0.4494	0.4922	0.0000	0.0000
0.4505	0.4930	0.0000	0.0000
0.4515	0.4938	0.0000	0.0000
0.4525	0.4946	0.0000	0.0000
0.4535	0.4954	0.0000	0.0000
0.4545	0.4962	0.0000	0.0000
0.4555	0.4970	0.0000	0.0000
0.4565	0.4978	0.0000	0.0000
0.4575	0.4986	0.0000	0.0000
0.4585	0.4994	0.0000	0.0000
0.4595	0.5002	0.0000	0.0000
0.4605	0.5010	0.0000	0.0000
0.4615	0.5018	0.0000	0.0000
0.4625	0.5026	0.0000	0.0000
0.4635	0.5034	0.0000	0.0000
0.4645	0.5043	0.0000	0.0000
0.4655	0.5051	0.0000	0.0000
0.4665	0.5059	0.0000	0.0000
0.4675	0.5067	0.0000	0.0000
0.4685	0.5075	0.0000	0.0000
0.4695	0.5083	0.0000	0.0000
0.4705	0.5091	0.0000	0.0000
0.4715	0.5100	0.0000	0.0000
0.4725	0.5108	0.0000	0.0000
0.4735	0.5116	0.0000	0.0000
0.4745	0.5124	0.0000	0.0000
0.4755	0.5132	0.0000	0.0000
0.4765	0.5141	0.0000	0.0000
0.4775	0.5149	0.0000	0.0000
0.4785	0.5157	0.0000	0.0000
0.4795	0.5165	0.0000	0.0000
0.4805	0.5174	0.0000	0.0000
0.4815	0.5182	0.0000	0.0000
0.4825	0.5190	0.0000	0.0000
0.4835	0.5199	0.0000	0.0000
0.4845	0.5207	0.0000	0.0000
0.4855	0.5215	0.0000	0.0000
0.4865	0.5224	0.0000	0.0000
0.4875	0.5232	0.0000	0.0000
0.4885	0.5240	0.0000	0.0000
0.4895	0.5249	0.0000	0.0000
0.4905	0.5257	0.0000	0.0000
0.4915	0.5265	0.0000	0.0000
0.4925	0.5274	0.0000	0.0000
0.4935	0.5282	0.0000	0.0000
0.4945	0.5291	0.0000	0.0000
0.4955	0.5299	0.0000	0.0000
0.4965	0.5308	0.0000	0.0000
0.4975	0.5316	0.0000	0.0000
0.4985	0.5325	0.0000	0.0000
0.4995	0.5333	0.0000	0.0000
0.5005	0.5345	0.0000	0.0000
0.5015	0.5360	0.0000	0.0000
0.5025	0.5375	0.0000	0.0000
0.5035	0.5390	0.0000	0.0000
0.5045	0.5405	0.0000	0.0000
0.5055	0.5420	0.0000	0.0000
0.5065	0.5434	0.0000	0.0000
0.5075	0.5449	0.0000	0.0000
0.5085	0.5464	0.0000	0.0000
0.5095	0.5478	0.0000	0.0000
0.5105	0.5493	0.0000	0.0000
0.5115	0.5507	0.0000	0.0000
0.5125	0.5521	0.0000	0.0000
0.5135	0.5535	0.0000	0.0000
0.5145	0.5549	0.0000	0.0000
0.5155	0.5563	0.0000	0.0000
0.5165	0.5577	0.0000	0.0000
0.5175	0.5591	0.0000	0.0000
0.5185	0.5605	0.0000	0.0000
0.5195	0.5619	0.0000	0.0000
0.5205	0.5632	0.0000	0.0000
0.5215	0.5646	0.0000	0.0000
0.5225	0.5660	0.0000	0.0000
0.5235	0.5673	0.0000	0.0000
0.5245	0.5686	0.0000	0.0000
0.5255	0.5700	0.0000	0.0000
0.5265	0.5713	0.0000	0.0000
0.5275	0.5726	0.0000	0.0000
0.5285	0.5739	0.0000	0.0000
0.5295	0.5752	0.0000	0.0000
0.5305	0.5765	0.0000	0.0000
0.5315	0.5778	0.0000	0.0000
0.5325	0.5791	0.0000	0.0000
0.5335	0.5804	0.0000	0.0000
0.5345	0.5817	0.0000	0.0000
0.5355	0.5829	0.0000	0.0000
0.5365	0.5842	0.0000	0.0000
0.5375	0.5854	0.0000	0.0000
0.5385	0.5867	0.0000	0.0000
0.5395	0.5879	0.0000	0.0000
0.5405	0.5891	0.0000	0.0000
0.5415	0.5904	0.0000	0.0000
0.5425	0.5916	0.0000	0.0000
0.5435	0.5928	0.0000	0.0000
0.5445	0.5940	0.0000	0.0000
0.5455	0.5952	0.0000	0.0000
0.5465	0.5964	0.0000	0.0000
0.5475	0.5976	0.0000	0.0000
0.5485	0.5988	0.0000	0.0000
0.5495	0.6000	0.0000	0.0000
0.5506	0.6011	0.0000	0.0000
0.5516	0.6023	0.0000	0.0000
0.5526	0.6035	0.0000	0.0000
0.5536	0.6046	0.0000	0.0000
0.5546	0.6058	0.0000	0.0000
0.5556	0.6069	0.0000	0.0000
0.5566	0.6080	0.0000	0.0000
0.5576	0.6092	0.0000	0.0000
0.5586	0.6103	0.0000	0.0000
0.5596	0.6114	0.0000	0.0000
0.5606	0.6125	0.0000	0.0000
0.5616	0.6136	0.0000	0.0000
0.5626	0.6147	0.0000	0.0000
0.5636	0.6158	0.0000	0.0000
0.5646	0.6169	0.0000	0.0000
0.5656	0.6180	0.0000	0.0000
0.5666	0.6191	0.0000	0.0000
0.5676	0.6202	0.0000	0.0000
0.5686	0.6213	0.0000	0.0000
0.5696	0.6223	0.0000	0.0000
0.5706	0.6234	0.0000	0.0000
0.5716	0.6244	0.0000	0.0000
0.5726	0.6255	0.0000	0.0000
0.5736	0.6265	0.0000	0.0000
0.5746	0.6276	0.0000	0.0000
0.5756	0.6286	0.0000	0.0000
0.5766	0.6296	0.0000	0.0000
0.5776	0.6307	0.0000	0.0000
0.5786	0.6317	0.0000	0.0000
0.5796	0.6327	0.0000	0.0000
0.5806	0.6337	0.0000	0.0000
0.5816	0.6347	0.0000	0.0000
0.5826	0.6357	0.0000	0.0000
0.5836	0.6367	0.0000	0.0000
0.5846	0.6377	0.0000	0.0000
0.5856	0.6387	0.0000	0.0000
0.5866	0.6397	0.0000	0.0000
0.5876	0.6406	0.0000	0.0000
0.5886	0.6416	0.0000	0.0000
0.5896	0.6426	0.0000	0.0000
0.5906	0.6436	0.0000	0.0000
0.5916	0.6445	0.0000	0.0000
0.5926	0.6455	0.0000	0.0000
0.5936	0.6464	0.0000	0.0000
0.5946	0.6474	0.0000	0.0000
0.5956	0.6483	0.0000	0.0000
0.5966	0.6492	0.0000	0.0000
0.5976	0.6502	0.0000	0.0000
0.5986	0.6511	0.0000	0.0000
0.5996	0.6520	0.0000	0.0000
0.6006	0.6529	0.0000	0.0000
0.6016	0.6539	0.0000	0.0000
0.6026	0.6548	0.0000	0.0000
0.6036	0.6557	0.0000	0.0000
0.6046	0.6566	0.0000	0.0000
0.6056	0.6575	0.0000	0.0000
0.6066	0.6584	0.0000	0.0000
0.6076	0.6593	0.0000	0.0000
0.6086	0.6601	0.0000	0.0000
0.6096	0.6610	0.0000	0.0000
0.6106	0.6619	0.0000	0.0000
0.6116	0.6628	0.0000	0.0000
0.6126	0.6636	0.0000	0.0000
0.6136	0.6645	0.0000	0.0000
0.6146	0.6654	0.0000	0.0000
0.6156	0.6662	0.0000	0.0000
0.6166	0.6671	0.0000	0.0000
0.6176	0.6679	0.0000	0.0000
0.6186	0.6688	0.0000	0.0000
0.6196	0.6696	0.0000	0.0000
0.6206	0.6705	0.0000	0.0000
0.6216	0.6713	0.0000	0.0000
0.6226	0.6721	0.0000	0.0000
0.6236	0.6730	0.0000	0.0000
0.6246	0.6738	0.0000	0.0000
0.6256	0.6746	0.0000	0.0000
0.6266	0.6754	0.0000	0.0000
0.6276	0.6762	0.0000	0.0000
0.6286	0.6770	0.0000	0.0000
0.6296	0.6778	0.0000	0.0000
0.6306	0.6787	0.0000	0.0000
0.6316	0.6795	0.0000	0.0000
0.6326	0.6802	0.0000	0.0000
0.6336	0.6810	0.0000	0.0000
0.6346	0.6818	0.0000	0.0000
0.6356	0.6826	0.0000	0.0000
0.6366	0.6834	0.0000	0.0000
0.6376	0.6842	0.0000	0.0000
0.6386	0.6849	0.0000	0.0000
0.6396	0.6857	0.0000	0.0000
0.6406	0.6865	0.0000	0.0000
0.6416	0.6872	0.0000	0.0000
0.6426	0.6880	0.0000	0.0000
0.6436	0.6888	0.0000	0.0000
0.6446	0.6895	0.0000	0.0000
0.6456	0.6903	0.0000	0.0000
0.6466	0.6910	0.0000	0.0000
0.6476	0.6918	0.0000	0.0000
0.6486	0.6925	0.0000	0.0000
0.6496	0.6933	0.0000	0.0000
0.6507	0.6940	0.0000	0.0000
0.6517	0.6947	0.0000	0.0000
0.6527	0.6955	0.0000	0.0000
0.6537	0.6962	0.0000	0.0000
0.6547	0.6969	0.0000	0.0000
0.6557	0.6976	0.0000	0.0000
0.6567	0.6983	0.0000	0.0000
0.6577	0.6991	0.0000	0.0000
0.6587	0.6998	0.0000	0.0000
0.6597	0.7005	0.0000	0.0000
0.6607	0.7012	0.0000	0.0000
0.6617	0.7019	0.0000	0.0000
0.6627	0.7026	0.0000	0.0000
0.6637	0.7033	0.0000	0.0000
0.6647	0.7040	0.0000	0.0000
0.6657	0.7047	0.0000	0.0000
0.6667	0.7054	0.0000	0.0000
0.6677	0.7060	0.0000	0.0000
0.6687	0.7067	0.0000	0.0000
0.6697	0.7074	0.0000	0.0000
0.6707	0.7081	0.0000	0.0000
0.6717	0.7088	0.0000	0.0000
0.6727	0.7094	0.0000	0.0000
0.6737	0.7101	0.0000	0.0000
0.6747	0.7108	0.0000	0.0000
0.6757	0.7114	0.0000	0.0000
0.6767	0.7121	0.0000	0.0000
0.6777	0.7128	0.0000	0.0000
0.6787	0.7134	0.0000	0.0000
0.6797	0.7141	0.0000	0.0000
0.6807	0.7147	0.0000	0.0000
0.6817	0.7154	0.0000	0.0000
0.6827	0.7160	0.0000	0.0000
0.6837	0.7167	0.0000	0.0000
0.6847	0.7173	0.0000	0.0000
0.6857	0.7179	0.0000	0.0000
0.6867	0.7186	0.0000	0.0000
0.6877	0.7192	0.0000	0.0000
0.6887	0.7198	0.0000	0.0000
0.6897	0.7205	0.0000	0.0000
0.6907	0.7211	0.0000	0.0000
0.6917	0.7217	0.0000	0.0000
0.6927	0.7223	0.0000	0.0000
0.6937	0.7230	0.0000	0.0000
0.6947	0.7236	0.0000	0.0000
0.6957	0.7242	0.0000	0.0000
0.6967	0.7248	0.0000	0.0000
0.6977	0.7254	0.0000	0.0000
0.6987	0.7260	0.0000	0.0000
0.6997	0.7266	0.0000	0.0000
0.7007	0.7272	0.0000	0.0000
0.7017	0.7278	0.0000	0.0000
0.7027	0.7284	0.0000	0.0000
0.7037	0.7290	0.0000	0.0000
0.7047	0.7296	0.0000	0.0000
0.7057	0.7302	0.0000	0.0000
0.7067	0.7308	0.0000	0.0000
0.7077	0.7314	0.0000	0.0000
0.7087	0.7320	0.0000	0.0000
0.7097	0.7326	0.0000	0.0000
0.7107	0.7331	0.0000	0.0000
0.7117	0.7337	0.0000	0.0000
0.7127	0.7343	0.0000	0.0000
0.7137	0.7349	0.0000	0.0000
0.7147	0.7355	0.0000	0.0000
0.7157	0.7360	0.0000	0.0000
0.7167	0.7366	0.0000	0.0000
0.7177	0.7372	0.0000	0.0000
0.7187	0.7377	0.0000	0.0000
0.7197	0.7383	0.0000	0.0000
0.7207	0.7389	0.0000	0.0000
0.7217	0.7394	0.0000	0.0000
0.7227	0.7400	0.0000	0.0000
0.7237	0.7405	0.0000	0.0000
0.7247	0.7411	0.0000	0.0000
0.7257	0.7416	0.0000	0.0000
0.7267	0.7422	0.0000	0.0000
0.7277	0.7427	0.0000	0.0000
0.7287	0.7433	0.0000	0.0000
0.7297	0.7438	0.0000	0.0000
0.7307	0.7444	0.0000	0.0000
0.7317	0.7449	0.0000	0.0000
0.7327	0.7455	0.0000	0.0000
0.7337	0.7460	0.0000	0.0000
0.7347	0.7465	0.0000	0.0000
0.7357	0.7471	0.0000	0.0000
0.7367	0.7476	0.0000	0.0000
0.7377	0.7481	0.0000	0.0000
0.7387	0.7487	0.0000	0.0000
0.7397	0.7492	0.0000	0.0000
0.7407	0.7497	0.0000	0.0000
0.7417	0.7502	0.0000	0.0000
0.7427	0.7508	0.0000	0.0000
0.7437	0.7513	0.0000	0.0000
0.7447	0.7518	0.0000	0.0000
0.7457	0.7523	0.0000	0.0000
0.7467	0.7528	0.0000	0.0000
0.7477	0.7534	0.0000	0.0000
0.7487	0.7539	0.0000	0.0000
0.7497	0.7544	0.0000	0.0000
0.7508	0.7549	0.0000	0.0000
0.7518	0.7554	0.0000	0.0000
0.7528	0.7559	0.0000	0.0000
0.7538	0.7564	0.0000	0.0000
0.7548	0.7569	0.0000	0.0000
0.7558	0.7574	0.0000	0.0000
0.7568	0.7579	0.0000	0.0000
0.7578	0.7584	0.0000	0.0000
0.7588	0.7589	0.0000	0.0000
0.7598	0.7594	0.0000	0.0000
0.7608	0.7599	0.0000	0.0000
0.7618	0.7604	0.0000	0.0000
0.7628	0.7609	0.0000	0.0000
0.7638	0.7614	0.0000	0.0000
0.7648	0.7619	0.0000	0.0000
0.7658	0.7624	0.0000	0.0000
0.7668	0.7629	0.0000	0.0000
0.7678	0.7634	0.0000	0.0000
0.7688	0.7638	0.0000	0.0000
0.7698	0.7643	0.0000	0.0000
0.7708	0.7648	0.0000	0.0000
0.7718	0.7653	0.0000	0.0000
0.7728	0.7658	0.0000	0.0000
0.7738	0.7663	0.0000	0.0000
0.7748	0.7667	0.0000	0.0000
0.7758	0.7672	0.0000	0.0000
0.7768	0.7677	0.0000	0.0000
0.7778	0.7682	0.0000	0.0000
0.7788	0.7686	0.0000	0.0000
0.7798	0.7691	0.0000	0.0000
0.7808	0.7696	0.0000	0.0000
0.7818	0.7700	0.0000	0.0000
0.7828	0.7705	0.0000	0.0000
0.7838	0.7710	0.0000	0.0000
0.7848	0.7714	0.0000	0.0000
0.7858	0.7719	0.0000	0.0000
0.7868	0.7724	0.0000	0.0000
0.7878	0.7728	0.0000	0.0000
0.7888	0.7733	0.0000	0.0000
0.7898	0.7737	0.0000	0.0000
0.7908	0.7742	0.0000	0.0000
0.7918	0.7747	0.0000	0.0000
0.7928	0.7751	0.0000	0.0000
0.7938	0.7756	0.0000	0.0000
0.7948	0.7760	0.0000	0.0000
0.7958	0.7765	0.0000	0.0000
0.7968	0.7769	0.0000	0.0000
0.7978	0.7774	0.0000	0.0000
0.7988	0.7778	0.0000	0.0000
0.7998	0.7783	0.0000	0.0000
0.8008	0.7787	0.0000	0.0000
0.8018	0.7792	0.0000	0.0000
0.8028	0.7796	0.0000	0.0000
0.8038	0.7801	0.0000	0.0000
0.8048	0.7805	0.0000	0.0000
0.8058	0.7810	0.0000	0.0000
0.8068	0.7814	0.0000	0.0000
0.8078	0.7819	0.0000	0.0000
0.8088	0.7823	0.0000	0.0000
0.8098	0.7827	0.0000	0.0000
0.8108	0.7832	0.0000	0.0000
0.8118	0.7836	0.0000	0.0000
0.8128	0.7841	0.0000	0.0000
0.8138	0.7845	0.0000	0.0000
0.8148	0.7849	0.0000	0.0000
0.8158	0.7854	0.0000	0.0000
0.8168	0.7858	0.0000	0.0000
0.8178	0.7862	0.0000	0.0000
0.8188	0.7867	0.0000	0.0000
0.8198	0.7871	0.0000	0.0000
0.8208	0.7875	0.0000	0.0000
0.8218	0.7880	0.0000	0.0000
0.8228	0.7884	0.0000	0.0000
0.8238	0.7888	0.0000	0.0000
0.8248	0.7892	0.0000	0.0000
0.8258	0.7897	0.0000	0.0000
0.8268	0.7901	0.0000	0.0000
0.8278	0.7905	0.0000	0.0000
0.8288	0.7910	0.0000	0.0000
0.8298	0.7914	0.0000	0.0000
0.8308	0.7918	0.0000	0.0000
0.8318	0.7922	0.0000	0.0000
0.8328	0.7926	0.0000	0.0000
0.8338	0.7931	0.0000	0.0000
0.8348	0.7935	0.0000	0.0000
0.8358	0.7939	0.0000	0.0000
0.8368	0.7943	0.0000	0.0000
0.8378	0.7948	0.0000	0.0000
0.8388	0.7952	0.0000	0.0000
0.8398	0.7956	0.0000	0.0000
0.8408	0.7960	0.0000	0.0000
0.8418	0.7964	0.0000	0.0000
0.8428	0.7968	0.0000	0.0000
0.8438	0.7973	0.0000	0.0000
0.8448	0.7977	0.0000	0.0000
0.8458	0.7981	0.0000	0.0000
0.8468	0.7985	0.0000	0.0000
0.8478	0.7989	0.0000	0.0000
0.8488	0.7993	0.0000	0.0000
0.8498	0.7997	0.0000	0.0000
0.8509	0.8002	0.0000	0.0000
0.8519	0.8006	0.0000	0.0000
0.8529	0.8010	0.0000	0.0000
0.8539	0.8014	0.0000	0.0000
0.8549	0.8018	0.0000	0.0000
0.8559	0.8022	0.0000	0.0000
0.8569	0.8026	0.0000	0.0000
0.8579	0.8030	0.0000	0.0000
0.8589	0.8034	0.0000	0.0000
0.8599	0.8039	0.0000	0.0000
0.8609	0.8043	0.0000	0.0000
0.8619	0.8047	0.0000	0.0000
0.8629	0.8051	0.0000	0.0000
0.8639	0.8055	0.0000	0.0000
0.8649	0.8059	0.0000	0.0000
0.8659	0.8063	0.0000	0.0000
0.8669	0.8067	0.0000	0.0000
0.8679	0.8071	0.0000	0.0000
0.8689	0.8075	0.0000	0.0000
0.8699	0.8079	0.0000	0.0000
0.8709	0.8083	0.0000	0.0000
0.8719	0.8087	0.0000	0.0000
0.8729	0.8091	0.0000	0.0000
0.8739	0.8095	0.0000	0.0000
0.8749	0.8099	0.0000	0.0000
0.8759	0.8103	0.0000	0.0000
0.8769	0.8107	0.0000	0.0000
0.8779	0.8112	0.0000	0.0000
0.8789	0.8116	0.0000	0.0000
0.8799	0.8120	0.0000	0.0000
0.8809	0.8124	0.0000	0.0000
0.8819	0.8128	0.0000	0.0000
0.8829	0.8132	0.0000	0.0000
0.8839	0.8136	0.0000	0.0000
0.8849	0.8140	0.0000	0.0000
0.8859	0.8144	0.0000	0.0000
0.8869	0.8148	0.0000	0.0000
0.8879	0.8152	0.0000	0.0000
0.8889	0.8156	0.0000	0.0000
0.8899	0.8160	0.0000	0.0000
0.8909	0.8164	0.0000	0.0000
0.8919	0.8168	0.0000	0.0000
0.8929	0.8172	0.0000	0.0000
0.8939	0.8176	0.0000	0.0000
0.8949	0.8180	0.0000	0.0000
0.8959	0.8184	0.0000	0.0000
0.8969	0.8188	0.0000	0.0000
0.8979	0.8192	0.0000	0.0000
0.8989	0.8196	0.0000	0.0000
0.8999	0.8200	0.0000	0.0000
0.9009	0.8204	0.0000	0.0000
0.9019	0.8208	0.0000	0.0000
0.9029	0.8212	0.0000	0.0000
0.9039	0.8216	0.0000	0.0000
0.9049	0.8220	0.0000	0.0000
0.9059	0.8224	0.0000	0.0000
0.9069	0.8228	0.0000	0.0000
0.9079	0.8232	0.0000	0.0000
0.9089	0.8236	0.0000	0.0000
0.9099	0.8239	0.0000	0.0000
0.9109	0.8243	0.0000	0.0000
0.9119	0.8247	0.0000	0.0000
0.9129	0.8251	0.0000	0.0000
0.9139	0.8255	0.0000	0.0000
0.9149	0.8259	0.0000	0.0000
0.9159	0.8263	0.0000	0.0000
0.9169	0.8267	0.0000	0.0000
0.9179	0.8271	0.0000	0.0000
0.9189	0.8275	0.0000	0.0000
0.9199	0.8279	0.0000	0.0000
0.9209	0.8283	0.0000	0.0000
0.9219	0.8287	0.0000	0.0000
0.9229	0.8291	0.0000	0.0000
0.9239	0.8295	0.0000	0.0000
0.9249	0.8299	0.0000	0.0000
0.9259	0.8303	0.0000	0.0000
0.9269	0.8307	0.0000	0.0000
0.9279	0.8311	0.0000	0.0000
0.9289	0.8315	0.0000	0.0000
0.9299	0.8319	0.0000	0.0000
0.9309	0.8323	0.0000	0.0000
0.9319	0.8327	0.0000	0.0000
0.9329	0.8331	0.0000	0.0000
0.9339	0.8335	0.0000	0.0000
0.9349	0.8339	0.0000	0.0000
0.9359	0.8343	0.0000	0.0000
0.9369	0.8347	0.0000	0.0000
0.9379	0.8352	0.0000	0.0000
0.9389	0.8356	0.0000	0.0000
0.9399	0.8360	0.0000	0.0000
0.9409	0.8364	0.0000	0.0000
0.9419	0.8368	0.0000	0.0000
0.9429	0.8372	0.0000	0.0000
0.9439	0.8376	0.0000	0.0000
0.9449	0.8380	0.0000	0.0000
0.9459	0.8384	0.0000	0.0000
0.9469	0.8388	0.0000	0.0000
0.9479	0.8392	0.0000	0.0000
0.9489	0.8396	0.0000	0.0000
0.9499	0.8400	0.0000	0.0000
0.9510	0.8404	0.0000	0.0000
0.9520	0.8408	0.0000	0.0000
0.9530	0.8412	0.0000	0.0000
0.9540	0.8416	0.0000	0.0000
0.9550	0.8420	0.0000	0.0000
0.9560	0.8424	0.0000	0.0000
0.9570	0.8429	0.0000	0.0000
0.9580	0.8433	0.0000	0.0000
0.9590	0.8437	0.0000	0.0000
0.9600	0.8441	0.0000	0.0000
0.9610	0.8445	0.0000	0.0000
0.9620	0.8449	0.0000	0.0000
0.9630	0.8453	0.0000	0.0000
0.9640	0.8457	0.0000	0.0000
0.9650	0.8461	0.0000	0.0000
0.9660	0.8466	0.0000	0.0000
0.9670	0.8470	0.0000	0.0000
0.9680	0.8474	0.0000	0.0000
0.9690	0.8478	0.0000	0.0000
0.9700	0.8482	0.0000	0.0000
0.9710	0.8486	0.0000	0.0000
0.9720	0.8490	0.0000	0.0000
0.9730	0.8495	0.0000	0.0000
0.9740	0.8499	0.0000	0.0000
0.9750	0.8503	0.0000	0.0000
0.9760	0.8507	0.0000	0.0000
0.9770	0.8511	0.0000	0.0000
0.9780	0.8516	0.0000	0.0000
0.9790	0.8520	0.0000	0.0000
0.9800	0.8524	0.0000	0.0000
0.9810	0.8528	0.0000	0.0000
0.9820	0.8532	0.0000	0.0000
0.9830	0.8537	0.0000	0.0000
0.9840	0.8541	0.0000	0.0000
0.9850	0.8545	0.0000	0.0000
0.9860	0.8549	0.0000	0.0000
0.9870	0.8554	0.0000	0.0000
0.9880	0.8558	0.0000	0.0000
0.9890	0.8562	0.0000	0.0000
0.9900	0.8567	0.0000	0.0000
0.9910	0.8571	0.0000	0.0000
0.9920	0.8575	0.0000	0.0000
0.9930	0.8579	0.0000	0.0000
0.9940	0.8584	0.0000	0.0000
0.9950	0.8588	0.0000	0.0000
0.9960	0.8592	0.0000	0.0000
0.9970	0.8597	0.0000	0.0000
0.9980	0.8601	0.0000	0.0000
0.9990	0.8605	0.0000	0.0000
1.0000	0.8610	0.0000	0.0000
0.7598
