0.0000	0.1415	0.0000	0.0000
0.0010	0.1424	0.0000	0.0000
0.0020	0.1432	0.0000	0.0000
0.0030	0.1440	0.0000	0.0000
0.0040	0.1449	0.0000	0.0000
0.0050	0.1457	0.0000	0.0000
0.0060	0.1466	0.0000	0.0000
0.0070	0.1474	0.0000	0.0000
0.0080	0.1482	0.0000	0.0000
0.0090	0.1491	0.0000	0.0000
0.0100	0.1499	0.0000	0.0000
0.0110	0.1508	0.0000	0.0000
0.0120	0.1516	0.0000	0.0000
0.0130	0.1524	0.0000	0.0000
0.0140	0.1533	0.0000	0.0000
0.0150	0.1541	0.0000	0.0000
0.0160	0.1550	0.0000	0.0000
0.0170	0.1558	0.0000	0.0000
0.0180	0.1566	0.0000	0.0000
0.0190	0.1575	0.0000	0.0000
0.0200	0.1583	0.0000	0.0000
0.0210	0.1591	0.0000	0.0000
0.0220	0.1600	0.0000	0.0000
0.0230	0.1608	0.0000	0.0000
0.0240	0.1617	0.0000	0.0000
0.0250	0.1625	0.0000	0.0000
0.0260	0.1633	0.0000	0.0000
0.0270	0.1642	0.0000	0.0000
0.0280	0.1650	0.0000	0.0000
0.0290	0.1658	0.0000	0.0000
0.0300	0.1667	0.0000	0.0000
0.0310	0.1675	0.0000	0.0000
0.0320	0.1683	0.0000	0.0000
0.0330	0.1692	0.0000	0.0000
0.0340	0.1700	0.0000	0.0000
0.0350	0.1708	0.0000	0.0000
0.0360	0.1716	0.0000	0.0000
0.0370	0.1725	0.0000	0.0000
0.0380	0.1733	0.0000	0.0000
0.0390	0.1741	0.0000	0.0000
0.0400	0.1750	0.0000	0.0000
0.0410	0.1758	0.0000	0.0000
0.0420	0.1766	0.0000	0.0000
0.0430	0.1775	0.0000	0.0000
0.0440	0.1783	0.0000	0.0000
0.0450	0.1791	0.0000	0.0000
0.0460	0.1799	0.0000	0.0000
0.0470	0.1808	0.0000	0.0000
0.0480	0.1816	0.0000	0.0000
0.0490	0.1824	0.0000	0.0000
0.0501	0.1832	0.0000	0.0000
0.0511	0.1841	0.0000	0.0000
0.0521	0.1849	0.0000	0.0000
0.0531	0.1857	0.0000	0.0000
0.0541	0.1866	0.0000	0.0000
0.0551	0.1874	0.0000	0.0000
0.0561	0.1882	0.0000	0.0000
0.0571	0.1890	0.0000	0.0000
0.0581	0.1898	0.0000	0.0000
0.0591	0.1907	0.0000	0.0000
0.0601	0.1915	0.0000	0.0000
0.0611	0.1923	0.0000	0.0000
0.0621	0.1931	0.0000	0.0000
0.0631	0.1940	0.0000	0.0000
0.0641	0.1948	0.0000	0.0000
0.0651	0.1956	0.0000	0.0000
0.0661	0.1964	0.0000	0.0000
0.0671	0.1972	0.0000	0.0000
0.0681	0.1981	0.0000	0.0000
0.0691	0.1989	0.0000	0.0000
0.0701	0.1997	0.0000	0.0000
0.0711	0.2005	0.0000	0.0000
0.0721	0.2013	0.0000	0.0000
0.0731	0.2022	0.0000	0.0000
0.0741	0.2030	0.0000	0.0000
0.0751	0.2038	0.0000	0.0000
0.0761	0.2046	0.0000	0.0000
0.0771	0.2054	0.0000	0.0000
0.0781	0.2063	0.0000	0.0000
0.0791	0.2071	0.0000	0.0000
0.0801	0.2079	0.0000	0.0000
0.0811	0.2087	0.0000	0.0000
0.0821	0.2095	0.0000	0.0000
0.0831	0.2103	0.0000	0.0000
0.0841	0.2111	0.0000	0.0000
0.0851	0.2120	0.0000	0.0000
0.0861	0.2128	0.0000	0.0000
0.0871	0.2136	0.0000	0.0000
0.0881	0.2144	0.0000	0.0000
0.0891	0.2152	0.0000	0.0000
0.0901	0.2160	0.0000	0.0000
0.0911	0.2168	0.0000	0.0000
0.0921	0.2177	0.0000	0.0000
0.0931	0.2185	0.0000	0.0000
0.0941	0.2193	0.0000	0.0000
0.0951	0.2201	0.0000	0.0000
0.0961	0.2209	0.0000	0.0000
0.0971	0.2217	0.0000	0.0000
0.0981	0.2225	0.0000	0.0000
0.0991	0.2233	0.0000	0.0000
0.1001	0.2241	0.0000	0.0000
0.1011	0.2249	0.0000	0.0000
0.1021	0.2258	0.0000	0.0000
0.1031	0.2266	0.0000	0.0000
0.1041	0.2274	0.0000	0.0000
0.1051	0.2282	0.0000	0.0000
0.1061	0.2290	0.0000	0.0000
0.1071	0.2298	0.0000	0.0000
0.1081	0.2306	0.0000	0.0000
0.1091	0.2314	0.0000	0.0000
0.1101	0.2322	0.0000	0.0000
0.1111	0.2330	0.0000	0.0000
0.1121	0.2338	0.0000	0.0000
0.1131	0.2346	0.0000	0.0000
0.1141	0.2354	0.0000	0.0000
0.1151	0.2362	0.0000	0.0000
0.1161	0.2370	0.0000	0.0000
0.1171	0.2379	0.0000	0.0000
0.1181	0.2387	0.0000	0.0000
0.1191	0.2395	0.0000	0.0000
0.1201	0.2403	0.0000	0.0000
0.1211	0.2411	0.0000	0.0000
0.1221	0.2419	0.0000	0.0000
0.1231	0.2427	0.0000	0.0000
0.1241	0.2435	0.0000	0.0000
0.1251	0.2443	0.0000	0.0000
0.1261	0.2451	0.0000	0.0000
0.1271	0.2459	0.0000	0.0000
0.1281	0.2467	0.0000	0.0000
0.1291	0.2475	0.0000	0.0000
0.1301	0.2483	0.0000	0.0000
0.1311	0.2491	0.0000	0.0000
0.1321	0.2499	0.0000	0.0000
0.1331	0.2507	0.0000	0.0000
0.1341	0.2515	0.0000	0.0000
0.1351	0.2523	0.0000	0.0000
0.1361	0.2531	0.0000	0.0000
0.1371	0.2539	0.0000	0.0000
0.1381	0.2547	0.0000	0.0000
0.1391	0.2555	0.0000	0.0000
0.1401	0.2562	0.0000	0.0000
0.1411	0.2570	0.0000	0.0000
0.1421	0.2578	0.0000	0.0000
0.1431	0.2586	0.0000	0.0000
0.1441	0.2594	0.0000	0.0000
0.1451	0.2602	0.0000	0.0000
0.1461	0.2610	0.0000	0.0000
0.1471	0.2618	0.0000	0.0000
0.1481	0.2626	0.0000	0.0000
0.1491	0.2634	0.0000	0.0000
0.1502	0.2642	0.0000	0.0000
0.1512	0.2650	0.0000	0.0000
0.1522	0.2658	0.0000	0.0000
0.1532	0.2666	0.0000	0.0000
0.1542	0.2674	0.0000	0.0000
0.1552	0.2682	0.0000	0.0000
0.1562	0.2689	0.0000	0.0000
0.1572	0.2697	0.0000	0.0000
0.1582	0.2705	0.0000	0.0000
0.1592	0.2713	0.0000	0.0000
0.1602	0.2721	0.0000	0.0000
0.1612	0.2729	0.0000	0.0000
0.1622	0.2737	0.0000	0.0000
0.1632	0.2745	0.0000	0.0000
0.1642	0.2753	0.0000	0.0000
0.1652	0.2761	0.0000	0.0000
0.1662	0.2768	0.0000	0.0000
0.1672	0.2776	0.0000	0.0000
0.1682	0.2784	0.0000	0.0000
0.1692	0.2792	0.0000	0.0000
0.1702	0.2800	0.0000	0.0000
0.1712	0.2808	0.0000	0.0000
0.1722	0.2816	0.0000	0.0000
0.1732	0.2823	0.0000	0.0000
0.1742	0.2831	0.0000	0.0000
0.1752	0.2839	0.0000	0.0000
0.1762	0.2847	0.0000	0.0000
0.1772	0.2855	0.0000	0.0000
0.1782	0.2863	0.0000	0.0000
0.1792	0.2871	0.0000	0.0000
0.1802	0.2878	0.0000	0.0000
0.1812	0.2886	0.0000	0.0000
0.1822	0.2894	0.0000	0.0000
0.1832	0.2902	0.0000	0.0000
0.1842	0.2910	0.0000	0.0000
0.1852	0.2918	0.0000	0.0000
0.1862	0.2925	0.0000	0.0000
0.1872	0.2933	0.0000	0.0000
0.1882	0.2941	0.0000	0.0000
0.1892	0.2949	0.0000	0.0000
0.1902	0.2957	0.0000	0.0000
0.1912	0.2964	0.0000	0.0000
0.1922	0.2972	0.0000	0.0000
0.1932	0.2980	0.0000	0.0000
0.1942	0.2988	0.0000	0.0000
0.1952	0.2996	0.0000	0.0000
0.1962	0.3003	0.0000	0.0000
0.1972	0.3011	0.0000	0.0000
0.1982	0.3019	0.0000	0.0000
0.1992	0.3027	0.0000	0.0000
0.2002	0.3035	0.0000	0.0000
0.2012	0.3042	0.0000	0.0000
0.2022	0.3050	0.0000	0.0000
0.2032	0.3058	0.0000	0.0000
0.2042	0.3066	0.0000	0.0000
0.2052	0.3073	0.0000	0.0000
0.2062	0.3081	0.0000	0.0000
0.2072	0.3089	0.0000	0.0000
0.2082	0.3097	0.0000	0.0000
0.2092	0.3104	0.0000	0.0000
0.2102	0.3112	0.0000	0.0000
0.2112	0.3120	0.0000	0.0000
0.2122	0.3128	0.0000	0.0000
0.2132	0.3135	0.0000	0.0000
0.2142	0.3143	0.0000	0.0000
0.2152	0.3151	0.0000	0.0000
0.2162	0.3159	0.0000	0.0000
0.2172	0.3166	0.0000	0.0000
0.2182	0.3174	0.0000	0.0000
0.2192	0.3182	0.0000	0.0000
0.2202	0.3190	0.0000	0.0000
0.2212	0.3197	0.0000	0.0000
0.2222	0.3205	0.0000	0.0000
0.2232	0.3213	0.0000	0.0000
0.2242	0.3221	0.0000	0.0000
0.2252	0.3228	0.0000	0.0000
0.2262	0.3236	0.0000	0.0000
0.2272	0.3244	0.0000	0.0000
0.2282	0.3251	0.0000	0.0000
0.2292	0.3259	0.0000	0.0000
0.2302	0.3267	0.0000	0.0000
0.2312	0.3274	0.0000	0.0000
0.2322	0.3282	0.0000	0.0000
0.2332	0.3290	0.0000	0.0000
0.2342	0.3298	0.0000	0.0000
0.2352	0.3305	0.0000	0.0000
0.2362	0.3313	0.0000	0.0000
0.2372	0.3321	0.0000	0.0000
0.2382	0.3328	0.0000	0.0000
0.2392	0.3336	0.0000	0.0000
0.2402	0.3344	0.0000	0.0000
0.2412	0.3351	0.0000	0.0000
0.2422	0.3359	0.0000	0.0000
0.2432	0.3367	0.0000	0.0000
0.2442	0.3374	0.0000	0.0000
0.2452	0.3382	0.0000	0.0000
0.2462	0.3390	0.0000	0.0000
0.2472	0.3397	0.0000	0.0000
0.2482	0.3405	0.0000	0.0000
0.2492	0.3413	0.0000	0.0000
0.2503	0.3420	0.0000	0.0000
0.2513	0.3428	0.0000	0.0000
0.2523	0.3436	0.0000	0.0000
0.2533	0.3443	0.0000	0.0000
0.2543	0.3451	0.0000	0.0000
0.2553	0.3459	0.0000	0.0000
0.2563	0.3466	0.0000	0.0000
0.2573	0.3474	0.0000	0.0000
0.2583	0.3482	0.0000	0.0000
0.2593	0.3489	0.0000	0.0000
0.2603	0.3497	0.0000	0.0000
0.2613	0.3505	0.0000	0.0000
0.2623	0.3512	0.0000	0.0000
0.2633	0.3520	0.0000	0.0000
0.2643	0.3527	0.0000	0.0000
0.2653	0.3535	0.0000	0.0000
0.2663	0.3543	0.0000	0.0000
0.2673	0.3550	0.0000	0.0000
0.2683	0.3558	0.0000	0.0000
0.2693	0.3566	0.0000	0.0000
0.2703	0.3573	0.0000	0.0000
0.2713	0.3581	0.0000	0.0000
0.2723	0.3588	0.0000	0.0000
0.2733	0.3596	0.0000	0.0000
0.2743	0.3604	0.0000	0.0000
0.2753	0.3611	0.0000	0.0000
0.2763	0.3619	0.0000	0.0000
0.2773	0.3627	0.0000	0.0000
0.2783	0.3634	0.0000	0.0000
0.2793	0.3642	0.0000	0.0000
0.2803	0.3649	0.0000	0.0000
0.2813	0.3657	0.0000	0.0000
0.2823	0.3665	0.0000	0.0000
0.2833	0.3672	0.0000	0.0000
0.2843	0.3680	0.0000	0.0000
0.2853	0.3687	0.0000	0.0000
0.2863	0.3695	0.0000	0.0000
0.2873	0.3703	0.0000	0.0000
0.2883	0.3710	0.0000	0.0000
0.2893	0.3718	0.0000	0.0000
0.2903	0.3725	0.0000	0.0000
0.2913	0.3733	0.0000	0.0000
0.2923	0.3741	0.0000	0.0000
0.2933	0.3748	0.0000	0.0000
0.2943	0.3756	0.0000	0.0000
0.2953	0.3763	0.0000	0.0000
0.2963	0.3771	0.0000	0.0000
0.2973	0.3779	0.0000	0.0000
0.2983	0.3786	0.0000	0.0000
0.2993	0.3794	0.0000	0.0000
0.3003	0.3801	0.0000	0.0000
0.3013	0.3809	0.0000	0.0000
0.3023	0.3817	0.0000	0.0000
0.3033	0.3824	0.0000	0.0000
0.3043	0.3832	0.0000	0.0000
0.3053	0.3839	0.0000	0.0000
0.3063	0.3847	0.0000	0.0000
0.3073	0.3854	0.0000	0.0000
0.3083	0.3862	0.0000	0.0000
0.3093	0.3870	0.0000	0.0000
0.3103	0.3877	0.0000	0.0000
0.3113	0.3885	0.0000	0.0000
0.3123	0.3892	0.0000	0.0000
0.3133	0.3900	0.0000	0.0000
0.3143	0.3907	0.0000	0.0000
0.3153	0.3915	0.0000	0.0000
0.3163	0.3923	0.0000	0.0000
0.3173	0.3930	0.0000	0.0000
0.3183	0.3938	0.0000	0.0000
0.3193	0.3945	0.0000	0.0000
0.3203	0.3953	0.0000	0.0000
0.3213	0.3960	0.0000	0.0000
0.3223	0.3968	0.0000	0.0000
0.3233	0.3976	0.0000	0.0000
0.3243	0.3983	0.0000	0.0000
0.3253	0.3991	0.0000	0.0000
0.3263	0.3998	0.0000	0.0000
0.3273	0.4006	0.0000	0.0000
0.3283	0.4013	0.0000	0.0000
0.3293	0.4021	0.0000	0.0000
0.3303	0.4029	0.0000	0.0000
0.3313	0.4036	0.0000	0.0000
0.3323	0.4044	0.0000	0.0000
0.3333	0.4051	0.0000	0.0000
0.3343	0.4059	0.0000	0.0000
0.3353	0.4066	0.0000	0.0000
0.3363	0.4074	0.0000	0.0000
0.3373	0.4082	0.0000	0.0000
0.3383	0.4089	0.0000	0.0000
0.3393	0.4097	0.0000	0.0000
0.3403	0.4104	0.0000	0.0000
0.3413	0.4112	0.0000	0.0000
0.3423	0.4119	0.0000	0.0000
0.3433	0.4127	0.0000	0.0000
0.3443	0.4135	0.0000	0.0000
0.3453	0.4142	0.0000	0.0000
0.3463	0.4150	0.0000	0.0000
0.3473	0.4157	0.0000	0.0000
0.3483	0.4165	0.0000	0.0000
0.3493	0.4173	0.0000	0.0000
0.3504	0.4180	0.0000	0.0000
0.3514	0.4188	0.0000	0.0000
0.3524	0.4195	0.0000	0.0000
0.3534	0.4203	0.0000	0.0000
0.3544	0.4210	0.0000	0.0000
0.3554	0.4218	0.0000	0.0000
0.3564	0.4226	0.0000	0.0000
0.3574	0.4233	0.0000	0.0000
0.3584	0.4241	0.0000	0.0000
0.3594	0.4248	0.0000	0.0000
0.3604	0.4256	0.0000	0.0000
0.3614	0.4264	0.0000	0.0000
0.3624	0.4271	0.0000	0.0000
0.3634	0.4279	0.0000	0.0000
0.3644	0.4286	0.0000	0.0000
0.3654	0.4294	0.0000	0.0000
0.3664	0.4301	0.0000	0.0000
0.3674	0.4309	0.0000	0.0000
0.3684	0.4317	0.0000	0.0000
0.3694	0.4324	0.0000	0.0000
0.3704	0.4332	0.0000	0.0000
0.3714	0.4339	0.0000	0.0000
0.3724	0.4347	0.0000	0.0000
0.3734	0.4355	0.0000	0.0000
0.3744	0.4362	0.0000	0.0000
0.3754	0.4370	0.0000	0.0000
0.3764	0.4378	0.0000	0.0000
0.3774	0.4385	0.0000	0.0000
0.3784	0.4393	0.0000	0.0000
0.3794	0.4400	0.0000	0.0000
0.3804	0.4408	0.0000	0.0000
0.3814	0.4416	0.0000	0.0000
0.3824	0.4423	0.0000	0.0000
0.3834	0.4431	0.0000	0.0000
0.3844	0.4438	0.0000	0.0000
0.3854	0.4446	0.0000	0.0000
0.3864	0.4454	0.0000	0.0000
0.3874	0.4461	0.0000	0.0000
0.3884	0.4469	0.0000	0.0000
0.3894	0.4477	0.0000	0.0000
0.3904	0.4484	0.0000	0.0000
0.3914	0.4492	0.0000	0.0000
0.3924	0.4500	0.0000	0.0000
0.3934	0.4507	0.0000	0.0000
0.3944	0.4515	0.0000	0.0000
0.3954	0.4523	0.0000	0.0000
0.3964	0.4530	0.0000	0.0000
0.3974	0.4538	0.0000	0.0000
0.3984	0.4546	0.0000	0.0000
0.3994	0.4553	0.0000	0.0000
0.4004	0.4561	0.0000	0.0000
0.4014	0.4569	0.0000	0.0000
0.4024	0.4576	0.0000	0.0000
0.4034	0.4584	0.0000	0.0000
0.4044	0.4592	0.0000	0.0000
0.4054	0.4599	0.0000	0.0000
0.4064	0.4607	0.0000	0.0000
0.4074	0.4615	0.0000	0.0000
0.4084	0.4622	0.0000	0.0000
0.4094	0.4630	0.0000	0.0000
0.4104	0.4638	0.0000	0.0000
0.4114	0.4646	0.0000	0.0000
0.4124	0.4653	0.0000	0.0000
0.4134	0.4661	0.0000	0.0000
0.4144	0.4669	0.0000	0.0000
0.4154	0.4676	0.0000	0.0000
0.4164	0.4684	0.0000	0.0000
0.4174	0.4692	0.0000	0.0000
0.4184	0.4700	0.0000	0.0000
0.4194	0.4707	0.0000	0.0000
0.4204	0.4715	0.0000	0.0000
0.4214	0.4723	0.0000	0.0000
0.4224	0.4731	0.0000	0.0000
0.4234	0.4738	0.0000	0.0000
0.4244	0.4746	0.0000	0.0000
0.4254	0.4754	0.0000	0.0000
0.4264	0.4762	0.0000	0.0000
0.4274	0.4770	0.0000	0.0000
0.4284	0.4777	0.0000	0.0000
0.4294	0.4785	0.0000	0.0000
0.4304	0.4793	0.0000	0.0000
0.4314	0.4801	0.0000	0.0000
0.4324	0.4808	0.0000	0.0000
0.4334	0.4816	0.0000	0.0000
0.4344	0.4824	0.0000	0.0000
0.4354	0.4832	0.0000	0.0000
0.4364	0.4840	0.0000	0.0000
0.4374	0.4848	0.0000	0.0000
0.4384	0.4855	0.0000	0.0000
0.4394	0.4863	0.0000	0.0000
0.4404	0.4871	0.0000	0.0000
0.4414	0.4879	0.0000	0.0000
0.4424	0.4887	0.0000	0.0000
0.4434	0.4895	0.0000	0.0000
0.4444	0.4903	0.0000	0.0000
0.4454	0.4911	0.0000	0.0000
0.4464	0.4918	0.0000	0.0000
0.4474	0.4926	0.0000	0.0000
0.4484	0.4934	0.0000	0.0000
0.4494	0.4942	0.0000	0.0000
0.4505	0.4950	0.0000	0.0000
0.4515	0.4958	0.0000	0.0000
0.4525	0.4966	0.0000	0.0000
0.4535	0.4974	0.0000	0.0000
0.4545	0.4982	0.0000	0.0000
0.4555	0.4990	0.0000	0.0000
0.4565	0.4998	0.0000	0.0000
0.4575	0.5006	0.0000	0.0000
0.4585	0.5014	0.0000	0.0000
0.4595	0.5022	0.0000	0.0000
0.4605	0.5030	0.0000	0.0000
0.4615	0.5038	0.0000	0.0000
0.4625	0.5046	0.0000	0.0000
0.4635	0.5054	0.0000	0.0000
0.4645	0.5062	0.0000	0.0000
0.4655	0.5070	0.0000	0.0000
0.4665	0.5078	0.0000	0.0000
0.4675	0.5086	0.0000	0.0000
0.4685	0.5094	0.0000	0.0000
0.4695	0.5102	0.0000	0.0000
0.4705	0.5110	0.0000	0.0000
0.4715	0.5118	0.0000	0.0000
0.4725	0.5126	0.0000	0.0000
0.4735	0.5134	0.0000	0.0000
0.4745	0.5142	0.0000	0.0000
0.4755	0.5150	0.0000	0.0000
0.4765	0.5159	0.0000	0.0000
0.4775	0.5167	0.0000	0.0000
0.4785	0.5175	0.0000	0.0000
0.4795	0.5183	0.0000	0.0000
0.4805	0.5191	0.0000	0.0000
0.4815	0.5199	0.0000	0.0000
0.4825	0.5208	0.0000	0.0000
0.4835	0.5216	0.0000	0.0000
0.4845	0.5224	0.0000	0.0000
0.4855	0.5232	0.0000	0.0000
0.4865	0.5240	0.0000	0.0000
0.4875	0.5249	0.0000	0.0000
0.4885	0.5257	0.0000	0.0000
0.4895	0.5265	0.0000	0.0000
0.4905	0.5273	0.0000	0.0000
0.4915	0.5282	0.0000	0.0000
0.4925	0.5290	0.0000	0.0000
0.4935	0.5298	0.0000	0.0000
0.4945	0.5307	0.0000	0.0000
0.4955	0.5315	0.0000	0.0000
0.4965	0.5323	0.0000	0.0000
0.4975	0.5332	0.0000	0.0000
0.4985	0.5340	0.0000	0.0000
0.4995	0.5348	0.0000	0.0000
0.5005	0.5360	0.0000	0.0000
0.5015	0.5375	0.0000	0.0000
0.5025	0.5390	0.0000	0.0000
0.5035	0.5405	0.0000	0.0000
0.5045	0.5419	0.0000	0.0000
0.5055	0.5434	0.0000	0.0000
0.5065	0.5448	0.0000	0.0000
0.5075	0.5463	0.0000	0.0000
0.5085	0.5477	0.0000	0.0000
0.5095	0.5492	0.0000	0.0000
0.5105	0.5506	0.0000	0.0000
0.5115	0.5520	0.0000	0.0000
0.5125	0.5534	0.0000	0.0000
0.5135	0.5548	0.0000	0.0000
0.5145	0.5562	0.0000	0.0000
0.5155	0.5576	0.0000	0.0000
0.5165	0.5589	0.0000	0.0000
0.5175	0.5603	0.0000	0.0000
0.5185	0.5617	0.0000	0.0000
0.5195	0.5630	0.0000	0.0000
0.5205	0.5644	0.0000	0.0000
0.5215	0.5657	0.0000	0.0000
0.5225	0.5671	0.0000	0.0000
0.5235	0.5684	0.0000	0.0000
0.5245	0.5697	0.0000	0.0000
0.5255	0.5710	0.0000	0.0000
0.5265	0.5723	0.0000	0.0000
0.5275	0.5736	0.0000	0.0000
0.5285	0.5749	0.0000	0.0000
0.5295	0.5762	0.0000	0.0000
0.5305	0.5775	0.0000	0.0000
0.5315	0.5787	0.0000	0.0000
0.5325	0.5800	0.0000	0.0000
0.5335	0.5813	0.0000	0.0000
0.5345	0.5825	0.0000	0.0000
0.5355	0.5838	0.0000	0.0000
0.5365	0.5850	0.0000	0.0000
0.5375	0.5862	0.0000	0.0000
0.5385	0.5875	0.0000	0.0000
0.5395	0.5887	0.0000	0.0000
0.5405	0.5899	0.0000	0.0000
0.5415	0.5911	0.0000	0.0000
0.5425	0.5923	0.0000	0.0000
0.5435	0.5935	0.0000	0.0000
0.5445	0.5947	0.0000	0.0000
0.5455	0.5959	0.0000	0.0000
0.5465	0.5971	0.0000	0.0000
0.5475	0.5982	0.0000	0.0000
0.5485	0.5994	0.0000	0.0000
0.5495	0.6006	0.0000	0.0000
0.5506	0.6017	0.0000	0.0000
0.5516	0.6029	0.0000	0.0000
0.5526	0.6040	0.0000	0.0000
0.5536	0.6051	0.0000	0.0000
0.5546	0.6063	0.0000	0.0000
0.5556	0.6074	0.0000	0.0000
0.5566	0.6085	0.0000	0.0000
0.5576	0.6096	0.0000	0.0000
0.5586	0.6107	0.0000	0.0000
0.5596	0.6119	0.0000	0.0000
0.5606	0.6129	0.0000	0.0000
0.5616	0.6140	0.0000	0.0000
0.5626	0.6151	0.0000	0.0000
0.5636	0.6162	0.0000	0.0000
0.5646	0.6173	0.0000	0.0000
0.5656	0.6184	0.0000	0.0000
0.5666	0.6194	0.0000	0.0000
0.5676	0.6205	0.0000	0.0000
0.5686	0.6215	0.0000	0.0000
0.5696	0.6226	0.0000	0.0000
0.5706	0.6236	0.0000	0.0000
0.5716	0.6247	0.0000	0.0000
0.5726	0.6257	0.0000	0.0000
0.5736	0.6267	0.0000	0.0000
0.5746	0.6278	0.0000	0.0000
0.5756	0.6288	0.0000	0.0000
0.5766	0.6298	0.0000	0.0000
0.5776	0.6308	0.0000	0.0000
0.5786	0.6318	0.0000	0.0000
0.5796	0.6328	0.0000	0.0000
0.5806	0.6338	0.0000	0.0000
0.5816	0.6348	0.0000	0.0000
0.5826	0.6358	0.0000	0.0000
0.5836	0.6368	0.0000	0.0000
0.5846	0.6377	0.0000	0.0000
0.5856	0.6387	0.0000	0.0000
0.5866	0.6397	0.0000	0.0000
0.5876	0.6406	0.0000	0.0000
0.5886	0.6416	0.0000	0.0000
0.5896	0.6425	0.0000	0.0000
0.5906	0.6435	0.0000	0.0000
0.5916	0.6444	0.0000	0.0000
0.5926	0.6454	0.0000	0.0000
0.5936	0.6463	0.0000	0.0000
0.5946	0.6472	0.0000	0.0000
0.5956	0.6482	0.0000	0.0000
0.5966	0.6491	0.0000	0.0000
0.5976	0.6500	0.0000	0.0000
0.5986	0.6509	0.0000	0.0000
0.5996	0.6518	0.0000	0.0000
0.6006	0.6527	0.0000	0.0000
0.6016	0.6536	0.0000	0.0000
0.6026	0.6545	0.0000	0.0000
0.6036	0.6554	0.0000	0.0000
0.6046	0.6563	0.0000	0.0000
0.6056	0.6572	0.0000	0.0000
0.6066	0.6581	0.0000	0.0000
0.6076	0.6589	0.0000	0.0000
0.6086	0.6598	0.0000	0.0000
0.6096	0.6607	0.0000	0.0000
0.6106	0.6615	0.0000	0.0000
0.6116	0.6624	0.0000	0.0000
0.6126	0.6633	0.0000	0.0000
0.6136	0.6641	0.0000	0.0000
0.6146	0.6650	0.0000	0.0000
0.6156	0.6658	0.0000	0.0000
0.6166	0.6666	0.0000	0.0000
0.6176	0.6675	0.0000	0.0000
0.6186	0.6683	0.0000	0.0000
0.6196	0.6691	0.0000	0.0000
0.6206	0.6700	0.0000	0.0000
0.6216	0.6708	0.0000	0.0000
0.6226	0.6716	0.0000	0.0000
0.6236	0.6724	0.0000	0.0000
0.6246	0.6732	0.0000	0.0000
0.6256	0.6740	0.0000	0.0000
0.6266	0.6748	0.0000	0.0000
0.6276	0.6756	0.0000	0.0000
0.6286	0.6764	0.0000	0.0000
0.6296	0.6772	0.0000	0.0000
0.6306	0.6780	0.0000	0.0000
0.6316	0.6788	0.0000	0.0000
0.6326	0.6796	0.0000	0.0000
0.6336	0.6803	0.0000	0.0000
0.6346	0.6811	0.0000	0.0000
0.6356	0.6819	0.0000	0.0000
0.6366	0.6827	0.0000	0.0000
0.6376	0.6834	0.0000	0.0000
0.6386	0.6842	0.0000	0.0000
0.6396	0.6849	0.0000	0.0000
0.6406	0.6857	0.0000	0.0000
0.6416	0.6865	0.0000	0.0000
0.6426	0.6872	0.0000	0.0000
0.6436	0.6879	0.0000	0.0000
0.6446	0.6887	0.0000	0.0000
0.6456	0.6894	0.0000	0.0000
0.6466	0.6902	0.0000	0.0000
0.6476	0.6909	0.0000	0.0000
0.6486	0.6916	0.0000	0.0000
0.6496	0.6924	0.0000	0.0000
0.6507	0.6931	0.0000	0.0000
0.6517	0.6938	0.0000	0.0000
0.6527	0.6945	0.0000	0.0000
0.6537	0.6952	0.0000	0.0000
0.6547	0.6959	0.0000	0.0000
0.6557	0.6966	0.0000	0.0000
0.6567	0.6973	0.0000	0.0000
0.6577	0.6981	0.0000	0.0000
0.6587	0.6988	0.0000	0.0000
0.6597	0.6994	0.0000	0.0000
0.6607	0.7001	0.0000	0.0000
0.6617	0.7008	0.0000	0.0000
0.6627	0.7015	0.0000	0.0000
0.6637	0.7022	0.0000	0.0000
0.6647	0.7029	0.0000	0.0000
0.6657	0.7036	0.0000	0.0000
0.6667	0.7042	0.0000	0.0000
0.6677	0.7049	0.0000	0.0000
0.6687	0.7056	0.0000	0.0000
0.6697	0.7063	0.0000	0.0000
0.6707	0.7069	0.0000	0.0000
0.6717	0.7076	0.0000	0.0000
0.6727	0.7082	0.0000	0.0000
0.6737	0.7089	0.0000	0.0000
0.6747	0.7096	0.0000	0.0000
0.6757	0.7102	0.0000	0.0000
0.6767	0.7109	0.0000	0.0000
0.6777	0.7115	0.0000	0.0000
0.6787	0.7122	0.0000	0.0000
0.6797	0.7128	0.0000	0.0000
0.6807	0.7134	0.0000	0.0000
0.6817	0.7141	0.0000	0.0000
0.6827	0.7147	0.0000	0.0000
0.6837	0.7153	0.0000	0.0000
0.6847	0.7160	0.0000	0.0000
0.6857	0.7166	0.0000	0.0000
0.6867	0.7172	0.0000	0.0000
0.6877	0.7178	0.0000	0.0000
0.6887	0.7185	0.0000	0.0000
0.6897	0.7191	0.0000	0.0000
0.6907	0.7197	0.0000	0.0000
0.6917	0.7203	0.0000	0.0000
0.6927	0.7209	0.0000	0.0000
0.6937	0.7215	0.0000	0.0000
0.6947	0.7221	0.0000	0.0000
0.6957	0.7227	0.0000	0.0000
0.6967	0.7234	0.0000	0.0000
0.6977	0.7240	0.0000	0.0000
0.6987	0.7245	0.0000	0.0000
0.6997	0.7251	0.0000	0.0000
0.7007	0.7257	0.0000	0.0000
0.7017	0.7263	0.0000	0.0000
0.7027	0.7269	0.0000	0.0000
0.7037	0.7275	0.0000	0.0000
0.7047	0.7281	0.0000	0.0000
0.7057	0.7287	0.0000	0.0000
0.7067	0.7293	0.0000	0.0000
0.7077	0.7298	0.0000	0.0000
0.7087	0.7304	0.0000	0.0000
0.7097	0.7310	0.0000	0.0000
0.7107	0.7316	0.0000	0.0000
0.7117	0.7321	0.0000	0.0000
0.7127	0.7327	0.0000	0.0000
0.7137	0.7333	0.0000	0.0000
0.7147	0.7338	0.0000	0.0000
0.7157	0.7344	0.0000	0.0000
0.7167	0.7349	0.0000	0.0000
0.7177	0.7355	0.0000	0.0000
0.7187	0.7361	0.0000	0.0000
0.7197	0.7366	0.0000	0.0000
0.7207	0.7372	0.0000	0.0000
0.7217	0.7377	0.0000	0.0000
0.7227	0.7383	0.0000	0.0000
0.7237	0.7388	0.0000	0.0000
0.7247	0.7394	0.0000	0.0000
0.7257	0.7399	0.0000	0.0000
0.7267	0.7404	0.0000	0.0000
0.7277	0.7410	0.0000	0.0000
0.7287	0.7415	0.0000	0.0000
0.7297	0.7421	0.0000	0.0000
0.7307	0.7426	0.0000	0.0000
0.7317	0.7431	0.0000	0.0000
0.7327	0.7437	0.0000	0.0000
0.7337	0.7442	0.0000	0.0000
0.7347	0.7447	0.0000	0.0000
0.7357	0.7452	0.0000	0.0000
0.7367	0.7458	0.0000	0.0000
0.7377	0.7463	0.0000	0.0000
0.7387	0.7468	0.0000	0.0000
0.7397	0.7473	0.0000	0.0000
0.7407	0.7478	0.0000	0.0000
0.7417	0.7484	0.0000	0.0000
0.7427	0.7489	0.0000	0.0000
0.7437	0.7494	0.0000	0.0000
0.7447	0.7499	0.0000	0.0000
0.7457	0.7504	0.0000	0.0000
0.7467	0.7509	0.0000	0.0000
0.7477	0.7514	0.0000	0.0000
0.7487	0.7519	0.0000	0.0000
0.7497	0.7524	0.0000	0.0000
0.7508	0.7529	0.0000	0.0000
0.7518	0.7534	0.0000	0.0000
0.7528	0.7539	0.0000	0.0000
0.7538	0.7544	0.0000	0.0000
0.7548	0.7549	0.0000	0.0000
0.7558	0.7554	0.0000	0.0000
0.7568	0.7559	0.0000	0.0000
0.7578	0.7564	0.0000	0.0000
0.7588	0.7569	0.0000	0.0000
0.7598	0.7574	0.0000	0.0000
0.7608	0.7579	0.0000	0.0000
0.7618	0.7584	0.0000	0.0000
0.7628	0.7589	0.0000	0.0000
0.7638	0.7593	0.0000	0.0000
0.7648	0.7598	0.0000	0.0000
0.7658	0.7603	0.0000	0.0000
0.7668	0.7608	0.0000	0.0000
0.7678	0.7613	0.0000	0.0000
0.7688	0.7617	0.0000	0.0000
0.7698	0.7622	0.0000	0.0000
0.7708	0.7627	0.0000	0.0000
0.7718	0.7632	0.0000	0.0000
0.7728	0.7636	0.0000	0.0000
0.7738	0.7641	0.0000	0.0000
0.7748	0.7646	0.0000	0.0000
0.7758	0.7651	0.0000	0.0000
0.7768	0.7655	0.0000	0.0000
0.7778	0.7660	0.0000	0.0000
0.7788	0.7665	0.0000	0.0000
0.7798	0.7669	0.0000	0.0000
0.7808	0.7674	0.0000	0.0000
0.7818	0.7679	0.0000	0.0000
0.7828	0.7683	0.0000	0.0000
0.7838	0.7688	0.0000	0.0000
0.7848	0.7692	0.0000	0.0000
0.7858	0.7697	0.0000	0.0000
0.7868	0.7701	0.0000	0.0000
0.7878	0.7706	0.0000	0.0000
0.7888	0.7711	0.0000	0.0000
0.7898	0.7715	0.0000	0.0000
0.7908	0.7720	0.0000	0.0000
0.7918	0.7724	0.0000	0.0000
0.7928	0.7729	0.0000	0.0000
0.7938	0.7733	0.0000	0.0000
0.7948	0.7738	0.0000	0.0000
0.7958	0.7742	0.0000	0.0000
0.7968	0.7747	0.0000	0.0000
0.7978	0.7751	0.0000	0.0000
0.7988	0.7755	0.0000	0.0000
0.7998	0.7760	0.0000	0.0000
0.8008	0.7764	0.0000	0.0000
0.8018	0.7769	0.0000	0.0000
0.8028	0.7773	0.0000	0.0000
0.8038	0.7778	0.0000	0.0000
0.8048	0.7782	0.0000	0.0000
0.8058	0.7786	0.0000	0.0000
0.8068	0.7791	0.0000	0.0000
0.8078	0.7795	0.0000	0.0000
0.8088	0.7799	0.0000	0.0000
0.8098	0.7804	0.0000	0.0000
0.8108	0.7808	0.0000	0.0000
0.8118	0.7813	0.0000	0.0000
0.8128	0.7817	0.0000	0.0000
0.8138	0.7821	0.0000	0.0000
0.8148	0.7825	0.0000	0.0000
0.8158	0.7830	0.0000	0.0000
0.8168	0.7834	0.0000	0.0000
0.8178	0.7838	0.0000	0.0000
0.8188	0.7843	0.0000	0.0000
0.8198	0.7847	0.0000	0.0000
0.8208	0.7851	0.0000	0.0000
0.8218	0.7855	0.0000	0.0000
0.8228	0.7860	0.0000	0.0000
0.8238	0.7864	0.0000	0.0000
0.8248	0.7868	0.0000	0.0000
0.8258	0.7872	0.0000	0.0000
0.8268	0.7877	0.0000	0.0000
0.8278	0.7881	0.0000	0.0000
0.8288	0.7885	0.0000	0.0000
0.8298	0.7889	0.0000	0.0000
0.8308	0.7893	0.0000	0.0000
0.8318	0.7898	0.0000	0.0000
0.8328	0.7902	0.0000	0.0000
0.8338	0.7906	0.0000	0.0000
0.8348	0.7910	0.0000	0.0000
0.8358	0.7914	0.0000	0.0000
0.8368	0.7919	0.0000	0.0000
0.8378	0.7923	0.0000	0.0000
0.8388	0.7927	0.0000	0.0000
0.8398	0.7931	0.0000	0.0000
0.8408	0.7935	0.0000	0.0000
0.8418	0.7939	0.0000	0.0000
0.8428	0.7943	0.0000	0.0000
0.8438	0.7948	0.0000	0.0000
0.8448	0.7952	0.0000	0.0000
0.8458	0.7956	0.0000	0.0000
0.8468	0.7960	0.0000	0.0000
0.8478	0.7964	0.0000	0.0000
0.8488	0.7968	0.0000	0.0000
0.8498	0.7972	0.0000	0.0000
0.8509	0.7976	0.0000	0.0000
0.8519	0.7980	0.0000	0.0000
0.8529	0.7984	0.0000	0.0000
0.8539	0.7989	0.0000	0.0000
0.8549	0.7993	0.0000	0.0000
0.8559	0.7997	0.0000	0.0000
0.8569	0.8001	0.0000	0.0000
0.8579	0.8005	0.0000	0.0000
0.8589	0.8009	0.0000	0.0000
0.8599	0.8013	0.0000	0.0000
0.8609	0.8017	0.0000	0.0000
0.8619	0.8021	0.0000	0.0000
0.8629	0.8025	0.0000	0.0000
0.8639	0.8029	0.0000	0.0000
0.8649	0.8033	0.0000	0.0000
0.8659	0.8037	0.0000	0.0000
0.8669	0.8041	0.0000	0.0000
0.8679	0.8045	0.0000	0.0000
0.8689	0.8049	0.0000	0.0000
0.8699	0.8053	0.0000	0.0000
0.8709	0.8057	0.0000	0.0000
0.8719	0.8061	0.0000	0.0000
0.8729	0.8065	0.0000	0.0000
0.8739	0.8069	0.0000	0.0000
0.8749	0.8073	0.0000	0.0000
0.8759	0.8077	0.0000	0.0000
0.8769	0.8081	0.0000	0.0000
0.8779	0.8085	0.0000	0.0000
0.8789	0.8089	0.0000	0.0000
0.8799	0.8094	0.0000	0.0000
0.8809	0.8098	0.0000	0.0000
0.8819	0.8102	0.0000	0.0000
0.8829	0.8105	0.0000	0.0000
0.8839	0.8109	0.0000	0.0000
0.8849	0.8113	0.0000	0.0000
0.8859	0.8117	0.0000	0.0000
0.8869	0.8121	0.0000	0.0000
0.8879	0.8125	0.0000	0.0000
0.8889	0.8129	0.0000	0.0000
0.8899	0.8133	0.0000	0.0000
0.8909	0.8137	0.0000	0.0000
0.8919	0.8141	0.0000	0.0000
0.8929	0.8145	0.0000	0.0000
0.8939	0.8149	0.0000	0.0000
0.8949	0.8153	0.0000	0.0000
0.8959	0.8157	0.0000	0.0000
0.8969	0.8161	0.0000	0.0000
0.8979	0.8165	0.0000	0.0000
0.8989	0.8169	0.0000	0.0000
0.8999	0.8173	0.0000	0.0000
0.9009	0.8177	0.0000	0.0000
0.9019	0.8181	0.0000	0.0000
0.9029	0.8185	0.0000	0.0000
0.9039	0.8189	0.0000	0.0000
0.9049	0.8193	0.0000	0.0000
0.9059	0.8197	0.0000	0.0000
0.9069	0.8201	0.0000	0.0000
0.9079	0.8205	0.0000	0.0000
0.9089	0.8209	0.0000	0.0000
0.9099	0.8213	0.0000	0.0000
0.9109	0.8217	0.0000	0.0000
0.9119	0.8221	0.0000	0.0000
0.9129	0.8225	0.0000	0.0000
0.9139	0.8229	0.0000	0.0000
0.9149	0.8233	0.0000	0.0000
0.9159	0.8237	0.0000	0.0000
0.9169	0.8241	0.0000	0.0000
0.9179	0.8245	0.0000	0.0000
0.9189	0.8249	0.0000	0.0000
0.9199	0.8253	0.0000	0.0000
0.9209	0.8257	0.0000	0.0000
0.9219	0.8261	0.0000	0.0000
0.9229	0.8265	0.0000	0.0000
0.9239	0.8269	0.0000	0.0000
0.9249	0.8273	0.0000	0.0000
0.9259	0.8277	0.0000	0.0000
0.9269	0.8281	0.0000	0.0000
0.9279	0.8285	0.0000	0.0000
0.9289	0.8289	0.0000	0.0000
0.9299	0.8293	0.0000	0.0000
0.9309	0.8297	0.0000	0.0000
0.9319	0.8301	0.0000	0.0000
0.9329	0.8305	0.0000	0.0000
0.9339	0.8309	0.0000	0.0000
0.9349	0.8313	0.0000	0.0000
0.9359	0.8317	0.0000	0.0000
0.9369	0.8321	0.0000	0.0000
0.9379	0.8325	0.0000	0.0000
0.9389	0.8329	0.0000	0.0000
0.9399	0.8333	0.0000	0.0000
0.9409	0.8337	0.0000	0.0000
0.9419	0.8341	0.0000	0.0000
0.9429	0.8345	0.0000	0.0000
0.9439	0.8349	0.0000	0.0000
0.9449	0.8353	0.0000	0.0000
0.9459	0.8358	0.0000	0.0000
0.9469	0.8362	0.0000	0.0000
0.9479	0.8366	0.0000	0.0000
0.9489	0.8370	0.0000	0.0000
0.9499	0.8374	0.0000	0.0000
0.9510	0.8378	0.0000	0.0000
0.9520	0.8382	0.0000	0.0000
0.9530	0.8386	0.0000	0.0000
0.9540	0.8390	0.0000	0.0000
0.9550	0.8394	0.0000	0.0000
0.9560	0.8398	0.0000	0.0000
0.9570	0.8402	0.0000	0.0000
0.9580	0.8407	0.0000	0.0000
0.9590	0.8411	0.0000	0.0000
0.9600	0.8415	0.0000	0.0000
0.9610	0.8419	0.0000	0.0000
0.9620	0.8423	0.0000	0.0000
0.9630	0.8427	0.0000	0.0000
0.9640	0.8431	0.0000	0.0000
0.9650	0.8435	0.0000	0.0000
0.9660	0.8440	0.0000	0.0000
0.9670	0.8444	0.0000	0.0000
0.9680	0.8448	0.0000	0.0000
0.9690	0.8452	0.0000	0.0000
0.9700	0.8456	0.0000	0.0000
0.9710	0.8460	0.0000	0.0000
0.9720	0.8465	0.0000	0.0000
0.9730	0.8469	0.0000	0.0000
0.9740	0.8473	0.0000	0.0000
0.9750	0.8477	0.0000	0.0000
0.9760	0.8481	0.0000	0.0000
0.9770	0.8486	0.0000	0.0000
0.9780	0.8490	0.0000	0.0000
0.9790	0.8494	0.0000	0.0000
0.9800	0.8498	0.0000	0.0000
0.9810	0.8503	0.0000	0.0000
0.9820	0.8507	0.0000	0.0000
0.9830	0.8511	0.0000	0.0000
0.9840	0.8515	0.0000	0.0000
0.9850	0.8520	0.0000	0.0000
0.9860	0.8524	0.0000	0.0000
0.9870	0.8528	0.0000	0.0000
0.9880	0.8533	0.0000	0.0000
0.9890	0.8537	0.0000	0.0000
0.9900	0.8541	0.0000	0.0000
0.9910	0.8545	0.0000	0.0000
0.9920	0.8550	0.0000	0.0000
0.9930	0.8554	0.0000	0.0000
0.9940	0.8559	0.0000	0.0000
0.9950	0.8563	0.0000	0.0000
0.9960	0.8567	0.0000	0.0000
0.9970	0.8572	0.0000	0.0000
0.9980	0.8576	0.0000	0.0000
0.9990	0.8580	0.0000	0.0000
1.0000	0.8585	0.0000	0.0000
0.7558
