0.0000	0.1417	0.0000	0.0000
0.0010	0.1425	0.0000	0.0000
0.0020	0.1434	0.0000	0.0000
0.0030	0.1442	0.0000	0.0000
0.0040	0.1451	0.0000	0.0000
0.0050	0.1459	0.0000	0.0000
0.0060	0.1467	0.0000	0.0000
0.0070	0.1476	0.0000	0.0000
0.0080	0.1484	0.0000	0.0000
0.0090	0.1493	0.0000	0.0000
0.0100	0.1501	0.0000	0.0000
0.0110	0.1509	0.0000	0.0000
0.0120	0.1518	0.0000	0.0000
0.0130	0.1526	0.0000	0.0000
0.0140	0.1535	0.0000	0.0000
0.0150	0.1543	0.0000	0.0000
0.0160	0.1551	0.0000	0.0000
0.0170	0.1560	0.0000	0.0000
0.0180	0.1568	0.0000	0.0000
0.0190	0.1576	0.0000	0.0000
0.0200	0.1585	0.0000	0.0000
0.0210	0.1593	0.0000	0.0000
0.0220	0.1602	0.0000	0.0000
0.0230	0.1610	0.0000	0.0000
0.0240	0.1618	0.0000	0.0000
0.0250	0.1627	0.0000	0.0000
0.0260	0.1635	0.0000	0.0000
0.0270	0.1643	0.0000	0.0000
0.0280	0.1652	0.0000	0.0000
0.0290	0.1660	0.0000	0.0000
0.0300	0.1668	0.0000	0.0000
0.0310	0.1677	0.0000	0.0000
0.0320	0.1685	0.0000	0.0000
0.0330	0.1693	0.0000	0.0000
0.0340	0.1702	0.0000	0.0000
0.0350	0.1710	0.0000	0.0000
0.0360	0.1718	0.0000	0.0000
0.0370	0.1727	0.0000	0.0000
0.0380	0.1735	0.0000	0.0000
0.0390	0.1743	0.0000	0.0000
0.0400	0.1752	0.0000	0.0000
0.0410	0.1760	0.0000	0.0000
0.0420	0.1768	0.0000	0.0000
0.0430	0.1776	0.0000	0.0000
0.0440	0.1785	0.0000	0.0000
0.0450	0.1793	0.0000	0.0000
0.0460	0.1801	0.0000	0.0000
0.0470	0.1810	0.0000	0.0000
0.0480	0.1818	0.0000	0.0000
0.0490	0.1826	0.0000	0.0000
0.0501	0.1834	0.0000	0.0000
0.0511	0.1843	0.0000	0.0000
0.0521	0.1851	0.0000	0.0000
0.0531	0.1859	0.0000	0.0000
0.0541	0.1867	0.0000	0.0000
0.0551	0.1876	0.0000	0.0000
0.0561	0.1884	0.0000	0.0000
0.0571	0.1892	0.0000	0.0000
0.0581	0.1900	0.0000	0.0000
0.0591	0.1909	0.0000	0.0000
0.0601	0.1917	0.0000	0.0000
0.0611	0.1925	0.0000	0.0000
0.0621	0.1933	0.0000	0.0000
0.0631	0.1942	0.0000	0.0000
0.0641	0.1950	0.0000	0.0000
0.0651	0.1958	0.0000	0.0000
0.0661	0.1966	0.0000	0.0000
0.0671	0.1974	0.0000	0.0000
0.0681	0.1983	0.0000	0.0000
0.0691	0.1991	0.0000	0.0000
0.0701	0.1999	0.0000	0.0000
0.0711	0.2007	0.0000	0.0000
0.0721	0.2015	0.0000	0.0000
0.0731	0.2024	0.0000	0.0000
0.0741	0.2032	0.0000	0.0000
0.0751	0.2040	0.0000	0.0000
0.0761	0.2048	0.0000	0.0000
0.0771	0.2056	0.0000	0.0000
0.0781	0.2065	0.0000	0.0000
0.0791	0.2073	0.0000	0.0000
0.0801	0.2081	0.0000	0.0000
0.0811	0.2089	0.0000	0.0000
0.0821	0.2097	0.0000	0.0000
0.0831	0.2105	0.0000	0.0000
0.0841	0.2114	0.0000	0.0000
0.0851	0.2122	0.0000	0.0000
0.0861	0.2130	0.0000	0.0000
0.0871	0.2138	0.0000	0.0000
0.0881	0.2146	0.0000	0.0000
0.0891	0.2154	0.0000	0.0000
0.0901	0.2162	0.0000	0.0000
0.0911	0.2171	0.0000	0.0000
0.0921	0.2179	0.0000	0.0000
0.0931	0.2187	0.0000	0.0000
0.0941	0.2195	0.0000	0.0000
0.0951	0.2203	0.0000	0.0000
0.0961	0.2211	0.0000	0.0000
0.0971	0.2219	0.0000	0.0000
0.0981	0.2227	0.0000	0.0000
0.0991	0.2235	0.0000	0.0000
0.1001	0.2244	0.0000	0.0000
0.1011	0.2252	0.0000	0.0000
0.1021	0.2260	0.0000	0.0000
0.1031	0.2268	0.0000	0.0000
0.1041	0.2276	0.0000	0.0000
0.1051	0.2284	0.0000	0.0000
0.1061	0.2292	0.0000	0.0000
0.1071	0.2300	0.0000	0.0000
0.1081	0.2308	0.0000	0.0000
0.1091	0.2316	0.0000	0.0000
0.1101	0.2324	0.0000	0.0000
0.1111	0.2332	0.0000	0.0000
0.1121	0.2341	0.0000	0.0000
0.1131	0.2349	0.0000	0.0000
0.1141	0.2357	0.0000	0.0000
0.1151	0.2365	0.0000	0.0000
0.1161	0.2373	0.0000	0.0000
0.1171	0.2381	0.0000	0.0000
0.1181	0.2389	0.0000	0.0000
0.1191	0.2397	0.0000	0.0000
0.1201	0.2405	0.0000	0.0000
0.1211	0.2413	0.0000	0.0000
0.1221	0.2421	0.0000	0.0000
0.1231	0.2429	0.0000	0.0000
0.1241	0.2437	0.0000	0.0000
0.1251	0.2445	0.0000	0.0000
0.1261	0.2453	0.0000	0.0000
0.1271	0.2461	0.0000	0.0000
0.1281	0.2469	0.0000	0.0000
0.1291	0.2477	0.0000	0.0000
0.1301	0.2485	0.0000	0.0000
0.1311	0.2493	0.0000	0.0000
0.1321	0.2501	0.0000	0.0000
0.1331	0.2509	0.0000	0.0000
0.1341	0.2517	0.0000	0.0000
0.1351	0.2525	0.0000	0.0000
0.1361	0.2533	0.0000	0.0000
0.1371	0.2541	0.0000	0.0000
0.1381	0.2549	0.0000	0.0000
0.1391	0.2557	0.0000	0.0000
0.1401	0.2565	0.0000	0.0000
0.1411	0.2573	0.0000	0.0000
0.1421	0.2581	0.0000	0.0000
0.1431	0.2589	0.0000	0.0000
0.1441	0.2597	0.0000	0.0000
0.1451	0.2605	0.0000	0.0000
0.1461	0.2613	0.0000	0.0000
0.1471	0.2621	0.0000	0.0000
0.1481	0.2629	0.0000	0.0000
0.1491	0.2636	0.0000	0.0000
0.1502	0.2644	0.0000	0.0000
0.1512	0.2652	0.0000	0.0000
0.1522	0.2660	0.0000	0.0000
0.1532	0.2668	0.0000	0.0000
0.1542	0.2676	0.0000	0.0000
0.1552	0.2684	0.0000	0.0000
0.1562	0.2692	0.0000	0.0000
0.1572	0.2700	0.0000	0.0000
0.1582	0.2708	0.0000	0.0000
0.1592	0.2716	0.0000	0.0000
0.1602	0.2724	0.0000	0.0000
0.1612	0.2731	0.0000	0.0000
0.1622	0.2739	0.0000	0.0000
0.1632	0.2747	0.0000	0.0000
0.1642	0.2755	0.0000	0.0000
0.1652	0.2763	0.0000	0.0000
0.1662	0.2771	0.0000	0.0000
0.1672	0.2779	0.0000	0.0000
0.1682	0.2787	0.0000	0.0000
0.1692	0.2795	0.0000	0.0000
0.1702	0.2802	0.0000	0.0000
0.1712	0.2810	0.0000	0.0000
0.1722	0.2818	0.0000	0.0000
0.1732	0.2826	0.0000	0.0000
0.1742	0.2834	0.0000	0.0000
0.1752	0.2842	0.0000	0.0000
0.1762	0.2850	0.0000	0.0000
0.1772	0.2857	0.0000	0.0000
0.1782	0.2865	0.0000	0.0000
0.1792	0.2873	0.0000	0.0000
0.1802	0.2881	0.0000	0.0000
0.1812	0.2889	0.0000	0.0000
0.1822	0.2897	0.0000	0.0000
0.1832	0.2905	0.0000	0.0000
0.1842	0.2912	0.0000	0.0000
0.1852	0.2920	0.0000	0.0000
0.1862	0.2928	0.0000	0.0000
0.1872	0.2936	0.0000	0.0000
0.1882	0.2944	0.0000	0.0000
0.1892	0.2951	0.0000	0.0000
0.1902	0.2959	0.0000	0.0000
0.1912	0.2967	0.0000	0.0000
0.1922	0.2975	0.0000	0.0000
0.1932	0.2983	0.0000	0.0000
0.1942	0.2991	0.0000	0.0000
0.1952	0.2998	0.0000	0.0000
0.1962	0.3006	0.0000	0.0000
0.1972	0.3014	0.0000	0.0000
0.1982	0.3022	0.0000	0.0000
0.1992	0.3030	0.0000	0.0000
0.2002	0.3037	0.0000	0.0000
0.2012	0.3045	0.0000	0.0000
0.2022	0.3053	0.0000	0.0000
0.2032	0.3061	0.0000	0.0000
0.2042	0.3068	0.0000	0.0000
0.2052	0.3076	0.0000	0.0000
0.2062	0.3084	0.0000	0.0000
0.2072	0.3092	0.0000	0.0000
0.2082	0.3100	0.0000	0.0000
0.2092	0.3107	0.0000	0.0000
0.2102	0.3115	0.0000	0.0000
0.2112	0.3123	0.0000	0.0000
0.2122	0.3131	0.0000	0.0000
0.2132	0.3138	0.0000	0.0000
0.2142	0.3146	0.0000	0.0000
0.2152	0.3154	0.0000	0.0000
0.2162	0.3162	0.0000	0.0000
0.2172	0.3169	0.0000	0.0000
0.2182	0.3177	0.0000	0.0000
0.2192	0.3185	0.0000	0.0000
0.2202	0.3192	0.0000	0.0000
0.2212	0.3200	0.0000	0.0000
0.2222	0.3208	0.0000	0.0000
0.2232	0.3216	0.0000	0.0000
0.2242	0.3223	0.0000	0.0000
0.2252	0.3231	0.0000	0.0000
0.2262	0.3239	0.0000	0.0000
0.2272	0.3247	0.0000	0.0000
0.2282	0.3254	0.0000	0.0000
0.2292	0.3262	0.0000	0.0000
0.2302	0.3270	0.0000	0.0000
0.2312	0.3277	0.0000	0.0000
0.2322	0.3285	0.0000	0.0000
0.2332	0.3293	0.0000	0.0000
0.2342	0.3301	0.0000	0.0000
0.2352	0.3308	0.0000	0.0000
0.2362	0.3316	0.0000	0.0000
0.2372	0.3324	0.0000	0.0000
0.2382	0.3331	0.0000	0.0000
0.2392	0.3339	0.0000	0.0000
0.2402	0.3347	0.0000	0.0000
0.2412	0.3354	0.0000	0.0000
0.2422	0.3362	0.0000	0.0000
0.2432	0.3370	0.0000	0.0000
0.2442	0.3377	0.0000	0.0000
0.2452	0.3385	0.0000	0.0000
0.2462	0.3393	0.0000	0.0000
0.2472	0.3400	0.0000	0.0000
0.2482	0.3408	0.0000	0.0000
0.2492	0.3416	0.0000	0.0000
0.2503	0.3423	0.0000	0.0000
0.2513	0.3431	0.0000	0.0000
0.2523	0.3439	0.0000	0.0000
0.2533	0.3446	0.0000	0.0000
0.2543	0.3454	0.0000	0.0000
0.2553	0.3462	0.0000	0.0000
0.2563	0.3469	0.0000	0.0000
0.2573	0.3477	0.0000	0.0000
0.2583	0.3485	0.0000	0.0000
0.2593	0.3492	0.0000	0.0000
0.2603	0.3500	0.0000	0.0000
0.2613	0.3508	0.0000	0.0000
0.2623	0.3515	0.0000	0.0000
0.2633	0.3523	0.0000	0.0000
0.2643	0.3531	0.0000	0.0000
0.2653	0.3538	0.0000	0.0000
0.2663	0.3546	0.0000	0.0000
0.2673	0.3553	0.0000	0.0000
0.2683	0.3561	0.0000	0.0000
0.2693	0.3569	0.0000	0.0000
0.2703	0.3576	0.0000	0.0000
0.2713	0.3584	0.0000	0.0000
0.2723	0.3592	0.0000	0.0000
0.2733	0.3599	0.0000	0.0000
0.2743	0.3607	0.0000	0.0000
0.2753	0.3614	0.0000	0.0000
0.2763	0.3622	0.0000	0.0000
0.2773	0.3630	0.0000	0.0000
0.2783	0.3637	0.0000	0.0000
0.2793	0.3645	0.0000	0.0000
0.2803	0.3653	0.0000	0.0000
0.2813	0.3660	0.0000	0.0000
0.2823	0.3668	0.0000	0.0000
0.2833	0.3675	0.0000	0.0000
0.2843	0.3683	0.0000	0.0000
0.2853	0.3691	0.0000	0.0000
0.2863	0.3698	0.0000	0.0000
0.2873	0.3706	0.0000	0.0000
0.2883	0.3713	0.0000	0.0000
0.2893	0.3721	0.0000	0.0000
0.2903	0.3729	0.0000	0.0000
0.2913	0.3736	0.0000	0.0000
0.2923	0.3744	0.0000	0.0000
0.2933	0.3751	0.0000	0.0000
0.2943	0.3759	0.0000	0.0000
0.2953	0.3767	0.0000	0.0000
0.2963	0.3774	0.0000	0.0000
0.2973	0.3782	0.0000	0.0000
0.2983	0.3789	0.0000	0.0000
0.2993	0.3797	0.0000	0.0000
0.3003	0.3805	0.0000	0.0000
0.3013	0.3812	0.0000	0.0000
0.3023	0.3820	0.0000	0.0000
0.3033	0.3827	0.0000	0.0000
0.3043	0.3835	0.0000	0.0000
0.3053	0.3842	0.0000	0.0000
0.3063	0.3850	0.0000	0.0000
0.3073	0.3858	0.0000	0.0000
0.3083	0.3865	0.0000	0.0000
0.3093	0.3873	0.0000	0.0000
0.3103	0.3880	0.0000	0.0000
0.3113	0.3888	0.0000	0.0000
0.3123	0.3896	0.0000	0.0000
0.3133	0.3903	0.0000	0.0000
0.3143	0.3911	0.0000	0.0000
0.3153	0.3918	0.0000	0.0000
0.3163	0.3926	0.0000	0.0000
0.3173	0.3933	0.0000	0.0000
0.3183	0.3941	0.0000	0.0000
0.3193	0.3949	0.0000	0.0000
0.3203	0.3956	0.0000	0.0000
0.3213	0.3964	0.0000	0.0000
0.3223	0.3971	0.0000	0.0000
0.3233	0.3979	0.0000	0.0000
0.3243	0.3986	0.0000	0.0000
0.3253	0.3994	0.0000	0.0000
0.3263	0.4002	0.0000	0.0000
0.3273	0.4009	0.0000	0.0000
0.3283	0.4017	0.0000	0.0000
0.3293	0.4024	0.0000	0.0000
0.3303	0.4032	0.0000	0.0000
0.3313	0.4039	0.0000	0.0000
0.3323	0.4047	0.0000	0.0000
0.3333	0.4055	0.0000	0.0000
0.3343	0.4062	0.0000	0.0000
0.3353	0.4070	0.0000	0.0000
0.3363	0.4077	0.0000	0.0000
0.3373	0.4085	0.0000	0.0000
0.3383	0.4092	0.0000	0.0000
0.3393	0.4100	0.0000	0.0000
0.3403	0.4108	0.0000	0.0000
0.3413	0.4115	0.0000	0.0000
0.3423	0.4123	0.0000	0.0000
0.3433	0.4130	0.0000	0.0000
0.3443	0.4138	0.0000	0.0000
0.3453	0.4146	0.0000	0.0000
0.3463	0.4153	0.0000	0.0000
0.3473	0.4161	0.0000	0.0000
0.3483	0.4168	0.0000	0.0000
0.3493	0.4176	0.0000	0.0000
0.3504	0.4183	0.0000	0.0000
0.3514	0.4191	0.0000	0.0000
0.3524	0.4199	0.0000	0.0000
0.3534	0.4206	0.0000	0.0000
0.3544	0.4214	0.0000	0.0000
0.3554	0.4221	0.0000	0.0000
0.3564	0.4229	0.0000	0.0000
0.3574	0.4236	0.0000	0.0000
0.3584	0.4244	0.0000	0.0000
0.3594	0.4252	0.0000	0.0000
0.3604	0.4259	0.0000	0.0000
0.3614	0.4267	0.0000	0.0000
0.3624	0.4274	0.0000	0.0000
0.3634	0.4282	0.0000	0.0000
0.3644	0.4290	0.0000	0.0000
0.3654	0.4297	0.0000	0.0000
0.3664	0.4305	0.0000	0.0000
0.3674	0.4312	0.0000	0.0000
0.3684	0.4320	0.0000	0.0000
0.3694	0.4328	0.0000	0.0000
0.3704	0.4335	0.0000	0.0000
0.3714	0.4343	0.0000	0.0000
0.3724	0.4350	0.0000	0.0000
0.3734	0.4358	0.0000	0.0000
0.3744	0.4366	0.0000	0.0000
0.3754	0.4373	0.0000	0.0000
0.3764	0.4381	0.0000	0.0000
0.3774	0.4388	0.0000	0.0000
0.3784	0.4396	0.0000	0.0000
0.3794	0.4404	0.0000	0.0000
0.3804	0.4411	0.0000	0.0000
0.3814	0.4419	0.0000	0.0000
0.3824	0.4427	0.0000	0.0000
0.3834	0.4434	0.0000	0.0000
0.3844	0.4442	0.0000	0.0000
0.3854	0.4449	0.0000	0.0000
0.3864	0.4457	0.0000	0.0000
0.3874	0.4465	0.0000	0.0000
0.3884	0.4472	0.0000	0.0000
0.3894	0.4480	0.0000	0.0000
0.3904	0.4488	0.0000	0.0000
0.3914	0.4495	0.0000	0.0000
0.3924	0.4503	0.0000	0.0000
0.3934	0.4511	0.0000	0.0000
0.3944	0.4518	0.0000	0.0000
0.3954	0.4526	0.0000	0.0000
0.3964	0.4534	0.0000	0.0000
0.3974	0.4541	0.0000	0.0000
0.3984	0.4549	0.0000	0.0000
0.3994	0.4557	0.0000	0.0000
0.4004	0.4564	0.0000	0.0000
0.4014	0.4572	0.0000	0.0000
0.4024	0.4580	0.0000	0.0000
0.4034	0.4587	0.0000	0.0000
0.4044	0.4595	0.0000	0.0000
0.4054	0.4603	0.0000	0.0000
0.4064	0.4610	0.0000	0.0000
0.4074	0.4618	0.0000	0.0000
0.4084	0.4626	0.0000	0.0000
0.4094	0.4633	0.0000	0.0000
0.4104	0.4641	0.0000	0.0000
0.4114	0.4649	0.0000	0.0000
0.4124	0.4656	0.0000	0.0000
0.4134	0.4664	0.0000	0.0000
0.4144	0.4672	0.0000	0.0000
0.4154	0.4680	0.0000	0.0000
0.4164	0.4687	0.0000	0.0000
0.4174	0.4695	0.0000	0.0000
0.4184	0.4703	0.0000	0.0000
0.4194	0.4711	0.0000	0.0000
0.4204	0.4718	0.0000	0.0000
0.4214	0.4726	0.0000	0.0000
0.4224	0.4734	0.0000	0.0000
0.4234	0.4742	0.0000	0.0000
0.4244	0.4749	0.0000	0.0000
0.4254	0.4757	0.0000	0.0000
0.4264	0.4765	0.0000	0.0000
0.4274	0.4773	0.0000	0.0000
0.4284	0.4780	0.0000	0.0000
0.4294	0.4788	0.0000	0.0000
0.4304	0.4796	0.0000	0.0000
0.4314	0.4804	0.0000	0.0000
0.4324	0.4812	0.0000	0.0000
0.4334	0.4819	0.0000	0.0000
0.4344	0.4827	0.0000	0.0000
0.4354	0.4835	0.0000	0.0000
0.4364	0.4843	0.0000	0.0000
0.4374	0.4851	0.0000	0.0000
0.4384	0.4859	0.0000	0.0000
0.4394	0.4866	0.0000	0.0000
0.4404	0.4874	0.0000	0.0000
0.4414	0.4882	0.0000	0.0000
0.4424	0.4890	0.0000	0.0000
0.4434	0.4898	0.0000	0.0000
0.4444	0.4906	0.0000	0.0000
0.4454	0.4914	0.0000	0.0000
0.4464	0.4921	0.0000	0.0000
0.4474	0.4929	0.0000	0.0000
0.4484	0.4937	0.0000	0.0000
0.4494	0.4945	0.0000	0.0000
0.4505	0.4953	0.0000	0.0000
0.4515	0.4961	0.0000	0.0000
0.4525	0.4969	0.0000	0.0000
0.4535	0.4977	0.0000	0.0000
0.4545	0.4985	0.0000	0.0000
0.4555	0.4993	0.0000	0.0000
0.4565	0.5001	0.0000	0.0000
0.4575	0.5009	0.0000	0.0000
0.4585	0.5017	0.0000	0.0000
0.4595	0.5025	0.0000	0.0000
0.4605	0.5033	0.0000	0.0000
0.4615	0.5041	0.0000	0.0000
0.4625	0.5049	0.0000	0.0000
0.4635	0.5057	0.0000	0.0000
0.4645	0.5065	0.0000	0.0000
0.4655	0.5073	0.0000	0.0000
0.4665	0.5081	0.0000	0.0000
0.4675	0.5089	0.0000	0.0000
0.4685	0.5097	0.0000	0.0000
0.4695	0.5105	0.0000	0.0000
0.4705	0.5113	0.0000	0.0000
0.4715	0.5121	0.0000	0.0000
0.4725	0.5129	0.0000	0.0000
0.4735	0.5137	0.0000	0.0000
0.4745	0.5145	0.0000	0.0000
0.4755	0.5153	0.0000	0.0000
0.4765	0.5161	0.0000	0.0000
0.4775	0.5170	0.0000	0.0000
0.4785	0.5178	0.0000	0.0000
0.4795	0.5186	0.0000	0.0000
0.4805	0.5194	0.0000	0.0000
0.4815	0.5202	0.0000	0.0000
0.4825	0.5210	0.0000	0.0000
0.4835	0.5219	0.0000	0.0000
0.4845	0.5227	0.0000	0.0000
0.4855	0.5235	0.0000	0.0000
0.4865	0.5243	0.0000	0.0000
0.4875	0.5251	0.0000	0.0000
0.4885	0.5260	0.0000	0.0000
0.4895	0.5268	0.0000	0.0000
0.4905	0.5276	0.0000	0.0000
0.4915	0.5284	0.0000	0.0000
0.4925	0.5293	0.0000	0.0000
0.4935	0.5301	0.0000	0.0000
0.4945	0.5309	0.0000	0.0000
0.4955	0.5318	0.0000	0.0000
0.4965	0.5326	0.0000	0.0000
0.4975	0.5334	0.0000	0.0000
0.4985	0.5343	0.0000	0.0000
0.4995	0.5351	0.0000	0.0000
0.5005	0.5363	0.0000	0.0000
0.5015	0.5378	0.0000	0.0000
0.5025	0.5392	0.0000	0.0000
0.5035	0.5407	0.0000	0.0000
0.5045	0.5422	0.0000	0.0000
0.5055	0.5436	0.0000	0.0000
0.5065	0.5451	0.0000	0.0000
0.5075	0.5465	0.0000	0.0000
0.5085	0.5480	0.0000	0.0000
0.5095	0.5494	0.0000	0.0000
0.5105	0.5508	0.0000	0.0000
0.5115	0.5522	0.0000	0.0000
0.5125	0.5536	0.0000	0.0000
0.5135	0.5550	0.0000	0.0000
0.5145	0.5564	0.0000	0.0000
0.5155	0.5578	0.0000	0.0000
0.5165	0.5592	0.0000	0.0000
0.5175	0.5606	0.0000	0.0000
0.5185	0.5619	0.0000	0.0000
0.5195	0.5633	0.0000	0.0000
0.5205	0.5646	0.0000	0.0000
0.5215	0.5660	0.0000	0.0000
0.5225	0.5673	0.0000	0.0000
0.5235	0.5686	0.0000	0.0000
0.5245	0.5699	0.0000	0.0000
0.5255	0.5713	0.0000	0.0000
0.5265	0.5726	0.0000	0.0000
0.5275	0.5739	0.0000	0.0000
0.5285	0.5751	0.0000	0.0000
0.5295	0.5764	0.0000	0.0000
0.5305	0.5777	0.0000	0.0000
0.5315	0.5790	0.0000	0.0000
0.5325	0.5802	0.0000	0.0000
0.5335	0.5815	0.0000	0.0000
0.5345	0.5828	0.0000	0.0000
0.5355	0.5840	0.0000	0.0000
0.5365	0.5852	0.0000	0.0000
0.5375	0.5865	0.0000	0.0000
0.5385	0.5877	0.0000	0.0000
0.5395	0.5889	0.0000	0.0000
0.5405	0.5901	0.0000	0.0000
0.5415	0.5913	0.0000	0.0000
0.5425	0.5925	0.0000	0.0000
0.5435	0.5937	0.0000	0.0000
0.5445	0.5949	0.0000	0.0000
0.5455	0.5961	0.0000	0.0000
0.5465	0.5973	0.0000	0.0000
0.5475	0.5985	0.0000	0.0000
0.5485	0.5996	0.0000	0.0000
0.5495	0.6008	0.0000	0.0000
0.5506	0.6019	0.0000	0.0000
0.5516	0.6031	0.0000	0.0000
0.5526	0.6042	0.0000	0.0000
0.5536	0.6054	0.0000	0.0000
0.5546	0.6065	0.0000	0.0000
0.5556	0.6076	0.0000	0.0000
0.5566	0.6087	0.0000	0.0000
0.5576	0.6098	0.0000	0.0000
0.5586	0.6109	0.0000	0.0000
0.5596	0.6120	0.0000	0.0000
0.5606	0.6131	0.0000	0.0000
0.5616	0.6142	0.0000	0.0000
0.5626	0.6153	0.0000	0.0000
0.5636	0.6164	0.0000	0.0000
0.5646	0.6175	0.0000	0.0000
0.5656	0.6185	0.0000	0.0000
0.5666	0.6196	0.0000	0.0000
0.5676	0.6207	0.0000	0.0000
0.5686	0.6217	0.0000	0.0000
0.5696	0.6228	0.0000	0.0000
0.5706	0.6238	0.0000	0.0000
0.5716	0.6249	0.0000	0.0000
0.5726	0.6259	0.0000	0.0000
0.5736	0.6269	0.0000	0.0000
0.5746	0.6279	0.0000	0.0000
0.5756	0.6290	0.0000	0.0000
0.5766	0.6300	0.0000	0.0000
0.5776	0.6310	0.0000	0.0000
0.5786	0.6320	0.0000	0.0000
0.5796	0.6330	0.0000	0.0000
0.5806	0.6340	0.0000	0.0000
0.5816	0.6350	0.0000	0.0000
0.5826	0.6359	0.0000	0.0000
0.5836	0.6369	0.0000	0.0000
0.5846	0.6379	0.0000	0.0000
0.5856	0.6389	0.0000	0.0000
0.5866	0.6398	0.0000	0.0000
0.5876	0.6408	0.0000	0.0000
0.5886	0.6418	0.0000	0.0000
0.5896	0.6427	0.0000	0.0000
0.5906	0.6436	0.0000	0.0000
0.5916	0.6446	0.0000	0.0000
0.5926	0.6455	0.0000	0.0000
0.5936	0.6465	0.0000	0.0000
0.5946	0.6474	0.0000	0.0000
0.5956	0.6483	0.0000	0.0000
0.5966	0.6492	0.0000	0.0000
0.5976	0.6502	0.0000	0.0000
0.5986	0.6511	0.0000	0.0000
0.5996	0.6520	0.0000	0.0000
0.6006	0.6529	0.0000	0.0000
0.6016	0.6538	0.0000	0.0000
0.6026	0.6547	0.0000	0.0000
0.6036	0.6556	0.0000	0.0000
0.6046	0.6564	0.0000	0.0000
0.6056	0.6573	0.0000	0.0000
0.6066	0.6582	0.0000	0.0000
0.6076	0.6591	0.0000	0.0000
0.6086	0.6600	0.0000	0.0000
0.6096	0.6608	0.0000	0.0000
0.6106	0.6617	0.0000	0.0000
0.6116	0.6625	0.0000	0.0000
0.6126	0.6634	0.0000	0.0000
0.6136	0.6642	0.0000	0.0000
0.6146	0.6651	0.0000	0.0000
0.6156	0.6659	0.0000	0.0000
0.6166	0.6668	0.0000	0.0000
0.6176	0.6676	0.0000	0.0000
0.6186	0.6684	0.0000	0.0000
0.6196	0.6693	0.0000	0.0000
0.6206	0.6701	0.0000	0.0000
0.6216	0.6709	0.0000	0.0000
0.6226	0.6717	0.0000	0.0000
0.6236	0.6725	0.0000	0.0000
0.6246	0.6733	0.0000	0.0000
0.6256	0.6741	0.0000	0.0000
0.6266	0.6749	0.0000	0.0000
0.6276	0.6757	0.0000	0.0000
0.6286	0.6765	0.0000	0.0000
0.6296	0.6773	0.0000	0.0000
0.6306	0.6781	0.0000	0.0000
0.6316	0.6789	0.0000	0.0000
0.6326	0.6797	0.0000	0.0000
0.6336	0.6805	0.0000	0.0000
0.6346	0.6812	0.0000	0.0000
0.6356	0.6820	0.0000	0.0000
0.6366	0.6828	0.0000	0.0000
0.6376	0.6835	0.0000	0.0000
0.6386	0.6843	0.0000	0.0000
0.6396	0.6851	0.0000	0.0000
0.6406	0.6858	0.0000	0.0000
0.6416	0.6866	0.0000	0.0000
0.6426	0.6873	0.0000	0.0000
0.6436	0.6880	0.0000	0.0000
0.6446	0.6888	0.0000	0.0000
0.6456	0.6895	0.0000	0.0000
0.6466	0.6903	0.0000	0.0000
0.6476	0.6910	0.0000	0.0000
0.6486	0.6917	0.0000	0.0000
0.6496	0.6924	0.0000	0.0000
0.6507	0.6932	0.0000	0.0000
0.6517	0.6939	0.0000	0.0000
0.6527	0.6946	0.0000	0.0000
0.6537	0.6953	0.0000	0.0000
0.6547	0.6960	0.0000	0.0000
0.6557	0.6967	0.0000	0.0000
0.6567	0.6974	0.0000	0.0000
0.6577	0.6981	0.0000	0.0000
0.6587	0.6988	0.0000	0.0000
0.6597	0.6995	0.0000	0.0000
0.6607	0.7002	0.0000	0.0000
0.6617	0.7009	0.0000	0.0000
0.6627	0.7016	0.0000	0.0000
0.6637	0.7023	0.0000	0.0000
0.6647	0.7030	0.0000	0.0000
0.6657	0.7036	0.0000	0.0000
0.6667	0.7043	0.0000	0.0000
0.6677	0.7050	0.0000	0.0000
0.6687	0.7057	0.0000	0.0000
0.6697	0.7063	0.0000	0.0000
0.6707	0.7070	0.0000	0.0000
0.6717	0.7077	0.0000	0.0000
0.6727	0.7083	0.0000	0.0000
0.6737	0.7090	0.0000	0.0000
0.6747	0.7096	0.0000	0.0000
0.6757	0.7103	0.0000	0.0000
0.6767	0.7109	0.0000	0.0000
0.6777	0.7116	0.0000	0.0000
0.6787	0.7122	0.0000	0.0000
0.6797	0.7129	0.0000	0.0000
0.6807	0.7135	0.0000	0.0000
0.6817	0.7141	0.0000	0.0000
0.6827	0.7148	0.0000	0.0000
0.6837	0.7154	0.0000	0.0000
0.6847	0.7160	0.0000	0.0000
0.6857	0.7167	0.0000	0.0000
0.6867	0.7173	0.0000	0.0000
0.6877	0.7179	0.0000	0.0000
0.6887	0.7185	0.0000	0.0000
0.6897	0.7191	0.0000	0.0000
0.6907	0.7198	0.0000	0.0000
0.6917	0.7204	0.0000	0.0000
0.6927	0.7210	0.0000	0.0000
0.6937	0.7216	0.0000	0.0000
0.6947	0.7222	0.0000	0.0000
0.6957	0.7228	0.0000	0.0000
0.6967	0.7234	0.0000	0.0000
0.6977	0.7240	0.0000	0.0000
0.6987	0.7246	0.0000	0.0000
0.6997	0.7252	0.0000	0.0000
0.7007	0.7258	0.0000	0.0000
0.7017	0.7264	0.0000	0.0000
0.7027	0.7270	0.0000	0.0000
0.7037	0.7275	0.0000	0.0000
0.7047	0.7281	0.0000	0.0000
0.7057	0.7287	0.0000	0.0000
0.7067	0.7293	0.0000	0.0000
0.7077	0.7299	0.0000	0.0000
0.7087	0.7304	0.0000	0.0000
0.7097	0.7310	0.0000	0.0000
0.7107	0.7316	0.0000	0.0000
0.7117	0.7322	0.0000	0.0000
0.7127	0.7327	0.0000	0.0000
0.7137	0.7333	0.0000	0.0000
0.7147	0.7338	0.0000	0.0000
0.7157	0.7344	0.0000	0.0000
0.7167	0.7350	0.0000	0.0000
0.7177	0.7355	0.0000	0.0000
0.7187	0.7361	0.0000	0.0000
0.7197	0.7366	0.0000	0.0000
0.7207	0.7372	0.0000	0.0000
0.7217	0.7377	0.0000	0.0000
0.7227	0.7383	0.0000	0.0000
0.7237	0.7388	0.0000	0.0000
0.7247	0.7394	0.0000	0.0000
0.7257	0.7399	0.0000	0.0000
0.7267	0.7405	0.0000	0.0000
0.7277	0.7410	0.0000	0.0000
0.7287	0.7415	0.0000	0.0000
0.7297	0.7421	0.0000	0.0000
0.7307	0.7426	0.0000	0.0000
0.7317	0.7431	0.0000	0.0000
0.7327	0.7437	0.0000	0.0000
0.7337	0.7442	0.0000	0.0000
0.7347	0.7447	0.0000	0.0000
0.7357	0.7452	0.0000	0.0000
0.7367	0.7458	0.0000	0.0000
0.7377	0.7463	0.0000	0.0000
0.7387	0.7468	0.0000	0.0000
0.7397	0.7473	0.0000	0.0000
0.7407	0.7478	0.0000	0.0000
0.7417	0.7484	0.0000	0.0000
0.7427	0.7489	0.0000	0.0000
0.7437	0.7494	0.0000	0.0000
0.7447	0.7499	0.0000	0.0000
0.7457	0.7504	0.0000	0.0000
0.7467	0.7509	0.0000	0.0000
0.7477	0.7514	0.0000	0.0000
0.7487	0.7519	0.0000	0.0000
0.7497	0.7524	0.0000	0.0000
0.7508	0.7529	0.0000	0.0000
0.7518	0.7534	0.0000	0.0000
0.7528	0.7539	0.0000	0.0000
0.7538	0.7544	0.0000	0.0000
0.7548	0.7549	0.0000	0.0000
0.7558	0.7554	0.0000	0.0000
0.7568	0.7559	0.0000	0.0000
0.7578	0.7564	0.0000	0.0000
0.7588	0.7569	0.0000	0.0000
0.7598	0.7574	0.0000	0.0000
0.7608	0.7579	0.0000	0.0000
0.7618	0.7584	0.0000	0.0000
0.7628	0.7588	0.0000	0.0000
0.7638	0.7593	0.0000	0.0000
0.7648	0.7598	0.0000	0.0000
0.7658	0.7603	0.0000	0.0000
0.7668	0.7608	0.0000	0.0000
0.7678	0.7612	0.0000	0.0000
0.7688	0.7617	0.0000	0.0000
0.7698	0.7622	0.0000	0.0000
0.7708	0.7627	0.0000	0.0000
0.7718	0.7631	0.0000	0.0000
0.7728	0.7636	0.0000	0.0000
0.7738	0.7641	0.0000	0.0000
0.7748	0.7646	0.0000	0.0000
0.7758	0.7650	0.0000	0.0000
0.7768	0.7655	0.0000	0.0000
0.7778	0.7660	0.0000	0.0000
0.7788	0.7664	0.0000	0.0000
0.7798	0.7669	0.0000	0.0000
0.7808	0.7673	0.0000	0.0000
0.7818	0.7678	0.0000	0.0000
0.7828	0.7683	0.0000	0.0000
0.7838	0.7687	0.0000	0.0000
0.7848	0.7692	0.0000	0.0000
0.7858	0.7696	0.0000	0.0000
0.7868	0.7701	0.0000	0.0000
0.7878	0.7706	0.0000	0.0000
0.7888	0.7710	0.0000	0.0000
0.7898	0.7715	0.0000	0.0000
0.7908	0.7719	0.0000	0.0000
0.7918	0.7724	0.0000	0.0000
0.7928	0.7728	0.0000	0.0000
0.7938	0.7733	0.0000	0.0000
0.7948	0.7737	0.0000	0.0000
0.7958	0.7742	0.0000	0.0000
0.7968	0.7746	0.0000	0.0000
0.7978	0.7750	0.0000	0.0000
0.7988	0.7755	0.0000	0.0000
0.7998	0.7759	0.0000	0.0000
0.8008	0.7764	0.0000	0.0000
0.8018	0.7768	0.0000	0.0000
0.8028	0.7773	0.0000	0.0000
0.8038	0.7777	0.0000	0.0000
0.8048	0.7781	0.0000	0.0000
0.8058	0.7786	0.0000	0.0000
0.8068	0.7790	0.0000	0.0000
0.8078	0.7794	0.0000	0.0000
0.8088	0.7799	0.0000	0.0000
0.8098	0.7803	0.0000	0.0000
0.8108	0.7808	0.0000	0.0000
0.8118	0.7812	0.0000	0.0000
0.8128	0.7816	0.0000	0.0000
0.8138	0.7820	0.0000	0.0000
0.8148	0.7825	0.0000	0.0000
0.8158	0.7829	0.0000	0.0000
0.8168	0.7833	0.0000	0.0000
0.8178	0.7838	0.0000	0.0000
0.8188	0.7842	0.0000	0.0000
0.8198	0.7846	0.0000	0.0000
0.8208	0.7850	0.0000	0.0000
0.8218	0.7855	0.0000	0.0000
0.8228	0.7859	0.0000	0.0000
0.8238	0.7863	0.0000	0.0000
0.8248	0.7867	0.0000	0.0000
0.8258	0.7872	0.0000	0.0000
0.8268	0.7876	0.0000	0.0000
0.8278	0.7880	0.0000	0.0000
0.8288	0.7884	0.0000	0.0000
0.8298	0.7888	0.0000	0.0000
0.8308	0.7893	0.0000	0.0000
0.8318	0.7897	0.0000	0.0000
0.8328	0.7901	0.0000	0.0000
0.8338	0.7905	0.0000	0.0000
0.8348	0.7909	0.0000	0.0000
0.8358	0.7914	0.0000	0.0000
0.8368	0.7918	0.0000	0.0000
0.8378	0.7922	0.0000	0.0000
0.8388	0.7926	0.0000	0.0000
0.8398	0.7930	0.0000	0.0000
0.8408	0.7934	0.0000	0.0000
0.8418	0.7938	0.0000	0.0000
0.8428	0.7943	0.0000	0.0000
0.8438	0.7947	0.0000	0.0000
0.8448	0.7951	0.0000	0.0000
0.8458	0.7955	0.0000	0.0000
0.8468	0.7959	0.0000	0.0000
0.8478	0.7963	0.0000	0.0000
0.8488	0.7967	0.0000	0.0000
0.8498	0.7971	0.0000	0.0000
0.8509	0.7975	0.0000	0.0000
0.8519	0.7979	0.0000	0.0000
0.8529	0.7983	0.0000	0.0000
0.8539	0.7988	0.0000	0.0000
0.8549	0.7992	0.0000	0.0000
0.8559	0.7996	0.0000	0.0000
0.8569	0.8000	0.0000	0.0000
0.8579	0.8004	0.0000	0.0000
0.8589	0.8008	0.0000	0.0000
0.8599	0.8012	0.0000	0.0000
0.8609	0.8016	0.0000	0.0000
0.8619	0.8020	0.0000	0.0000
0.8629	0.8024	0.0000	0.0000
0.8639	0.8028	0.0000	0.0000
0.8649	0.8032	0.0000	0.0000
0.8659	0.8036	0.0000	0.0000
0.8669	0.8040	0.0000	0.0000
0.8679	0.8044	0.0000	0.0000
0.8689	0.8048	0.0000	0.0000
0.8699	0.8052	0.0000	0.0000
0.8709	0.8056	0.0000	0.0000
0.8719	0.8060	0.0000	0.0000
0.8729	0.8064	0.0000	0.0000
0.8739	0.8068	0.0000	0.0000
0.8749	0.8072	0.0000	0.0000
0.8759	0.8076	0.0000	0.0000
0.8769	0.8080	0.0000	0.0000
0.8779	0.8084	0.0000	0.0000
0.8789	0.8088	0.0000	0.0000
0.8799	0.8092	0.0000	0.0000
0.8809	0.8096	0.0000	0.0000
0.8819	0.8100	0.0000	0.0000
0.8829	0.8104	0.0000	0.0000
0.8839	0.8108	0.0000	0.0000
0.8849	0.8112	0.0000	0.0000
0.8859	0.8116	0.0000	0.0000
0.8869	0.8120	0.0000	0.0000
0.8879	0.8124	0.0000	0.0000
0.8889	0.8128	0.0000	0.0000
0.8899	0.8132	0.0000	0.0000
0.8909	0.8136	0.0000	0.0000
0.8919	0.8140	0.0000	0.0000
0.8929	0.8144	0.0000	0.0000
0.8939	0.8148	0.0000	0.0000
0.8949	0.8152	0.0000	0.0000
0.8959	0.8156	0.0000	0.0000
0.8969	0.8160	0.0000	0.0000
0.8979	0.8164	0.0000	0.0000
0.8989	0.8168	0.0000	0.0000
0.8999	0.8172	0.0000	0.0000
0.9009	0.8176	0.0000	0.0000
0.9019	0.8180	0.0000	0.0000
0.9029	0.8184	0.0000	0.0000
0.9039	0.8188	0.0000	0.0000
0.9049	0.8192	0.0000	0.0000
0.9059	0.8196	0.0000	0.0000
0.9069	0.8200	0.0000	0.0000
0.9079	0.8204	0.0000	0.0000
0.9089	0.8208	0.0000	0.0000
0.9099	0.8212	0.0000	0.0000
0.9109	0.8216	0.0000	0.0000
0.9119	0.8220	0.0000	0.0000
0.9129	0.8224	0.0000	0.0000
0.9139	0.8228	0.0000	0.0000
0.9149	0.8232	0.0000	0.0000
0.9159	0.8236	0.0000	0.0000
0.9169	0.8240	0.0000	0.0000
0.9179	0.8244	0.0000	0.0000
0.9189	0.8248	0.0000	0.0000
0.9199	0.8252	0.0000	0.0000
0.9209	0.8256	0.0000	0.0000
0.9219	0.8260	0.0000	0.0000
0.9229	0.8264	0.0000	0.0000
0.9239	0.8268	0.0000	0.0000
0.9249	0.8272	0.0000	0.0000
0.9259	0.8276	0.0000	0.0000
0.9269	0.8280	0.0000	0.0000
0.9279	0.8284	0.0000	0.0000
0.9289	0.8288	0.0000	0.0000
0.9299	0.8292	0.0000	0.0000
0.9309	0.8296	0.0000	0.0000
0.9319	0.8300	0.0000	0.0000
0.9329	0.8304	0.0000	0.0000
0.9339	0.8308	0.0000	0.0000
0.9349	0.8312	0.0000	0.0000
0.9359	0.8316	0.0000	0.0000
0.9369	0.8320	0.0000	0.0000
0.9379	0.8324	0.0000	0.0000
0.9389	0.8328	0.0000	0.0000
0.9399	0.8332	0.0000	0.0000
0.9409	0.8336	0.0000	0.0000
0.9419	0.8340	0.0000	0.0000
0.9429	0.8344	0.0000	0.0000
0.9439	0.8348	0.0000	0.0000
0.9449	0.8352	0.0000	0.0000
0.9459	0.8356	0.0000	0.0000
0.9469	0.8360	0.0000	0.0000
0.9479	0.8364	0.0000	0.0000
0.9489	0.8368	0.0000	0.0000
0.9499	0.8372	0.0000	0.0000
0.9510	0.8376	0.0000	0.0000
0.9520	0.8380	0.0000	0.0000
0.9530	0.8385	0.0000	0.0000
0.9540	0.8389	0.0000	0.0000
0.9550	0.8393	0.0000	0.0000
0.9560	0.8397	0.0000	0.0000
0.9570	0.8401	0.0000	0.0000
0.9580	0.8405	0.0000	0.0000
0.9590	0.8409	0.0000	0.0000
0.9600	0.8413	0.0000	0.0000
0.9610	0.8417	0.0000	0.0000
0.9620	0.8421	0.0000	0.0000
0.9630	0.8426	0.0000	0.0000
0.9640	0.8430	0.0000	0.0000
0.9650	0.8434	0.0000	0.0000
0.9660	0.8438	0.0000	0.0000
0.9670	0.8442	0.0000	0.0000
0.9680	0.8446	0.0000	0.0000
0.9690	0.8451	0.0000	0.0000
0.9700	0.8455	0.0000	0.0000
0.9710	0.8459	0.0000	0.0000
0.9720	0.8463	0.0000	0.0000
0.9730	0.8467	0.0000	0.0000
0.9740	0.8471	0.0000	0.0000
0.9750	0.8476	0.0000	0.0000
0.9760	0.8480	0.0000	0.0000
0.9770	0.8484	0.0000	0.0000
0.9780	0.8488	0.0000	0.0000
0.9790	0.8493	0.0000	0.0000
0.9800	0.8497	0.0000	0.0000
0.9810	0.8501	0.0000	0.0000
0.9820	0.8505	0.0000	0.0000
0.9830	0.8510	0.0000	0.0000
0.9840	0.8514	0.0000	0.0000
0.9850	0.8518	0.0000	0.0000
0.9860	0.8522	0.0000	0.0000
0.9870	0.8527	0.0000	0.0000
0.9880	0.8531	0.0000	0.0000
0.9890	0.8535	0.0000	0.0000
0.9900	0.8540	0.0000	0.0000
0.9910	0.8544	0.0000	0.0000
0.9920	0.8548	0.0000	0.0000
0.9930	0.8553	0.0000	0.0000
0.9940	0.8557	0.0000	0.0000
0.9950	0.8561	0.0000	0.0000
0.9960	0.8566	0.0000	0.0000
0.9970	0.8570	0.0000	0.0000
0.9980	0.8574	0.0000	0.0000
0.9990	0.8579	0.0000	0.0000
1.0000	0.8583	0.0000	0.0000
0.7558
