0.0000	0.1813	0.0000	0.0000
0.0010	0.1820	0.0000	0.0000
0.0020	0.1827	0.0000	0.0000
0.0030	0.1834	0.0000	0.0000
0.0040	0.1840	0.0000	0.0000
0.0050	0.1847	0.0000	0.0000
0.0060	0.1854	0.0000	0.0000
0.0070	0.1861	0.0000	0.0000
0.0080	0.1867	0.0000	0.0000
0.0090	0.1874	0.0000	0.0000
0.0100	0.1881	0.0000	0.0000
0.0110	0.1888	0.0000	0.0000
0.0120	0.1894	0.0000	0.0000
0.0130	0.1901	0.0000	0.0000
0.0140	0.1908	0.0000	0.0000
0.0150	0.1915	0.0000	0.0000
0.0160	0.1921	0.0000	0.0000
0.0170	0.1928	0.0000	0.0000
0.0180	0.1935	0.0000	0.0000
0.0190	0.1942	0.0000	0.0000
0.0200	0.1948	0.0000	0.0000
0.0210	0.1955	0.0000	0.0000
0.0220	0.1962	0.0000	0.0000
0.0230	0.1968	0.0000	0.0000
0.0240	0.1975	0.0000	0.0000
0.0250	0.1982	0.0000	0.0000
0.0260	0.1988	0.0000	0.0000
0.0270	0.1995	0.0000	0.0000
0.0280	0.2002	0.0000	0.0000
0.0290	0.2008	0.0000	0.0000
0.0300	0.2015	0.0000	0.0000
0.0310	0.2021	0.0000	0.0000
0.0320	0.2028	0.0000	0.0000
0.0330	0.2035	0.0000	0.0000
0.0340	0.2041	0.0000	0.0000
0.0350	0.2048	0.0000	0.0000
0.0360	0.2054	0.0000	0.0000
0.0370	0.2061	0.0000	0.0000
0.0380	0.2068	0.0000	0.0000
0.0390	0.2074	0.0000	0.0000
0.0400	0.2081	0.0000	0.0000
0.0410	0.2087	0.0000	0.0000
0.0420	0.2094	0.0000	0.0000
0.0430	0.2100	0.0000	0.0000
0.0440	0.2107	0.0000	0.0000
0.0450	0.2114	0.0000	0.0000
0.0460	0.2120	0.0000	0.0000
0.0470	0.2127	0.0000	0.0000
0.0480	0.2133	0.0000	0.0000
0.0490	0.2140	0.0000	0.0000
0.0501	0.2146	0.0000	0.0000
0.0511	0.2153	0.0000	0.0000
0.0521	0.2159	0.0000	0.0000
0.0531	0.2166	0.0000	0.0000
0.0541	0.2172	0.0000	0.0000
0.0551	0.2179	0.0000	0.0000
0.0561	0.2185	0.0000	0.0000
0.0571	0.2191	0.0000	0.0000
0.0581	0.2198	0.0000	0.0000
0.0591	0.2204	0.0000	0.0000
0.0601	0.2211	0.0000	0.0000
0.0611	0.2217	0.0000	0.0000
0.0621	0.2224	0.0000	0.0000
0.0631	0.2230	0.0000	0.0000
0.0641	0.2237	0.0000	0.0000
0.0651	0.2243	0.0000	0.0000
0.0661	0.2249	0.0000	0.0000
0.0671	0.2256	0.0000	0.0000
0.0681	0.2262	0.0000	0.0000
0.0691	0.2269	0.0000	0.0000
0.0701	0.2275	0.0000	0.0000
0.0711	0.2281	0.0000	0.0000
0.0721	0.2288	0.0000	0.0000
0.0731	0.2294	0.0000	0.0000
0.0741	0.2300	0.0000	0.0000
0.0751	0.2307	0.0000	0.0000
0.0761	0.2313	0.0000	0.0000
0.0771	0.2319	0.0000	0.0000
0.0781	0.2326	0.0000	0.0000
0.0791	0.2332	0.0000	0.0000
0.0801	0.2338	0.0000	0.0000
0.0811	0.2345	0.0000	0.0000
0.0821	0.2351	0.0000	0.0000
0.0831	0.2357	0.0000	0.0000
0.0841	0.2364	0.0000	0.0000
0.0851	0.2370	0.0000	0.0000
0.0861	0.2376	0.0000	0.0000
0.0871	0.2382	0.0000	0.0000
0.0881	0.2389	0.0000	0.0000
0.0891	0.2395	0.0000	0.0000
0.0901	0.2401	0.0000	0.0000
0.0911	0.2408	0.0000	0.0000
0.0921	0.2414	0.0000	0.0000
0.0931	0.2420	0.0000	0.0000
0.0941	0.2426	0.0000	0.0000
0.0951	0.2432	0.0000	0.0000
0.0961	0.2439	0.0000	0.0000
0.0971	0.2445	0.0000	0.0000
0.0981	0.2451	0.0000	0.0000
0.0991	0.2457	0.0000	0.0000
0.1001	0.2464	0.0000	0.0000
0.1011	0.2470	0.0000	0.0000
0.1021	0.2476	0.0000	0.0000
0.1031	0.2482	0.0000	0.0000
0.1041	0.2488	0.0000	0.0000
0.1051	0.2495	0.0000	0.0000
0.1061	0.2501	0.0000	0.0000
0.1071	0.2507	0.0000	0.0000
0.1081	0.2513	0.0000	0.0000
0.1091	0.2519	0.0000	0.0000
0.1101	0.2525	0.0000	0.0000
0.1111	0.2531	0.0000	0.0000
0.1121	0.2538	0.0000	0.0000
0.1131	0.2544	0.0000	0.0000
0.1141	0.2550	0.0000	0.0000
0.1151	0.2556	0.0000	0.0000
0.1161	0.2562	0.0000	0.0000
0.1171	0.2568	0.0000	0.0000
0.1181	0.2574	0.0000	0.0000
0.1191	0.2580	0.0000	0.0000
0.1201	0.2587	0.0000	0.0000
0.1211	0.2593	0.0000	0.0000
0.1221	0.2599	0.0000	0.0000
0.1231	0.2605	0.0000	0.0000
0.1241	0.2611	0.0000	0.0000
0.1251	0.2617	0.0000	0.0000
0.1261	0.2623	0.0000	0.0000
0.1271	0.2629	0.0000	0.0000
0.1281	0.2635	0.0000	0.0000
0.1291	0.2641	0.0000	0.0000
0.1301	0.2647	0.0000	0.0000
0.1311	0.2653	0.0000	0.0000
0.1321	0.2659	0.0000	0.0000
0.1331	0.2665	0.0000	0.0000
0.1341	0.2671	0.0000	0.0000
0.1351	0.2677	0.0000	0.0000
0.1361	0.2683	0.0000	0.0000
0.1371	0.2689	0.0000	0.0000
0.1381	0.2696	0.0000	0.0000
0.1391	0.2702	0.0000	0.0000
0.1401	0.2708	0.0000	0.0000
0.1411	0.2714	0.0000	0.0000
0.1421	0.2720	0.0000	0.0000
0.1431	0.2725	0.0000	0.0000
0.1441	0.2731	0.0000	0.0000
0.1451	0.2737	0.0000	0.0000
0.1461	0.2743	0.0000	0.0000
0.1471	0.2749	0.0000	0.0000
0.1481	0.2755	0.0000	0.0000
0.1491	0.2761	0.0000	0.0000
0.1502	0.2767	0.0000	0.0000
0.1512	0.2773	0.0000	0.0000
0.1522	0.2779	0.0000	0.0000
0.1532	0.2785	0.0000	0.0000
0.1542	0.2791	0.0000	0.0000
0.1552	0.2797	0.0000	0.0000
0.1562	0.2803	0.0000	0.0000
0.1572	0.2809	0.0000	0.0000
0.1582	0.2815	0.0000	0.0000
0.1592	0.2821	0.0000	0.0000
0.1602	0.2827	0.0000	0.0000
0.1612	0.2833	0.0000	0.0000
0.1622	0.2838	0.0000	0.0000
0.1632	0.2844	0.0000	0.0000
0.1642	0.2850	0.0000	0.0000
0.1652	0.2856	0.0000	0.0000
0.1662	0.2862	0.0000	0.0000
0.1672	0.2868	0.0000	0.0000
0.1682	0.2874	0.0000	0.0000
0.1692	0.2880	0.0000	0.0000
0.1702	0.2886	0.0000	0.0000
0.1712	0.2891	0.0000	0.0000
0.1722	0.2897	0.0000	0.0000
0.1732	0.2903	0.0000	0.0000
0.1742	0.2909	0.0000	0.0000
0.1752	0.2915	0.0000	0.0000
0.1762	0.2921	0.0000	0.0000
0.1772	0.2927	0.0000	0.0000
0.1782	0.2932	0.0000	0.0000
0.1792	0.2938	0.0000	0.0000
0.1802	0.2944	0.0000	0.0000
0.1812	0.2950	0.0000	0.0000
0.1822	0.2956	0.0000	0.0000
0.1832	0.2962	0.0000	0.0000
0.1842	0.2967	0.0000	0.0000
0.1852	0.2973	0.0000	0.0000
0.1862	0.2979	0.0000	0.0000
0.1872	0.2985	0.0000	0.0000
0.1882	0.2991	0.0000	0.0000
0.1892	0.2997	0.0000	0.0000
0.1902	0.3002	0.0000	0.0000
0.1912	0.3008	0.0000	0.0000
0.1922	0.3014	0.0000	0.0000
0.1932	0.3020	0.0000	0.0000
0.1942	0.3026	0.0000	0.0000
0.1952	0.3031	0.0000	0.0000
0.1962	0.3037	0.0000	0.0000
0.1972	0.3043	0.0000	0.0000
0.1982	0.3049	0.0000	0.0000
0.1992	0.3054	0.0000	0.0000
0.2002	0.3060	0.0000	0.0000
0.2012	0.3066	0.0000	0.0000
0.2022	0.3072	0.0000	0.0000
0.2032	0.3078	0.0000	0.0000
0.2042	0.3083	0.0000	0.0000
0.2052	0.3089	0.0000	0.0000
0.2062	0.3095	0.0000	0.0000
0.2072	0.3101	0.0000	0.0000
0.2082	0.3106	0.0000	0.0000
0.2092	0.3112	0.0000	0.0000
0.2102	0.3118	0.0000	0.0000
0.2112	0.3124	0.0000	0.0000
0.2122	0.3129	0.0000	0.0000
0.2132	0.3135	0.0000	0.0000
0.2142	0.3141	0.0000	0.0000
0.2152	0.3147	0.0000	0.0000
0.2162	0.3152	0.0000	0.0000
0.2172	0.3158	0.0000	0.0000
0.2182	0.3164	0.0000	0.0000
0.2192	0.3170	0.0000	0.0000
0.2202	0.3175	0.0000	0.0000
0.2212	0.3181	0.0000	0.0000
0.2222	0.3187	0.0000	0.0000
0.2232	0.3193	0.0000	0.0000
0.2242	0.3198	0.0000	0.0000
0.2252	0.3204	0.0000	0.0000
0.2262	0.3210	0.0000	0.0000
0.2272	0.3216	0.0000	0.0000
0.2282	0.3221	0.0000	0.0000
0.2292	0.3227	0.0000	0.0000
0.2302	0.3233	0.0000	0.0000
0.2312	0.3238	0.0000	0.0000
0.2322	0.3244	0.0000	0.0000
0.2332	0.3250	0.0000	0.0000
0.2342	0.3256	0.0000	0.0000
0.2352	0.3261	0.0000	0.0000
0.2362	0.3267	0.0000	0.0000
0.2372	0.3273	0.0000	0.0000
0.2382	0.3278	0.0000	0.0000
0.2392	0.3284	0.0000	0.0000
0.2402	0.3290	0.0000	0.0000
0.2412	0.3296	0.0000	0.0000
0.2422	0.3301	0.0000	0.0000
0.2432	0.3307	0.0000	0.0000
0.2442	0.3313	0.0000	0.0000
0.2452	0.3318	0.0000	0.0000
0.2462	0.3324	0.0000	0.0000
0.2472	0.3330	0.0000	0.0000
0.2482	0.3336	0.0000	0.0000
0.2492	0.3341	0.0000	0.0000
0.2503	0.3347	0.0000	0.0000
0.2513	0.3353	0.0000	0.0000
0.2523	0.3358	0.0000	0.0000
0.2533	0.3364	0.0000	0.0000
0.2543	0.3370	0.0000	0.0000
0.2553	0.3376	0.0000	0.0000
0.2563	0.3381	0.0000	0.0000
0.2573	0.3387	0.0000	0.0000
0.2583	0.3393	0.0000	0.0000
0.2593	0.3398	0.0000	0.0000
0.2603	0.3404	0.0000	0.0000
0.2613	0.3410	0.0000	0.0000
0.2623	0.3416	0.0000	0.0000
0.2633	0.3421	0.0000	0.0000
0.2643	0.3427	0.0000	0.0000
0.2653	0.3433	0.0000	0.0000
0.2663	0.3438	0.0000	0.0000
0.2673	0.3444	0.0000	0.0000
0.2683	0.3450	0.0000	0.0000
0.2693	0.3456	0.0000	0.0000
0.2703	0.3461	0.0000	0.0000
0.2713	0.3467	0.0000	0.0000
0.2723	0.3473	0.0000	0.0000
0.2733	0.3478	0.0000	0.0000
0.2743	0.3484	0.0000	0.0000
0.2753	0.3490	0.0000	0.0000
0.2763	0.3496	0.0000	0.0000
0.2773	0.3501	0.0000	0.0000
0.2783	0.3507	0.0000	0.0000
0.2793	0.3513	0.0000	0.0000
0.2803	0.3519	0.0000	0.0000
0.2813	0.3524	0.0000	0.0000
0.2823	0.3530	0.0000	0.0000
0.2833	0.3536	0.0000	0.0000
0.2843	0.3541	0.0000	0.0000
0.2853	0.3547	0.0000	0.0000
0.2863	0.3553	0.0000	0.0000
0.2873	0.3559	0.0000	0.0000
0.2883	0.3564	0.0000	0.0000
0.2893	0.3570	0.0000	0.0000
0.2903	0.3576	0.0000	0.0000
0.2913	0.3582	0.0000	0.0000
0.2923	0.3588	0.0000	0.0000
0.2933	0.3593	0.0000	0.0000
0.2943	0.3599	0.0000	0.0000
0.2953	0.3605	0.0000	0.0000
0.2963	0.3611	0.0000	0.0000
0.2973	0.3616	0.0000	0.0000
0.2983	0.3622	0.0000	0.0000
0.2993	0.3628	0.0000	0.0000
0.3003	0.3634	0.0000	0.0000
0.3013	0.3639	0.0000	0.0000
0.3023	0.3645	0.0000	0.0000
0.3033	0.3651	0.0000	0.0000
0.3043	0.3657	0.0000	0.0000
0.3053	0.3663	0.0000	0.0000
0.3063	0.3668	0.0000	0.0000
0.3073	0.3674	0.0000	0.0000
0.3083	0.3680	0.0000	0.0000
0.3093	0.3686	0.0000	0.0000
0.3103	0.3692	0.0000	0.0000
0.3113	0.3698	0.0000	0.0000
0.3123	0.3703	0.0000	0.0000
0.3133	0.3709	0.0000	0.0000
0.3143	0.3715	0.0000	0.0000
0.3153	0.3721	0.0000	0.0000
0.3163	0.3727	0.0000	0.0000
0.3173	0.3733	0.0000	0.0000
0.3183	0.3738	0.0000	0.0000
0.3193	0.3744	0.0000	0.0000
0.3203	0.3750	0.0000	0.0000
0.3213	0.3756	0.0000	0.0000
0.3223	0.3762	0.0000	0.0000
0.3233	0.3768	0.0000	0.0000
0.3243	0.3774	0.0000	0.0000
0.3253	0.3780	0.0000	0.0000
0.3263	0.3785	0.0000	0.0000
0.3273	0.3791	0.0000	0.0000
0.3283	0.3797	0.0000	0.0000
0.3293	0.3803	0.0000	0.0000
0.3303	0.3809	0.0000	0.0000
0.3313	0.3815	0.0000	0.0000
0.3323	0.3821	0.0000	0.0000
0.3333	0.3827	0.0000	0.0000
0.3343	0.3833	0.0000	0.0000
0.3353	0.3839	0.0000	0.0000
0.3363	0.3845	0.0000	0.0000
0.3373	0.3851	0.0000	0.0000
0.3383	0.3857	0.0000	0.0000
0.3393	0.3863	0.0000	0.0000
0.3403	0.3869	0.0000	0.0000
0.3413	0.3875	0.0000	0.0000
0.3423	0.3881	0.0000	0.0000
0.3433	0.3887	0.0000	0.0000
0.3443	0.3893	0.0000	0.0000
0.3453	0.3899	0.0000	0.0000
0.3463	0.3905	0.0000	0.0000
0.3473	0.3911	0.0000	0.0000
0.3483	0.3917	0.0000	0.0000
0.3493	0.3923	0.0000	0.0000
0.3504	0.3929	0.0000	0.0000
0.3514	0.3935	0.0000	0.0000
0.3524	0.3941	0.0000	0.0000
0.3534	0.3947	0.0000	0.0000
0.3544	0.3953	0.0000	0.0000
0.3554	0.3959	0.0000	0.0000
0.3564	0.3965	0.0000	0.0000
0.3574	0.3971	0.0000	0.0000
0.3584	0.3977	0.0000	0.0000
0.3594	0.3984	0.0000	0.0000
0.3604	0.3990	0.0000	0.0000
0.3614	0.3996	0.0000	0.0000
0.3624	0.4002	0.0000	0.0000
0.3634	0.4008	0.0000	0.0000
0.3644	0.4014	0.0000	0.0000
0.3654	0.4021	0.0000	0.0000
0.3664	0.4027	0.0000	0.0000
0.3674	0.4033	0.0000	0.0000
0.3684	0.4039	0.0000	0.0000
0.3694	0.4045	0.0000	0.0000
0.3704	0.4052	0.0000	0.0000
0.3714	0.4058	0.0000	0.0000
0.3724	0.4064	0.0000	0.0000
0.3734	0.4070	0.0000	0.0000
0.3744	0.4077	0.0000	0.0000
0.3754	0.4083	0.0000	0.0000
0.3764	0.4089	0.0000	0.0000
0.3774	0.4096	0.0000	0.0000
0.3784	0.4102	0.0000	0.0000
0.3794	0.4108	0.0000	0.0000
0.3804	0.4114	0.0000	0.0000
0.3814	0.4121	0.0000	0.0000
0.3824	0.4127	0.0000	0.0000
0.3834	0.4134	0.0000	0.0000
0.3844	0.4140	0.0000	0.0000
0.3854	0.4146	0.0000	0.0000
0.3864	0.4153	0.0000	0.0000
0.3874	0.4159	0.0000	0.0000
0.3884	0.4166	0.0000	0.0000
0.3894	0.4172	0.0000	0.0000
0.3904	0.4179	0.0000	0.0000
0.3914	0.4185	0.0000	0.0000
0.3924	0.4191	0.0000	0.0000
0.3934	0.4198	0.0000	0.0000
0.3944	0.4204	0.0000	0.0000
0.3954	0.4211	0.0000	0.0000
0.3964	0.4218	0.0000	0.0000
0.3974	0.4224	0.0000	0.0000
0.3984	0.4231	0.0000	0.0000
0.3994	0.4237	0.0000	0.0000
0.4004	0.4244	0.0000	0.0000
0.4014	0.4250	0.0000	0.0000
0.4024	0.4257	0.0000	0.0000
0.4034	0.4264	0.0000	0.0000
0.4044	0.4270	0.0000	0.0000
0.4054	0.4277	0.0000	0.0000
0.4064	0.4284	0.0000	0.0000
0.4074	0.4290	0.0000	0.0000
0.4084	0.4297	0.0000	0.0000
0.4094	0.4304	0.0000	0.0000
0.4104	0.4311	0.0000	0.0000
0.4114	0.4317	0.0000	0.0000
0.4124	0.4324	0.0000	0.0000
0.4134	0.4331	0.0000	0.0000
0.4144	0.4338	0.0000	0.0000
0.4154	0.4344	0.0000	0.0000
0.4164	0.4351	0.0000	0.0000
0.4174	0.4358	0.0000	0.0000
0.4184	0.4365	0.0000	0.0000
0.4194	0.4372	0.0000	0.0000
0.4204	0.4379	0.0000	0.0000
0.4214	0.4386	0.0000	0.0000
0.4224	0.4393	0.0000	0.0000
0.4234	0.4400	0.0000	0.0000
0.4244	0.4407	0.0000	0.0000
0.4254	0.4414	0.0000	0.0000
0.4264	0.4421	0.0000	0.0000
0.4274	0.4428	0.0000	0.0000
0.4284	0.4435	0.0000	0.0000
0.4294	0.4442	0.0000	0.0000
0.4304	0.4449	0.0000	0.0000
0.4314	0.4456	0.0000	0.0000
0.4324	0.4463	0.0000	0.0000
0.4334	0.4470	0.0000	0.0000
0.4344	0.4477	0.0000	0.0000
0.4354	0.4485	0.0000	0.0000
0.4364	0.4492	0.0000	0.0000
0.4374	0.4499	0.0000	0.0000
0.4384	0.4506	0.0000	0.0000
0.4394	0.4514	0.0000	0.0000
0.4404	0.4521	0.0000	0.0000
0.4414	0.4528	0.0000	0.0000
0.4424	0.4535	0.0000	0.0000
0.4434	0.4543	0.0000	0.0000
0.4444	0.4550	0.0000	0.0000
0.4454	0.4558	0.0000	0.0000
0.4464	0.4565	0.0000	0.0000
0.4474	0.4572	0.0000	0.0000
0.4484	0.4580	0.0000	0.0000
0.4494	0.4587	0.0000	0.0000
0.4505	0.4595	0.0000	0.0000
0.4515	0.4602	0.0000	0.0000
0.4525	0.4610	0.0000	0.0000
0.4535	0.4618	0.0000	0.0000
0.4545	0.4625	0.0000	0.0000
0.4555	0.4633	0.0000	0.0000
0.4565	0.4640	0.0000	0.0000
0.4575	0.4648	0.0000	0.0000
0.4585	0.4656	0.0000	0.0000
0.4595	0.4664	0.0000	0.0000
0.4605	0.4671	0.0000	0.0000
0.4615	0.4679	0.0000	0.0000
0.4625	0.4687	0.0000	0.0000
0.4635	0.4695	0.0000	0.0000
0.4645	0.4703	0.0000	0.0000
0.4655	0.4710	0.0000	0.0000
0.4665	0.4718	0.0000	0.0000
0.4675	0.4726	0.0000	0.0000
0.4685	0.4734	0.0000	0.0000
0.4695	0.4742	0.0000	0.0000
0.4705	0.4750	0.0000	0.0000
0.4715	0.4758	0.0000	0.0000
0.4725	0.4766	0.0000	0.0000
0.4735	0.4774	0.0000	0.0000
0.4745	0.4783	0.0000	0.0000
0.4755	0.4791	0.0000	0.0000
0.4765	0.4799	0.0000	0.0000
0.4775	0.4807	0.0000	0.0000
0.4785	0.4815	0.0000	0.0000
0.4795	0.4824	0.0000	0.0000
0.4805	0.4832	0.0000	0.0000
0.4815	0.4840	0.0000	0.0000
0.4825	0.4849	0.0000	0.0000
0.4835	0.4857	0.0000	0.0000
0.4845	0.4865	0.0000	0.0000
0.4855	0.4874	0.0000	0.0000
0.4865	0.4882	0.0000	0.0000
0.4875	0.4891	0.0000	0.0000
0.4885	0.4899	0.0000	0.0000
0.4895	0.4908	0.0000	0.0000
0.4905	0.4917	0.0000	0.0000
0.4915	0.4925	0.0000	0.0000
0.4925	0.4934	0.0000	0.0000
0.4935	0.4943	0.0000	0.0000
0.4945	0.4951	0.0000	0.0000
0.4955	0.4960	0.0000	0.0000
0.4965	0.4969	0.0000	0.0000
0.4975	0.4978	0.0000	0.0000
0.4985	0.4987	0.0000	0.0000
0.4995	0.4996	0.0000	0.0000
0.5005	0.5005	0.0000	0.0000
0.5015	0.5014	0.0000	0.0000
0.5025	0.5023	0.0000	0.0000
0.5035	0.5031	0.0000	0.0000
0.5045	0.5040	0.0000	0.0000
0.5055	0.5049	0.0000	0.0000
0.5065	0.5058	0.0000	0.0000
0.5075	0.5066	0.0000	0.0000
0.5085	0.5075	0.0000	0.0000
0.5095	0.5084	0.0000	0.0000
0.5105	0.5092	0.0000	0.0000
0.5115	0.5101	0.0000	0.0000
0.5125	0.5110	0.0000	0.0000
0.5135	0.5118	0.0000	0.0000
0.5145	0.5127	0.0000	0.0000
0.5155	0.5135	0.0000	0.0000
0.5165	0.5143	0.0000	0.0000
0.5175	0.5152	0.0000	0.0000
0.5185	0.5160	0.0000	0.0000
0.5195	0.5169	0.0000	0.0000
0.5205	0.5177	0.0000	0.0000
0.5215	0.5185	0.0000	0.0000
0.5225	0.5193	0.0000	0.0000
0.5235	0.5202	0.0000	0.0000
0.5245	0.5210	0.0000	0.0000
0.5255	0.5218	0.0000	0.0000
0.5265	0.5226	0.0000	0.0000
0.5275	0.5234	0.0000	0.0000
0.5285	0.5242	0.0000	0.0000
0.5295	0.5250	0.0000	0.0000
0.5305	0.5258	0.0000	0.0000
0.5315	0.5266	0.0000	0.0000
0.5325	0.5274	0.0000	0.0000
0.5335	0.5282	0.0000	0.0000
0.5345	0.5290	0.0000	0.0000
0.5355	0.5298	0.0000	0.0000
0.5365	0.5306	0.0000	0.0000
0.5375	0.5314	0.0000	0.0000
0.5385	0.5322	0.0000	0.0000
0.5395	0.5329	0.0000	0.0000
0.5405	0.5337	0.0000	0.0000
0.5415	0.5345	0.0000	0.0000
0.5425	0.5352	0.0000	0.0000
0.5435	0.5360	0.0000	0.0000
0.5445	0.5368	0.0000	0.0000
0.5455	0.5375	0.0000	0.0000
0.5465	0.5383	0.0000	0.0000
0.5475	0.5391	0.0000	0.0000
0.5485	0.5398	0.0000	0.0000
0.5495	0.5406	0.0000	0.0000
0.5506	0.5413	0.0000	0.0000
0.5516	0.5421	0.0000	0.0000
0.5526	0.5428	0.0000	0.0000
0.5536	0.5436	0.0000	0.0000
0.5546	0.5443	0.0000	0.0000
0.5556	0.5450	0.0000	0.0000
0.5566	0.5458	0.0000	0.0000
0.5576	0.5465	0.0000	0.0000
0.5586	0.5473	0.0000	0.0000
0.5596	0.5480	0.0000	0.0000
0.5606	0.5487	0.0000	0.0000
0.5616	0.5494	0.0000	0.0000
0.5626	0.5502	0.0000	0.0000
0.5636	0.5509	0.0000	0.0000
0.5646	0.5516	0.0000	0.0000
0.5656	0.5523	0.0000	0.0000
0.5666	0.5530	0.0000	0.0000
0.5676	0.5538	0.0000	0.0000
0.5686	0.5545	0.0000	0.0000
0.5696	0.5552	0.0000	0.0000
0.5706	0.5559	0.0000	0.0000
0.5716	0.5566	0.0000	0.0000
0.5726	0.5573	0.0000	0.0000
0.5736	0.5580	0.0000	0.0000
0.5746	0.5587	0.0000	0.0000
0.5756	0.5594	0.0000	0.0000
0.5766	0.5601	0.0000	0.0000
0.5776	0.5608	0.0000	0.0000
0.5786	0.5615	0.0000	0.0000
0.5796	0.5622	0.0000	0.0000
0.5806	0.5629	0.0000	0.0000
0.5816	0.5636	0.0000	0.0000
0.5826	0.5643	0.0000	0.0000
0.5836	0.5649	0.0000	0.0000
0.5846	0.5656	0.0000	0.0000
0.5856	0.5663	0.0000	0.0000
0.5866	0.5670	0.0000	0.0000
0.5876	0.5677	0.0000	0.0000
0.5886	0.5683	0.0000	0.0000
0.5896	0.5690	0.0000	0.0000
0.5906	0.5697	0.0000	0.0000
0.5916	0.5704	0.0000	0.0000
0.5926	0.5710	0.0000	0.0000
0.5936	0.5717	0.0000	0.0000
0.5946	0.5724	0.0000	0.0000
0.5956	0.5730	0.0000	0.0000
0.5966	0.5737	0.0000	0.0000
0.5976	0.5744	0.0000	0.0000
0.5986	0.5750	0.0000	0.0000
0.5996	0.5757	0.0000	0.0000
0.6006	0.5764	0.0000	0.0000
0.6016	0.5770	0.0000	0.0000
0.6026	0.5777	0.0000	0.0000
0.6036	0.5783	0.0000	0.0000
0.6046	0.5790	0.0000	0.0000
0.6056	0.5796	0.0000	0.0000
0.6066	0.5803	0.0000	0.0000
0.6076	0.5809	0.0000	0.0000
0.6086	0.5816	0.0000	0.0000
0.6096	0.5822	0.0000	0.0000
0.6106	0.5829	0.0000	0.0000
0.6116	0.5835	0.0000	0.0000
0.6126	0.5842	0.0000	0.0000
0.6136	0.5848	0.0000	0.0000
0.6146	0.5854	0.0000	0.0000
0.6156	0.5861	0.0000	0.0000
0.6166	0.5867	0.0000	0.0000
0.6176	0.5874	0.0000	0.0000
0.6186	0.5880	0.0000	0.0000
0.6196	0.5886	0.0000	0.0000
0.6206	0.5893	0.0000	0.0000
0.6216	0.5899	0.0000	0.0000
0.6226	0.5905	0.0000	0.0000
0.6236	0.5912	0.0000	0.0000
0.6246	0.5918	0.0000	0.0000
0.6256	0.5924	0.0000	0.0000
0.6266	0.5930	0.0000	0.0000
0.6276	0.5937	0.0000	0.0000
0.6286	0.5943	0.0000	0.0000
0.6296	0.5949	0.0000	0.0000
0.6306	0.5955	0.0000	0.0000
0.6316	0.5962	0.0000	0.0000
0.6326	0.5968	0.0000	0.0000
0.6336	0.5974	0.0000	0.0000
0.6346	0.5980	0.0000	0.0000
0.6356	0.5986	0.0000	0.0000
0.6366	0.5993	0.0000	0.0000
0.6376	0.5999	0.0000	0.0000
0.6386	0.6005	0.0000	0.0000
0.6396	0.6011	0.0000	0.0000
0.6406	0.6017	0.0000	0.0000
0.6416	0.6023	0.0000	0.0000
0.6426	0.6029	0.0000	0.0000
0.6436	0.6036	0.0000	0.0000
0.6446	0.6042	0.0000	0.0000
0.6456	0.6048	0.0000	0.0000
0.6466	0.6054	0.0000	0.0000
0.6476	0.6060	0.0000	0.0000
0.6486	0.6066	0.0000	0.0000
0.6496	0.6072	0.0000	0.0000
0.6507	0.6078	0.0000	0.0000
0.6517	0.6084	0.0000	0.0000
0.6527	0.6090	0.0000	0.0000
0.6537	0.6096	0.0000	0.0000
0.6547	0.6102	0.0000	0.0000
0.6557	0.6108	0.0000	0.0000
0.6567	0.6114	0.0000	0.0000
0.6577	0.6120	0.0000	0.0000
0.6587	0.6126	0.0000	0.0000
0.6597	0.6132	0.0000	0.0000
0.6607	0.6138	0.0000	0.0000
0.6617	0.6144	0.0000	0.0000
0.6627	0.6150	0.0000	0.0000
0.6637	0.6156	0.0000	0.0000
0.6647	0.6162	0.0000	0.0000
0.6657	0.6168	0.0000	0.0000
0.6667	0.6174	0.0000	0.0000
0.6677	0.6180	0.0000	0.0000
0.6687	0.6186	0.0000	0.0000
0.6697	0.6192	0.0000	0.0000
0.6707	0.6198	0.0000	0.0000
0.6717	0.6204	0.0000	0.0000
0.6727	0.6209	0.0000	0.0000
0.6737	0.6215	0.0000	0.0000
0.6747	0.6221	0.0000	0.0000
0.6757	0.6227	0.0000	0.0000
0.6767	0.6233	0.0000	0.0000
0.6777	0.6239	0.0000	0.0000
0.6787	0.6245	0.0000	0.0000
0.6797	0.6251	0.0000	0.0000
0.6807	0.6257	0.0000	0.0000
0.6817	0.6262	0.0000	0.0000
0.6827	0.6268	0.0000	0.0000
0.6837	0.6274	0.0000	0.0000
0.6847	0.6280	0.0000	0.0000
0.6857	0.6286	0.0000	0.0000
0.6867	0.6292	0.0000	0.0000
0.6877	0.6297	0.0000	0.0000
0.6887	0.6303	0.0000	0.0000
0.6897	0.6309	0.0000	0.0000
0.6907	0.6315	0.0000	0.0000
0.6917	0.6321	0.0000	0.0000
0.6927	0.6327	0.0000	0.0000
0.6937	0.6332	0.0000	0.0000
0.6947	0.6338	0.0000	0.0000
0.6957	0.6344	0.0000	0.0000
0.6967	0.6350	0.0000	0.0000
0.6977	0.6356	0.0000	0.0000
0.6987	0.6361	0.0000	0.0000
0.6997	0.6367	0.0000	0.0000
0.7007	0.6373	0.0000	0.0000
0.7017	0.6379	0.0000	0.0000
0.7027	0.6384	0.0000	0.0000
0.7037	0.6390	0.0000	0.0000
0.7047	0.6396	0.0000	0.0000
0.7057	0.6402	0.0000	0.0000
0.7067	0.6408	0.0000	0.0000
0.7077	0.6413	0.0000	0.0000
0.7087	0.6419	0.0000	0.0000
0.7097	0.6425	0.0000	0.0000
0.7107	0.6431	0.0000	0.0000
0.7117	0.6436	0.0000	0.0000
0.7127	0.6442	0.0000	0.0000
0.7137	0.6448	0.0000	0.0000
0.7147	0.6454	0.0000	0.0000
0.7157	0.6459	0.0000	0.0000
0.7167	0.6465	0.0000	0.0000
0.7177	0.6471	0.0000	0.0000
0.7187	0.6477	0.0000	0.0000
0.7197	0.6482	0.0000	0.0000
0.7207	0.6488	0.0000	0.0000
0.7217	0.6494	0.0000	0.0000
0.7227	0.6499	0.0000	0.0000
0.7237	0.6505	0.0000	0.0000
0.7247	0.6511	0.0000	0.0000
0.7257	0.6517	0.0000	0.0000
0.7267	0.6522	0.0000	0.0000
0.7277	0.6528	0.0000	0.0000
0.7287	0.6534	0.0000	0.0000
0.7297	0.6540	0.0000	0.0000
0.7307	0.6545	0.0000	0.0000
0.7317	0.6551	0.0000	0.0000
0.7327	0.6557	0.0000	0.0000
0.7337	0.6562	0.0000	0.0000
0.7347	0.6568	0.0000	0.0000
0.7357	0.6574	0.0000	0.0000
0.7367	0.6580	0.0000	0.0000
0.7377	0.6585	0.0000	0.0000
0.7387	0.6591	0.0000	0.0000
0.7397	0.6597	0.0000	0.0000
0.7407	0.6602	0.0000	0.0000
0.7417	0.6608	0.0000	0.0000
0.7427	0.6614	0.0000	0.0000
0.7437	0.6619	0.0000	0.0000
0.7447	0.6625	0.0000	0.0000
0.7457	0.6631	0.0000	0.0000
0.7467	0.6637	0.0000	0.0000
0.7477	0.6642	0.0000	0.0000
0.7487	0.6648	0.0000	0.0000
0.7497	0.6654	0.0000	0.0000
0.7508	0.6659	0.0000	0.0000
0.7518	0.6665	0.0000	0.0000
0.7528	0.6671	0.0000	0.0000
0.7538	0.6677	0.0000	0.0000
0.7548	0.6682	0.0000	0.0000
0.7558	0.6688	0.0000	0.0000
0.7568	0.6694	0.0000	0.0000
0.7578	0.6699	0.0000	0.0000
0.7588	0.6705	0.0000	0.0000
0.7598	0.6711	0.0000	0.0000
0.7608	0.6717	0.0000	0.0000
0.7618	0.6722	0.0000	0.0000
0.7628	0.6728	0.0000	0.0000
0.7638	0.6734	0.0000	0.0000
0.7648	0.6739	0.0000	0.0000
0.7658	0.6745	0.0000	0.0000
0.7668	0.6751	0.0000	0.0000
0.7678	0.6757	0.0000	0.0000
0.7688	0.6762	0.0000	0.0000
0.7698	0.6768	0.0000	0.0000
0.7708	0.6774	0.0000	0.0000
0.7718	0.6779	0.0000	0.0000
0.7728	0.6785	0.0000	0.0000
0.7738	0.6791	0.0000	0.0000
0.7748	0.6797	0.0000	0.0000
0.7758	0.6802	0.0000	0.0000
0.7768	0.6808	0.0000	0.0000
0.7778	0.6814	0.0000	0.0000
0.7788	0.6820	0.0000	0.0000
0.7798	0.6825	0.0000	0.0000
0.7808	0.6831	0.0000	0.0000
0.7818	0.6837	0.0000	0.0000
0.7828	0.6842	0.0000	0.0000
0.7838	0.6848	0.0000	0.0000
0.7848	0.6854	0.0000	0.0000
0.7858	0.6860	0.0000	0.0000
0.7868	0.6865	0.0000	0.0000
0.7878	0.6871	0.0000	0.0000
0.7888	0.6877	0.0000	0.0000
0.7898	0.6883	0.0000	0.0000
0.7908	0.6888	0.0000	0.0000
0.7918	0.6894	0.0000	0.0000
0.7928	0.6900	0.0000	0.0000
0.7938	0.6906	0.0000	0.0000
0.7948	0.6911	0.0000	0.0000
0.7958	0.6917	0.0000	0.0000
0.7968	0.6923	0.0000	0.0000
0.7978	0.6929	0.0000	0.0000
0.7988	0.6935	0.0000	0.0000
0.7998	0.6940	0.0000	0.0000
0.8008	0.6946	0.0000	0.0000
0.8018	0.6952	0.0000	0.0000
0.8028	0.6958	0.0000	0.0000
0.8038	0.6963	0.0000	0.0000
0.8048	0.6969	0.0000	0.0000
0.8058	0.6975	0.0000	0.0000
0.8068	0.6981	0.0000	0.0000
0.8078	0.6987	0.0000	0.0000
0.8088	0.6992	0.0000	0.0000
0.8098	0.6998	0.0000	0.0000
0.8108	0.7004	0.0000	0.0000
0.8118	0.7010	0.0000	0.0000
0.8128	0.7016	0.0000	0.0000
0.8138	0.7021	0.0000	0.0000
0.8148	0.7027	0.0000	0.0000
0.8158	0.7033	0.0000	0.0000
0.8168	0.7039	0.0000	0.0000
0.8178	0.7045	0.0000	0.0000
0.8188	0.7051	0.0000	0.0000
0.8198	0.7056	0.0000	0.0000
0.8208	0.7062	0.0000	0.0000
0.8218	0.7068	0.0000	0.0000
0.8228	0.7074	0.0000	0.0000
0.8238	0.7080	0.0000	0.0000
0.8248	0.7086	0.0000	0.0000
0.8258	0.7092	0.0000	0.0000
0.8268	0.7097	0.0000	0.0000
0.8278	0.7103	0.0000	0.0000
0.8288	0.7109	0.0000	0.0000
0.8298	0.7115	0.0000	0.0000
0.8308	0.7121	0.0000	0.0000
0.8318	0.7127	0.0000	0.0000
0.8328	0.7133	0.0000	0.0000
0.8338	0.7138	0.0000	0.0000
0.8348	0.7144	0.0000	0.0000
0.8358	0.7150	0.0000	0.0000
0.8368	0.7156	0.0000	0.0000
0.8378	0.7162	0.0000	0.0000
0.8388	0.7168	0.0000	0.0000
0.8398	0.7174	0.0000	0.0000
0.8408	0.7180	0.0000	0.0000
0.8418	0.7186	0.0000	0.0000
0.8428	0.7192	0.0000	0.0000
0.8438	0.7198	0.0000	0.0000
0.8448	0.7203	0.0000	0.0000
0.8458	0.7209	0.0000	0.0000
0.8468	0.7215	0.0000	0.0000
0.8478	0.7221	0.0000	0.0000
0.8488	0.7227	0.0000	0.0000
0.8498	0.7233	0.0000	0.0000
0.8509	0.7239	0.0000	0.0000
0.8519	0.7245	0.0000	0.0000
0.8529	0.7251	0.0000	0.0000
0.8539	0.7257	0.0000	0.0000
0.8549	0.7263	0.0000	0.0000
0.8559	0.7269	0.0000	0.0000
0.8569	0.7275	0.0000	0.0000
0.8579	0.7281	0.0000	0.0000
0.8589	0.7287	0.0000	0.0000
0.8599	0.7293	0.0000	0.0000
0.8609	0.7299	0.0000	0.0000
0.8619	0.7305	0.0000	0.0000
0.8629	0.7311	0.0000	0.0000
0.8639	0.7317	0.0000	0.0000
0.8649	0.7323	0.0000	0.0000
0.8659	0.7329	0.0000	0.0000
0.8669	0.7335	0.0000	0.0000
0.8679	0.7341	0.0000	0.0000
0.8689	0.7347	0.0000	0.0000
0.8699	0.7353	0.0000	0.0000
0.8709	0.7359	0.0000	0.0000
0.8719	0.7365	0.0000	0.0000
0.8729	0.7371	0.0000	0.0000
0.8739	0.7377	0.0000	0.0000
0.8749	0.7383	0.0000	0.0000
0.8759	0.7389	0.0000	0.0000
0.8769	0.7396	0.0000	0.0000
0.8779	0.7402	0.0000	0.0000
0.8789	0.7408	0.0000	0.0000
0.8799	0.7414	0.0000	0.0000
0.8809	0.7420	0.0000	0.0000
0.8819	0.7426	0.0000	0.0000
0.8829	0.7432	0.0000	0.0000
0.8839	0.7438	0.0000	0.0000
0.8849	0.7444	0.0000	0.0000
0.8859	0.7450	0.0000	0.0000
0.8869	0.7457	0.0000	0.0000
0.8879	0.7463	0.0000	0.0000
0.8889	0.7469	0.0000	0.0000
0.8899	0.7475	0.0000	0.0000
0.8909	0.7481	0.0000	0.0000
0.8919	0.7487	0.0000	0.0000
0.8929	0.7493	0.0000	0.0000
0.8939	0.7500	0.0000	0.0000
0.8949	0.7506	0.0000	0.0000
0.8959	0.7512	0.0000	0.0000
0.8969	0.7518	0.0000	0.0000
0.8979	0.7524	0.0000	0.0000
0.8989	0.7531	0.0000	0.0000
0.8999	0.7537	0.0000	0.0000
0.9009	0.7543	0.0000	0.0000
0.9019	0.7549	0.0000	0.0000
0.9029	0.7555	0.0000	0.0000
0.9039	0.7562	0.0000	0.0000
0.9049	0.7568	0.0000	0.0000
0.9059	0.7574	0.0000	0.0000
0.9069	0.7580	0.0000	0.0000
0.9079	0.7586	0.0000	0.0000
0.9089	0.7593	0.0000	0.0000
0.9099	0.7599	0.0000	0.0000
0.9109	0.7605	0.0000	0.0000
0.9119	0.7612	0.0000	0.0000
0.9129	0.7618	0.0000	0.0000
0.9139	0.7624	0.0000	0.0000
0.9149	0.7630	0.0000	0.0000
0.9159	0.7637	0.0000	0.0000
0.9169	0.7643	0.0000	0.0000
0.9179	0.7649	0.0000	0.0000
0.9189	0.7656	0.0000	0.0000
0.9199	0.7662	0.0000	0.0000
0.9209	0.7668	0.0000	0.0000
0.9219	0.7674	0.0000	0.0000
0.9229	0.7681	0.0000	0.0000
0.9239	0.7687	0.0000	0.0000
0.9249	0.7693	0.0000	0.0000
0.9259	0.7700	0.0000	0.0000
0.9269	0.7706	0.0000	0.0000
0.9279	0.7713	0.0000	0.0000
0.9289	0.7719	0.0000	0.0000
0.9299	0.7725	0.0000	0.0000
0.9309	0.7732	0.0000	0.0000
0.9319	0.7738	0.0000	0.0000
0.9329	0.7744	0.0000	0.0000
0.9339	0.7751	0.0000	0.0000
0.9349	0.7757	0.0000	0.0000
0.9359	0.7764	0.0000	0.0000
0.9369	0.7770	0.0000	0.0000
0.9379	0.7776	0.0000	0.0000
0.9389	0.7783	0.0000	0.0000
0.9399	0.7789	0.0000	0.0000
0.9409	0.7796	0.0000	0.0000
0.9419	0.7802	0.0000	0.0000
0.9429	0.7809	0.0000	0.0000
0.9439	0.7815	0.0000	0.0000
0.9449	0.7822	0.0000	0.0000
0.9459	0.7828	0.0000	0.0000
0.9469	0.7835	0.0000	0.0000
0.9479	0.7841	0.0000	0.0000
0.9489	0.7848	0.0000	0.0000
0.9499	0.7854	0.0000	0.0000
0.9510	0.7861	0.0000	0.0000
0.9520	0.7867	0.0000	0.0000
0.9530	0.7874	0.0000	0.0000
0.9540	0.7880	0.0000	0.0000
0.9550	0.7887	0.0000	0.0000
0.9560	0.7893	0.0000	0.0000
0.9570	0.7900	0.0000	0.0000
0.9580	0.7906	0.0000	0.0000
0.9590	0.7913	0.0000	0.0000
0.9600	0.7919	0.0000	0.0000
0.9610	0.7926	0.0000	0.0000
0.9620	0.7932	0.0000	0.0000
0.9630	0.7939	0.0000	0.0000
0.9640	0.7946	0.0000	0.0000
0.9650	0.7952	0.0000	0.0000
0.9660	0.7959	0.0000	0.0000
0.9670	0.7965	0.0000	0.0000
0.9680	0.7972	0.0000	0.0000
0.9690	0.7979	0.0000	0.0000
0.9700	0.7985	0.0000	0.0000
0.9710	0.7992	0.0000	0.0000
0.9720	0.7999	0.0000	0.0000
0.9730	0.8005	0.0000	0.0000
0.9740	0.8012	0.0000	0.0000
0.9750	0.8018	0.0000	0.0000
0.9760	0.8025	0.0000	0.0000
0.9770	0.8032	0.0000	0.0000
0.9780	0.8038	0.0000	0.0000
0.9790	0.8045	0.0000	0.0000
0.9800	0.8052	0.0000	0.0000
0.9810	0.8059	0.0000	0.0000
0.9820	0.8065	0.0000	0.0000
0.9830	0.8072	0.0000	0.0000
0.9840	0.8079	0.0000	0.0000
0.9850	0.8085	0.0000	0.0000
0.9860	0.8092	0.0000	0.0000
0.9870	0.8099	0.0000	0.0000
0.9880	0.8106	0.0000	0.0000
0.9890	0.8112	0.0000	0.0000
0.9900	0.8119	0.0000	0.0000
0.9910	0.8126	0.0000	0.0000
0.9920	0.8133	0.0000	0.0000
0.9930	0.8139	0.0000	0.0000
0.9940	0.8146	0.0000	0.0000
0.9950	0.8153	0.0000	0.0000
0.9960	0.8160	0.0000	0.0000
0.9970	0.8166	0.0000	0.0000
0.9980	0.8173	0.0000	0.0000
0.9990	0.8180	0.0000	0.0000
1.0000	0.8187	0.0000	0.0000
0.5005
