0.0000	0.1821	0.0000	0.0000
0.0010	0.1827	0.0000	0.0000
0.0020	0.1834	0.0000	0.0000
0.0030	0.1841	0.0000	0.0000
0.0040	0.1848	0.0000	0.0000
0.0050	0.1855	0.0000	0.0000
0.0060	0.1861	0.0000	0.0000
0.0070	0.1868	0.0000	0.0000
0.0080	0.1875	0.0000	0.0000
0.0090	0.1882	0.0000	0.0000
0.0100	0.1888	0.0000	0.0000
0.0110	0.1895	0.0000	0.0000
0.0120	0.1902	0.0000	0.0000
0.0130	0.1909	0.0000	0.0000
0.0140	0.1916	0.0000	0.0000
0.0150	0.1922	0.0000	0.0000
0.0160	0.1929	0.0000	0.0000
0.0170	0.1936	0.0000	0.0000
0.0180	0.1942	0.0000	0.0000
0.0190	0.1949	0.0000	0.0000
0.0200	0.1956	0.0000	0.0000
0.0210	0.1963	0.0000	0.0000
0.0220	0.1969	0.0000	0.0000
0.0230	0.1976	0.0000	0.0000
0.0240	0.1983	0.0000	0.0000
0.0250	0.1989	0.0000	0.0000
0.0260	0.1996	0.0000	0.0000
0.0270	0.2003	0.0000	0.0000
0.0280	0.2009	0.0000	0.0000
0.0290	0.2016	0.0000	0.0000
0.0300	0.2022	0.0000	0.0000
0.0310	0.2029	0.0000	0.0000
0.0320	0.2036	0.0000	0.0000
0.0330	0.2042	0.0000	0.0000
0.0340	0.2049	0.0000	0.0000
0.0350	0.2056	0.0000	0.0000
0.0360	0.2062	0.0000	0.0000
0.0370	0.2069	0.0000	0.0000
0.0380	0.2075	0.0000	0.0000
0.0390	0.2082	0.0000	0.0000
0.0400	0.2089	0.0000	0.0000
0.0410	0.2095	0.0000	0.0000
0.0420	0.2102	0.0000	0.0000
0.0430	0.2108	0.0000	0.0000
0.0440	0.2115	0.0000	0.0000
0.0450	0.2121	0.0000	0.0000
0.0460	0.2128	0.0000	0.0000
0.0470	0.2134	0.0000	0.0000
0.0480	0.2141	0.0000	0.0000
0.0490	0.2147	0.0000	0.0000
0.0501	0.2154	0.0000	0.0000
0.0511	0.2160	0.0000	0.0000
0.0521	0.2167	0.0000	0.0000
0.0531	0.2173	0.0000	0.0000
0.0541	0.2180	0.0000	0.0000
0.0551	0.2186	0.0000	0.0000
0.0561	0.2193	0.0000	0.0000
0.0571	0.2199	0.0000	0.0000
0.0581	0.2206	0.0000	0.0000
0.0591	0.2212	0.0000	0.0000
0.0601	0.2219	0.0000	0.0000
0.0611	0.2225	0.0000	0.0000
0.0621	0.2232	0.0000	0.0000
0.0631	0.2238	0.0000	0.0000
0.0641	0.2244	0.0000	0.0000
0.0651	0.2251	0.0000	0.0000
0.0661	0.2257	0.0000	0.0000
0.0671	0.2264	0.0000	0.0000
0.0681	0.2270	0.0000	0.0000
0.0691	0.2276	0.0000	0.0000
0.0701	0.2283	0.0000	0.0000
0.0711	0.2289	0.0000	0.0000
0.0721	0.2296	0.0000	0.0000
0.0731	0.2302	0.0000	0.0000
0.0741	0.2308	0.0000	0.0000
0.0751	0.2315	0.0000	0.0000
0.0761	0.2321	0.0000	0.0000
0.0771	0.2327	0.0000	0.0000
0.0781	0.2334	0.0000	0.0000
0.0791	0.2340	0.0000	0.0000
0.0801	0.2346	0.0000	0.0000
0.0811	0.2353	0.0000	0.0000
0.0821	0.2359	0.0000	0.0000
0.0831	0.2365	0.0000	0.0000
0.0841	0.2372	0.0000	0.0000
0.0851	0.2378	0.0000	0.0000
0.0861	0.2384	0.0000	0.0000
0.0871	0.2390	0.0000	0.0000
0.0881	0.2397	0.0000	0.0000
0.0891	0.2403	0.0000	0.0000
0.0901	0.2409	0.0000	0.0000
0.0911	0.2416	0.0000	0.0000
0.0921	0.2422	0.0000	0.0000
0.0931	0.2428	0.0000	0.0000
0.0941	0.2434	0.0000	0.0000
0.0951	0.2441	0.0000	0.0000
0.0961	0.2447	0.0000	0.0000
0.0971	0.2453	0.0000	0.0000
0.0981	0.2459	0.0000	0.0000
0.0991	0.2465	0.0000	0.0000
0.1001	0.2472	0.0000	0.0000
0.1011	0.2478	0.0000	0.0000
0.1021	0.2484	0.0000	0.0000
0.1031	0.2490	0.0000	0.0000
0.1041	0.2496	0.0000	0.0000
0.1051	0.2503	0.0000	0.0000
0.1061	0.2509	0.0000	0.0000
0.1071	0.2515	0.0000	0.0000
0.1081	0.2521	0.0000	0.0000
0.1091	0.2527	0.0000	0.0000
0.1101	0.2533	0.0000	0.0000
0.1111	0.2540	0.0000	0.0000
0.1121	0.2546	0.0000	0.0000
0.1131	0.2552	0.0000	0.0000
0.1141	0.2558	0.0000	0.0000
0.1151	0.2564	0.0000	0.0000
0.1161	0.2570	0.0000	0.0000
0.1171	0.2576	0.0000	0.0000
0.1181	0.2583	0.0000	0.0000
0.1191	0.2589	0.0000	0.0000
0.1201	0.2595	0.0000	0.0000
0.1211	0.2601	0.0000	0.0000
0.1221	0.2607	0.0000	0.0000
0.1231	0.2613	0.0000	0.0000
0.1241	0.2619	0.0000	0.0000
0.1251	0.2625	0.0000	0.0000
0.1261	0.2631	0.0000	0.0000
0.1271	0.2637	0.0000	0.0000
0.1281	0.2643	0.0000	0.0000
0.1291	0.2649	0.0000	0.0000
0.1301	0.2655	0.0000	0.0000
0.1311	0.2662	0.0000	0.0000
0.1321	0.2668	0.0000	0.0000
0.1331	0.2674	0.0000	0.0000
0.1341	0.2680	0.0000	0.0000
0.1351	0.2686	0.0000	0.0000
0.1361	0.2692	0.0000	0.0000
0.1371	0.2698	0.0000	0.0000
0.1381	0.2704	0.0000	0.0000
0.1391	0.2710	0.0000	0.0000
0.1401	0.2716	0.0000	0.0000
0.1411	0.2722	0.0000	0.0000
0.1421	0.2728	0.0000	0.0000
0.1431	0.2734	0.0000	0.0000
0.1441	0.2740	0.0000	0.0000
0.1451	0.2746	0.0000	0.0000
0.1461	0.2752	0.0000	0.0000
0.1471	0.2758	0.0000	0.0000
0.1481	0.2764	0.0000	0.0000
0.1491	0.2770	0.0000	0.0000
0.1502	0.2775	0.0000	0.0000
0.1512	0.2781	0.0000	0.0000
0.1522	0.2787	0.0000	0.0000
0.1532	0.2793	0.0000	0.0000
0.1542	0.2799	0.0000	0.0000
0.1552	0.2805	0.0000	0.0000
0.1562	0.2811	0.0000	0.0000
0.1572	0.2817	0.0000	0.0000
0.1582	0.2823	0.0000	0.0000
0.1592	0.2829	0.0000	0.0000
0.1602	0.2835	0.0000	0.0000
0.1612	0.2841	0.0000	0.0000
0.1622	0.2847	0.0000	0.0000
0.1632	0.2853	0.0000	0.0000
0.1642	0.2858	0.0000	0.0000
0.1652	0.2864	0.0000	0.0000
0.1662	0.2870	0.0000	0.0000
0.1672	0.2876	0.0000	0.0000
0.1682	0.2882	0.0000	0.0000
0.1692	0.2888	0.0000	0.0000
0.1702	0.2894	0.0000	0.0000
0.1712	0.2900	0.0000	0.0000
0.1722	0.2905	0.0000	0.0000
0.1732	0.2911	0.0000	0.0000
0.1742	0.2917	0.0000	0.0000
0.1752	0.2923	0.0000	0.0000
0.1762	0.2929	0.0000	0.0000
0.1772	0.2935	0.0000	0.0000
0.1782	0.2941	0.0000	0.0000
0.1792	0.2946	0.0000	0.0000
0.1802	0.2952	0.0000	0.0000
0.1812	0.2958	0.0000	0.0000
0.1822	0.2964	0.0000	0.0000
0.1832	0.2970	0.0000	0.0000
0.1842	0.2976	0.0000	0.0000
0.1852	0.2981	0.0000	0.0000
0.1862	0.2987	0.0000	0.0000
0.1872	0.2993	0.0000	0.0000
0.1882	0.2999	0.0000	0.0000
0.1892	0.3005	0.0000	0.0000
0.1902	0.3010	0.0000	0.0000
0.1912	0.3016	0.0000	0.0000
0.1922	0.3022	0.0000	0.0000
0.1932	0.3028	0.0000	0.0000
0.1942	0.3034	0.0000	0.0000
0.1952	0.3039	0.0000	0.0000
0.1962	0.3045	0.0000	0.0000
0.1972	0.3051	0.0000	0.0000
0.1982	0.3057	0.0000	0.0000
0.1992	0.3063	0.0000	0.0000
0.2002	0.3068	0.0000	0.0000
0.2012	0.3074	0.0000	0.0000
0.2022	0.3080	0.0000	0.0000
0.2032	0.3086	0.0000	0.0000
0.2042	0.3091	0.0000	0.0000
0.2052	0.3097	0.0000	0.0000
0.2062	0.3103	0.0000	0.0000
0.2072	0.3109	0.0000	0.0000
0.2082	0.3115	0.0000	0.0000
0.2092	0.3120	0.0000	0.0000
0.2102	0.3126	0.0000	0.0000
0.2112	0.3132	0.0000	0.0000
0.2122	0.3138	0.0000	0.0000
0.2132	0.3143	0.0000	0.0000
0.2142	0.3149	0.0000	0.0000
0.2152	0.3155	0.0000	0.0000
0.2162	0.3160	0.0000	0.0000
0.2172	0.3166	0.0000	0.0000
0.2182	0.3172	0.0000	0.0000
0.2192	0.3178	0.0000	0.0000
0.2202	0.3183	0.0000	0.0000
0.2212	0.3189	0.0000	0.0000
0.2222	0.3195	0.0000	0.0000
0.2232	0.3201	0.0000	0.0000
0.2242	0.3206	0.0000	0.0000
0.2252	0.3212	0.0000	0.0000
0.2262	0.3218	0.0000	0.0000
0.2272	0.3223	0.0000	0.0000
0.2282	0.3229	0.0000	0.0000
0.2292	0.3235	0.0000	0.0000
0.2302	0.3241	0.0000	0.0000
0.2312	0.3246	0.0000	0.0000
0.2322	0.3252	0.0000	0.0000
0.2332	0.3258	0.0000	0.0000
0.2342	0.3263	0.0000	0.0000
0.2352	0.3269	0.0000	0.0000
0.2362	0.3275	0.0000	0.0000
0.2372	0.3281	0.0000	0.0000
0.2382	0.3286	0.0000	0.0000
0.2392	0.3292	0.0000	0.0000
0.2402	0.3298	0.0000	0.0000
0.2412	0.3303	0.0000	0.0000
0.2422	0.3309	0.0000	0.0000
0.2432	0.3315	0.0000	0.0000
0.2442	0.3321	0.0000	0.0000
0.2452	0.3326	0.0000	0.0000
0.2462	0.3332	0.0000	0.0000
0.2472	0.3338	0.0000	0.0000
0.2482	0.3343	0.0000	0.0000
0.2492	0.3349	0.0000	0.0000
0.2503	0.3355	0.0000	0.0000
0.2513	0.3360	0.0000	0.0000
0.2523	0.3366	0.0000	0.0000
0.2533	0.3372	0.0000	0.0000
0.2543	0.3378	0.0000	0.0000
0.2553	0.3383	0.0000	0.0000
0.2563	0.3389	0.0000	0.0000
0.2573	0.3395	0.0000	0.0000
0.2583	0.3400	0.0000	0.0000
0.2593	0.3406	0.0000	0.0000
0.2603	0.3412	0.0000	0.0000
0.2613	0.3417	0.0000	0.0000
0.2623	0.3423	0.0000	0.0000
0.2633	0.3429	0.0000	0.0000
0.2643	0.3435	0.0000	0.0000
0.2653	0.3440	0.0000	0.0000
0.2663	0.3446	0.0000	0.0000
0.2673	0.3452	0.0000	0.0000
0.2683	0.3457	0.0000	0.0000
0.2693	0.3463	0.0000	0.0000
0.2703	0.3469	0.0000	0.0000
0.2713	0.3474	0.0000	0.0000
0.2723	0.3480	0.0000	0.0000
0.2733	0.3486	0.0000	0.0000
0.2743	0.3492	0.0000	0.0000
0.2753	0.3497	0.0000	0.0000
0.2763	0.3503	0.0000	0.0000
0.2773	0.3509	0.0000	0.0000
0.2783	0.3514	0.0000	0.0000
0.2793	0.3520	0.0000	0.0000
0.2803	0.3526	0.0000	0.0000
0.2813	0.3532	0.0000	0.0000
0.2823	0.3537	0.0000	0.0000
0.2833	0.3543	0.0000	0.0000
0.2843	0.3549	0.0000	0.0000
0.2853	0.3554	0.0000	0.0000
0.2863	0.3560	0.0000	0.0000
0.2873	0.3566	0.0000	0.0000
0.2883	0.3572	0.0000	0.0000
0.2893	0.3577	0.0000	0.0000
0.2903	0.3583	0.0000	0.0000
0.2913	0.3589	0.0000	0.0000
0.2923	0.3595	0.0000	0.0000
0.2933	0.3600	0.0000	0.0000
0.2943	0.3606	0.0000	0.0000
0.2953	0.3612	0.0000	0.0000
0.2963	0.3618	0.0000	0.0000
0.2973	0.3623	0.0000	0.0000
0.2983	0.3629	0.0000	0.0000
0.2993	0.3635	0.0000	0.0000
0.3003	0.3641	0.0000	0.0000
0.3013	0.3646	0.0000	0.0000
0.3023	0.3652	0.0000	0.0000
0.3033	0.3658	0.0000	0.0000
0.3043	0.3664	0.0000	0.0000
0.3053	0.3670	0.0000	0.0000
0.3063	0.3675	0.0000	0.0000
0.3073	0.3681	0.0000	0.0000
0.3083	0.3687	0.0000	0.0000
0.3093	0.3693	0.0000	0.0000
0.3103	0.3698	0.0000	0.0000
0.3113	0.3704	0.0000	0.0000
0.3123	0.3710	0.0000	0.0000
0.3133	0.3716	0.0000	0.0000
0.3143	0.3722	0.0000	0.0000
0.3153	0.3728	0.0000	0.0000
0.3163	0.3733	0.0000	0.0000
0.3173	0.3739	0.0000	0.0000
0.3183	0.3745	0.0000	0.0000
0.3193	0.3751	0.0000	0.0000
0.3203	0.3757	0.0000	0.0000
0.3213	0.3763	0.0000	0.0000
0.3223	0.3768	0.0000	0.0000
0.3233	0.3774	0.0000	0.0000
0.3243	0.3780	0.0000	0.0000
0.3253	0.3786	0.0000	0.0000
0.3263	0.3792	0.0000	0.0000
0.3273	0.3798	0.0000	0.0000
0.3283	0.3804	0.0000	0.0000
0.3293	0.3810	0.0000	0.0000
0.3303	0.3815	0.0000	0.0000
0.3313	0.3821	0.0000	0.0000
0.3323	0.3827	0.0000	0.0000
0.3333	0.3833	0.0000	0.0000
0.3343	0.3839	0.0000	0.0000
0.3353	0.3845	0.0000	0.0000
0.3363	0.3851	0.0000	0.0000
0.3373	0.3857	0.0000	0.0000
0.3383	0.3863	0.0000	0.0000
0.3393	0.3869	0.0000	0.0000
0.3403	0.3875	0.0000	0.0000
0.3413	0.3881	0.0000	0.0000
0.3423	0.3887	0.0000	0.0000
0.3433	0.3893	0.0000	0.0000
0.3443	0.3899	0.0000	0.0000
0.3453	0.3905	0.0000	0.0000
0.3463	0.3911	0.0000	0.0000
0.3473	0.3917	0.0000	0.0000
0.3483	0.3923	0.0000	0.0000
0.3493	0.3929	0.0000	0.0000
0.3504	0.3935	0.0000	0.0000
0.3514	0.3941	0.0000	0.0000
0.3524	0.3947	0.0000	0.0000
0.3534	0.3953	0.0000	0.0000
0.3544	0.3959	0.0000	0.0000
0.3554	0.3965	0.0000	0.0000
0.3564	0.3971	0.0000	0.0000
0.3574	0.3977	0.0000	0.0000
0.3584	0.3983	0.0000	0.0000
0.3594	0.3989	0.0000	0.0000
0.3604	0.3995	0.0000	0.0000
0.3614	0.4001	0.0000	0.0000
0.3624	0.4008	0.0000	0.0000
0.3634	0.4014	0.0000	0.0000
0.3644	0.4020	0.0000	0.0000
0.3654	0.4026	0.0000	0.0000
0.3664	0.4032	0.0000	0.0000
0.3674	0.4038	0.0000	0.0000
0.3684	0.4044	0.0000	0.0000
0.3694	0.4051	0.0000	0.0000
0.3704	0.4057	0.0000	0.0000
0.3714	0.4063	0.0000	0.0000
0.3724	0.4069	0.0000	0.0000
0.3734	0.4076	0.0000	0.0000
0.3744	0.4082	0.0000	0.0000
0.3754	0.4088	0.0000	0.0000
0.3764	0.4094	0.0000	0.0000
0.3774	0.4101	0.0000	0.0000
0.3784	0.4107	0.0000	0.0000
0.3794	0.4113	0.0000	0.0000
0.3804	0.4119	0.0000	0.0000
0.3814	0.4126	0.0000	0.0000
0.3824	0.4132	0.0000	0.0000
0.3834	0.4138	0.0000	0.0000
0.3844	0.4145	0.0000	0.0000
0.3854	0.4151	0.0000	0.0000
0.3864	0.4158	0.0000	0.0000
0.3874	0.4164	0.0000	0.0000
0.3884	0.4170	0.0000	0.0000
0.3894	0.4177	0.0000	0.0000
0.3904	0.4183	0.0000	0.0000
0.3914	0.4190	0.0000	0.0000
0.3924	0.4196	0.0000	0.0000
0.3934	0.4202	0.0000	0.0000
0.3944	0.4209	0.0000	0.0000
0.3954	0.4215	0.0000	0.0000
0.3964	0.4222	0.0000	0.0000
0.3974	0.4228	0.0000	0.0000
0.3984	0.4235	0.0000	0.0000
0.3994	0.4242	0.0000	0.0000
0.4004	0.4248	0.0000	0.0000
0.4014	0.4255	0.0000	0.0000
0.4024	0.4261	0.0000	0.0000
0.4034	0.4268	0.0000	0.0000
0.4044	0.4274	0.0000	0.0000
0.4054	0.4281	0.0000	0.0000
0.4064	0.4288	0.0000	0.0000
0.4074	0.4294	0.0000	0.0000
0.4084	0.4301	0.0000	0.0000
0.4094	0.4308	0.0000	0.0000
0.4104	0.4314	0.0000	0.0000
0.4114	0.4321	0.0000	0.0000
0.4124	0.4328	0.0000	0.0000
0.4134	0.4335	0.0000	0.0000
0.4144	0.4341	0.0000	0.0000
0.4154	0.4348	0.0000	0.0000
0.4164	0.4355	0.0000	0.0000
0.4174	0.4362	0.0000	0.0000
0.4184	0.4369	0.0000	0.0000
0.4194	0.4376	0.0000	0.0000
0.4204	0.4382	0.0000	0.0000
0.4214	0.4389	0.0000	0.0000
0.4224	0.4396	0.0000	0.0000
0.4234	0.4403	0.0000	0.0000
0.4244	0.4410	0.0000	0.0000
0.4254	0.4417	0.0000	0.0000
0.4264	0.4424	0.0000	0.0000
0.4274	0.4431	0.0000	0.0000
0.4284	0.4438	0.0000	0.0000
0.4294	0.4445	0.0000	0.0000
0.4304	0.4452	0.0000	0.0000
0.4314	0.4459	0.0000	0.0000
0.4324	0.4466	0.0000	0.0000
0.4334	0.4473	0.0000	0.0000
0.4344	0.4480	0.0000	0.0000
0.4354	0.4488	0.0000	0.0000
0.4364	0.4495	0.0000	0.0000
0.4374	0.4502	0.0000	0.0000
0.4384	0.4509	0.0000	0.0000
0.4394	0.4516	0.0000	0.0000
0.4404	0.4524	0.0000	0.0000
0.4414	0.4531	0.0000	0.0000
0.4424	0.4538	0.0000	0.0000
0.4434	0.4545	0.0000	0.0000
0.4444	0.4553	0.0000	0.0000
0.4454	0.4560	0.0000	0.0000
0.4464	0.4567	0.0000	0.0000
0.4474	0.4575	0.0000	0.0000
0.4484	0.4582	0.0000	0.0000
0.4494	0.4590	0.0000	0.0000
0.4505	0.4597	0.0000	0.0000
0.4515	0.4605	0.0000	0.0000
0.4525	0.4612	0.0000	0.0000
0.4535	0.4620	0.0000	0.0000
0.4545	0.4627	0.0000	0.0000
0.4555	0.4635	0.0000	0.0000
0.4565	0.4642	0.0000	0.0000
0.4575	0.4650	0.0000	0.0000
0.4585	0.4658	0.0000	0.0000
0.4595	0.4665	0.0000	0.0000
0.4605	0.4673	0.0000	0.0000
0.4615	0.4681	0.0000	0.0000
0.4625	0.4689	0.0000	0.0000
0.4635	0.4696	0.0000	0.0000
0.4645	0.4704	0.0000	0.0000
0.4655	0.4712	0.0000	0.0000
0.4665	0.4720	0.0000	0.0000
0.4675	0.4728	0.0000	0.0000
0.4685	0.4736	0.0000	0.0000
0.4695	0.4744	0.0000	0.0000
0.4705	0.4752	0.0000	0.0000
0.4715	0.4760	0.0000	0.0000
0.4725	0.4768	0.0000	0.0000
0.4735	0.4776	0.0000	0.0000
0.4745	0.4784	0.0000	0.0000
0.4755	0.4792	0.0000	0.0000
0.4765	0.4800	0.0000	0.0000
0.4775	0.4808	0.0000	0.0000
0.4785	0.4816	0.0000	0.0000
0.4795	0.4825	0.0000	0.0000
0.4805	0.4833	0.0000	0.0000
0.4815	0.4841	0.0000	0.0000
0.4825	0.4849	0.0000	0.0000
0.4835	0.4858	0.0000	0.0000
0.4845	0.4866	0.0000	0.0000
0.4855	0.4874	0.0000	0.0000
0.4865	0.4883	0.0000	0.0000
0.4875	0.4891	0.0000	0.0000
0.4885	0.4900	0.0000	0.0000
0.4895	0.4908	0.0000	0.0000
0.4905	0.4917	0.0000	0.0000
0.4915	0.4926	0.0000	0.0000
0.4925	0.4934	0.0000	0.0000
0.4935	0.4943	0.0000	0.0000
0.4945	0.4952	0.0000	0.0000
0.4955	0.4960	0.0000	0.0000
0.4965	0.4969	0.0000	0.0000
0.4975	0.4978	0.0000	0.0000
0.4985	0.4987	0.0000	0.0000
0.4995	0.4996	0.0000	0.0000
0.5005	0.5004	0.0000	0.0000
0.5015	0.5013	0.0000	0.0000
0.5025	0.5022	0.0000	0.0000
0.5035	0.5031	0.0000	0.0000
0.5045	0.5040	0.0000	0.0000
0.5055	0.5048	0.0000	0.0000
0.5065	0.5057	0.0000	0.0000
0.5075	0.5066	0.0000	0.0000
0.5085	0.5074	0.0000	0.0000
0.5095	0.5083	0.0000	0.0000
0.5105	0.5092	0.0000	0.0000
0.5115	0.5100	0.0000	0.0000
0.5125	0.5109	0.0000	0.0000
0.5135	0.5117	0.0000	0.0000
0.5145	0.5126	0.0000	0.0000
0.5155	0.5134	0.0000	0.0000
0.5165	0.5142	0.0000	0.0000
0.5175	0.5151	0.0000	0.0000
0.5185	0.5159	0.0000	0.0000
0.5195	0.5167	0.0000	0.0000
0.5205	0.5176	0.0000	0.0000
0.5215	0.5184	0.0000	0.0000
0.5225	0.5192	0.0000	0.0000
0.5235	0.5200	0.0000	0.0000
0.5245	0.5208	0.0000	0.0000
0.5255	0.5216	0.0000	0.0000
0.5265	0.5225	0.0000	0.0000
0.5275	0.5233	0.0000	0.0000
0.5285	0.5241	0.0000	0.0000
0.5295	0.5249	0.0000	0.0000
0.5305	0.5257	0.0000	0.0000
0.5315	0.5264	0.0000	0.0000
0.5325	0.5272	0.0000	0.0000
0.5335	0.5280	0.0000	0.0000
0.5345	0.5288	0.0000	0.0000
0.5355	0.5296	0.0000	0.0000
0.5365	0.5304	0.0000	0.0000
0.5375	0.5312	0.0000	0.0000
0.5385	0.5319	0.0000	0.0000
0.5395	0.5327	0.0000	0.0000
0.5405	0.5335	0.0000	0.0000
0.5415	0.5342	0.0000	0.0000
0.5425	0.5350	0.0000	0.0000
0.5435	0.5358	0.0000	0.0000
0.5445	0.5365	0.0000	0.0000
0.5455	0.5373	0.0000	0.0000
0.5465	0.5380	0.0000	0.0000
0.5475	0.5388	0.0000	0.0000
0.5485	0.5396	0.0000	0.0000
0.5495	0.5403	0.0000	0.0000
0.5506	0.5410	0.0000	0.0000
0.5516	0.5418	0.0000	0.0000
0.5526	0.5425	0.0000	0.0000
0.5536	0.5433	0.0000	0.0000
0.5546	0.5440	0.0000	0.0000
0.5556	0.5447	0.0000	0.0000
0.5566	0.5455	0.0000	0.0000
0.5576	0.5462	0.0000	0.0000
0.5586	0.5469	0.0000	0.0000
0.5596	0.5477	0.0000	0.0000
0.5606	0.5484	0.0000	0.0000
0.5616	0.5491	0.0000	0.0000
0.5626	0.5498	0.0000	0.0000
0.5636	0.5506	0.0000	0.0000
0.5646	0.5513	0.0000	0.0000
0.5656	0.5520	0.0000	0.0000
0.5666	0.5527	0.0000	0.0000
0.5676	0.5534	0.0000	0.0000
0.5686	0.5541	0.0000	0.0000
0.5696	0.5548	0.0000	0.0000
0.5706	0.5555	0.0000	0.0000
0.5716	0.5562	0.0000	0.0000
0.5726	0.5569	0.0000	0.0000
0.5736	0.5576	0.0000	0.0000
0.5746	0.5583	0.0000	0.0000
0.5756	0.5590	0.0000	0.0000
0.5766	0.5597	0.0000	0.0000
0.5776	0.5604	0.0000	0.0000
0.5786	0.5611	0.0000	0.0000
0.5796	0.5618	0.0000	0.0000
0.5806	0.5625	0.0000	0.0000
0.5816	0.5632	0.0000	0.0000
0.5826	0.5638	0.0000	0.0000
0.5836	0.5645	0.0000	0.0000
0.5846	0.5652	0.0000	0.0000
0.5856	0.5659	0.0000	0.0000
0.5866	0.5666	0.0000	0.0000
0.5876	0.5672	0.0000	0.0000
0.5886	0.5679	0.0000	0.0000
0.5896	0.5686	0.0000	0.0000
0.5906	0.5693	0.0000	0.0000
0.5916	0.5699	0.0000	0.0000
0.5926	0.5706	0.0000	0.0000
0.5936	0.5713	0.0000	0.0000
0.5946	0.5719	0.0000	0.0000
0.5956	0.5726	0.0000	0.0000
0.5966	0.5732	0.0000	0.0000
0.5976	0.5739	0.0000	0.0000
0.5986	0.5746	0.0000	0.0000
0.5996	0.5752	0.0000	0.0000
0.6006	0.5759	0.0000	0.0000
0.6016	0.5765	0.0000	0.0000
0.6026	0.5772	0.0000	0.0000
0.6036	0.5778	0.0000	0.0000
0.6046	0.5785	0.0000	0.0000
0.6056	0.5791	0.0000	0.0000
0.6066	0.5798	0.0000	0.0000
0.6076	0.5804	0.0000	0.0000
0.6086	0.5811	0.0000	0.0000
0.6096	0.5817	0.0000	0.0000
0.6106	0.5824	0.0000	0.0000
0.6116	0.5830	0.0000	0.0000
0.6126	0.5836	0.0000	0.0000
0.6136	0.5843	0.0000	0.0000
0.6146	0.5849	0.0000	0.0000
0.6156	0.5856	0.0000	0.0000
0.6166	0.5862	0.0000	0.0000
0.6176	0.5868	0.0000	0.0000
0.6186	0.5875	0.0000	0.0000
0.6196	0.5881	0.0000	0.0000
0.6206	0.5887	0.0000	0.0000
0.6216	0.5894	0.0000	0.0000
0.6226	0.5900	0.0000	0.0000
0.6236	0.5906	0.0000	0.0000
0.6246	0.5912	0.0000	0.0000
0.6256	0.5919	0.0000	0.0000
0.6266	0.5925	0.0000	0.0000
0.6276	0.5931	0.0000	0.0000
0.6286	0.5937	0.0000	0.0000
0.6296	0.5944	0.0000	0.0000
0.6306	0.5950	0.0000	0.0000
0.6316	0.5956	0.0000	0.0000
0.6326	0.5962	0.0000	0.0000
0.6336	0.5968	0.0000	0.0000
0.6346	0.5974	0.0000	0.0000
0.6356	0.5981	0.0000	0.0000
0.6366	0.5987	0.0000	0.0000
0.6376	0.5993	0.0000	0.0000
0.6386	0.5999	0.0000	0.0000
0.6396	0.6005	0.0000	0.0000
0.6406	0.6011	0.0000	0.0000
0.6416	0.6017	0.0000	0.0000
0.6426	0.6023	0.0000	0.0000
0.6436	0.6030	0.0000	0.0000
0.6446	0.6036	0.0000	0.0000
0.6456	0.6042	0.0000	0.0000
0.6466	0.6048	0.0000	0.0000
0.6476	0.6054	0.0000	0.0000
0.6486	0.6060	0.0000	0.0000
0.6496	0.6066	0.0000	0.0000
0.6507	0.6072	0.0000	0.0000
0.6517	0.6078	0.0000	0.0000
0.6527	0.6084	0.0000	0.0000
0.6537	0.6090	0.0000	0.0000
0.6547	0.6096	0.0000	0.0000
0.6557	0.6102	0.0000	0.0000
0.6567	0.6108	0.0000	0.0000
0.6577	0.6114	0.0000	0.0000
0.6587	0.6120	0.0000	0.0000
0.6597	0.6126	0.0000	0.0000
0.6607	0.6132	0.0000	0.0000
0.6617	0.6138	0.0000	0.0000
0.6627	0.6144	0.0000	0.0000
0.6637	0.6150	0.0000	0.0000
0.6647	0.6156	0.0000	0.0000
0.6657	0.6161	0.0000	0.0000
0.6667	0.6167	0.0000	0.0000
0.6677	0.6173	0.0000	0.0000
0.6687	0.6179	0.0000	0.0000
0.6697	0.6185	0.0000	0.0000
0.6707	0.6191	0.0000	0.0000
0.6717	0.6197	0.0000	0.0000
0.6727	0.6203	0.0000	0.0000
0.6737	0.6209	0.0000	0.0000
0.6747	0.6214	0.0000	0.0000
0.6757	0.6220	0.0000	0.0000
0.6767	0.6226	0.0000	0.0000
0.6777	0.6232	0.0000	0.0000
0.6787	0.6238	0.0000	0.0000
0.6797	0.6244	0.0000	0.0000
0.6807	0.6250	0.0000	0.0000
0.6817	0.6255	0.0000	0.0000
0.6827	0.6261	0.0000	0.0000
0.6837	0.6267	0.0000	0.0000
0.6847	0.6273	0.0000	0.0000
0.6857	0.6279	0.0000	0.0000
0.6867	0.6285	0.0000	0.0000
0.6877	0.6290	0.0000	0.0000
0.6887	0.6296	0.0000	0.0000
0.6897	0.6302	0.0000	0.0000
0.6907	0.6308	0.0000	0.0000
0.6917	0.6314	0.0000	0.0000
0.6927	0.6319	0.0000	0.0000
0.6937	0.6325	0.0000	0.0000
0.6947	0.6331	0.0000	0.0000
0.6957	0.6337	0.0000	0.0000
0.6967	0.6343	0.0000	0.0000
0.6977	0.6348	0.0000	0.0000
0.6987	0.6354	0.0000	0.0000
0.6997	0.6360	0.0000	0.0000
0.7007	0.6366	0.0000	0.0000
0.7017	0.6371	0.0000	0.0000
0.7027	0.6377	0.0000	0.0000
0.7037	0.6383	0.0000	0.0000
0.7047	0.6389	0.0000	0.0000
0.7057	0.6394	0.0000	0.0000
0.7067	0.6400	0.0000	0.0000
0.7077	0.6406	0.0000	0.0000
0.7087	0.6412	0.0000	0.0000
0.7097	0.6417	0.0000	0.0000
0.7107	0.6423	0.0000	0.0000
0.7117	0.6429	0.0000	0.0000
0.7127	0.6435	0.0000	0.0000
0.7137	0.6440	0.0000	0.0000
0.7147	0.6446	0.0000	0.0000
0.7157	0.6452	0.0000	0.0000
0.7167	0.6457	0.0000	0.0000
0.7177	0.6463	0.0000	0.0000
0.7187	0.6469	0.0000	0.0000
0.7197	0.6475	0.0000	0.0000
0.7207	0.6480	0.0000	0.0000
0.7217	0.6486	0.0000	0.0000
0.7227	0.6492	0.0000	0.0000
0.7237	0.6498	0.0000	0.0000
0.7247	0.6503	0.0000	0.0000
0.7257	0.6509	0.0000	0.0000
0.7267	0.6515	0.0000	0.0000
0.7277	0.6520	0.0000	0.0000
0.7287	0.6526	0.0000	0.0000
0.7297	0.6532	0.0000	0.0000
0.7307	0.6537	0.0000	0.0000
0.7317	0.6543	0.0000	0.0000
0.7327	0.6549	0.0000	0.0000
0.7337	0.6555	0.0000	0.0000
0.7347	0.6560	0.0000	0.0000
0.7357	0.6566	0.0000	0.0000
0.7367	0.6572	0.0000	0.0000
0.7377	0.6577	0.0000	0.0000
0.7387	0.6583	0.0000	0.0000
0.7397	0.6589	0.0000	0.0000
0.7407	0.6594	0.0000	0.0000
0.7417	0.6600	0.0000	0.0000
0.7427	0.6606	0.0000	0.0000
0.7437	0.6612	0.0000	0.0000
0.7447	0.6617	0.0000	0.0000
0.7457	0.6623	0.0000	0.0000
0.7467	0.6629	0.0000	0.0000
0.7477	0.6634	0.0000	0.0000
0.7487	0.6640	0.0000	0.0000
0.7497	0.6646	0.0000	0.0000
0.7508	0.6651	0.0000	0.0000
0.7518	0.6657	0.0000	0.0000
0.7528	0.6663	0.0000	0.0000
0.7538	0.6669	0.0000	0.0000
0.7548	0.6674	0.0000	0.0000
0.7558	0.6680	0.0000	0.0000
0.7568	0.6686	0.0000	0.0000
0.7578	0.6691	0.0000	0.0000
0.7588	0.6697	0.0000	0.0000
0.7598	0.6703	0.0000	0.0000
0.7608	0.6708	0.0000	0.0000
0.7618	0.6714	0.0000	0.0000
0.7628	0.6720	0.0000	0.0000
0.7638	0.6726	0.0000	0.0000
0.7648	0.6731	0.0000	0.0000
0.7658	0.6737	0.0000	0.0000
0.7668	0.6743	0.0000	0.0000
0.7678	0.6748	0.0000	0.0000
0.7688	0.6754	0.0000	0.0000
0.7698	0.6760	0.0000	0.0000
0.7708	0.6766	0.0000	0.0000
0.7718	0.6771	0.0000	0.0000
0.7728	0.6777	0.0000	0.0000
0.7738	0.6783	0.0000	0.0000
0.7748	0.6788	0.0000	0.0000
0.7758	0.6794	0.0000	0.0000
0.7768	0.6800	0.0000	0.0000
0.7778	0.6806	0.0000	0.0000
0.7788	0.6811	0.0000	0.0000
0.7798	0.6817	0.0000	0.0000
0.7808	0.6823	0.0000	0.0000
0.7818	0.6829	0.0000	0.0000
0.7828	0.6834	0.0000	0.0000
0.7838	0.6840	0.0000	0.0000
0.7848	0.6846	0.0000	0.0000
0.7858	0.6851	0.0000	0.0000
0.7868	0.6857	0.0000	0.0000
0.7878	0.6863	0.0000	0.0000
0.7888	0.6869	0.0000	0.0000
0.7898	0.6874	0.0000	0.0000
0.7908	0.6880	0.0000	0.0000
0.7918	0.6886	0.0000	0.0000
0.7928	0.6892	0.0000	0.0000
0.7938	0.6897	0.0000	0.0000
0.7948	0.6903	0.0000	0.0000
0.7958	0.6909	0.0000	0.0000
0.7968	0.6915	0.0000	0.0000
0.7978	0.6921	0.0000	0.0000
0.7988	0.6926	0.0000	0.0000
0.7998	0.6932	0.0000	0.0000
0.8008	0.6938	0.0000	0.0000
0.8018	0.6944	0.0000	0.0000
0.8028	0.6949	0.0000	0.0000
0.8038	0.6955	0.0000	0.0000
0.8048	0.6961	0.0000	0.0000
0.8058	0.6967	0.0000	0.0000
0.8068	0.6973	0.0000	0.0000
0.8078	0.6978	0.0000	0.0000
0.8088	0.6984	0.0000	0.0000
0.8098	0.6990	0.0000	0.0000
0.8108	0.6996	0.0000	0.0000
0.8118	0.7002	0.0000	0.0000
0.8128	0.7007	0.0000	0.0000
0.8138	0.7013	0.0000	0.0000
0.8148	0.7019	0.0000	0.0000
0.8158	0.7025	0.0000	0.0000
0.8168	0.7031	0.0000	0.0000
0.8178	0.7036	0.0000	0.0000
0.8188	0.7042	0.0000	0.0000
0.8198	0.7048	0.0000	0.0000
0.8208	0.7054	0.0000	0.0000
0.8218	0.7060	0.0000	0.0000
0.8228	0.7066	0.0000	0.0000
0.8238	0.7071	0.0000	0.0000
0.8248	0.7077	0.0000	0.0000
0.8258	0.7083	0.0000	0.0000
0.8268	0.7089	0.0000	0.0000
0.8278	0.7095	0.0000	0.0000
0.8288	0.7101	0.0000	0.0000
0.8298	0.7107	0.0000	0.0000
0.8308	0.7112	0.0000	0.0000
0.8318	0.7118	0.0000	0.0000
0.8328	0.7124	0.0000	0.0000
0.8338	0.7130	0.0000	0.0000
0.8348	0.7136	0.0000	0.0000
0.8358	0.7142	0.0000	0.0000
0.8368	0.7148	0.0000	0.0000
0.8378	0.7154	0.0000	0.0000
0.8388	0.7160	0.0000	0.0000
0.8398	0.7166	0.0000	0.0000
0.8408	0.7171	0.0000	0.0000
0.8418	0.7177	0.0000	0.0000
0.8428	0.7183	0.0000	0.0000
0.8438	0.7189	0.0000	0.0000
0.8448	0.7195	0.0000	0.0000
0.8458	0.7201	0.0000	0.0000
0.8468	0.7207	0.0000	0.0000
0.8478	0.7213	0.0000	0.0000
0.8488	0.7219	0.0000	0.0000
0.8498	0.7225	0.0000	0.0000
0.8509	0.7231	0.0000	0.0000
0.8519	0.7237	0.0000	0.0000
0.8529	0.7243	0.0000	0.0000
0.8539	0.7249	0.0000	0.0000
0.8549	0.7255	0.0000	0.0000
0.8559	0.7261	0.0000	0.0000
0.8569	0.7267	0.0000	0.0000
0.8579	0.7273	0.0000	0.0000
0.8589	0.7279	0.0000	0.0000
0.8599	0.7285	0.0000	0.0000
0.8609	0.7291	0.0000	0.0000
0.8619	0.7297	0.0000	0.0000
0.8629	0.7303	0.0000	0.0000
0.8639	0.7309	0.0000	0.0000
0.8649	0.7315	0.0000	0.0000
0.8659	0.7321	0.0000	0.0000
0.8669	0.7327	0.0000	0.0000
0.8679	0.7333	0.0000	0.0000
0.8689	0.7339	0.0000	0.0000
0.8699	0.7345	0.0000	0.0000
0.8709	0.7351	0.0000	0.0000
0.8719	0.7357	0.0000	0.0000
0.8729	0.7363	0.0000	0.0000
0.8739	0.7369	0.0000	0.0000
0.8749	0.7375	0.0000	0.0000
0.8759	0.7381	0.0000	0.0000
0.8769	0.7387	0.0000	0.0000
0.8779	0.7393	0.0000	0.0000
0.8789	0.7399	0.0000	0.0000
0.8799	0.7406	0.0000	0.0000
0.8809	0.7412	0.0000	0.0000
0.8819	0.7418	0.0000	0.0000
0.8829	0.7424	0.0000	0.0000
0.8839	0.7430	0.0000	0.0000
0.8849	0.7436	0.0000	0.0000
0.8859	0.7442	0.0000	0.0000
0.8869	0.7448	0.0000	0.0000
0.8879	0.7454	0.0000	0.0000
0.8889	0.7461	0.0000	0.0000
0.8899	0.7467	0.0000	0.0000
0.8909	0.7473	0.0000	0.0000
0.8919	0.7479	0.0000	0.0000
0.8929	0.7485	0.0000	0.0000
0.8939	0.7491	0.0000	0.0000
0.8949	0.7498	0.0000	0.0000
0.8959	0.7504	0.0000	0.0000
0.8969	0.7510	0.0000	0.0000
0.8979	0.7516	0.0000	0.0000
0.8989	0.7522	0.0000	0.0000
0.8999	0.7529	0.0000	0.0000
0.9009	0.7535	0.0000	0.0000
0.9019	0.7541	0.0000	0.0000
0.9029	0.7547	0.0000	0.0000
0.9039	0.7553	0.0000	0.0000
0.9049	0.7560	0.0000	0.0000
0.9059	0.7566	0.0000	0.0000
0.9069	0.7572	0.0000	0.0000
0.9079	0.7578	0.0000	0.0000
0.9089	0.7585	0.0000	0.0000
0.9099	0.7591	0.0000	0.0000
0.9109	0.7597	0.0000	0.0000
0.9119	0.7603	0.0000	0.0000
0.9129	0.7610	0.0000	0.0000
0.9139	0.7616	0.0000	0.0000
0.9149	0.7622	0.0000	0.0000
0.9159	0.7629	0.0000	0.0000
0.9169	0.7635	0.0000	0.0000
0.9179	0.7641	0.0000	0.0000
0.9189	0.7647	0.0000	0.0000
0.9199	0.7654	0.0000	0.0000
0.9209	0.7660	0.0000	0.0000
0.9219	0.7666	0.0000	0.0000
0.9229	0.7673	0.0000	0.0000
0.9239	0.7679	0.0000	0.0000
0.9249	0.7685	0.0000	0.0000
0.9259	0.7692	0.0000	0.0000
0.9269	0.7698	0.0000	0.0000
0.9279	0.7705	0.0000	0.0000
0.9289	0.7711	0.0000	0.0000
0.9299	0.7717	0.0000	0.0000
0.9309	0.7724	0.0000	0.0000
0.9319	0.7730	0.0000	0.0000
0.9329	0.7736	0.0000	0.0000
0.9339	0.7743	0.0000	0.0000
0.9349	0.7749	0.0000	0.0000
0.9359	0.7756	0.0000	0.0000
0.9369	0.7762	0.0000	0.0000
0.9379	0.7769	0.0000	0.0000
0.9389	0.7775	0.0000	0.0000
0.9399	0.7781	0.0000	0.0000
0.9409	0.7788	0.0000	0.0000
0.9419	0.7794	0.0000	0.0000
0.9429	0.7801	0.0000	0.0000
0.9439	0.7807	0.0000	0.0000
0.9449	0.7814	0.0000	0.0000
0.9459	0.7820	0.0000	0.0000
0.9469	0.7827	0.0000	0.0000
0.9479	0.7833	0.0000	0.0000
0.9489	0.7840	0.0000	0.0000
0.9499	0.7846	0.0000	0.0000
0.9510	0.7853	0.0000	0.0000
0.9520	0.7859	0.0000	0.0000
0.9530	0.7866	0.0000	0.0000
0.9540	0.7872	0.0000	0.0000
0.9550	0.7879	0.0000	0.0000
0.9560	0.7885	0.0000	0.0000
0.9570	0.7892	0.0000	0.0000
0.9580	0.7898	0.0000	0.0000
0.9590	0.7905	0.0000	0.0000
0.9600	0.7912	0.0000	0.0000
0.9610	0.7918	0.0000	0.0000
0.9620	0.7925	0.0000	0.0000
0.9630	0.7931	0.0000	0.0000
0.9640	0.7938	0.0000	0.0000
0.9650	0.7944	0.0000	0.0000
0.9660	0.7951	0.0000	0.0000
0.9670	0.7958	0.0000	0.0000
0.9680	0.7964	0.0000	0.0000
0.9690	0.7971	0.0000	0.0000
0.9700	0.7978	0.0000	0.0000
0.9710	0.7984	0.0000	0.0000
0.9720	0.7991	0.0000	0.0000
0.9730	0.7997	0.0000	0.0000
0.9740	0.8004	0.0000	0.0000
0.9750	0.8011	0.0000	0.0000
0.9760	0.8017	0.0000	0.0000
0.9770	0.8024	0.0000	0.0000
0.9780	0.8031	0.0000	0.0000
0.9790	0.8038	0.0000	0.0000
0.9800	0.8044	0.0000	0.0000
0.9810	0.8051	0.0000	0.0000
0.9820	0.8058	0.0000	0.0000
0.9830	0.8064	0.0000	0.0000
0.9840	0.8071	0.0000	0.0000
0.9850	0.8078	0.0000	0.0000
0.9860	0.8085	0.0000	0.0000
0.9870	0.8091	0.0000	0.0000
0.9880	0.8098	0.0000	0.0000
0.9890	0.8105	0.0000	0.0000
0.9900	0.8112	0.0000	0.0000
0.9910	0.8118	0.0000	0.0000
0.9920	0.8125	0.0000	0.0000
0.9930	0.8132	0.0000	0.0000
0.9940	0.8139	0.0000	0.0000
0.9950	0.8145	0.0000	0.0000
0.9960	0.8152	0.0000	0.0000
0.9970	0.8159	0.0000	0.0000
0.9980	0.8166	0.0000	0.0000
0.9990	0.8173	0.0000	0.0000
1.0000	0.8179	0.0000	0.0000
0.5005
