0.0000	0.1828	0.0000	0.0000
0.0010	0.1835	0.0000	0.0000
0.0020	0.1842	0.0000	0.0000
0.0030	0.1848	0.0000	0.0000
0.0040	0.1855	0.0000	0.0000
0.0050	0.1862	0.0000	0.0000
0.0060	0.1869	0.0000	0.0000
0.0070	0.1876	0.0000	0.0000
0.0080	0.1882	0.0000	0.0000
0.0090	0.1889	0.0000	0.0000
0.0100	0.1896	0.0000	0.0000
0.0110	0.1903	0.0000	0.0000
0.0120	0.1909	0.0000	0.0000
0.0130	0.1916	0.0000	0.0000
0.0140	0.1923	0.0000	0.0000
0.0150	0.1930	0.0000	0.0000
0.0160	0.1936	0.0000	0.0000
0.0170	0.1943	0.0000	0.0000
0.0180	0.1950	0.0000	0.0000
0.0190	0.1957	0.0000	0.0000
0.0200	0.1963	0.0000	0.0000
0.0210	0.1970	0.0000	0.0000
0.0220	0.1977	0.0000	0.0000
0.0230	0.1983	0.0000	0.0000
0.0240	0.1990	0.0000	0.0000
0.0250	0.1997	0.0000	0.0000
0.0260	0.2003	0.0000	0.0000
0.0270	0.2010	0.0000	0.0000
0.0280	0.2017	0.0000	0.0000
0.0290	0.2023	0.0000	0.0000
0.0300	0.2030	0.0000	0.0000
0.0310	0.2037	0.0000	0.0000
0.0320	0.2043	0.0000	0.0000
0.0330	0.2050	0.0000	0.0000
0.0340	0.2057	0.0000	0.0000
0.0350	0.2063	0.0000	0.0000
0.0360	0.2070	0.0000	0.0000
0.0370	0.2076	0.0000	0.0000
0.0380	0.2083	0.0000	0.0000
0.0390	0.2090	0.0000	0.0000
0.0400	0.2096	0.0000	0.0000
0.0410	0.2103	0.0000	0.0000
0.0420	0.2109	0.0000	0.0000
0.0430	0.2116	0.0000	0.0000
0.0440	0.2122	0.0000	0.0000
0.0450	0.2129	0.0000	0.0000
0.0460	0.2136	0.0000	0.0000
0.0470	0.2142	0.0000	0.0000
0.0480	0.2149	0.0000	0.0000
0.0490	0.2155	0.0000	0.0000
0.0501	0.2162	0.0000	0.0000
0.0511	0.2168	0.0000	0.0000
0.0521	0.2175	0.0000	0.0000
0.0531	0.2181	0.0000	0.0000
0.0541	0.2188	0.0000	0.0000
0.0551	0.2194	0.0000	0.0000
0.0561	0.2201	0.0000	0.0000
0.0571	0.2207	0.0000	0.0000
0.0581	0.2214	0.0000	0.0000
0.0591	0.2220	0.0000	0.0000
0.0601	0.2226	0.0000	0.0000
0.0611	0.2233	0.0000	0.0000
0.0621	0.2239	0.0000	0.0000
0.0631	0.2246	0.0000	0.0000
0.0641	0.2252	0.0000	0.0000
0.0651	0.2259	0.0000	0.0000
0.0661	0.2265	0.0000	0.0000
0.0671	0.2272	0.0000	0.0000
0.0681	0.2278	0.0000	0.0000
0.0691	0.2284	0.0000	0.0000
0.0701	0.2291	0.0000	0.0000
0.0711	0.2297	0.0000	0.0000
0.0721	0.2303	0.0000	0.0000
0.0731	0.2310	0.0000	0.0000
0.0741	0.2316	0.0000	0.0000
0.0751	0.2323	0.0000	0.0000
0.0761	0.2329	0.0000	0.0000
0.0771	0.2335	0.0000	0.0000
0.0781	0.2342	0.0000	0.0000
0.0791	0.2348	0.0000	0.0000
0.0801	0.2354	0.0000	0.0000
0.0811	0.2361	0.0000	0.0000
0.0821	0.2367	0.0000	0.0000
0.0831	0.2373	0.0000	0.0000
0.0841	0.2380	0.0000	0.0000
0.0851	0.2386	0.0000	0.0000
0.0861	0.2392	0.0000	0.0000
0.0871	0.2398	0.0000	0.0000
0.0881	0.2405	0.0000	0.0000
0.0891	0.2411	0.0000	0.0000
0.0901	0.2417	0.0000	0.0000
0.0911	0.2424	0.0000	0.0000
0.0921	0.2430	0.0000	0.0000
0.0931	0.2436	0.0000	0.0000
0.0941	0.2442	0.0000	0.0000
0.0951	0.2449	0.0000	0.0000
0.0961	0.2455	0.0000	0.0000
0.0971	0.2461	0.0000	0.0000
0.0981	0.2467	0.0000	0.0000
0.0991	0.2474	0.0000	0.0000
0.1001	0.2480	0.0000	0.0000
0.1011	0.2486	0.0000	0.0000
0.1021	0.2492	0.0000	0.0000
0.1031	0.2498	0.0000	0.0000
0.1041	0.2505	0.0000	0.0000
0.1051	0.2511	0.0000	0.0000
0.1061	0.2517	0.0000	0.0000
0.1071	0.2523	0.0000	0.0000
0.1081	0.2529	0.0000	0.0000
0.1091	0.2535	0.0000	0.0000
0.1101	0.2542	0.0000	0.0000
0.1111	0.2548	0.0000	0.0000
0.1121	0.2554	0.0000	0.0000
0.1131	0.2560	0.0000	0.0000
0.1141	0.2566	0.0000	0.0000
0.1151	0.2572	0.0000	0.0000
0.1161	0.2578	0.0000	0.0000
0.1171	0.2585	0.0000	0.0000
0.1181	0.2591	0.0000	0.0000
0.1191	0.2597	0.0000	0.0000
0.1201	0.2603	0.0000	0.0000
0.1211	0.2609	0.0000	0.0000
0.1221	0.2615	0.0000	0.0000
0.1231	0.2621	0.0000	0.0000
0.1241	0.2627	0.0000	0.0000
0.1251	0.2633	0.0000	0.0000
0.1261	0.2639	0.0000	0.0000
0.1271	0.2646	0.0000	0.0000
0.1281	0.2652	0.0000	0.0000
0.1291	0.2658	0.0000	0.0000
0.1301	0.2664	0.0000	0.0000
0.1311	0.2670	0.0000	0.0000
0.1321	0.2676	0.0000	0.0000
0.1331	0.2682	0.0000	0.0000
0.1341	0.2688	0.0000	0.0000
0.1351	0.2694	0.0000	0.0000
0.1361	0.2700	0.0000	0.0000
0.1371	0.2706	0.0000	0.0000
0.1381	0.2712	0.0000	0.0000
0.1391	0.2718	0.0000	0.0000
0.1401	0.2724	0.0000	0.0000
0.1411	0.2730	0.0000	0.0000
0.1421	0.2736	0.0000	0.0000
0.1431	0.2742	0.0000	0.0000
0.1441	0.2748	0.0000	0.0000
0.1451	0.2754	0.0000	0.0000
0.1461	0.2760	0.0000	0.0000
0.1471	0.2766	0.0000	0.0000
0.1481	0.2772	0.0000	0.0000
0.1491	0.2778	0.0000	0.0000
0.1502	0.2784	0.0000	0.0000
0.1512	0.2790	0.0000	0.0000
0.1522	0.2796	0.0000	0.0000
0.1532	0.2802	0.0000	0.0000
0.1542	0.2808	0.0000	0.0000
0.1552	0.2814	0.0000	0.0000
0.1562	0.2819	0.0000	0.0000
0.1572	0.2825	0.0000	0.0000
0.1582	0.2831	0.0000	0.0000
0.1592	0.2837	0.0000	0.0000
0.1602	0.2843	0.0000	0.0000
0.1612	0.2849	0.0000	0.0000
0.1622	0.2855	0.0000	0.0000
0.1632	0.2861	0.0000	0.0000
0.1642	0.2867	0.0000	0.0000
0.1652	0.2873	0.0000	0.0000
0.1662	0.2879	0.0000	0.0000
0.1672	0.2884	0.0000	0.0000
0.1682	0.2890	0.0000	0.0000
0.1692	0.2896	0.0000	0.0000
0.1702	0.2902	0.0000	0.0000
0.1712	0.2908	0.0000	0.0000
0.1722	0.2914	0.0000	0.0000
0.1732	0.2920	0.0000	0.0000
0.1742	0.2926	0.0000	0.0000
0.1752	0.2931	0.0000	0.0000
0.1762	0.2937	0.0000	0.0000
0.1772	0.2943	0.0000	0.0000
0.1782	0.2949	0.0000	0.0000
0.1792	0.2955	0.0000	0.0000
0.1802	0.2961	0.0000	0.0000
0.1812	0.2966	0.0000	0.0000
0.1822	0.2972	0.0000	0.0000
0.1832	0.2978	0.0000	0.0000
0.1842	0.2984	0.0000	0.0000
0.1852	0.2990	0.0000	0.0000
0.1862	0.2996	0.0000	0.0000
0.1872	0.3001	0.0000	0.0000
0.1882	0.3007	0.0000	0.0000
0.1892	0.3013	0.0000	0.0000
0.1902	0.3019	0.0000	0.0000
0.1912	0.3025	0.0000	0.0000
0.1922	0.3030	0.0000	0.0000
0.1932	0.3036	0.0000	0.0000
0.1942	0.3042	0.0000	0.0000
0.1952	0.3048	0.0000	0.0000
0.1962	0.3054	0.0000	0.0000
0.1972	0.3059	0.0000	0.0000
0.1982	0.3065	0.0000	0.0000
0.1992	0.3071	0.0000	0.0000
0.2002	0.3077	0.0000	0.0000
0.2012	0.3082	0.0000	0.0000
0.2022	0.3088	0.0000	0.0000
0.2032	0.3094	0.0000	0.0000
0.2042	0.3100	0.0000	0.0000
0.2052	0.3106	0.0000	0.0000
0.2062	0.3111	0.0000	0.0000
0.2072	0.3117	0.0000	0.0000
0.2082	0.3123	0.0000	0.0000
0.2092	0.3129	0.0000	0.0000
0.2102	0.3134	0.0000	0.0000
0.2112	0.3140	0.0000	0.0000
0.2122	0.3146	0.0000	0.0000
0.2132	0.3152	0.0000	0.0000
0.2142	0.3157	0.0000	0.0000
0.2152	0.3163	0.0000	0.0000
0.2162	0.3169	0.0000	0.0000
0.2172	0.3174	0.0000	0.0000
0.2182	0.3180	0.0000	0.0000
0.2192	0.3186	0.0000	0.0000
0.2202	0.3192	0.0000	0.0000
0.2212	0.3197	0.0000	0.0000
0.2222	0.3203	0.0000	0.0000
0.2232	0.3209	0.0000	0.0000
0.2242	0.3215	0.0000	0.0000
0.2252	0.3220	0.0000	0.0000
0.2262	0.3226	0.0000	0.0000
0.2272	0.3232	0.0000	0.0000
0.2282	0.3237	0.0000	0.0000
0.2292	0.3243	0.0000	0.0000
0.2302	0.3249	0.0000	0.0000
0.2312	0.3255	0.0000	0.0000
0.2322	0.3260	0.0000	0.0000
0.2332	0.3266	0.0000	0.0000
0.2342	0.3272	0.0000	0.0000
0.2352	0.3277	0.0000	0.0000
0.2362	0.3283	0.0000	0.0000
0.2372	0.3289	0.0000	0.0000
0.2382	0.3294	0.0000	0.0000
0.2392	0.3300	0.0000	0.0000
0.2402	0.3306	0.0000	0.0000
0.2412	0.3312	0.0000	0.0000
0.2422	0.3317	0.0000	0.0000
0.2432	0.3323	0.0000	0.0000
0.2442	0.3329	0.0000	0.0000
0.2452	0.3334	0.0000	0.0000
0.2462	0.3340	0.0000	0.0000
0.2472	0.3346	0.0000	0.0000
0.2482	0.3351	0.0000	0.0000
0.2492	0.3357	0.0000	0.0000
0.2503	0.3363	0.0000	0.0000
0.2513	0.3368	0.0000	0.0000
0.2523	0.3374	0.0000	0.0000
0.2533	0.3380	0.0000	0.0000
0.2543	0.3385	0.0000	0.0000
0.2553	0.3391	0.0000	0.0000
0.2563	0.3397	0.0000	0.0000
0.2573	0.3403	0.0000	0.0000
0.2583	0.3408	0.0000	0.0000
0.2593	0.3414	0.0000	0.0000
0.2603	0.3420	0.0000	0.0000
0.2613	0.3425	0.0000	0.0000
0.2623	0.3431	0.0000	0.0000
0.2633	0.3437	0.0000	0.0000
0.2643	0.3442	0.0000	0.0000
0.2653	0.3448	0.0000	0.0000
0.2663	0.3454	0.0000	0.0000
0.2673	0.3459	0.0000	0.0000
0.2683	0.3465	0.0000	0.0000
0.2693	0.3471	0.0000	0.0000
0.2703	0.3477	0.0000	0.0000
0.2713	0.3482	0.0000	0.0000
0.2723	0.3488	0.0000	0.0000
0.2733	0.3494	0.0000	0.0000
0.2743	0.3499	0.0000	0.0000
0.2753	0.3505	0.0000	0.0000
0.2763	0.3511	0.0000	0.0000
0.2773	0.3516	0.0000	0.0000
0.2783	0.3522	0.0000	0.0000
0.2793	0.3528	0.0000	0.0000
0.2803	0.3534	0.0000	0.0000
0.2813	0.3539	0.0000	0.0000
0.2823	0.3545	0.0000	0.0000
0.2833	0.3551	0.0000	0.0000
0.2843	0.3556	0.0000	0.0000
0.2853	0.3562	0.0000	0.0000
0.2863	0.3568	0.0000	0.0000
0.2873	0.3573	0.0000	0.0000
0.2883	0.3579	0.0000	0.0000
0.2893	0.3585	0.0000	0.0000
0.2903	0.3591	0.0000	0.0000
0.2913	0.3596	0.0000	0.0000
0.2923	0.3602	0.0000	0.0000
0.2933	0.3608	0.0000	0.0000
0.2943	0.3614	0.0000	0.0000
0.2953	0.3619	0.0000	0.0000
0.2963	0.3625	0.0000	0.0000
0.2973	0.3631	0.0000	0.0000
0.2983	0.3637	0.0000	0.0000
0.2993	0.3642	0.0000	0.0000
0.3003	0.3648	0.0000	0.0000
0.3013	0.3654	0.0000	0.0000
0.3023	0.3660	0.0000	0.0000
0.3033	0.3665	0.0000	0.0000
0.3043	0.3671	0.0000	0.0000
0.3053	0.3677	0.0000	0.0000
0.3063	0.3683	0.0000	0.0000
0.3073	0.3688	0.0000	0.0000
0.3083	0.3694	0.0000	0.0000
0.3093	0.3700	0.0000	0.0000
0.3103	0.3706	0.0000	0.0000
0.3113	0.3711	0.0000	0.0000
0.3123	0.3717	0.0000	0.0000
0.3133	0.3723	0.0000	0.0000
0.3143	0.3729	0.0000	0.0000
0.3153	0.3735	0.0000	0.0000
0.3163	0.3740	0.0000	0.0000
0.3173	0.3746	0.0000	0.0000
0.3183	0.3752	0.0000	0.0000
0.3193	0.3758	0.0000	0.0000
0.3203	0.3764	0.0000	0.0000
0.3213	0.3770	0.0000	0.0000
0.3223	0.3775	0.0000	0.0000
0.3233	0.3781	0.0000	0.0000
0.3243	0.3787	0.0000	0.0000
0.3253	0.3793	0.0000	0.0000
0.3263	0.3799	0.0000	0.0000
0.3273	0.3805	0.0000	0.0000
0.3283	0.3810	0.0000	0.0000
0.3293	0.3816	0.0000	0.0000
0.3303	0.3822	0.0000	0.0000
0.3313	0.3828	0.0000	0.0000
0.3323	0.3834	0.0000	0.0000
0.3333	0.3840	0.0000	0.0000
0.3343	0.3846	0.0000	0.0000
0.3353	0.3852	0.0000	0.0000
0.3363	0.3858	0.0000	0.0000
0.3373	0.3863	0.0000	0.0000
0.3383	0.3869	0.0000	0.0000
0.3393	0.3875	0.0000	0.0000
0.3403	0.3881	0.0000	0.0000
0.3413	0.3887	0.0000	0.0000
0.3423	0.3893	0.0000	0.0000
0.3433	0.3899	0.0000	0.0000
0.3443	0.3905	0.0000	0.0000
0.3453	0.3911	0.0000	0.0000
0.3463	0.3917	0.0000	0.0000
0.3473	0.3923	0.0000	0.0000
0.3483	0.3929	0.0000	0.0000
0.3493	0.3935	0.0000	0.0000
0.3504	0.3941	0.0000	0.0000
0.3514	0.3947	0.0000	0.0000
0.3524	0.3953	0.0000	0.0000
0.3534	0.3959	0.0000	0.0000
0.3544	0.3965	0.0000	0.0000
0.3554	0.3971	0.0000	0.0000
0.3564	0.3977	0.0000	0.0000
0.3574	0.3983	0.0000	0.0000
0.3584	0.3989	0.0000	0.0000
0.3594	0.3995	0.0000	0.0000
0.3604	0.4001	0.0000	0.0000
0.3614	0.4007	0.0000	0.0000
0.3624	0.4014	0.0000	0.0000
0.3634	0.4020	0.0000	0.0000
0.3644	0.4026	0.0000	0.0000
0.3654	0.4032	0.0000	0.0000
0.3664	0.4038	0.0000	0.0000
0.3674	0.4044	0.0000	0.0000
0.3684	0.4050	0.0000	0.0000
0.3694	0.4056	0.0000	0.0000
0.3704	0.4063	0.0000	0.0000
0.3714	0.4069	0.0000	0.0000
0.3724	0.4075	0.0000	0.0000
0.3734	0.4081	0.0000	0.0000
0.3744	0.4087	0.0000	0.0000
0.3754	0.4094	0.0000	0.0000
0.3764	0.4100	0.0000	0.0000
0.3774	0.4106	0.0000	0.0000
0.3784	0.4112	0.0000	0.0000
0.3794	0.4119	0.0000	0.0000
0.3804	0.4125	0.0000	0.0000
0.3814	0.4131	0.0000	0.0000
0.3824	0.4138	0.0000	0.0000
0.3834	0.4144	0.0000	0.0000
0.3844	0.4150	0.0000	0.0000
0.3854	0.4156	0.0000	0.0000
0.3864	0.4163	0.0000	0.0000
0.3874	0.4169	0.0000	0.0000
0.3884	0.4176	0.0000	0.0000
0.3894	0.4182	0.0000	0.0000
0.3904	0.4188	0.0000	0.0000
0.3914	0.4195	0.0000	0.0000
0.3924	0.4201	0.0000	0.0000
0.3934	0.4208	0.0000	0.0000
0.3944	0.4214	0.0000	0.0000
0.3954	0.4220	0.0000	0.0000
0.3964	0.4227	0.0000	0.0000
0.3974	0.4233	0.0000	0.0000
0.3984	0.4240	0.0000	0.0000
0.3994	0.4246	0.0000	0.0000
0.4004	0.4253	0.0000	0.0000
0.4014	0.4259	0.0000	0.0000
0.4024	0.4266	0.0000	0.0000
0.4034	0.4273	0.0000	0.0000
0.4044	0.4279	0.0000	0.0000
0.4054	0.4286	0.0000	0.0000
0.4064	0.4292	0.0000	0.0000
0.4074	0.4299	0.0000	0.0000
0.4084	0.4306	0.0000	0.0000
0.4094	0.4312	0.0000	0.0000
0.4104	0.4319	0.0000	0.0000
0.4114	0.4326	0.0000	0.0000
0.4124	0.4332	0.0000	0.0000
0.4134	0.4339	0.0000	0.0000
0.4144	0.4346	0.0000	0.0000
0.4154	0.4353	0.0000	0.0000
0.4164	0.4359	0.0000	0.0000
0.4174	0.4366	0.0000	0.0000
0.4184	0.4373	0.0000	0.0000
0.4194	0.4380	0.0000	0.0000
0.4204	0.4386	0.0000	0.0000
0.4214	0.4393	0.0000	0.0000
0.4224	0.4400	0.0000	0.0000
0.4234	0.4407	0.0000	0.0000
0.4244	0.4414	0.0000	0.0000
0.4254	0.4421	0.0000	0.0000
0.4264	0.4428	0.0000	0.0000
0.4274	0.4435	0.0000	0.0000
0.4284	0.4442	0.0000	0.0000
0.4294	0.4449	0.0000	0.0000
0.4304	0.4456	0.0000	0.0000
0.4314	0.4463	0.0000	0.0000
0.4324	0.4470	0.0000	0.0000
0.4334	0.4477	0.0000	0.0000
0.4344	0.4484	0.0000	0.0000
0.4354	0.4491	0.0000	0.0000
0.4364	0.4498	0.0000	0.0000
0.4374	0.4505	0.0000	0.0000
0.4384	0.4512	0.0000	0.0000
0.4394	0.4520	0.0000	0.0000
0.4404	0.4527	0.0000	0.0000
0.4414	0.4534	0.0000	0.0000
0.4424	0.4541	0.0000	0.0000
0.4434	0.4549	0.0000	0.0000
0.4444	0.4556	0.0000	0.0000
0.4454	0.4563	0.0000	0.0000
0.4464	0.4571	0.0000	0.0000
0.4474	0.4578	0.0000	0.0000
0.4484	0.4585	0.0000	0.0000
0.4494	0.4593	0.0000	0.0000
0.4505	0.4600	0.0000	0.0000
0.4515	0.4608	0.0000	0.0000
0.4525	0.4615	0.0000	0.0000
0.4535	0.4622	0.0000	0.0000
0.4545	0.4630	0.0000	0.0000
0.4555	0.4638	0.0000	0.0000
0.4565	0.4645	0.0000	0.0000
0.4575	0.4653	0.0000	0.0000
0.4585	0.4660	0.0000	0.0000
0.4595	0.4668	0.0000	0.0000
0.4605	0.4676	0.0000	0.0000
0.4615	0.4683	0.0000	0.0000
0.4625	0.4691	0.0000	0.0000
0.4635	0.4699	0.0000	0.0000
0.4645	0.4706	0.0000	0.0000
0.4655	0.4714	0.0000	0.0000
0.4665	0.4722	0.0000	0.0000
0.4675	0.4730	0.0000	0.0000
0.4685	0.4738	0.0000	0.0000
0.4695	0.4746	0.0000	0.0000
0.4705	0.4754	0.0000	0.0000
0.4715	0.4761	0.0000	0.0000
0.4725	0.4769	0.0000	0.0000
0.4735	0.4777	0.0000	0.0000
0.4745	0.4785	0.0000	0.0000
0.4755	0.4794	0.0000	0.0000
0.4765	0.4802	0.0000	0.0000
0.4775	0.4810	0.0000	0.0000
0.4785	0.4818	0.0000	0.0000
0.4795	0.4826	0.0000	0.0000
0.4805	0.4834	0.0000	0.0000
0.4815	0.4842	0.0000	0.0000
0.4825	0.4851	0.0000	0.0000
0.4835	0.4859	0.0000	0.0000
0.4845	0.4867	0.0000	0.0000
0.4855	0.4876	0.0000	0.0000
0.4865	0.4884	0.0000	0.0000
0.4875	0.4892	0.0000	0.0000
0.4885	0.4901	0.0000	0.0000
0.4895	0.4909	0.0000	0.0000
0.4905	0.4918	0.0000	0.0000
0.4915	0.4926	0.0000	0.0000
0.4925	0.4935	0.0000	0.0000
0.4935	0.4944	0.0000	0.0000
0.4945	0.4952	0.0000	0.0000
0.4955	0.4961	0.0000	0.0000
0.4965	0.4970	0.0000	0.0000
0.4975	0.4978	0.0000	0.0000
0.4985	0.4987	0.0000	0.0000
0.4995	0.4996	0.0000	0.0000
0.5005	0.5005	0.0000	0.0000
0.5015	0.5014	0.0000	0.0000
0.5025	0.5022	0.0000	0.0000
0.5035	0.5031	0.0000	0.0000
0.5045	0.5040	0.0000	0.0000
0.5055	0.5049	0.0000	0.0000
0.5065	0.5057	0.0000	0.0000
0.5075	0.5066	0.0000	0.0000
0.5085	0.5074	0.0000	0.0000
0.5095	0.5083	0.0000	0.0000
0.5105	0.5092	0.0000	0.0000
0.5115	0.5100	0.0000	0.0000
0.5125	0.5108	0.0000	0.0000
0.5135	0.5117	0.0000	0.0000
0.5145	0.5125	0.0000	0.0000
0.5155	0.5134	0.0000	0.0000
0.5165	0.5142	0.0000	0.0000
0.5175	0.5150	0.0000	0.0000
0.5185	0.5159	0.0000	0.0000
0.5195	0.5167	0.0000	0.0000
0.5205	0.5175	0.0000	0.0000
0.5215	0.5183	0.0000	0.0000
0.5225	0.5191	0.0000	0.0000
0.5235	0.5199	0.0000	0.0000
0.5245	0.5207	0.0000	0.0000
0.5255	0.5216	0.0000	0.0000
0.5265	0.5224	0.0000	0.0000
0.5275	0.5232	0.0000	0.0000
0.5285	0.5240	0.0000	0.0000
0.5295	0.5248	0.0000	0.0000
0.5305	0.5255	0.0000	0.0000
0.5315	0.5263	0.0000	0.0000
0.5325	0.5271	0.0000	0.0000
0.5335	0.5279	0.0000	0.0000
0.5345	0.5287	0.0000	0.0000
0.5355	0.5295	0.0000	0.0000
0.5365	0.5302	0.0000	0.0000
0.5375	0.5310	0.0000	0.0000
0.5385	0.5318	0.0000	0.0000
0.5395	0.5326	0.0000	0.0000
0.5405	0.5333	0.0000	0.0000
0.5415	0.5341	0.0000	0.0000
0.5425	0.5348	0.0000	0.0000
0.5435	0.5356	0.0000	0.0000
0.5445	0.5364	0.0000	0.0000
0.5455	0.5371	0.0000	0.0000
0.5465	0.5379	0.0000	0.0000
0.5475	0.5386	0.0000	0.0000
0.5485	0.5394	0.0000	0.0000
0.5495	0.5401	0.0000	0.0000
0.5506	0.5408	0.0000	0.0000
0.5516	0.5416	0.0000	0.0000
0.5526	0.5423	0.0000	0.0000
0.5536	0.5431	0.0000	0.0000
0.5546	0.5438	0.0000	0.0000
0.5556	0.5445	0.0000	0.0000
0.5566	0.5453	0.0000	0.0000
0.5576	0.5460	0.0000	0.0000
0.5586	0.5467	0.0000	0.0000
0.5596	0.5474	0.0000	0.0000
0.5606	0.5481	0.0000	0.0000
0.5616	0.5489	0.0000	0.0000
0.5626	0.5496	0.0000	0.0000
0.5636	0.5503	0.0000	0.0000
0.5646	0.5510	0.0000	0.0000
0.5656	0.5517	0.0000	0.0000
0.5666	0.5524	0.0000	0.0000
0.5676	0.5531	0.0000	0.0000
0.5686	0.5538	0.0000	0.0000
0.5696	0.5545	0.0000	0.0000
0.5706	0.5552	0.0000	0.0000
0.5716	0.5559	0.0000	0.0000
0.5726	0.5566	0.0000	0.0000
0.5736	0.5573	0.0000	0.0000
0.5746	0.5580	0.0000	0.0000
0.5756	0.5587	0.0000	0.0000
0.5766	0.5594	0.0000	0.0000
0.5776	0.5601	0.0000	0.0000
0.5786	0.5608	0.0000	0.0000
0.5796	0.5615	0.0000	0.0000
0.5806	0.5622	0.0000	0.0000
0.5816	0.5628	0.0000	0.0000
0.5826	0.5635	0.0000	0.0000
0.5836	0.5642	0.0000	0.0000
0.5846	0.5649	0.0000	0.0000
0.5856	0.5655	0.0000	0.0000
0.5866	0.5662	0.0000	0.0000
0.5876	0.5669	0.0000	0.0000
0.5886	0.5676	0.0000	0.0000
0.5896	0.5682	0.0000	0.0000
0.5906	0.5689	0.0000	0.0000
0.5916	0.5696	0.0000	0.0000
0.5926	0.5702	0.0000	0.0000
0.5936	0.5709	0.0000	0.0000
0.5946	0.5715	0.0000	0.0000
0.5956	0.5722	0.0000	0.0000
0.5966	0.5729	0.0000	0.0000
0.5976	0.5735	0.0000	0.0000
0.5986	0.5742	0.0000	0.0000
0.5996	0.5748	0.0000	0.0000
0.6006	0.5755	0.0000	0.0000
0.6016	0.5761	0.0000	0.0000
0.6026	0.5768	0.0000	0.0000
0.6036	0.5774	0.0000	0.0000
0.6046	0.5781	0.0000	0.0000
0.6056	0.5787	0.0000	0.0000
0.6066	0.5794	0.0000	0.0000
0.6076	0.5800	0.0000	0.0000
0.6086	0.5807	0.0000	0.0000
0.6096	0.5813	0.0000	0.0000
0.6106	0.5819	0.0000	0.0000
0.6116	0.5826	0.0000	0.0000
0.6126	0.5832	0.0000	0.0000
0.6136	0.5838	0.0000	0.0000
0.6146	0.5845	0.0000	0.0000
0.6156	0.5851	0.0000	0.0000
0.6166	0.5857	0.0000	0.0000
0.6176	0.5864	0.0000	0.0000
0.6186	0.5870	0.0000	0.0000
0.6196	0.5876	0.0000	0.0000
0.6206	0.5883	0.0000	0.0000
0.6216	0.5889	0.0000	0.0000
0.6226	0.5895	0.0000	0.0000
0.6236	0.5901	0.0000	0.0000
0.6246	0.5908	0.0000	0.0000
0.6256	0.5914	0.0000	0.0000
0.6266	0.5920	0.0000	0.0000
0.6276	0.5926	0.0000	0.0000
0.6286	0.5932	0.0000	0.0000
0.6296	0.5939	0.0000	0.0000
0.6306	0.5945	0.0000	0.0000
0.6316	0.5951	0.0000	0.0000
0.6326	0.5957	0.0000	0.0000
0.6336	0.5963	0.0000	0.0000
0.6346	0.5969	0.0000	0.0000
0.6356	0.5976	0.0000	0.0000
0.6366	0.5982	0.0000	0.0000
0.6376	0.5988	0.0000	0.0000
0.6386	0.5994	0.0000	0.0000
0.6396	0.6000	0.0000	0.0000
0.6406	0.6006	0.0000	0.0000
0.6416	0.6012	0.0000	0.0000
0.6426	0.6018	0.0000	0.0000
0.6436	0.6024	0.0000	0.0000
0.6446	0.6030	0.0000	0.0000
0.6456	0.6036	0.0000	0.0000
0.6466	0.6042	0.0000	0.0000
0.6476	0.6048	0.0000	0.0000
0.6486	0.6054	0.0000	0.0000
0.6496	0.6060	0.0000	0.0000
0.6507	0.6066	0.0000	0.0000
0.6517	0.6072	0.0000	0.0000
0.6527	0.6078	0.0000	0.0000
0.6537	0.6084	0.0000	0.0000
0.6547	0.6090	0.0000	0.0000
0.6557	0.6096	0.0000	0.0000
0.6567	0.6102	0.0000	0.0000
0.6577	0.6108	0.0000	0.0000
0.6587	0.6114	0.0000	0.0000
0.6597	0.6120	0.0000	0.0000
0.6607	0.6126	0.0000	0.0000
0.6617	0.6132	0.0000	0.0000
0.6627	0.6138	0.0000	0.0000
0.6637	0.6144	0.0000	0.0000
0.6647	0.6150	0.0000	0.0000
0.6657	0.6156	0.0000	0.0000
0.6667	0.6161	0.0000	0.0000
0.6677	0.6167	0.0000	0.0000
0.6687	0.6173	0.0000	0.0000
0.6697	0.6179	0.0000	0.0000
0.6707	0.6185	0.0000	0.0000
0.6717	0.6191	0.0000	0.0000
0.6727	0.6197	0.0000	0.0000
0.6737	0.6203	0.0000	0.0000
0.6747	0.6208	0.0000	0.0000
0.6757	0.6214	0.0000	0.0000
0.6767	0.6220	0.0000	0.0000
0.6777	0.6226	0.0000	0.0000
0.6787	0.6232	0.0000	0.0000
0.6797	0.6238	0.0000	0.0000
0.6807	0.6243	0.0000	0.0000
0.6817	0.6249	0.0000	0.0000
0.6827	0.6255	0.0000	0.0000
0.6837	0.6261	0.0000	0.0000
0.6847	0.6267	0.0000	0.0000
0.6857	0.6272	0.0000	0.0000
0.6867	0.6278	0.0000	0.0000
0.6877	0.6284	0.0000	0.0000
0.6887	0.6290	0.0000	0.0000
0.6897	0.6296	0.0000	0.0000
0.6907	0.6301	0.0000	0.0000
0.6917	0.6307	0.0000	0.0000
0.6927	0.6313	0.0000	0.0000
0.6937	0.6319	0.0000	0.0000
0.6947	0.6324	0.0000	0.0000
0.6957	0.6330	0.0000	0.0000
0.6967	0.6336	0.0000	0.0000
0.6977	0.6342	0.0000	0.0000
0.6987	0.6347	0.0000	0.0000
0.6997	0.6353	0.0000	0.0000
0.7007	0.6359	0.0000	0.0000
0.7017	0.6365	0.0000	0.0000
0.7027	0.6370	0.0000	0.0000
0.7037	0.6376	0.0000	0.0000
0.7047	0.6382	0.0000	0.0000
0.7057	0.6388	0.0000	0.0000
0.7067	0.6393	0.0000	0.0000
0.7077	0.6399	0.0000	0.0000
0.7087	0.6405	0.0000	0.0000
0.7097	0.6411	0.0000	0.0000
0.7107	0.6416	0.0000	0.0000
0.7117	0.6422	0.0000	0.0000
0.7127	0.6428	0.0000	0.0000
0.7137	0.6433	0.0000	0.0000
0.7147	0.6439	0.0000	0.0000
0.7157	0.6445	0.0000	0.0000
0.7167	0.6451	0.0000	0.0000
0.7177	0.6456	0.0000	0.0000
0.7187	0.6462	0.0000	0.0000
0.7197	0.6468	0.0000	0.0000
0.7207	0.6473	0.0000	0.0000
0.7217	0.6479	0.0000	0.0000
0.7227	0.6485	0.0000	0.0000
0.7237	0.6490	0.0000	0.0000
0.7247	0.6496	0.0000	0.0000
0.7257	0.6502	0.0000	0.0000
0.7267	0.6508	0.0000	0.0000
0.7277	0.6513	0.0000	0.0000
0.7287	0.6519	0.0000	0.0000
0.7297	0.6525	0.0000	0.0000
0.7307	0.6530	0.0000	0.0000
0.7317	0.6536	0.0000	0.0000
0.7327	0.6542	0.0000	0.0000
0.7337	0.6547	0.0000	0.0000
0.7347	0.6553	0.0000	0.0000
0.7357	0.6559	0.0000	0.0000
0.7367	0.6564	0.0000	0.0000
0.7377	0.6570	0.0000	0.0000
0.7387	0.6576	0.0000	0.0000
0.7397	0.6582	0.0000	0.0000
0.7407	0.6587	0.0000	0.0000
0.7417	0.6593	0.0000	0.0000
0.7427	0.6599	0.0000	0.0000
0.7437	0.6604	0.0000	0.0000
0.7447	0.6610	0.0000	0.0000
0.7457	0.6616	0.0000	0.0000
0.7467	0.6621	0.0000	0.0000
0.7477	0.6627	0.0000	0.0000
0.7487	0.6633	0.0000	0.0000
0.7497	0.6638	0.0000	0.0000
0.7508	0.6644	0.0000	0.0000
0.7518	0.6650	0.0000	0.0000
0.7528	0.6655	0.0000	0.0000
0.7538	0.6661	0.0000	0.0000
0.7548	0.6667	0.0000	0.0000
0.7558	0.6673	0.0000	0.0000
0.7568	0.6678	0.0000	0.0000
0.7578	0.6684	0.0000	0.0000
0.7588	0.6690	0.0000	0.0000
0.7598	0.6695	0.0000	0.0000
0.7608	0.6701	0.0000	0.0000
0.7618	0.6707	0.0000	0.0000
0.7628	0.6712	0.0000	0.0000
0.7638	0.6718	0.0000	0.0000
0.7648	0.6724	0.0000	0.0000
0.7658	0.6729	0.0000	0.0000
0.7668	0.6735	0.0000	0.0000
0.7678	0.6741	0.0000	0.0000
0.7688	0.6747	0.0000	0.0000
0.7698	0.6752	0.0000	0.0000
0.7708	0.6758	0.0000	0.0000
0.7718	0.6764	0.0000	0.0000
0.7728	0.6769	0.0000	0.0000
0.7738	0.6775	0.0000	0.0000
0.7748	0.6781	0.0000	0.0000
0.7758	0.6787	0.0000	0.0000
0.7768	0.6792	0.0000	0.0000
0.7778	0.6798	0.0000	0.0000
0.7788	0.6804	0.0000	0.0000
0.7798	0.6809	0.0000	0.0000
0.7808	0.6815	0.0000	0.0000
0.7818	0.6821	0.0000	0.0000
0.7828	0.6827	0.0000	0.0000
0.7838	0.6832	0.0000	0.0000
0.7848	0.6838	0.0000	0.0000
0.7858	0.6844	0.0000	0.0000
0.7868	0.6849	0.0000	0.0000
0.7878	0.6855	0.0000	0.0000
0.7888	0.6861	0.0000	0.0000
0.7898	0.6867	0.0000	0.0000
0.7908	0.6872	0.0000	0.0000
0.7918	0.6878	0.0000	0.0000
0.7928	0.6884	0.0000	0.0000
0.7938	0.6890	0.0000	0.0000
0.7948	0.6895	0.0000	0.0000
0.7958	0.6901	0.0000	0.0000
0.7968	0.6907	0.0000	0.0000
0.7978	0.6913	0.0000	0.0000
0.7988	0.6918	0.0000	0.0000
0.7998	0.6924	0.0000	0.0000
0.8008	0.6930	0.0000	0.0000
0.8018	0.6936	0.0000	0.0000
0.8028	0.6942	0.0000	0.0000
0.8038	0.6947	0.0000	0.0000
0.8048	0.6953	0.0000	0.0000
0.8058	0.6959	0.0000	0.0000
0.8068	0.6965	0.0000	0.0000
0.8078	0.6970	0.0000	0.0000
0.8088	0.6976	0.0000	0.0000
0.8098	0.6982	0.0000	0.0000
0.8108	0.6988	0.0000	0.0000
0.8118	0.6994	0.0000	0.0000
0.8128	0.6999	0.0000	0.0000
0.8138	0.7005	0.0000	0.0000
0.8148	0.7011	0.0000	0.0000
0.8158	0.7017	0.0000	0.0000
0.8168	0.7023	0.0000	0.0000
0.8178	0.7029	0.0000	0.0000
0.8188	0.7034	0.0000	0.0000
0.8198	0.7040	0.0000	0.0000
0.8208	0.7046	0.0000	0.0000
0.8218	0.7052	0.0000	0.0000
0.8228	0.7058	0.0000	0.0000
0.8238	0.7064	0.0000	0.0000
0.8248	0.7069	0.0000	0.0000
0.8258	0.7075	0.0000	0.0000
0.8268	0.7081	0.0000	0.0000
0.8278	0.7087	0.0000	0.0000
0.8288	0.7093	0.0000	0.0000
0.8298	0.7099	0.0000	0.0000
0.8308	0.7105	0.0000	0.0000
0.8318	0.7110	0.0000	0.0000
0.8328	0.7116	0.0000	0.0000
0.8338	0.7122	0.0000	0.0000
0.8348	0.7128	0.0000	0.0000
0.8358	0.7134	0.0000	0.0000
0.8368	0.7140	0.0000	0.0000
0.8378	0.7146	0.0000	0.0000
0.8388	0.7152	0.0000	0.0000
0.8398	0.7158	0.0000	0.0000
0.8408	0.7163	0.0000	0.0000
0.8418	0.7169	0.0000	0.0000
0.8428	0.7175	0.0000	0.0000
0.8438	0.7181	0.0000	0.0000
0.8448	0.7187	0.0000	0.0000
0.8458	0.7193	0.0000	0.0000
0.8468	0.7199	0.0000	0.0000
0.8478	0.7205	0.0000	0.0000
0.8488	0.7211	0.0000	0.0000
0.8498	0.7217	0.0000	0.0000
0.8509	0.7223	0.0000	0.0000
0.8519	0.7229	0.0000	0.0000
0.8529	0.7235	0.0000	0.0000
0.8539	0.7241	0.0000	0.0000
0.8549	0.7247	0.0000	0.0000
0.8559	0.7253	0.0000	0.0000
0.8569	0.7259	0.0000	0.0000
0.8579	0.7265	0.0000	0.0000
0.8589	0.7271	0.0000	0.0000
0.8599	0.7277	0.0000	0.0000
0.8609	0.7283	0.0000	0.0000
0.8619	0.7289	0.0000	0.0000
0.8629	0.7295	0.0000	0.0000
0.8639	0.7301	0.0000	0.0000
0.8649	0.7307	0.0000	0.0000
0.8659	0.7313	0.0000	0.0000
0.8669	0.7319	0.0000	0.0000
0.8679	0.7325	0.0000	0.0000
0.8689	0.7331	0.0000	0.0000
0.8699	0.7337	0.0000	0.0000
0.8709	0.7343	0.0000	0.0000
0.8719	0.7349	0.0000	0.0000
0.8729	0.7355	0.0000	0.0000
0.8739	0.7361	0.0000	0.0000
0.8749	0.7367	0.0000	0.0000
0.8759	0.7373	0.0000	0.0000
0.8769	0.7379	0.0000	0.0000
0.8779	0.7385	0.0000	0.0000
0.8789	0.7391	0.0000	0.0000
0.8799	0.7398	0.0000	0.0000
0.8809	0.7404	0.0000	0.0000
0.8819	0.7410	0.0000	0.0000
0.8829	0.7416	0.0000	0.0000
0.8839	0.7422	0.0000	0.0000
0.8849	0.7428	0.0000	0.0000
0.8859	0.7434	0.0000	0.0000
0.8869	0.7440	0.0000	0.0000
0.8879	0.7447	0.0000	0.0000
0.8889	0.7453	0.0000	0.0000
0.8899	0.7459	0.0000	0.0000
0.8909	0.7465	0.0000	0.0000
0.8919	0.7471	0.0000	0.0000
0.8929	0.7477	0.0000	0.0000
0.8939	0.7484	0.0000	0.0000
0.8949	0.7490	0.0000	0.0000
0.8959	0.7496	0.0000	0.0000
0.8969	0.7502	0.0000	0.0000
0.8979	0.7508	0.0000	0.0000
0.8989	0.7514	0.0000	0.0000
0.8999	0.7521	0.0000	0.0000
0.9009	0.7527	0.0000	0.0000
0.9019	0.7533	0.0000	0.0000
0.9029	0.7539	0.0000	0.0000
0.9039	0.7546	0.0000	0.0000
0.9049	0.7552	0.0000	0.0000
0.9059	0.7558	0.0000	0.0000
0.9069	0.7564	0.0000	0.0000
0.9079	0.7571	0.0000	0.0000
0.9089	0.7577	0.0000	0.0000
0.9099	0.7583	0.0000	0.0000
0.9109	0.7589	0.0000	0.0000
0.9119	0.7596	0.0000	0.0000
0.9129	0.7602	0.0000	0.0000
0.9139	0.7608	0.0000	0.0000
0.9149	0.7614	0.0000	0.0000
0.9159	0.7621	0.0000	0.0000
0.9169	0.7627	0.0000	0.0000
0.9179	0.7633	0.0000	0.0000
0.9189	0.7640	0.0000	0.0000
0.9199	0.7646	0.0000	0.0000
0.9209	0.7652	0.0000	0.0000
0.9219	0.7659	0.0000	0.0000
0.9229	0.7665	0.0000	0.0000
0.9239	0.7671	0.0000	0.0000
0.9249	0.7678	0.0000	0.0000
0.9259	0.7684	0.0000	0.0000
0.9269	0.7690	0.0000	0.0000
0.9279	0.7697	0.0000	0.0000
0.9289	0.7703	0.0000	0.0000
0.9299	0.7710	0.0000	0.0000
0.9309	0.7716	0.0000	0.0000
0.9319	0.7722	0.0000	0.0000
0.9329	0.7729	0.0000	0.0000
0.9339	0.7735	0.0000	0.0000
0.9349	0.7742	0.0000	0.0000
0.9359	0.7748	0.0000	0.0000
0.9369	0.7754	0.0000	0.0000
0.9379	0.7761	0.0000	0.0000
0.9389	0.7767	0.0000	0.0000
0.9399	0.7774	0.0000	0.0000
0.9409	0.7780	0.0000	0.0000
0.9419	0.7787	0.0000	0.0000
0.9429	0.7793	0.0000	0.0000
0.9439	0.7800	0.0000	0.0000
0.9449	0.7806	0.0000	0.0000
0.9459	0.7813	0.0000	0.0000
0.9469	0.7819	0.0000	0.0000
0.9479	0.7826	0.0000	0.0000
0.9489	0.7832	0.0000	0.0000
0.9499	0.7839	0.0000	0.0000
0.9510	0.7845	0.0000	0.0000
0.9520	0.7852	0.0000	0.0000
0.9530	0.7858	0.0000	0.0000
0.9540	0.7865	0.0000	0.0000
0.9550	0.7871	0.0000	0.0000
0.9560	0.7878	0.0000	0.0000
0.9570	0.7884	0.0000	0.0000
0.9580	0.7891	0.0000	0.0000
0.9590	0.7897	0.0000	0.0000
0.9600	0.7904	0.0000	0.0000
0.9610	0.7911	0.0000	0.0000
0.9620	0.7917	0.0000	0.0000
0.9630	0.7924	0.0000	0.0000
0.9640	0.7930	0.0000	0.0000
0.9650	0.7937	0.0000	0.0000
0.9660	0.7944	0.0000	0.0000
0.9670	0.7950	0.0000	0.0000
0.9680	0.7957	0.0000	0.0000
0.9690	0.7963	0.0000	0.0000
0.9700	0.7970	0.0000	0.0000
0.9710	0.7977	0.0000	0.0000
0.9720	0.7983	0.0000	0.0000
0.9730	0.7990	0.0000	0.0000
0.9740	0.7997	0.0000	0.0000
0.9750	0.8003	0.0000	0.0000
0.9760	0.8010	0.0000	0.0000
0.9770	0.8017	0.0000	0.0000
0.9780	0.8023	0.0000	0.0000
0.9790	0.8030	0.0000	0.0000
0.9800	0.8037	0.0000	0.0000
0.9810	0.8043	0.0000	0.0000
0.9820	0.8050	0.0000	0.0000
0.9830	0.8057	0.0000	0.0000
0.9840	0.8064	0.0000	0.0000
0.9850	0.8070	0.0000	0.0000
0.9860	0.8077	0.0000	0.0000
0.9870	0.8084	0.0000	0.0000
0.9880	0.8091	0.0000	0.0000
0.9890	0.8097	0.0000	0.0000
0.9900	0.8104	0.0000	0.0000
0.9910	0.8111	0.0000	0.0000
0.9920	0.8118	0.0000	0.0000
0.9930	0.8124	0.0000	0.0000
0.9940	0.8131	0.0000	0.0000
0.9950	0.8138	0.0000	0.0000
0.9960	0.8145	0.0000	0.0000
0.9970	0.8152	0.0000	0.0000
0.9980	0.8158	0.0000	0.0000
0.9990	0.8165	0.0000	0.0000
1.0000	0.8172	0.0000	0.0000
0.5005
