0.0000	0.1862	0.0000	0.0000
0.0010	0.1869	0.0000	0.0000
0.0020	0.1876	0.0000	0.0000
0.0030	0.1883	0.0000	0.0000
0.0040	0.1890	0.0000	0.0000
0.0050	0.1897	0.0000	0.0000
0.0060	0.1904	0.0000	0.0000
0.0070	0.1910	0.0000	0.0000
0.0080	0.1917	0.0000	0.0000
0.0090	0.1924	0.0000	0.0000
0.0100	0.1931	0.0000	0.0000
0.0110	0.1938	0.0000	0.0000
0.0120	0.1944	0.0000	0.0000
0.0130	0.1951	0.0000	0.0000
0.0140	0.1958	0.0000	0.0000
0.0150	0.1965	0.0000	0.0000
0.0160	0.1972	0.0000	0.0000
0.0170	0.1978	0.0000	0.0000
0.0180	0.1985	0.0000	0.0000
0.0190	0.1992	0.0000	0.0000
0.0200	0.1999	0.0000	0.0000
0.0210	0.2005	0.0000	0.0000
0.0220	0.2012	0.0000	0.0000
0.0230	0.2019	0.0000	0.0000
0.0240	0.2026	0.0000	0.0000
0.0250	0.2032	0.0000	0.0000
0.0260	0.2039	0.0000	0.0000
0.0270	0.2046	0.0000	0.0000
0.0280	0.2052	0.0000	0.0000
0.0290	0.2059	0.0000	0.0000
0.0300	0.2066	0.0000	0.0000
0.0310	0.2072	0.0000	0.0000
0.0320	0.2079	0.0000	0.0000
0.0330	0.2086	0.0000	0.0000
0.0340	0.2092	0.0000	0.0000
0.0350	0.2099	0.0000	0.0000
0.0360	0.2106	0.0000	0.0000
0.0370	0.2112	0.0000	0.0000
0.0380	0.2119	0.0000	0.0000
0.0390	0.2126	0.0000	0.0000
0.0400	0.2132	0.0000	0.0000
0.0410	0.2139	0.0000	0.0000
0.0420	0.2145	0.0000	0.0000
0.0430	0.2152	0.0000	0.0000
0.0440	0.2159	0.0000	0.0000
0.0450	0.2165	0.0000	0.0000
0.0460	0.2172	0.0000	0.0000
0.0470	0.2178	0.0000	0.0000
0.0480	0.2185	0.0000	0.0000
0.0490	0.2192	0.0000	0.0000
0.0501	0.2198	0.0000	0.0000
0.0511	0.2205	0.0000	0.0000
0.0521	0.2211	0.0000	0.0000
0.0531	0.2218	0.0000	0.0000
0.0541	0.2224	0.0000	0.0000
0.0551	0.2231	0.0000	0.0000
0.0561	0.2237	0.0000	0.0000
0.0571	0.2244	0.0000	0.0000
0.0581	0.2250	0.0000	0.0000
0.0591	0.2257	0.0000	0.0000
0.0601	0.2263	0.0000	0.0000
0.0611	0.2270	0.0000	0.0000
0.0621	0.2276	0.0000	0.0000
0.0631	0.2283	0.0000	0.0000
0.0641	0.2289	0.0000	0.0000
0.0651	0.2296	0.0000	0.0000
0.0661	0.2302	0.0000	0.0000
0.0671	0.2309	0.0000	0.0000
0.0681	0.2315	0.0000	0.0000
0.0691	0.2321	0.0000	0.0000
0.0701	0.2328	0.0000	0.0000
0.0711	0.2334	0.0000	0.0000
0.0721	0.2341	0.0000	0.0000
0.0731	0.2347	0.0000	0.0000
0.0741	0.2353	0.0000	0.0000
0.0751	0.2360	0.0000	0.0000
0.0761	0.2366	0.0000	0.0000
0.0771	0.2373	0.0000	0.0000
0.0781	0.2379	0.0000	0.0000
0.0791	0.2385	0.0000	0.0000
0.0801	0.2392	0.0000	0.0000
0.0811	0.2398	0.0000	0.0000
0.0821	0.2404	0.0000	0.0000
0.0831	0.2411	0.0000	0.0000
0.0841	0.2417	0.0000	0.0000
0.0851	0.2423	0.0000	0.0000
0.0861	0.2430	0.0000	0.0000
0.0871	0.2436	0.0000	0.0000
0.0881	0.2442	0.0000	0.0000
0.0891	0.2449	0.0000	0.0000
0.0901	0.2455	0.0000	0.0000
0.0911	0.2461	0.0000	0.0000
0.0921	0.2468	0.0000	0.0000
0.0931	0.2474	0.0000	0.0000
0.0941	0.2480	0.0000	0.0000
0.0951	0.2486	0.0000	0.0000
0.0961	0.2493	0.0000	0.0000
0.0971	0.2499	0.0000	0.0000
0.0981	0.2505	0.0000	0.0000
0.0991	0.2512	0.0000	0.0000
0.1001	0.2518	0.0000	0.0000
0.1011	0.2524	0.0000	0.0000
0.1021	0.2530	0.0000	0.0000
0.1031	0.2536	0.0000	0.0000
0.1041	0.2543	0.0000	0.0000
0.1051	0.2549	0.0000	0.0000
0.1061	0.2555	0.0000	0.0000
0.1071	0.2561	0.0000	0.0000
0.1081	0.2567	0.0000	0.0000
0.1091	0.2574	0.0000	0.0000
0.1101	0.2580	0.0000	0.0000
0.1111	0.2586	0.0000	0.0000
0.1121	0.2592	0.0000	0.0000
0.1131	0.2598	0.0000	0.0000
0.1141	0.2605	0.0000	0.0000
0.1151	0.2611	0.0000	0.0000
0.1161	0.2617	0.0000	0.0000
0.1171	0.2623	0.0000	0.0000
0.1181	0.2629	0.0000	0.0000
0.1191	0.2635	0.0000	0.0000
0.1201	0.2641	0.0000	0.0000
0.1211	0.2648	0.0000	0.0000
0.1221	0.2654	0.0000	0.0000
0.1231	0.2660	0.0000	0.0000
0.1241	0.2666	0.0000	0.0000
0.1251	0.2672	0.0000	0.0000
0.1261	0.2678	0.0000	0.0000
0.1271	0.2684	0.0000	0.0000
0.1281	0.2690	0.0000	0.0000
0.1291	0.2696	0.0000	0.0000
0.1301	0.2702	0.0000	0.0000
0.1311	0.2708	0.0000	0.0000
0.1321	0.2714	0.0000	0.0000
0.1331	0.2721	0.0000	0.0000
0.1341	0.2727	0.0000	0.0000
0.1351	0.2733	0.0000	0.0000
0.1361	0.2739	0.0000	0.0000
0.1371	0.2745	0.0000	0.0000
0.1381	0.2751	0.0000	0.0000
0.1391	0.2757	0.0000	0.0000
0.1401	0.2763	0.0000	0.0000
0.1411	0.2769	0.0000	0.0000
0.1421	0.2775	0.0000	0.0000
0.1431	0.2781	0.0000	0.0000
0.1441	0.2787	0.0000	0.0000
0.1451	0.2793	0.0000	0.0000
0.1461	0.2799	0.0000	0.0000
0.1471	0.2805	0.0000	0.0000
0.1481	0.2811	0.0000	0.0000
0.1491	0.2817	0.0000	0.0000
0.1502	0.2823	0.0000	0.0000
0.1512	0.2829	0.0000	0.0000
0.1522	0.2835	0.0000	0.0000
0.1532	0.2841	0.0000	0.0000
0.1542	0.2846	0.0000	0.0000
0.1552	0.2852	0.0000	0.0000
0.1562	0.2858	0.0000	0.0000
0.1572	0.2864	0.0000	0.0000
0.1582	0.2870	0.0000	0.0000
0.1592	0.2876	0.0000	0.0000
0.1602	0.2882	0.0000	0.0000
0.1612	0.2888	0.0000	0.0000
0.1622	0.2894	0.0000	0.0000
0.1632	0.2900	0.0000	0.0000
0.1642	0.2906	0.0000	0.0000
0.1652	0.2912	0.0000	0.0000
0.1662	0.2918	0.0000	0.0000
0.1672	0.2923	0.0000	0.0000
0.1682	0.2929	0.0000	0.0000
0.1692	0.2935	0.0000	0.0000
0.1702	0.2941	0.0000	0.0000
0.1712	0.2947	0.0000	0.0000
0.1722	0.2953	0.0000	0.0000
0.1732	0.2959	0.0000	0.0000
0.1742	0.2964	0.0000	0.0000
0.1752	0.2970	0.0000	0.0000
0.1762	0.2976	0.0000	0.0000
0.1772	0.2982	0.0000	0.0000
0.1782	0.2988	0.0000	0.0000
0.1792	0.2994	0.0000	0.0000
0.1802	0.3000	0.0000	0.0000
0.1812	0.3005	0.0000	0.0000
0.1822	0.3011	0.0000	0.0000
0.1832	0.3017	0.0000	0.0000
0.1842	0.3023	0.0000	0.0000
0.1852	0.3029	0.0000	0.0000
0.1862	0.3034	0.0000	0.0000
0.1872	0.3040	0.0000	0.0000
0.1882	0.3046	0.0000	0.0000
0.1892	0.3052	0.0000	0.0000
0.1902	0.3058	0.0000	0.0000
0.1912	0.3063	0.0000	0.0000
0.1922	0.3069	0.0000	0.0000
0.1932	0.3075	0.0000	0.0000
0.1942	0.3081	0.0000	0.0000
0.1952	0.3087	0.0000	0.0000
0.1962	0.3092	0.0000	0.0000
0.1972	0.3098	0.0000	0.0000
0.1982	0.3104	0.0000	0.0000
0.1992	0.3110	0.0000	0.0000
0.2002	0.3115	0.0000	0.0000
0.2012	0.3121	0.0000	0.0000
0.2022	0.3127	0.0000	0.0000
0.2032	0.3133	0.0000	0.0000
0.2042	0.3138	0.0000	0.0000
0.2052	0.3144	0.0000	0.0000
0.2062	0.3150	0.0000	0.0000
0.2072	0.3156	0.0000	0.0000
0.2082	0.3161	0.0000	0.0000
0.2092	0.3167	0.0000	0.0000
0.2102	0.3173	0.0000	0.0000
0.2112	0.3178	0.0000	0.0000
0.2122	0.3184	0.0000	0.0000
0.2132	0.3190	0.0000	0.0000
0.2142	0.3196	0.0000	0.0000
0.2152	0.3201	0.0000	0.0000
0.2162	0.3207	0.0000	0.0000
0.2172	0.3213	0.0000	0.0000
0.2182	0.3218	0.0000	0.0000
0.2192	0.3224	0.0000	0.0000
0.2202	0.3230	0.0000	0.0000
0.2212	0.3236	0.0000	0.0000
0.2222	0.3241	0.0000	0.0000
0.2232	0.3247	0.0000	0.0000
0.2242	0.3253	0.0000	0.0000
0.2252	0.3258	0.0000	0.0000
0.2262	0.3264	0.0000	0.0000
0.2272	0.3270	0.0000	0.0000
0.2282	0.3275	0.0000	0.0000
0.2292	0.3281	0.0000	0.0000
0.2302	0.3287	0.0000	0.0000
0.2312	0.3292	0.0000	0.0000
0.2322	0.3298	0.0000	0.0000
0.2332	0.3304	0.0000	0.0000
0.2342	0.3309	0.0000	0.0000
0.2352	0.3315	0.0000	0.0000
0.2362	0.3321	0.0000	0.0000
0.2372	0.3326	0.0000	0.0000
0.2382	0.3332	0.0000	0.0000
0.2392	0.3338	0.0000	0.0000
0.2402	0.3343	0.0000	0.0000
0.2412	0.3349	0.0000	0.0000
0.2422	0.3355	0.0000	0.0000
0.2432	0.3360	0.0000	0.0000
0.2442	0.3366	0.0000	0.0000
0.2452	0.3372	0.0000	0.0000
0.2462	0.3377	0.0000	0.0000
0.2472	0.3383	0.0000	0.0000
0.2482	0.3389	0.0000	0.0000
0.2492	0.3394	0.0000	0.0000
0.2503	0.3400	0.0000	0.0000
0.2513	0.3405	0.0000	0.0000
0.2523	0.3411	0.0000	0.0000
0.2533	0.3417	0.0000	0.0000
0.2543	0.3422	0.0000	0.0000
0.2553	0.3428	0.0000	0.0000
0.2563	0.3434	0.0000	0.0000
0.2573	0.3439	0.0000	0.0000
0.2583	0.3445	0.0000	0.0000
0.2593	0.3451	0.0000	0.0000
0.2603	0.3456	0.0000	0.0000
0.2613	0.3462	0.0000	0.0000
0.2623	0.3467	0.0000	0.0000
0.2633	0.3473	0.0000	0.0000
0.2643	0.3479	0.0000	0.0000
0.2653	0.3484	0.0000	0.0000
0.2663	0.3490	0.0000	0.0000
0.2673	0.3496	0.0000	0.0000
0.2683	0.3501	0.0000	0.0000
0.2693	0.3507	0.0000	0.0000
0.2703	0.3513	0.0000	0.0000
0.2713	0.3518	0.0000	0.0000
0.2723	0.3524	0.0000	0.0000
0.2733	0.3529	0.0000	0.0000
0.2743	0.3535	0.0000	0.0000
0.2753	0.3541	0.0000	0.0000
0.2763	0.3546	0.0000	0.0000
0.2773	0.3552	0.0000	0.0000
0.2783	0.3558	0.0000	0.0000
0.2793	0.3563	0.0000	0.0000
0.2803	0.3569	0.0000	0.0000
0.2813	0.3575	0.0000	0.0000
0.2823	0.3580	0.0000	0.0000
0.2833	0.3586	0.0000	0.0000
0.2843	0.3591	0.0000	0.0000
0.2853	0.3597	0.0000	0.0000
0.2863	0.3603	0.0000	0.0000
0.2873	0.3608	0.0000	0.0000
0.2883	0.3614	0.0000	0.0000
0.2893	0.3620	0.0000	0.0000
0.2903	0.3625	0.0000	0.0000
0.2913	0.3631	0.0000	0.0000
0.2923	0.3637	0.0000	0.0000
0.2933	0.3642	0.0000	0.0000
0.2943	0.3648	0.0000	0.0000
0.2953	0.3654	0.0000	0.0000
0.2963	0.3659	0.0000	0.0000
0.2973	0.3665	0.0000	0.0000
0.2983	0.3671	0.0000	0.0000
0.2993	0.3676	0.0000	0.0000
0.3003	0.3682	0.0000	0.0000
0.3013	0.3688	0.0000	0.0000
0.3023	0.3693	0.0000	0.0000
0.3033	0.3699	0.0000	0.0000
0.3043	0.3705	0.0000	0.0000
0.3053	0.3710	0.0000	0.0000
0.3063	0.3716	0.0000	0.0000
0.3073	0.3722	0.0000	0.0000
0.3083	0.3727	0.0000	0.0000
0.3093	0.3733	0.0000	0.0000
0.3103	0.3739	0.0000	0.0000
0.3113	0.3744	0.0000	0.0000
0.3123	0.3750	0.0000	0.0000
0.3133	0.3756	0.0000	0.0000
0.3143	0.3762	0.0000	0.0000
0.3153	0.3767	0.0000	0.0000
0.3163	0.3773	0.0000	0.0000
0.3173	0.3779	0.0000	0.0000
0.3183	0.3784	0.0000	0.0000
0.3193	0.3790	0.0000	0.0000
0.3203	0.3796	0.0000	0.0000
0.3213	0.3802	0.0000	0.0000
0.3223	0.3807	0.0000	0.0000
0.3233	0.3813	0.0000	0.0000
0.3243	0.3819	0.0000	0.0000
0.3253	0.3824	0.0000	0.0000
0.3263	0.3830	0.0000	0.0000
0.3273	0.3836	0.0000	0.0000
0.3283	0.3842	0.0000	0.0000
0.3293	0.3848	0.0000	0.0000
0.3303	0.3853	0.0000	0.0000
0.3313	0.3859	0.0000	0.0000
0.3323	0.3865	0.0000	0.0000
0.3333	0.3871	0.0000	0.0000
0.3343	0.3876	0.0000	0.0000
0.3353	0.3882	0.0000	0.0000
0.3363	0.3888	0.0000	0.0000
0.3373	0.3894	0.0000	0.0000
0.3383	0.3900	0.0000	0.0000
0.3393	0.3905	0.0000	0.0000
0.3403	0.3911	0.0000	0.0000
0.3413	0.3917	0.0000	0.0000
0.3423	0.3923	0.0000	0.0000
0.3433	0.3929	0.0000	0.0000
0.3443	0.3935	0.0000	0.0000
0.3453	0.3940	0.0000	0.0000
0.3463	0.3946	0.0000	0.0000
0.3473	0.3952	0.0000	0.0000
0.3483	0.3958	0.0000	0.0000
0.3493	0.3964	0.0000	0.0000
0.3504	0.3970	0.0000	0.0000
0.3514	0.3976	0.0000	0.0000
0.3524	0.3982	0.0000	0.0000
0.3534	0.3987	0.0000	0.0000
0.3544	0.3993	0.0000	0.0000
0.3554	0.3999	0.0000	0.0000
0.3564	0.4005	0.0000	0.0000
0.3574	0.4011	0.0000	0.0000
0.3584	0.4017	0.0000	0.0000
0.3594	0.4023	0.0000	0.0000
0.3604	0.4029	0.0000	0.0000
0.3614	0.4035	0.0000	0.0000
0.3624	0.4041	0.0000	0.0000
0.3634	0.4047	0.0000	0.0000
0.3644	0.4053	0.0000	0.0000
0.3654	0.4059	0.0000	0.0000
0.3664	0.4065	0.0000	0.0000
0.3674	0.4071	0.0000	0.0000
0.3684	0.4077	0.0000	0.0000
0.3694	0.4083	0.0000	0.0000
0.3704	0.4089	0.0000	0.0000
0.3714	0.4095	0.0000	0.0000
0.3724	0.4101	0.0000	0.0000
0.3734	0.4107	0.0000	0.0000
0.3744	0.4113	0.0000	0.0000
0.3754	0.4119	0.0000	0.0000
0.3764	0.4125	0.0000	0.0000
0.3774	0.4131	0.0000	0.0000
0.3784	0.4138	0.0000	0.0000
0.3794	0.4144	0.0000	0.0000
0.3804	0.4150	0.0000	0.0000
0.3814	0.4156	0.0000	0.0000
0.3824	0.4162	0.0000	0.0000
0.3834	0.4168	0.0000	0.0000
0.3844	0.4174	0.0000	0.0000
0.3854	0.4181	0.0000	0.0000
0.3864	0.4187	0.0000	0.0000
0.3874	0.4193	0.0000	0.0000
0.3884	0.4199	0.0000	0.0000
0.3894	0.4205	0.0000	0.0000
0.3904	0.4212	0.0000	0.0000
0.3914	0.4218	0.0000	0.0000
0.3924	0.4224	0.0000	0.0000
0.3934	0.4230	0.0000	0.0000
0.3944	0.4237	0.0000	0.0000
0.3954	0.4243	0.0000	0.0000
0.3964	0.4249	0.0000	0.0000
0.3974	0.4256	0.0000	0.0000
0.3984	0.4262	0.0000	0.0000
0.3994	0.4268	0.0000	0.0000
0.4004	0.4275	0.0000	0.0000
0.4014	0.4281	0.0000	0.0000
0.4024	0.4287	0.0000	0.0000
0.4034	0.4294	0.0000	0.0000
0.4044	0.4300	0.0000	0.0000
0.4054	0.4307	0.0000	0.0000
0.4064	0.4313	0.0000	0.0000
0.4074	0.4320	0.0000	0.0000
0.4084	0.4326	0.0000	0.0000
0.4094	0.4332	0.0000	0.0000
0.4104	0.4339	0.0000	0.0000
0.4114	0.4345	0.0000	0.0000
0.4124	0.4352	0.0000	0.0000
0.4134	0.4359	0.0000	0.0000
0.4144	0.4365	0.0000	0.0000
0.4154	0.4372	0.0000	0.0000
0.4164	0.4378	0.0000	0.0000
0.4174	0.4385	0.0000	0.0000
0.4184	0.4391	0.0000	0.0000
0.4194	0.4398	0.0000	0.0000
0.4204	0.4405	0.0000	0.0000
0.4214	0.4411	0.0000	0.0000
0.4224	0.4418	0.0000	0.0000
0.4234	0.4425	0.0000	0.0000
0.4244	0.4431	0.0000	0.0000
0.4254	0.4438	0.0000	0.0000
0.4264	0.4445	0.0000	0.0000
0.4274	0.4452	0.0000	0.0000
0.4284	0.4458	0.0000	0.0000
0.4294	0.4465	0.0000	0.0000
0.4304	0.4472	0.0000	0.0000
0.4314	0.4479	0.0000	0.0000
0.4324	0.4486	0.0000	0.0000
0.4334	0.4493	0.0000	0.0000
0.4344	0.4500	0.0000	0.0000
0.4354	0.4506	0.0000	0.0000
0.4364	0.4513	0.0000	0.0000
0.4374	0.4520	0.0000	0.0000
0.4384	0.4527	0.0000	0.0000
0.4394	0.4534	0.0000	0.0000
0.4404	0.4541	0.0000	0.0000
0.4414	0.4548	0.0000	0.0000
0.4424	0.4555	0.0000	0.0000
0.4434	0.4562	0.0000	0.0000
0.4444	0.4569	0.0000	0.0000
0.4454	0.4577	0.0000	0.0000
0.4464	0.4584	0.0000	0.0000
0.4474	0.4591	0.0000	0.0000
0.4484	0.4598	0.0000	0.0000
0.4494	0.4605	0.0000	0.0000
0.4505	0.4612	0.0000	0.0000
0.4515	0.4620	0.0000	0.0000
0.4525	0.4627	0.0000	0.0000
0.4535	0.4634	0.0000	0.0000
0.4545	0.4641	0.0000	0.0000
0.4555	0.4649	0.0000	0.0000
0.4565	0.4656	0.0000	0.0000
0.4575	0.4663	0.0000	0.0000
0.4585	0.4671	0.0000	0.0000
0.4595	0.4678	0.0000	0.0000
0.4605	0.4686	0.0000	0.0000
0.4615	0.4693	0.0000	0.0000
0.4625	0.4701	0.0000	0.0000
0.4635	0.4708	0.0000	0.0000
0.4645	0.4716	0.0000	0.0000
0.4655	0.4723	0.0000	0.0000
0.4665	0.4731	0.0000	0.0000
0.4675	0.4738	0.0000	0.0000
0.4685	0.4746	0.0000	0.0000
0.4695	0.4754	0.0000	0.0000
0.4705	0.4761	0.0000	0.0000
0.4715	0.4769	0.0000	0.0000
0.4725	0.4777	0.0000	0.0000
0.4735	0.4785	0.0000	0.0000
0.4745	0.4792	0.0000	0.0000
0.4755	0.4800	0.0000	0.0000
0.4765	0.4808	0.0000	0.0000
0.4775	0.4816	0.0000	0.0000
0.4785	0.4824	0.0000	0.0000
0.4795	0.4832	0.0000	0.0000
0.4805	0.4840	0.0000	0.0000
0.4815	0.4848	0.0000	0.0000
0.4825	0.4856	0.0000	0.0000
0.4835	0.4864	0.0000	0.0000
0.4845	0.4872	0.0000	0.0000
0.4855	0.4880	0.0000	0.0000
0.4865	0.4888	0.0000	0.0000
0.4875	0.4896	0.0000	0.0000
0.4885	0.4904	0.0000	0.0000
0.4895	0.4913	0.0000	0.0000
0.4905	0.4921	0.0000	0.0000
0.4915	0.4929	0.0000	0.0000
0.4925	0.4938	0.0000	0.0000
0.4935	0.4946	0.0000	0.0000
0.4945	0.4954	0.0000	0.0000
0.4955	0.4963	0.0000	0.0000
0.4965	0.4971	0.0000	0.0000
0.4975	0.4980	0.0000	0.0000
0.4985	0.4988	0.0000	0.0000
0.4995	0.4997	0.0000	0.0000
0.5005	0.5005	0.0000	0.0000
0.5015	0.5014	0.0000	0.0000
0.5025	0.5022	0.0000	0.0000
0.5035	0.5031	0.0000	0.0000
0.5045	0.5039	0.0000	0.0000
0.5055	0.5048	0.0000	0.0000
0.5065	0.5056	0.0000	0.0000
0.5075	0.5065	0.0000	0.0000
0.5085	0.5073	0.0000	0.0000
0.5095	0.5081	0.0000	0.0000
0.5105	0.5089	0.0000	0.0000
0.5115	0.5098	0.0000	0.0000
0.5125	0.5106	0.0000	0.0000
0.5135	0.5114	0.0000	0.0000
0.5145	0.5122	0.0000	0.0000
0.5155	0.5130	0.0000	0.0000
0.5165	0.5138	0.0000	0.0000
0.5175	0.5147	0.0000	0.0000
0.5185	0.5155	0.0000	0.0000
0.5195	0.5163	0.0000	0.0000
0.5205	0.5171	0.0000	0.0000
0.5215	0.5178	0.0000	0.0000
0.5225	0.5186	0.0000	0.0000
0.5235	0.5194	0.0000	0.0000
0.5245	0.5202	0.0000	0.0000
0.5255	0.5210	0.0000	0.0000
0.5265	0.5218	0.0000	0.0000
0.5275	0.5226	0.0000	0.0000
0.5285	0.5233	0.0000	0.0000
0.5295	0.5241	0.0000	0.0000
0.5305	0.5249	0.0000	0.0000
0.5315	0.5256	0.0000	0.0000
0.5325	0.5264	0.0000	0.0000
0.5335	0.5272	0.0000	0.0000
0.5345	0.5279	0.0000	0.0000
0.5355	0.5287	0.0000	0.0000
0.5365	0.5294	0.0000	0.0000
0.5375	0.5302	0.0000	0.0000
0.5385	0.5309	0.0000	0.0000
0.5395	0.5317	0.0000	0.0000
0.5405	0.5324	0.0000	0.0000
0.5415	0.5332	0.0000	0.0000
0.5425	0.5339	0.0000	0.0000
0.5435	0.5346	0.0000	0.0000
0.5445	0.5354	0.0000	0.0000
0.5455	0.5361	0.0000	0.0000
0.5465	0.5368	0.0000	0.0000
0.5475	0.5376	0.0000	0.0000
0.5485	0.5383	0.0000	0.0000
0.5495	0.5390	0.0000	0.0000
0.5506	0.5397	0.0000	0.0000
0.5516	0.5405	0.0000	0.0000
0.5526	0.5412	0.0000	0.0000
0.5536	0.5419	0.0000	0.0000
0.5546	0.5426	0.0000	0.0000
0.5556	0.5433	0.0000	0.0000
0.5566	0.5440	0.0000	0.0000
0.5576	0.5447	0.0000	0.0000
0.5586	0.5454	0.0000	0.0000
0.5596	0.5461	0.0000	0.0000
0.5606	0.5468	0.0000	0.0000
0.5616	0.5475	0.0000	0.0000
0.5626	0.5482	0.0000	0.0000
0.5636	0.5489	0.0000	0.0000
0.5646	0.5496	0.0000	0.0000
0.5656	0.5503	0.0000	0.0000
0.5666	0.5510	0.0000	0.0000
0.5676	0.5517	0.0000	0.0000
0.5686	0.5524	0.0000	0.0000
0.5696	0.5531	0.0000	0.0000
0.5706	0.5537	0.0000	0.0000
0.5716	0.5544	0.0000	0.0000
0.5726	0.5551	0.0000	0.0000
0.5736	0.5558	0.0000	0.0000
0.5746	0.5564	0.0000	0.0000
0.5756	0.5571	0.0000	0.0000
0.5766	0.5578	0.0000	0.0000
0.5776	0.5585	0.0000	0.0000
0.5786	0.5591	0.0000	0.0000
0.5796	0.5598	0.0000	0.0000
0.5806	0.5605	0.0000	0.0000
0.5816	0.5611	0.0000	0.0000
0.5826	0.5618	0.0000	0.0000
0.5836	0.5624	0.0000	0.0000
0.5846	0.5631	0.0000	0.0000
0.5856	0.5638	0.0000	0.0000
0.5866	0.5644	0.0000	0.0000
0.5876	0.5651	0.0000	0.0000
0.5886	0.5657	0.0000	0.0000
0.5896	0.5664	0.0000	0.0000
0.5906	0.5670	0.0000	0.0000
0.5916	0.5677	0.0000	0.0000
0.5926	0.5683	0.0000	0.0000
0.5936	0.5690	0.0000	0.0000
0.5946	0.5696	0.0000	0.0000
0.5956	0.5703	0.0000	0.0000
0.5966	0.5709	0.0000	0.0000
0.5976	0.5715	0.0000	0.0000
0.5986	0.5722	0.0000	0.0000
0.5996	0.5728	0.0000	0.0000
0.6006	0.5734	0.0000	0.0000
0.6016	0.5741	0.0000	0.0000
0.6026	0.5747	0.0000	0.0000
0.6036	0.5753	0.0000	0.0000
0.6046	0.5760	0.0000	0.0000
0.6056	0.5766	0.0000	0.0000
0.6066	0.5772	0.0000	0.0000
0.6076	0.5779	0.0000	0.0000
0.6086	0.5785	0.0000	0.0000
0.6096	0.5791	0.0000	0.0000
0.6106	0.5797	0.0000	0.0000
0.6116	0.5804	0.0000	0.0000
0.6126	0.5810	0.0000	0.0000
0.6136	0.5816	0.0000	0.0000
0.6146	0.5822	0.0000	0.0000
0.6156	0.5828	0.0000	0.0000
0.6166	0.5835	0.0000	0.0000
0.6176	0.5841	0.0000	0.0000
0.6186	0.5847	0.0000	0.0000
0.6196	0.5853	0.0000	0.0000
0.6206	0.5859	0.0000	0.0000
0.6216	0.5865	0.0000	0.0000
0.6226	0.5871	0.0000	0.0000
0.6236	0.5877	0.0000	0.0000
0.6246	0.5884	0.0000	0.0000
0.6256	0.5890	0.0000	0.0000
0.6266	0.5896	0.0000	0.0000
0.6276	0.5902	0.0000	0.0000
0.6286	0.5908	0.0000	0.0000
0.6296	0.5914	0.0000	0.0000
0.6306	0.5920	0.0000	0.0000
0.6316	0.5926	0.0000	0.0000
0.6326	0.5932	0.0000	0.0000
0.6336	0.5938	0.0000	0.0000
0.6346	0.5944	0.0000	0.0000
0.6356	0.5950	0.0000	0.0000
0.6366	0.5956	0.0000	0.0000
0.6376	0.5962	0.0000	0.0000
0.6386	0.5968	0.0000	0.0000
0.6396	0.5974	0.0000	0.0000
0.6406	0.5980	0.0000	0.0000
0.6416	0.5986	0.0000	0.0000
0.6426	0.5992	0.0000	0.0000
0.6436	0.5998	0.0000	0.0000
0.6446	0.6004	0.0000	0.0000
0.6456	0.6009	0.0000	0.0000
0.6466	0.6015	0.0000	0.0000
0.6476	0.6021	0.0000	0.0000
0.6486	0.6027	0.0000	0.0000
0.6496	0.6033	0.0000	0.0000
0.6507	0.6039	0.0000	0.0000
0.6517	0.6045	0.0000	0.0000
0.6527	0.6051	0.0000	0.0000
0.6537	0.6056	0.0000	0.0000
0.6547	0.6062	0.0000	0.0000
0.6557	0.6068	0.0000	0.0000
0.6567	0.6074	0.0000	0.0000
0.6577	0.6080	0.0000	0.0000
0.6587	0.6086	0.0000	0.0000
0.6597	0.6092	0.0000	0.0000
0.6607	0.6097	0.0000	0.0000
0.6617	0.6103	0.0000	0.0000
0.6627	0.6109	0.0000	0.0000
0.6637	0.6115	0.0000	0.0000
0.6647	0.6121	0.0000	0.0000
0.6657	0.6126	0.0000	0.0000
0.6667	0.6132	0.0000	0.0000
0.6677	0.6138	0.0000	0.0000
0.6687	0.6144	0.0000	0.0000
0.6697	0.6149	0.0000	0.0000
0.6707	0.6155	0.0000	0.0000
0.6717	0.6161	0.0000	0.0000
0.6727	0.6167	0.0000	0.0000
0.6737	0.6172	0.0000	0.0000
0.6747	0.6178	0.0000	0.0000
0.6757	0.6184	0.0000	0.0000
0.6767	0.6190	0.0000	0.0000
0.6777	0.6195	0.0000	0.0000
0.6787	0.6201	0.0000	0.0000
0.6797	0.6207	0.0000	0.0000
0.6807	0.6213	0.0000	0.0000
0.6817	0.6218	0.0000	0.0000
0.6827	0.6224	0.0000	0.0000
0.6837	0.6230	0.0000	0.0000
0.6847	0.6235	0.0000	0.0000
0.6857	0.6241	0.0000	0.0000
0.6867	0.6247	0.0000	0.0000
0.6877	0.6253	0.0000	0.0000
0.6887	0.6258	0.0000	0.0000
0.6897	0.6264	0.0000	0.0000
0.6907	0.6270	0.0000	0.0000
0.6917	0.6275	0.0000	0.0000
0.6927	0.6281	0.0000	0.0000
0.6937	0.6287	0.0000	0.0000
0.6947	0.6292	0.0000	0.0000
0.6957	0.6298	0.0000	0.0000
0.6967	0.6304	0.0000	0.0000
0.6977	0.6309	0.0000	0.0000
0.6987	0.6315	0.0000	0.0000
0.6997	0.6321	0.0000	0.0000
0.7007	0.6326	0.0000	0.0000
0.7017	0.6332	0.0000	0.0000
0.7027	0.6338	0.0000	0.0000
0.7037	0.6343	0.0000	0.0000
0.7047	0.6349	0.0000	0.0000
0.7057	0.6355	0.0000	0.0000
0.7067	0.6360	0.0000	0.0000
0.7077	0.6366	0.0000	0.0000
0.7087	0.6372	0.0000	0.0000
0.7097	0.6377	0.0000	0.0000
0.7107	0.6383	0.0000	0.0000
0.7117	0.6388	0.0000	0.0000
0.7127	0.6394	0.0000	0.0000
0.7137	0.6400	0.0000	0.0000
0.7147	0.6405	0.0000	0.0000
0.7157	0.6411	0.0000	0.0000
0.7167	0.6417	0.0000	0.0000
0.7177	0.6422	0.0000	0.0000
0.7187	0.6428	0.0000	0.0000
0.7197	0.6434	0.0000	0.0000
0.7207	0.6439	0.0000	0.0000
0.7217	0.6445	0.0000	0.0000
0.7227	0.6450	0.0000	0.0000
0.7237	0.6456	0.0000	0.0000
0.7247	0.6462	0.0000	0.0000
0.7257	0.6467	0.0000	0.0000
0.7267	0.6473	0.0000	0.0000
0.7277	0.6479	0.0000	0.0000
0.7287	0.6484	0.0000	0.0000
0.7297	0.6490	0.0000	0.0000
0.7307	0.6495	0.0000	0.0000
0.7317	0.6501	0.0000	0.0000
0.7327	0.6507	0.0000	0.0000
0.7337	0.6512	0.0000	0.0000
0.7347	0.6518	0.0000	0.0000
0.7357	0.6524	0.0000	0.0000
0.7367	0.6529	0.0000	0.0000
0.7377	0.6535	0.0000	0.0000
0.7387	0.6541	0.0000	0.0000
0.7397	0.6546	0.0000	0.0000
0.7407	0.6552	0.0000	0.0000
0.7417	0.6557	0.0000	0.0000
0.7427	0.6563	0.0000	0.0000
0.7437	0.6569	0.0000	0.0000
0.7447	0.6574	0.0000	0.0000
0.7457	0.6580	0.0000	0.0000
0.7467	0.6586	0.0000	0.0000
0.7477	0.6591	0.0000	0.0000
0.7487	0.6597	0.0000	0.0000
0.7497	0.6602	0.0000	0.0000
0.7508	0.6608	0.0000	0.0000
0.7518	0.6614	0.0000	0.0000
0.7528	0.6619	0.0000	0.0000
0.7538	0.6625	0.0000	0.0000
0.7548	0.6631	0.0000	0.0000
0.7558	0.6636	0.0000	0.0000
0.7568	0.6642	0.0000	0.0000
0.7578	0.6648	0.0000	0.0000
0.7588	0.6653	0.0000	0.0000
0.7598	0.6659	0.0000	0.0000
0.7608	0.6665	0.0000	0.0000
0.7618	0.6670	0.0000	0.0000
0.7628	0.6676	0.0000	0.0000
0.7638	0.6681	0.0000	0.0000
0.7648	0.6687	0.0000	0.0000
0.7658	0.6693	0.0000	0.0000
0.7668	0.6698	0.0000	0.0000
0.7678	0.6704	0.0000	0.0000
0.7688	0.6710	0.0000	0.0000
0.7698	0.6715	0.0000	0.0000
0.7708	0.6721	0.0000	0.0000
0.7718	0.6727	0.0000	0.0000
0.7728	0.6732	0.0000	0.0000
0.7738	0.6738	0.0000	0.0000
0.7748	0.6744	0.0000	0.0000
0.7758	0.6749	0.0000	0.0000
0.7768	0.6755	0.0000	0.0000
0.7778	0.6761	0.0000	0.0000
0.7788	0.6767	0.0000	0.0000
0.7798	0.6772	0.0000	0.0000
0.7808	0.6778	0.0000	0.0000
0.7818	0.6784	0.0000	0.0000
0.7828	0.6789	0.0000	0.0000
0.7838	0.6795	0.0000	0.0000
0.7848	0.6801	0.0000	0.0000
0.7858	0.6806	0.0000	0.0000
0.7868	0.6812	0.0000	0.0000
0.7878	0.6818	0.0000	0.0000
0.7888	0.6823	0.0000	0.0000
0.7898	0.6829	0.0000	0.0000
0.7908	0.6835	0.0000	0.0000
0.7918	0.6841	0.0000	0.0000
0.7928	0.6846	0.0000	0.0000
0.7938	0.6852	0.0000	0.0000
0.7948	0.6858	0.0000	0.0000
0.7958	0.6864	0.0000	0.0000
0.7968	0.6869	0.0000	0.0000
0.7978	0.6875	0.0000	0.0000
0.7988	0.6881	0.0000	0.0000
0.7998	0.6887	0.0000	0.0000
0.8008	0.6892	0.0000	0.0000
0.8018	0.6898	0.0000	0.0000
0.8028	0.6904	0.0000	0.0000
0.8038	0.6910	0.0000	0.0000
0.8048	0.6915	0.0000	0.0000
0.8058	0.6921	0.0000	0.0000
0.8068	0.6927	0.0000	0.0000
0.8078	0.6933	0.0000	0.0000
0.8088	0.6938	0.0000	0.0000
0.8098	0.6944	0.0000	0.0000
0.8108	0.6950	0.0000	0.0000
0.8118	0.6956	0.0000	0.0000
0.8128	0.6962	0.0000	0.0000
0.8138	0.6967	0.0000	0.0000
0.8148	0.6973	0.0000	0.0000
0.8158	0.6979	0.0000	0.0000
0.8168	0.6985	0.0000	0.0000
0.8178	0.6991	0.0000	0.0000
0.8188	0.6996	0.0000	0.0000
0.8198	0.7002	0.0000	0.0000
0.8208	0.7008	0.0000	0.0000
0.8218	0.7014	0.0000	0.0000
0.8228	0.7020	0.0000	0.0000
0.8238	0.7025	0.0000	0.0000
0.8248	0.7031	0.0000	0.0000
0.8258	0.7037	0.0000	0.0000
0.8268	0.7043	0.0000	0.0000
0.8278	0.7049	0.0000	0.0000
0.8288	0.7055	0.0000	0.0000
0.8298	0.7061	0.0000	0.0000
0.8308	0.7066	0.0000	0.0000
0.8318	0.7072	0.0000	0.0000
0.8328	0.7078	0.0000	0.0000
0.8338	0.7084	0.0000	0.0000
0.8348	0.7090	0.0000	0.0000
0.8358	0.7096	0.0000	0.0000
0.8368	0.7102	0.0000	0.0000
0.8378	0.7108	0.0000	0.0000
0.8388	0.7114	0.0000	0.0000
0.8398	0.7119	0.0000	0.0000
0.8408	0.7125	0.0000	0.0000
0.8418	0.7131	0.0000	0.0000
0.8428	0.7137	0.0000	0.0000
0.8438	0.7143	0.0000	0.0000
0.8448	0.7149	0.0000	0.0000
0.8458	0.7155	0.0000	0.0000
0.8468	0.7161	0.0000	0.0000
0.8478	0.7167	0.0000	0.0000
0.8488	0.7173	0.0000	0.0000
0.8498	0.7179	0.0000	0.0000
0.8509	0.7185	0.0000	0.0000
0.8519	0.7191	0.0000	0.0000
0.8529	0.7197	0.0000	0.0000
0.8539	0.7203	0.0000	0.0000
0.8549	0.7209	0.0000	0.0000
0.8559	0.7215	0.0000	0.0000
0.8569	0.7221	0.0000	0.0000
0.8579	0.7227	0.0000	0.0000
0.8589	0.7233	0.0000	0.0000
0.8599	0.7239	0.0000	0.0000
0.8609	0.7245	0.0000	0.0000
0.8619	0.7251	0.0000	0.0000
0.8629	0.7257	0.0000	0.0000
0.8639	0.7263	0.0000	0.0000
0.8649	0.7269	0.0000	0.0000
0.8659	0.7275	0.0000	0.0000
0.8669	0.7281	0.0000	0.0000
0.8679	0.7287	0.0000	0.0000
0.8689	0.7293	0.0000	0.0000
0.8699	0.7299	0.0000	0.0000
0.8709	0.7305	0.0000	0.0000
0.8719	0.7311	0.0000	0.0000
0.8729	0.7317	0.0000	0.0000
0.8739	0.7323	0.0000	0.0000
0.8749	0.7329	0.0000	0.0000
0.8759	0.7335	0.0000	0.0000
0.8769	0.7341	0.0000	0.0000
0.8779	0.7348	0.0000	0.0000
0.8789	0.7354	0.0000	0.0000
0.8799	0.7360	0.0000	0.0000
0.8809	0.7366	0.0000	0.0000
0.8819	0.7372	0.0000	0.0000
0.8829	0.7378	0.0000	0.0000
0.8839	0.7384	0.0000	0.0000
0.8849	0.7390	0.0000	0.0000
0.8859	0.7397	0.0000	0.0000
0.8869	0.7403	0.0000	0.0000
0.8879	0.7409	0.0000	0.0000
0.8889	0.7415	0.0000	0.0000
0.8899	0.7421	0.0000	0.0000
0.8909	0.7427	0.0000	0.0000
0.8919	0.7434	0.0000	0.0000
0.8929	0.7440	0.0000	0.0000
0.8939	0.7446	0.0000	0.0000
0.8949	0.7452	0.0000	0.0000
0.8959	0.7458	0.0000	0.0000
0.8969	0.7464	0.0000	0.0000
0.8979	0.7471	0.0000	0.0000
0.8989	0.7477	0.0000	0.0000
0.8999	0.7483	0.0000	0.0000
0.9009	0.7489	0.0000	0.0000
0.9019	0.7496	0.0000	0.0000
0.9029	0.7502	0.0000	0.0000
0.9039	0.7508	0.0000	0.0000
0.9049	0.7514	0.0000	0.0000
0.9059	0.7521	0.0000	0.0000
0.9069	0.7527	0.0000	0.0000
0.9079	0.7533	0.0000	0.0000
0.9089	0.7539	0.0000	0.0000
0.9099	0.7546	0.0000	0.0000
0.9109	0.7552	0.0000	0.0000
0.9119	0.7558	0.0000	0.0000
0.9129	0.7565	0.0000	0.0000
0.9139	0.7571	0.0000	0.0000
0.9149	0.7577	0.0000	0.0000
0.9159	0.7584	0.0000	0.0000
0.9169	0.7590	0.0000	0.0000
0.9179	0.7596	0.0000	0.0000
0.9189	0.7603	0.0000	0.0000
0.9199	0.7609	0.0000	0.0000
0.9209	0.7615	0.0000	0.0000
0.9219	0.7622	0.0000	0.0000
0.9229	0.7628	0.0000	0.0000
0.9239	0.7634	0.0000	0.0000
0.9249	0.7641	0.0000	0.0000
0.9259	0.7647	0.0000	0.0000
0.9269	0.7654	0.0000	0.0000
0.9279	0.7660	0.0000	0.0000
0.9289	0.7666	0.0000	0.0000
0.9299	0.7673	0.0000	0.0000
0.9309	0.7679	0.0000	0.0000
0.9319	0.7686	0.0000	0.0000
0.9329	0.7692	0.0000	0.0000
0.9339	0.7699	0.0000	0.0000
0.9349	0.7705	0.0000	0.0000
0.9359	0.7711	0.0000	0.0000
0.9369	0.7718	0.0000	0.0000
0.9379	0.7724	0.0000	0.0000
0.9389	0.7731	0.0000	0.0000
0.9399	0.7737	0.0000	0.0000
0.9409	0.7744	0.0000	0.0000
0.9419	0.7750	0.0000	0.0000
0.9429	0.7757	0.0000	0.0000
0.9439	0.7763	0.0000	0.0000
0.9449	0.7770	0.0000	0.0000
0.9459	0.7776	0.0000	0.0000
0.9469	0.7783	0.0000	0.0000
0.9479	0.7789	0.0000	0.0000
0.9489	0.7796	0.0000	0.0000
0.9499	0.7802	0.0000	0.0000
0.9510	0.7809	0.0000	0.0000
0.9520	0.7815	0.0000	0.0000
0.9530	0.7822	0.0000	0.0000
0.9540	0.7829	0.0000	0.0000
0.9550	0.7835	0.0000	0.0000
0.9560	0.7842	0.0000	0.0000
0.9570	0.7848	0.0000	0.0000
0.9580	0.7855	0.0000	0.0000
0.9590	0.7862	0.0000	0.0000
0.9600	0.7868	0.0000	0.0000
0.9610	0.7875	0.0000	0.0000
0.9620	0.7881	0.0000	0.0000
0.9630	0.7888	0.0000	0.0000
0.9640	0.7895	0.0000	0.0000
0.9650	0.7901	0.0000	0.0000
0.9660	0.7908	0.0000	0.0000
0.9670	0.7915	0.0000	0.0000
0.9680	0.7921	0.0000	0.0000
0.9690	0.7928	0.0000	0.0000
0.9700	0.7935	0.0000	0.0000
0.9710	0.7941	0.0000	0.0000
0.9720	0.7948	0.0000	0.0000
0.9730	0.7955	0.0000	0.0000
0.9740	0.7961	0.0000	0.0000
0.9750	0.7968	0.0000	0.0000
0.9760	0.7975	0.0000	0.0000
0.9770	0.7981	0.0000	0.0000
0.9780	0.7988	0.0000	0.0000
0.9790	0.7995	0.0000	0.0000
0.9800	0.8002	0.0000	0.0000
0.9810	0.8008	0.0000	0.0000
0.9820	0.8015	0.0000	0.0000
0.9830	0.8022	0.0000	0.0000
0.9840	0.8029	0.0000	0.0000
0.9850	0.8035	0.0000	0.0000
0.9860	0.8042	0.0000	0.0000
0.9870	0.8049	0.0000	0.0000
0.9880	0.8056	0.0000	0.0000
0.9890	0.8062	0.0000	0.0000
0.9900	0.8069	0.0000	0.0000
0.9910	0.8076	0.0000	0.0000
0.9920	0.8083	0.0000	0.0000
0.9930	0.8090	0.0000	0.0000
0.9940	0.8097	0.0000	0.0000
0.9950	0.8103	0.0000	0.0000
0.9960	0.8110	0.0000	0.0000
0.9970	0.8117	0.0000	0.0000
0.9980	0.8124	0.0000	0.0000
0.9990	0.8131	0.0000	0.0000
1.0000	0.8138	0.0000	0.0000
0.5015
