0.0000	0.1902	0.0000	0.0000
0.0010	0.1909	0.0000	0.0000
0.0020	0.1916	0.0000	0.0000
0.0030	0.1923	0.0000	0.0000
0.0040	0.1930	0.0000	0.0000
0.0050	0.1937	0.0000	0.0000
0.0060	0.1944	0.0000	0.0000
0.0070	0.1951	0.0000	0.0000
0.0080	0.1958	0.0000	0.0000
0.0090	0.1964	0.0000	0.0000
0.0100	0.1971	0.0000	0.0000
0.0110	0.1978	0.0000	0.0000
0.0120	0.1985	0.0000	0.0000
0.0130	0.1992	0.0000	0.0000
0.0140	0.1999	0.0000	0.0000
0.0150	0.2005	0.0000	0.0000
0.0160	0.2012	0.0000	0.0000
0.0170	0.2019	0.0000	0.0000
0.0180	0.2026	0.0000	0.0000
0.0190	0.2033	0.0000	0.0000
0.0200	0.2039	0.0000	0.0000
0.0210	0.2046	0.0000	0.0000
0.0220	0.2053	0.0000	0.0000
0.0230	0.2060	0.0000	0.0000
0.0240	0.2067	0.0000	0.0000
0.0250	0.2073	0.0000	0.0000
0.0260	0.2080	0.0000	0.0000
0.0270	0.2087	0.0000	0.0000
0.0280	0.2094	0.0000	0.0000
0.0290	0.2100	0.0000	0.0000
0.0300	0.2107	0.0000	0.0000
0.0310	0.2114	0.0000	0.0000
0.0320	0.2120	0.0000	0.0000
0.0330	0.2127	0.0000	0.0000
0.0340	0.2134	0.0000	0.0000
0.0350	0.2141	0.0000	0.0000
0.0360	0.2147	0.0000	0.0000
0.0370	0.2154	0.0000	0.0000
0.0380	0.2161	0.0000	0.0000
0.0390	0.2167	0.0000	0.0000
0.0400	0.2174	0.0000	0.0000
0.0410	0.2181	0.0000	0.0000
0.0420	0.2187	0.0000	0.0000
0.0430	0.2194	0.0000	0.0000
0.0440	0.2200	0.0000	0.0000
0.0450	0.2207	0.0000	0.0000
0.0460	0.2214	0.0000	0.0000
0.0470	0.2220	0.0000	0.0000
0.0480	0.2227	0.0000	0.0000
0.0490	0.2234	0.0000	0.0000
0.0501	0.2240	0.0000	0.0000
0.0511	0.2247	0.0000	0.0000
0.0521	0.2253	0.0000	0.0000
0.0531	0.2260	0.0000	0.0000
0.0541	0.2266	0.0000	0.0000
0.0551	0.2273	0.0000	0.0000
0.0561	0.2280	0.0000	0.0000
0.0571	0.2286	0.0000	0.0000
0.0581	0.2293	0.0000	0.0000
0.0591	0.2299	0.0000	0.0000
0.0601	0.2306	0.0000	0.0000
0.0611	0.2312	0.0000	0.0000
0.0621	0.2319	0.0000	0.0000
0.0631	0.2325	0.0000	0.0000
0.0641	0.2332	0.0000	0.0000
0.0651	0.2338	0.0000	0.0000
0.0661	0.2345	0.0000	0.0000
0.0671	0.2351	0.0000	0.0000
0.0681	0.2358	0.0000	0.0000
0.0691	0.2364	0.0000	0.0000
0.0701	0.2371	0.0000	0.0000
0.0711	0.2377	0.0000	0.0000
0.0721	0.2384	0.0000	0.0000
0.0731	0.2390	0.0000	0.0000
0.0741	0.2396	0.0000	0.0000
0.0751	0.2403	0.0000	0.0000
0.0761	0.2409	0.0000	0.0000
0.0771	0.2416	0.0000	0.0000
0.0781	0.2422	0.0000	0.0000
0.0791	0.2429	0.0000	0.0000
0.0801	0.2435	0.0000	0.0000
0.0811	0.2441	0.0000	0.0000
0.0821	0.2448	0.0000	0.0000
0.0831	0.2454	0.0000	0.0000
0.0841	0.2460	0.0000	0.0000
0.0851	0.2467	0.0000	0.0000
0.0861	0.2473	0.0000	0.0000
0.0871	0.2480	0.0000	0.0000
0.0881	0.2486	0.0000	0.0000
0.0891	0.2492	0.0000	0.0000
0.0901	0.2499	0.0000	0.0000
0.0911	0.2505	0.0000	0.0000
0.0921	0.2511	0.0000	0.0000
0.0931	0.2518	0.0000	0.0000
0.0941	0.2524	0.0000	0.0000
0.0951	0.2530	0.0000	0.0000
0.0961	0.2536	0.0000	0.0000
0.0971	0.2543	0.0000	0.0000
0.0981	0.2549	0.0000	0.0000
0.0991	0.2555	0.0000	0.0000
0.1001	0.2562	0.0000	0.0000
0.1011	0.2568	0.0000	0.0000
0.1021	0.2574	0.0000	0.0000
0.1031	0.2580	0.0000	0.0000
0.1041	0.2587	0.0000	0.0000
0.1051	0.2593	0.0000	0.0000
0.1061	0.2599	0.0000	0.0000
0.1071	0.2605	0.0000	0.0000
0.1081	0.2612	0.0000	0.0000
0.1091	0.2618	0.0000	0.0000
0.1101	0.2624	0.0000	0.0000
0.1111	0.2630	0.0000	0.0000
0.1121	0.2636	0.0000	0.0000
0.1131	0.2643	0.0000	0.0000
0.1141	0.2649	0.0000	0.0000
0.1151	0.2655	0.0000	0.0000
0.1161	0.2661	0.0000	0.0000
0.1171	0.2667	0.0000	0.0000
0.1181	0.2673	0.0000	0.0000
0.1191	0.2680	0.0000	0.0000
0.1201	0.2686	0.0000	0.0000
0.1211	0.2692	0.0000	0.0000
0.1221	0.2698	0.0000	0.0000
0.1231	0.2704	0.0000	0.0000
0.1241	0.2710	0.0000	0.0000
0.1251	0.2716	0.0000	0.0000
0.1261	0.2723	0.0000	0.0000
0.1271	0.2729	0.0000	0.0000
0.1281	0.2735	0.0000	0.0000
0.1291	0.2741	0.0000	0.0000
0.1301	0.2747	0.0000	0.0000
0.1311	0.2753	0.0000	0.0000
0.1321	0.2759	0.0000	0.0000
0.1331	0.2765	0.0000	0.0000
0.1341	0.2771	0.0000	0.0000
0.1351	0.2777	0.0000	0.0000
0.1361	0.2783	0.0000	0.0000
0.1371	0.2789	0.0000	0.0000
0.1381	0.2795	0.0000	0.0000
0.1391	0.2801	0.0000	0.0000
0.1401	0.2807	0.0000	0.0000
0.1411	0.2814	0.0000	0.0000
0.1421	0.2820	0.0000	0.0000
0.1431	0.2826	0.0000	0.0000
0.1441	0.2832	0.0000	0.0000
0.1451	0.2838	0.0000	0.0000
0.1461	0.2844	0.0000	0.0000
0.1471	0.2850	0.0000	0.0000
0.1481	0.2856	0.0000	0.0000
0.1491	0.2862	0.0000	0.0000
0.1502	0.2868	0.0000	0.0000
0.1512	0.2873	0.0000	0.0000
0.1522	0.2879	0.0000	0.0000
0.1532	0.2885	0.0000	0.0000
0.1542	0.2891	0.0000	0.0000
0.1552	0.2897	0.0000	0.0000
0.1562	0.2903	0.0000	0.0000
0.1572	0.2909	0.0000	0.0000
0.1582	0.2915	0.0000	0.0000
0.1592	0.2921	0.0000	0.0000
0.1602	0.2927	0.0000	0.0000
0.1612	0.2933	0.0000	0.0000
0.1622	0.2939	0.0000	0.0000
0.1632	0.2945	0.0000	0.0000
0.1642	0.2951	0.0000	0.0000
0.1652	0.2957	0.0000	0.0000
0.1662	0.2962	0.0000	0.0000
0.1672	0.2968	0.0000	0.0000
0.1682	0.2974	0.0000	0.0000
0.1692	0.2980	0.0000	0.0000
0.1702	0.2986	0.0000	0.0000
0.1712	0.2992	0.0000	0.0000
0.1722	0.2998	0.0000	0.0000
0.1732	0.3004	0.0000	0.0000
0.1742	0.3009	0.0000	0.0000
0.1752	0.3015	0.0000	0.0000
0.1762	0.3021	0.0000	0.0000
0.1772	0.3027	0.0000	0.0000
0.1782	0.3033	0.0000	0.0000
0.1792	0.3039	0.0000	0.0000
0.1802	0.3044	0.0000	0.0000
0.1812	0.3050	0.0000	0.0000
0.1822	0.3056	0.0000	0.0000
0.1832	0.3062	0.0000	0.0000
0.1842	0.3068	0.0000	0.0000
0.1852	0.3073	0.0000	0.0000
0.1862	0.3079	0.0000	0.0000
0.1872	0.3085	0.0000	0.0000
0.1882	0.3091	0.0000	0.0000
0.1892	0.3097	0.0000	0.0000
0.1902	0.3102	0.0000	0.0000
0.1912	0.3108	0.0000	0.0000
0.1922	0.3114	0.0000	0.0000
0.1932	0.3120	0.0000	0.0000
0.1942	0.3126	0.0000	0.0000
0.1952	0.3131	0.0000	0.0000
0.1962	0.3137	0.0000	0.0000
0.1972	0.3143	0.0000	0.0000
0.1982	0.3149	0.0000	0.0000
0.1992	0.3154	0.0000	0.0000
0.2002	0.3160	0.0000	0.0000
0.2012	0.3166	0.0000	0.0000
0.2022	0.3171	0.0000	0.0000
0.2032	0.3177	0.0000	0.0000
0.2042	0.3183	0.0000	0.0000
0.2052	0.3189	0.0000	0.0000
0.2062	0.3194	0.0000	0.0000
0.2072	0.3200	0.0000	0.0000
0.2082	0.3206	0.0000	0.0000
0.2092	0.3212	0.0000	0.0000
0.2102	0.3217	0.0000	0.0000
0.2112	0.3223	0.0000	0.0000
0.2122	0.3229	0.0000	0.0000
0.2132	0.3234	0.0000	0.0000
0.2142	0.3240	0.0000	0.0000
0.2152	0.3246	0.0000	0.0000
0.2162	0.3251	0.0000	0.0000
0.2172	0.3257	0.0000	0.0000
0.2182	0.3263	0.0000	0.0000
0.2192	0.3268	0.0000	0.0000
0.2202	0.3274	0.0000	0.0000
0.2212	0.3280	0.0000	0.0000
0.2222	0.3285	0.0000	0.0000
0.2232	0.3291	0.0000	0.0000
0.2242	0.3297	0.0000	0.0000
0.2252	0.3302	0.0000	0.0000
0.2262	0.3308	0.0000	0.0000
0.2272	0.3314	0.0000	0.0000
0.2282	0.3319	0.0000	0.0000
0.2292	0.3325	0.0000	0.0000
0.2302	0.3331	0.0000	0.0000
0.2312	0.3336	0.0000	0.0000
0.2322	0.3342	0.0000	0.0000
0.2332	0.3347	0.0000	0.0000
0.2342	0.3353	0.0000	0.0000
0.2352	0.3359	0.0000	0.0000
0.2362	0.3364	0.0000	0.0000
0.2372	0.3370	0.0000	0.0000
0.2382	0.3376	0.0000	0.0000
0.2392	0.3381	0.0000	0.0000
0.2402	0.3387	0.0000	0.0000
0.2412	0.3392	0.0000	0.0000
0.2422	0.3398	0.0000	0.0000
0.2432	0.3404	0.0000	0.0000
0.2442	0.3409	0.0000	0.0000
0.2452	0.3415	0.0000	0.0000
0.2462	0.3420	0.0000	0.0000
0.2472	0.3426	0.0000	0.0000
0.2482	0.3432	0.0000	0.0000
0.2492	0.3437	0.0000	0.0000
0.2503	0.3443	0.0000	0.0000
0.2513	0.3448	0.0000	0.0000
0.2523	0.3454	0.0000	0.0000
0.2533	0.3460	0.0000	0.0000
0.2543	0.3465	0.0000	0.0000
0.2553	0.3471	0.0000	0.0000
0.2563	0.3476	0.0000	0.0000
0.2573	0.3482	0.0000	0.0000
0.2583	0.3487	0.0000	0.0000
0.2593	0.3493	0.0000	0.0000
0.2603	0.3499	0.0000	0.0000
0.2613	0.3504	0.0000	0.0000
0.2623	0.3510	0.0000	0.0000
0.2633	0.3515	0.0000	0.0000
0.2643	0.3521	0.0000	0.0000
0.2653	0.3526	0.0000	0.0000
0.2663	0.3532	0.0000	0.0000
0.2673	0.3538	0.0000	0.0000
0.2683	0.3543	0.0000	0.0000
0.2693	0.3549	0.0000	0.0000
0.2703	0.3554	0.0000	0.0000
0.2713	0.3560	0.0000	0.0000
0.2723	0.3565	0.0000	0.0000
0.2733	0.3571	0.0000	0.0000
0.2743	0.3577	0.0000	0.0000
0.2753	0.3582	0.0000	0.0000
0.2763	0.3588	0.0000	0.0000
0.2773	0.3593	0.0000	0.0000
0.2783	0.3599	0.0000	0.0000
0.2793	0.3604	0.0000	0.0000
0.2803	0.3610	0.0000	0.0000
0.2813	0.3615	0.0000	0.0000
0.2823	0.3621	0.0000	0.0000
0.2833	0.3627	0.0000	0.0000
0.2843	0.3632	0.0000	0.0000
0.2853	0.3638	0.0000	0.0000
0.2863	0.3643	0.0000	0.0000
0.2873	0.3649	0.0000	0.0000
0.2883	0.3654	0.0000	0.0000
0.2893	0.3660	0.0000	0.0000
0.2903	0.3666	0.0000	0.0000
0.2913	0.3671	0.0000	0.0000
0.2923	0.3677	0.0000	0.0000
0.2933	0.3682	0.0000	0.0000
0.2943	0.3688	0.0000	0.0000
0.2953	0.3693	0.0000	0.0000
0.2963	0.3699	0.0000	0.0000
0.2973	0.3704	0.0000	0.0000
0.2983	0.3710	0.0000	0.0000
0.2993	0.3716	0.0000	0.0000
0.3003	0.3721	0.0000	0.0000
0.3013	0.3727	0.0000	0.0000
0.3023	0.3732	0.0000	0.0000
0.3033	0.3738	0.0000	0.0000
0.3043	0.3744	0.0000	0.0000
0.3053	0.3749	0.0000	0.0000
0.3063	0.3755	0.0000	0.0000
0.3073	0.3760	0.0000	0.0000
0.3083	0.3766	0.0000	0.0000
0.3093	0.3771	0.0000	0.0000
0.3103	0.3777	0.0000	0.0000
0.3113	0.3783	0.0000	0.0000
0.3123	0.3788	0.0000	0.0000
0.3133	0.3794	0.0000	0.0000
0.3143	0.3799	0.0000	0.0000
0.3153	0.3805	0.0000	0.0000
0.3163	0.3811	0.0000	0.0000
0.3173	0.3816	0.0000	0.0000
0.3183	0.3822	0.0000	0.0000
0.3193	0.3827	0.0000	0.0000
0.3203	0.3833	0.0000	0.0000
0.3213	0.3839	0.0000	0.0000
0.3223	0.3844	0.0000	0.0000
0.3233	0.3850	0.0000	0.0000
0.3243	0.3856	0.0000	0.0000
0.3253	0.3861	0.0000	0.0000
0.3263	0.3867	0.0000	0.0000
0.3273	0.3872	0.0000	0.0000
0.3283	0.3878	0.0000	0.0000
0.3293	0.3884	0.0000	0.0000
0.3303	0.3889	0.0000	0.0000
0.3313	0.3895	0.0000	0.0000
0.3323	0.3901	0.0000	0.0000
0.3333	0.3906	0.0000	0.0000
0.3343	0.3912	0.0000	0.0000
0.3353	0.3918	0.0000	0.0000
0.3363	0.3923	0.0000	0.0000
0.3373	0.3929	0.0000	0.0000
0.3383	0.3935	0.0000	0.0000
0.3393	0.3940	0.0000	0.0000
0.3403	0.3946	0.0000	0.0000
0.3413	0.3952	0.0000	0.0000
0.3423	0.3957	0.0000	0.0000
0.3433	0.3963	0.0000	0.0000
0.3443	0.3969	0.0000	0.0000
0.3453	0.3975	0.0000	0.0000
0.3463	0.3980	0.0000	0.0000
0.3473	0.3986	0.0000	0.0000
0.3483	0.3992	0.0000	0.0000
0.3493	0.3997	0.0000	0.0000
0.3504	0.4003	0.0000	0.0000
0.3514	0.4009	0.0000	0.0000
0.3524	0.4015	0.0000	0.0000
0.3534	0.4020	0.0000	0.0000
0.3544	0.4026	0.0000	0.0000
0.3554	0.4032	0.0000	0.0000
0.3564	0.4038	0.0000	0.0000
0.3574	0.4044	0.0000	0.0000
0.3584	0.4049	0.0000	0.0000
0.3594	0.4055	0.0000	0.0000
0.3604	0.4061	0.0000	0.0000
0.3614	0.4067	0.0000	0.0000
0.3624	0.4073	0.0000	0.0000
0.3634	0.4078	0.0000	0.0000
0.3644	0.4084	0.0000	0.0000
0.3654	0.4090	0.0000	0.0000
0.3664	0.4096	0.0000	0.0000
0.3674	0.4102	0.0000	0.0000
0.3684	0.4108	0.0000	0.0000
0.3694	0.4113	0.0000	0.0000
0.3704	0.4119	0.0000	0.0000
0.3714	0.4125	0.0000	0.0000
0.3724	0.4131	0.0000	0.0000
0.3734	0.4137	0.0000	0.0000
0.3744	0.4143	0.0000	0.0000
0.3754	0.4149	0.0000	0.0000
0.3764	0.4155	0.0000	0.0000
0.3774	0.4161	0.0000	0.0000
0.3784	0.4167	0.0000	0.0000
0.3794	0.4173	0.0000	0.0000
0.3804	0.4179	0.0000	0.0000
0.3814	0.4184	0.0000	0.0000
0.3824	0.4190	0.0000	0.0000
0.3834	0.4196	0.0000	0.0000
0.3844	0.4202	0.0000	0.0000
0.3854	0.4208	0.0000	0.0000
0.3864	0.4214	0.0000	0.0000
0.3874	0.4220	0.0000	0.0000
0.3884	0.4227	0.0000	0.0000
0.3894	0.4233	0.0000	0.0000
0.3904	0.4239	0.0000	0.0000
0.3914	0.4245	0.0000	0.0000
0.3924	0.4251	0.0000	0.0000
0.3934	0.4257	0.0000	0.0000
0.3944	0.4263	0.0000	0.0000
0.3954	0.4269	0.0000	0.0000
0.3964	0.4275	0.0000	0.0000
0.3974	0.4281	0.0000	0.0000
0.3984	0.4287	0.0000	0.0000
0.3994	0.4294	0.0000	0.0000
0.4004	0.4300	0.0000	0.0000
0.4014	0.4306	0.0000	0.0000
0.4024	0.4312	0.0000	0.0000
0.4034	0.4318	0.0000	0.0000
0.4044	0.4325	0.0000	0.0000
0.4054	0.4331	0.0000	0.0000
0.4064	0.4337	0.0000	0.0000
0.4074	0.4343	0.0000	0.0000
0.4084	0.4350	0.0000	0.0000
0.4094	0.4356	0.0000	0.0000
0.4104	0.4362	0.0000	0.0000
0.4114	0.4368	0.0000	0.0000
0.4124	0.4375	0.0000	0.0000
0.4134	0.4381	0.0000	0.0000
0.4144	0.4387	0.0000	0.0000
0.4154	0.4394	0.0000	0.0000
0.4164	0.4400	0.0000	0.0000
0.4174	0.4407	0.0000	0.0000
0.4184	0.4413	0.0000	0.0000
0.4194	0.4419	0.0000	0.0000
0.4204	0.4426	0.0000	0.0000
0.4214	0.4432	0.0000	0.0000
0.4224	0.4439	0.0000	0.0000
0.4234	0.4445	0.0000	0.0000
0.4244	0.4452	0.0000	0.0000
0.4254	0.4458	0.0000	0.0000
0.4264	0.4465	0.0000	0.0000
0.4274	0.4471	0.0000	0.0000
0.4284	0.4478	0.0000	0.0000
0.4294	0.4484	0.0000	0.0000
0.4304	0.4491	0.0000	0.0000
0.4314	0.4498	0.0000	0.0000
0.4324	0.4504	0.0000	0.0000
0.4334	0.4511	0.0000	0.0000
0.4344	0.4517	0.0000	0.0000
0.4354	0.4524	0.0000	0.0000
0.4364	0.4531	0.0000	0.0000
0.4374	0.4538	0.0000	0.0000
0.4384	0.4544	0.0000	0.0000
0.4394	0.4551	0.0000	0.0000
0.4404	0.4558	0.0000	0.0000
0.4414	0.4565	0.0000	0.0000
0.4424	0.4571	0.0000	0.0000
0.4434	0.4578	0.0000	0.0000
0.4444	0.4585	0.0000	0.0000
0.4454	0.4592	0.0000	0.0000
0.4464	0.4599	0.0000	0.0000
0.4474	0.4606	0.0000	0.0000
0.4484	0.4613	0.0000	0.0000
0.4494	0.4620	0.0000	0.0000
0.4505	0.4627	0.0000	0.0000
0.4515	0.4633	0.0000	0.0000
0.4525	0.4640	0.0000	0.0000
0.4535	0.4648	0.0000	0.0000
0.4545	0.4655	0.0000	0.0000
0.4555	0.4662	0.0000	0.0000
0.4565	0.4669	0.0000	0.0000
0.4575	0.4676	0.0000	0.0000
0.4585	0.4683	0.0000	0.0000
0.4595	0.4690	0.0000	0.0000
0.4605	0.4697	0.0000	0.0000
0.4615	0.4704	0.0000	0.0000
0.4625	0.4712	0.0000	0.0000
0.4635	0.4719	0.0000	0.0000
0.4645	0.4726	0.0000	0.0000
0.4655	0.4734	0.0000	0.0000
0.4665	0.4741	0.0000	0.0000
0.4675	0.4748	0.0000	0.0000
0.4685	0.4756	0.0000	0.0000
0.4695	0.4763	0.0000	0.0000
0.4705	0.4770	0.0000	0.0000
0.4715	0.4778	0.0000	0.0000
0.4725	0.4785	0.0000	0.0000
0.4735	0.4793	0.0000	0.0000
0.4745	0.4800	0.0000	0.0000
0.4755	0.4808	0.0000	0.0000
0.4765	0.4815	0.0000	0.0000
0.4775	0.4823	0.0000	0.0000
0.4785	0.4831	0.0000	0.0000
0.4795	0.4838	0.0000	0.0000
0.4805	0.4846	0.0000	0.0000
0.4815	0.4854	0.0000	0.0000
0.4825	0.4861	0.0000	0.0000
0.4835	0.4869	0.0000	0.0000
0.4845	0.4877	0.0000	0.0000
0.4855	0.4885	0.0000	0.0000
0.4865	0.4893	0.0000	0.0000
0.4875	0.4900	0.0000	0.0000
0.4885	0.4908	0.0000	0.0000
0.4895	0.4916	0.0000	0.0000
0.4905	0.4924	0.0000	0.0000
0.4915	0.4932	0.0000	0.0000
0.4925	0.4940	0.0000	0.0000
0.4935	0.4948	0.0000	0.0000
0.4945	0.4956	0.0000	0.0000
0.4955	0.4964	0.0000	0.0000
0.4965	0.4973	0.0000	0.0000
0.4975	0.4981	0.0000	0.0000
0.4985	0.4989	0.0000	0.0000
0.4995	0.4997	0.0000	0.0000
0.5005	0.5006	0.0000	0.0000
0.5015	0.5014	0.0000	0.0000
0.5025	0.5022	0.0000	0.0000
0.5035	0.5030	0.0000	0.0000
0.5045	0.5038	0.0000	0.0000
0.5055	0.5047	0.0000	0.0000
0.5065	0.5055	0.0000	0.0000
0.5075	0.5063	0.0000	0.0000
0.5085	0.5071	0.0000	0.0000
0.5095	0.5079	0.0000	0.0000
0.5105	0.5087	0.0000	0.0000
0.5115	0.5095	0.0000	0.0000
0.5125	0.5103	0.0000	0.0000
0.5135	0.5110	0.0000	0.0000
0.5145	0.5118	0.0000	0.0000
0.5155	0.5126	0.0000	0.0000
0.5165	0.5134	0.0000	0.0000
0.5175	0.5142	0.0000	0.0000
0.5185	0.5149	0.0000	0.0000
0.5195	0.5157	0.0000	0.0000
0.5205	0.5165	0.0000	0.0000
0.5215	0.5172	0.0000	0.0000
0.5225	0.5180	0.0000	0.0000
0.5235	0.5188	0.0000	0.0000
0.5245	0.5195	0.0000	0.0000
0.5255	0.5203	0.0000	0.0000
0.5265	0.5210	0.0000	0.0000
0.5275	0.5218	0.0000	0.0000
0.5285	0.5225	0.0000	0.0000
0.5295	0.5233	0.0000	0.0000
0.5305	0.5240	0.0000	0.0000
0.5315	0.5248	0.0000	0.0000
0.5325	0.5255	0.0000	0.0000
0.5335	0.5262	0.0000	0.0000
0.5345	0.5270	0.0000	0.0000
0.5355	0.5277	0.0000	0.0000
0.5365	0.5284	0.0000	0.0000
0.5375	0.5291	0.0000	0.0000
0.5385	0.5299	0.0000	0.0000
0.5395	0.5306	0.0000	0.0000
0.5405	0.5313	0.0000	0.0000
0.5415	0.5320	0.0000	0.0000
0.5425	0.5327	0.0000	0.0000
0.5435	0.5334	0.0000	0.0000
0.5445	0.5342	0.0000	0.0000
0.5455	0.5349	0.0000	0.0000
0.5465	0.5356	0.0000	0.0000
0.5475	0.5363	0.0000	0.0000
0.5485	0.5370	0.0000	0.0000
0.5495	0.5377	0.0000	0.0000
0.5506	0.5384	0.0000	0.0000
0.5516	0.5391	0.0000	0.0000
0.5526	0.5398	0.0000	0.0000
0.5536	0.5404	0.0000	0.0000
0.5546	0.5411	0.0000	0.0000
0.5556	0.5418	0.0000	0.0000
0.5566	0.5425	0.0000	0.0000
0.5576	0.5432	0.0000	0.0000
0.5586	0.5439	0.0000	0.0000
0.5596	0.5445	0.0000	0.0000
0.5606	0.5452	0.0000	0.0000
0.5616	0.5459	0.0000	0.0000
0.5626	0.5466	0.0000	0.0000
0.5636	0.5472	0.0000	0.0000
0.5646	0.5479	0.0000	0.0000
0.5656	0.5486	0.0000	0.0000
0.5666	0.5492	0.0000	0.0000
0.5676	0.5499	0.0000	0.0000
0.5686	0.5506	0.0000	0.0000
0.5696	0.5512	0.0000	0.0000
0.5706	0.5519	0.0000	0.0000
0.5716	0.5525	0.0000	0.0000
0.5726	0.5532	0.0000	0.0000
0.5736	0.5539	0.0000	0.0000
0.5746	0.5545	0.0000	0.0000
0.5756	0.5552	0.0000	0.0000
0.5766	0.5558	0.0000	0.0000
0.5776	0.5565	0.0000	0.0000
0.5786	0.5571	0.0000	0.0000
0.5796	0.5577	0.0000	0.0000
0.5806	0.5584	0.0000	0.0000
0.5816	0.5590	0.0000	0.0000
0.5826	0.5597	0.0000	0.0000
0.5836	0.5603	0.0000	0.0000
0.5846	0.5610	0.0000	0.0000
0.5856	0.5616	0.0000	0.0000
0.5866	0.5622	0.0000	0.0000
0.5876	0.5629	0.0000	0.0000
0.5886	0.5635	0.0000	0.0000
0.5896	0.5641	0.0000	0.0000
0.5906	0.5647	0.0000	0.0000
0.5916	0.5654	0.0000	0.0000
0.5926	0.5660	0.0000	0.0000
0.5936	0.5666	0.0000	0.0000
0.5946	0.5672	0.0000	0.0000
0.5956	0.5679	0.0000	0.0000
0.5966	0.5685	0.0000	0.0000
0.5976	0.5691	0.0000	0.0000
0.5986	0.5697	0.0000	0.0000
0.5996	0.5704	0.0000	0.0000
0.6006	0.5710	0.0000	0.0000
0.6016	0.5716	0.0000	0.0000
0.6026	0.5722	0.0000	0.0000
0.6036	0.5728	0.0000	0.0000
0.6046	0.5734	0.0000	0.0000
0.6056	0.5740	0.0000	0.0000
0.6066	0.5746	0.0000	0.0000
0.6076	0.5753	0.0000	0.0000
0.6086	0.5759	0.0000	0.0000
0.6096	0.5765	0.0000	0.0000
0.6106	0.5771	0.0000	0.0000
0.6116	0.5777	0.0000	0.0000
0.6126	0.5783	0.0000	0.0000
0.6136	0.5789	0.0000	0.0000
0.6146	0.5795	0.0000	0.0000
0.6156	0.5801	0.0000	0.0000
0.6166	0.5807	0.0000	0.0000
0.6176	0.5813	0.0000	0.0000
0.6186	0.5819	0.0000	0.0000
0.6196	0.5825	0.0000	0.0000
0.6206	0.5831	0.0000	0.0000
0.6216	0.5837	0.0000	0.0000
0.6226	0.5843	0.0000	0.0000
0.6236	0.5848	0.0000	0.0000
0.6246	0.5854	0.0000	0.0000
0.6256	0.5860	0.0000	0.0000
0.6266	0.5866	0.0000	0.0000
0.6276	0.5872	0.0000	0.0000
0.6286	0.5878	0.0000	0.0000
0.6296	0.5884	0.0000	0.0000
0.6306	0.5890	0.0000	0.0000
0.6316	0.5896	0.0000	0.0000
0.6326	0.5901	0.0000	0.0000
0.6336	0.5907	0.0000	0.0000
0.6346	0.5913	0.0000	0.0000
0.6356	0.5919	0.0000	0.0000
0.6366	0.5925	0.0000	0.0000
0.6376	0.5931	0.0000	0.0000
0.6386	0.5936	0.0000	0.0000
0.6396	0.5942	0.0000	0.0000
0.6406	0.5948	0.0000	0.0000
0.6416	0.5954	0.0000	0.0000
0.6426	0.5960	0.0000	0.0000
0.6436	0.5965	0.0000	0.0000
0.6446	0.5971	0.0000	0.0000
0.6456	0.5977	0.0000	0.0000
0.6466	0.5983	0.0000	0.0000
0.6476	0.5988	0.0000	0.0000
0.6486	0.5994	0.0000	0.0000
0.6496	0.6000	0.0000	0.0000
0.6507	0.6006	0.0000	0.0000
0.6517	0.6011	0.0000	0.0000
0.6527	0.6017	0.0000	0.0000
0.6537	0.6023	0.0000	0.0000
0.6547	0.6029	0.0000	0.0000
0.6557	0.6034	0.0000	0.0000
0.6567	0.6040	0.0000	0.0000
0.6577	0.6046	0.0000	0.0000
0.6587	0.6051	0.0000	0.0000
0.6597	0.6057	0.0000	0.0000
0.6607	0.6063	0.0000	0.0000
0.6617	0.6068	0.0000	0.0000
0.6627	0.6074	0.0000	0.0000
0.6637	0.6080	0.0000	0.0000
0.6647	0.6085	0.0000	0.0000
0.6657	0.6091	0.0000	0.0000
0.6667	0.6097	0.0000	0.0000
0.6677	0.6102	0.0000	0.0000
0.6687	0.6108	0.0000	0.0000
0.6697	0.6114	0.0000	0.0000
0.6707	0.6119	0.0000	0.0000
0.6717	0.6125	0.0000	0.0000
0.6727	0.6131	0.0000	0.0000
0.6737	0.6136	0.0000	0.0000
0.6747	0.6142	0.0000	0.0000
0.6757	0.6147	0.0000	0.0000
0.6767	0.6153	0.0000	0.0000
0.6777	0.6159	0.0000	0.0000
0.6787	0.6164	0.0000	0.0000
0.6797	0.6170	0.0000	0.0000
0.6807	0.6176	0.0000	0.0000
0.6817	0.6181	0.0000	0.0000
0.6827	0.6187	0.0000	0.0000
0.6837	0.6192	0.0000	0.0000
0.6847	0.6198	0.0000	0.0000
0.6857	0.6204	0.0000	0.0000
0.6867	0.6209	0.0000	0.0000
0.6877	0.6215	0.0000	0.0000
0.6887	0.6220	0.0000	0.0000
0.6897	0.6226	0.0000	0.0000
0.6907	0.6231	0.0000	0.0000
0.6917	0.6237	0.0000	0.0000
0.6927	0.6243	0.0000	0.0000
0.6937	0.6248	0.0000	0.0000
0.6947	0.6254	0.0000	0.0000
0.6957	0.6259	0.0000	0.0000
0.6967	0.6265	0.0000	0.0000
0.6977	0.6270	0.0000	0.0000
0.6987	0.6276	0.0000	0.0000
0.6997	0.6282	0.0000	0.0000
0.7007	0.6287	0.0000	0.0000
0.7017	0.6293	0.0000	0.0000
0.7027	0.6298	0.0000	0.0000
0.7037	0.6304	0.0000	0.0000
0.7047	0.6309	0.0000	0.0000
0.7057	0.6315	0.0000	0.0000
0.7067	0.6321	0.0000	0.0000
0.7077	0.6326	0.0000	0.0000
0.7087	0.6332	0.0000	0.0000
0.7097	0.6337	0.0000	0.0000
0.7107	0.6343	0.0000	0.0000
0.7117	0.6348	0.0000	0.0000
0.7127	0.6354	0.0000	0.0000
0.7137	0.6359	0.0000	0.0000
0.7147	0.6365	0.0000	0.0000
0.7157	0.6370	0.0000	0.0000
0.7167	0.6376	0.0000	0.0000
0.7177	0.6382	0.0000	0.0000
0.7187	0.6387	0.0000	0.0000
0.7197	0.6393	0.0000	0.0000
0.7207	0.6398	0.0000	0.0000
0.7217	0.6404	0.0000	0.0000
0.7227	0.6409	0.0000	0.0000
0.7237	0.6415	0.0000	0.0000
0.7247	0.6420	0.0000	0.0000
0.7257	0.6426	0.0000	0.0000
0.7267	0.6432	0.0000	0.0000
0.7277	0.6437	0.0000	0.0000
0.7287	0.6443	0.0000	0.0000
0.7297	0.6448	0.0000	0.0000
0.7307	0.6454	0.0000	0.0000
0.7317	0.6459	0.0000	0.0000
0.7327	0.6465	0.0000	0.0000
0.7337	0.6470	0.0000	0.0000
0.7347	0.6476	0.0000	0.0000
0.7357	0.6482	0.0000	0.0000
0.7367	0.6487	0.0000	0.0000
0.7377	0.6493	0.0000	0.0000
0.7387	0.6498	0.0000	0.0000
0.7397	0.6504	0.0000	0.0000
0.7407	0.6509	0.0000	0.0000
0.7417	0.6515	0.0000	0.0000
0.7427	0.6521	0.0000	0.0000
0.7437	0.6526	0.0000	0.0000
0.7447	0.6532	0.0000	0.0000
0.7457	0.6537	0.0000	0.0000
0.7467	0.6543	0.0000	0.0000
0.7477	0.6548	0.0000	0.0000
0.7487	0.6554	0.0000	0.0000
0.7497	0.6560	0.0000	0.0000
0.7508	0.6565	0.0000	0.0000
0.7518	0.6571	0.0000	0.0000
0.7528	0.6576	0.0000	0.0000
0.7538	0.6582	0.0000	0.0000
0.7548	0.6587	0.0000	0.0000
0.7558	0.6593	0.0000	0.0000
0.7568	0.6599	0.0000	0.0000
0.7578	0.6604	0.0000	0.0000
0.7588	0.6610	0.0000	0.0000
0.7598	0.6615	0.0000	0.0000
0.7608	0.6621	0.0000	0.0000
0.7618	0.6627	0.0000	0.0000
0.7628	0.6632	0.0000	0.0000
0.7638	0.6638	0.0000	0.0000
0.7648	0.6643	0.0000	0.0000
0.7658	0.6649	0.0000	0.0000
0.7668	0.6655	0.0000	0.0000
0.7678	0.6660	0.0000	0.0000
0.7688	0.6666	0.0000	0.0000
0.7698	0.6672	0.0000	0.0000
0.7708	0.6677	0.0000	0.0000
0.7718	0.6683	0.0000	0.0000
0.7728	0.6688	0.0000	0.0000
0.7738	0.6694	0.0000	0.0000
0.7748	0.6700	0.0000	0.0000
0.7758	0.6705	0.0000	0.0000
0.7768	0.6711	0.0000	0.0000
0.7778	0.6717	0.0000	0.0000
0.7788	0.6722	0.0000	0.0000
0.7798	0.6728	0.0000	0.0000
0.7808	0.6734	0.0000	0.0000
0.7818	0.6739	0.0000	0.0000
0.7828	0.6745	0.0000	0.0000
0.7838	0.6751	0.0000	0.0000
0.7848	0.6756	0.0000	0.0000
0.7858	0.6762	0.0000	0.0000
0.7868	0.6768	0.0000	0.0000
0.7878	0.6773	0.0000	0.0000
0.7888	0.6779	0.0000	0.0000
0.7898	0.6785	0.0000	0.0000
0.7908	0.6790	0.0000	0.0000
0.7918	0.6796	0.0000	0.0000
0.7928	0.6802	0.0000	0.0000
0.7938	0.6808	0.0000	0.0000
0.7948	0.6813	0.0000	0.0000
0.7958	0.6819	0.0000	0.0000
0.7968	0.6825	0.0000	0.0000
0.7978	0.6830	0.0000	0.0000
0.7988	0.6836	0.0000	0.0000
0.7998	0.6842	0.0000	0.0000
0.8008	0.6848	0.0000	0.0000
0.8018	0.6853	0.0000	0.0000
0.8028	0.6859	0.0000	0.0000
0.8038	0.6865	0.0000	0.0000
0.8048	0.6870	0.0000	0.0000
0.8058	0.6876	0.0000	0.0000
0.8068	0.6882	0.0000	0.0000
0.8078	0.6888	0.0000	0.0000
0.8088	0.6894	0.0000	0.0000
0.8098	0.6899	0.0000	0.0000
0.8108	0.6905	0.0000	0.0000
0.8118	0.6911	0.0000	0.0000
0.8128	0.6917	0.0000	0.0000
0.8138	0.6922	0.0000	0.0000
0.8148	0.6928	0.0000	0.0000
0.8158	0.6934	0.0000	0.0000
0.8168	0.6940	0.0000	0.0000
0.8178	0.6946	0.0000	0.0000
0.8188	0.6951	0.0000	0.0000
0.8198	0.6957	0.0000	0.0000
0.8208	0.6963	0.0000	0.0000
0.8218	0.6969	0.0000	0.0000
0.8228	0.6975	0.0000	0.0000
0.8238	0.6980	0.0000	0.0000
0.8248	0.6986	0.0000	0.0000
0.8258	0.6992	0.0000	0.0000
0.8268	0.6998	0.0000	0.0000
0.8278	0.7004	0.0000	0.0000
0.8288	0.7010	0.0000	0.0000
0.8298	0.7016	0.0000	0.0000
0.8308	0.7021	0.0000	0.0000
0.8318	0.7027	0.0000	0.0000
0.8328	0.7033	0.0000	0.0000
0.8338	0.7039	0.0000	0.0000
0.8348	0.7045	0.0000	0.0000
0.8358	0.7051	0.0000	0.0000
0.8368	0.7057	0.0000	0.0000
0.8378	0.7063	0.0000	0.0000
0.8388	0.7069	0.0000	0.0000
0.8398	0.7074	0.0000	0.0000
0.8408	0.7080	0.0000	0.0000
0.8418	0.7086	0.0000	0.0000
0.8428	0.7092	0.0000	0.0000
0.8438	0.7098	0.0000	0.0000
0.8448	0.7104	0.0000	0.0000
0.8458	0.7110	0.0000	0.0000
0.8468	0.7116	0.0000	0.0000
0.8478	0.7122	0.0000	0.0000
0.8488	0.7128	0.0000	0.0000
0.8498	0.7134	0.0000	0.0000
0.8509	0.7140	0.0000	0.0000
0.8519	0.7146	0.0000	0.0000
0.8529	0.7152	0.0000	0.0000
0.8539	0.7158	0.0000	0.0000
0.8549	0.7164	0.0000	0.0000
0.8559	0.7170	0.0000	0.0000
0.8569	0.7176	0.0000	0.0000
0.8579	0.7182	0.0000	0.0000
0.8589	0.7188	0.0000	0.0000
0.8599	0.7194	0.0000	0.0000
0.8609	0.7200	0.0000	0.0000
0.8619	0.7206	0.0000	0.0000
0.8629	0.7212	0.0000	0.0000
0.8639	0.7218	0.0000	0.0000
0.8649	0.7224	0.0000	0.0000
0.8659	0.7230	0.0000	0.0000
0.8669	0.7236	0.0000	0.0000
0.8679	0.7242	0.0000	0.0000
0.8689	0.7248	0.0000	0.0000
0.8699	0.7254	0.0000	0.0000
0.8709	0.7260	0.0000	0.0000
0.8719	0.7266	0.0000	0.0000
0.8729	0.7272	0.0000	0.0000
0.8739	0.7279	0.0000	0.0000
0.8749	0.7285	0.0000	0.0000
0.8759	0.7291	0.0000	0.0000
0.8769	0.7297	0.0000	0.0000
0.8779	0.7303	0.0000	0.0000
0.8789	0.7309	0.0000	0.0000
0.8799	0.7315	0.0000	0.0000
0.8809	0.7321	0.0000	0.0000
0.8819	0.7328	0.0000	0.0000
0.8829	0.7334	0.0000	0.0000
0.8839	0.7340	0.0000	0.0000
0.8849	0.7346	0.0000	0.0000
0.8859	0.7352	0.0000	0.0000
0.8869	0.7358	0.0000	0.0000
0.8879	0.7365	0.0000	0.0000
0.8889	0.7371	0.0000	0.0000
0.8899	0.7377	0.0000	0.0000
0.8909	0.7383	0.0000	0.0000
0.8919	0.7389	0.0000	0.0000
0.8929	0.7396	0.0000	0.0000
0.8939	0.7402	0.0000	0.0000
0.8949	0.7408	0.0000	0.0000
0.8959	0.7414	0.0000	0.0000
0.8969	0.7421	0.0000	0.0000
0.8979	0.7427	0.0000	0.0000
0.8989	0.7433	0.0000	0.0000
0.8999	0.7439	0.0000	0.0000
0.9009	0.7446	0.0000	0.0000
0.9019	0.7452	0.0000	0.0000
0.9029	0.7458	0.0000	0.0000
0.9039	0.7464	0.0000	0.0000
0.9049	0.7471	0.0000	0.0000
0.9059	0.7477	0.0000	0.0000
0.9069	0.7483	0.0000	0.0000
0.9079	0.7490	0.0000	0.0000
0.9089	0.7496	0.0000	0.0000
0.9099	0.7502	0.0000	0.0000
0.9109	0.7508	0.0000	0.0000
0.9119	0.7515	0.0000	0.0000
0.9129	0.7521	0.0000	0.0000
0.9139	0.7528	0.0000	0.0000
0.9149	0.7534	0.0000	0.0000
0.9159	0.7540	0.0000	0.0000
0.9169	0.7547	0.0000	0.0000
0.9179	0.7553	0.0000	0.0000
0.9189	0.7559	0.0000	0.0000
0.9199	0.7566	0.0000	0.0000
0.9209	0.7572	0.0000	0.0000
0.9219	0.7579	0.0000	0.0000
0.9229	0.7585	0.0000	0.0000
0.9239	0.7591	0.0000	0.0000
0.9249	0.7598	0.0000	0.0000
0.9259	0.7604	0.0000	0.0000
0.9269	0.7611	0.0000	0.0000
0.9279	0.7617	0.0000	0.0000
0.9289	0.7623	0.0000	0.0000
0.9299	0.7630	0.0000	0.0000
0.9309	0.7636	0.0000	0.0000
0.9319	0.7643	0.0000	0.0000
0.9329	0.7649	0.0000	0.0000
0.9339	0.7656	0.0000	0.0000
0.9349	0.7662	0.0000	0.0000
0.9359	0.7669	0.0000	0.0000
0.9369	0.7675	0.0000	0.0000
0.9379	0.7682	0.0000	0.0000
0.9389	0.7688	0.0000	0.0000
0.9399	0.7695	0.0000	0.0000
0.9409	0.7701	0.0000	0.0000
0.9419	0.7708	0.0000	0.0000
0.9429	0.7714	0.0000	0.0000
0.9439	0.7721	0.0000	0.0000
0.9449	0.7727	0.0000	0.0000
0.9459	0.7734	0.0000	0.0000
0.9469	0.7741	0.0000	0.0000
0.9479	0.7747	0.0000	0.0000
0.9489	0.7754	0.0000	0.0000
0.9499	0.7760	0.0000	0.0000
0.9510	0.7767	0.0000	0.0000
0.9520	0.7773	0.0000	0.0000
0.9530	0.7780	0.0000	0.0000
0.9540	0.7787	0.0000	0.0000
0.9550	0.7793	0.0000	0.0000
0.9560	0.7800	0.0000	0.0000
0.9570	0.7806	0.0000	0.0000
0.9580	0.7813	0.0000	0.0000
0.9590	0.7820	0.0000	0.0000
0.9600	0.7826	0.0000	0.0000
0.9610	0.7833	0.0000	0.0000
0.9620	0.7840	0.0000	0.0000
0.9630	0.7846	0.0000	0.0000
0.9640	0.7853	0.0000	0.0000
0.9650	0.7860	0.0000	0.0000
0.9660	0.7866	0.0000	0.0000
0.9670	0.7873	0.0000	0.0000
0.9680	0.7880	0.0000	0.0000
0.9690	0.7887	0.0000	0.0000
0.9700	0.7893	0.0000	0.0000
0.9710	0.7900	0.0000	0.0000
0.9720	0.7907	0.0000	0.0000
0.9730	0.7913	0.0000	0.0000
0.9740	0.7920	0.0000	0.0000
0.9750	0.7927	0.0000	0.0000
0.9760	0.7934	0.0000	0.0000
0.9770	0.7940	0.0000	0.0000
0.9780	0.7947	0.0000	0.0000
0.9790	0.7954	0.0000	0.0000
0.9800	0.7961	0.0000	0.0000
0.9810	0.7967	0.0000	0.0000
0.9820	0.7974	0.0000	0.0000
0.9830	0.7981	0.0000	0.0000
0.9840	0.7988	0.0000	0.0000
0.9850	0.7995	0.0000	0.0000
0.9860	0.8001	0.0000	0.0000
0.9870	0.8008	0.0000	0.0000
0.9880	0.8015	0.0000	0.0000
0.9890	0.8022	0.0000	0.0000
0.9900	0.8029	0.0000	0.0000
0.9910	0.8036	0.0000	0.0000
0.9920	0.8042	0.0000	0.0000
0.9930	0.8049	0.0000	0.0000
0.9940	0.8056	0.0000	0.0000
0.9950	0.8063	0.0000	0.0000
0.9960	0.8070	0.0000	0.0000
0.9970	0.8077	0.0000	0.0000
0.9980	0.8084	0.0000	0.0000
0.9990	0.8091	0.0000	0.0000
1.0000	0.8098	0.0000	0.0000
0.5015
