0.0000	0.0330	0.0000	0.0000
0.0010	0.0338	0.0000	0.0000
0.0020	0.0345	0.0000	0.0000
0.0030	0.0353	0.0000	0.0000
0.0040	0.0361	0.0000	0.0000
0.0050	0.0369	0.0000	0.0000
0.0060	0.0377	0.0000	0.0000
0.0070	0.0385	0.0000	0.0000
0.0080	0.0392	0.0000	0.0000
0.0090	0.0400	0.0000	0.0000
0.0100	0.0408	0.0000	0.0000
0.0110	0.0416	0.0000	0.0000
0.0120	0.0424	0.0000	0.0000
0.0130	0.0432	0.0000	0.0000
0.0140	0.0439	0.0000	0.0000
0.0150	0.0447	0.0000	0.0000
0.0160	0.0455	0.0000	0.0000
0.0170	0.0463	0.0000	0.0000
0.0180	0.0471	0.0000	0.0000
0.0190	0.0479	0.0000	0.0000
0.0200	0.0486	0.0000	0.0000
0.0210	0.0494	0.0000	0.0000
0.0220	0.0502	0.0000	0.0000
0.0230	0.0510	0.0000	0.0000
0.0240	0.0518	0.0000	0.0000
0.0250	0.0526	0.0000	0.0000
0.0260	0.0533	0.0000	0.0000
0.0270	0.0541	0.0000	0.0000
0.0280	0.0549	0.0000	0.0000
0.0290	0.0557	0.0000	0.0000
0.0300	0.0565	0.0000	0.0000
0.0310	0.0573	0.0000	0.0000
0.0320	0.0580	0.0000	0.0000
0.0330	0.0588	0.0000	0.0000
0.0340	0.0596	0.0000	0.0000
0.0350	0.0604	0.0000	0.0000
0.0360	0.0612	0.0000	0.0000
0.0370	0.0620	0.0000	0.0000
0.0380	0.0628	0.0000	0.0000
0.0390	0.0635	0.0000	0.0000
0.0400	0.0643	0.0000	0.0000
0.0410	0.0651	0.0000	0.0000
0.0420	0.0659	0.0000	0.0000
0.0430	0.0667	0.0000	0.0000
0.0440	0.0675	0.0000	0.0000
0.0450	0.0683	0.0000	0.0000
0.0460	0.0691	0.0000	0.0000
0.0470	0.0698	0.0000	0.0000
0.0480	0.0706	0.0000	0.0000
0.0490	0.0714	0.0000	0.0000
0.0501	0.0722	0.0000	0.0000
0.0511	0.0730	0.0000	0.0000
0.0521	0.0738	0.0000	0.0000
0.0531	0.0746	0.0000	0.0000
0.0541	0.0754	0.0000	0.0000
0.0551	0.0762	0.0000	0.0000
0.0561	0.0769	0.0000	0.0000
0.0571	0.0777	0.0000	0.0000
0.0581	0.0785	0.0000	0.0000
0.0591	0.0793	0.0000	0.0000
0.0601	0.0801	0.0000	0.0000
0.0611	0.0809	0.0000	0.0000
0.0621	0.0817	0.0000	0.0000
0.0631	0.0825	0.0000	0.0000
0.0641	0.0833	0.0000	0.0000
0.0651	0.0841	0.0000	0.0000
0.0661	0.0849	0.0000	0.0000
0.0671	0.0857	0.0000	0.0000
0.0681	0.0864	0.0000	0.0000
0.0691	0.0872	0.0000	0.0000
0.0701	0.0880	0.0000	0.0000
0.0711	0.0888	0.0000	0.0000
0.0721	0.0896	0.0000	0.0000
0.0731	0.0904	0.0000	0.0000
0.0741	0.0912	0.0000	0.0000
0.0751	0.0920	0.0000	0.0000
0.0761	0.0928	0.0000	0.0000
0.0771	0.0936	0.0000	0.0000
0.0781	0.0944	0.0000	0.0000
0.0791	0.0952	0.0000	0.0000
0.0801	0.0960	0.0000	0.0000
0.0811	0.0968	0.0000	0.0000
0.0821	0.0976	0.0000	0.0000
0.0831	0.0984	0.0000	0.0000
0.0841	0.0992	0.0000	0.0000
0.0851	0.1000	0.0000	0.0000
0.0861	0.1008	0.0000	0.0000
0.0871	0.1016	0.0000	0.0000
0.0881	0.1024	0.0000	0.0000
0.0891	0.1032	0.0000	0.0000
0.0901	0.1040	0.0000	0.0000
0.0911	0.1048	0.0000	0.0000
0.0921	0.1056	0.0000	0.0000
0.0931	0.1064	0.0000	0.0000
0.0941	0.1072	0.0000	0.0000
0.0951	0.1080	0.0000	0.0000
0.0961	0.1088	0.0000	0.0000
0.0971	0.1096	0.0000	0.0000
0.0981	0.1104	0.0000	0.0000
0.0991	0.1112	0.0000	0.0000
0.1001	0.1120	0.0000	0.0000
0.1011	0.1128	0.0000	0.0000
0.1021	0.1136	0.0000	0.0000
0.1031	0.1144	0.0000	0.0000
0.1041	0.1152	0.0000	0.0000
0.1051	0.1160	0.0000	0.0000
0.1061	0.1168	0.0000	0.0000
0.1071	0.1176	0.0000	0.0000
0.1081	0.1184	0.0000	0.0000
0.1091	0.1192	0.0000	0.0000
0.1101	0.1200	0.0000	0.0000
0.1111	0.1208	0.0000	0.0000
0.1121	0.1216	0.0000	0.0000
0.1131	0.1225	0.0000	0.0000
0.1141	0.1233	0.0000	0.0000
0.1151	0.1241	0.0000	0.0000
0.1161	0.1249	0.0000	0.0000
0.1171	0.1257	0.0000	0.0000
0.1181	0.1265	0.0000	0.0000
0.1191	0.1273	0.0000	0.0000
0.1201	0.1281	0.0000	0.0000
0.1211	0.1289	0.0000	0.0000
0.1221	0.1297	0.0000	0.0000
0.1231	0.1306	0.0000	0.0000
0.1241	0.1314	0.0000	0.0000
0.1251	0.1322	0.0000	0.0000
0.1261	0.1330	0.0000	0.0000
0.1271	0.1338	0.0000	0.0000
0.1281	0.1346	0.0000	0.0000
0.1291	0.1354	0.0000	0.0000
0.1301	0.1362	0.0000	0.0000
0.1311	0.1371	0.0000	0.0000
0.1321	0.1379	0.0000	0.0000
0.1331	0.1387	0.0000	0.0000
0.1341	0.1395	0.0000	0.0000
0.1351	0.1403	0.0000	0.0000
0.1361	0.1411	0.0000	0.0000
0.1371	0.1420	0.0000	0.0000
0.1381	0.1428	0.0000	0.0000
0.1391	0.1436	0.0000	0.0000
0.1401	0.1444	0.0000	0.0000
0.1411	0.1452	0.0000	0.0000
0.1421	0.1461	0.0000	0.0000
0.1431	0.1469	0.0000	0.0000
0.1441	0.1477	0.0000	0.0000
0.1451	0.1485	0.0000	0.0000
0.1461	0.1493	0.0000	0.0000
0.1471	0.1502	0.0000	0.0000
0.1481	0.1510	0.0000	0.0000
0.1491	0.1518	0.0000	0.0000
0.1502	0.1526	0.0000	0.0000
0.1512	0.1535	0.0000	0.0000
0.1522	0.1543	0.0000	0.0000
0.1532	0.1551	0.0000	0.0000
0.1542	0.1559	0.0000	0.0000
0.1552	0.1568	0.0000	0.0000
0.1562	0.1576	0.0000	0.0000
0.1572	0.1584	0.0000	0.0000
0.1582	0.1592	0.0000	0.0000
0.1592	0.1601	0.0000	0.0000
0.1602	0.1609	0.0000	0.0000
0.1612	0.1617	0.0000	0.0000
0.1622	0.1626	0.0000	0.0000
0.1632	0.1634	0.0000	0.0000
0.1642	0.1642	0.0000	0.0000
0.1652	0.1650	0.0000	0.0000
0.1662	0.1659	0.0000	0.0000
0.1672	0.1667	0.0000	0.0000
0.1682	0.1675	0.0000	0.0000
0.1692	0.1684	0.0000	0.0000
0.1702	0.1692	0.0000	0.0000
0.1712	0.1700	0.0000	0.0000
0.1722	0.1709	0.0000	0.0000
0.1732	0.1717	0.0000	0.0000
0.1742	0.1726	0.0000	0.0000
0.1752	0.1734	0.0000	0.0000
0.1762	0.1742	0.0000	0.0000
0.1772	0.1751	0.0000	0.0000
0.1782	0.1759	0.0000	0.0000
0.1792	0.1767	0.0000	0.0000
0.1802	0.1776	0.0000	0.0000
0.1812	0.1784	0.0000	0.0000
0.1822	0.1793	0.0000	0.0000
0.1832	0.1801	0.0000	0.0000
0.1842	0.1809	0.0000	0.0000
0.1852	0.1818	0.0000	0.0000
0.1862	0.1826	0.0000	0.0000
0.1872	0.1835	0.0000	0.0000
0.1882	0.1843	0.0000	0.0000
0.1892	0.1852	0.0000	0.0000
0.1902	0.1860	0.0000	0.0000
0.1912	0.1869	0.0000	0.0000
0.1922	0.1877	0.0000	0.0000
0.1932	0.1885	0.0000	0.0000
0.1942	0.1894	0.0000	0.0000
0.1952	0.1902	0.0000	0.0000
0.1962	0.1911	0.0000	0.0000
0.1972	0.1919	0.0000	0.0000
0.1982	0.1928	0.0000	0.0000
0.1992	0.1936	0.0000	0.0000
0.2002	0.1945	0.0000	0.0000
0.2012	0.1953	0.0000	0.0000
0.2022	0.1962	0.0000	0.0000
0.2032	0.1971	0.0000	0.0000
0.2042	0.1979	0.0000	0.0000
0.2052	0.1988	0.0000	0.0000
0.2062	0.1996	0.0000	0.0000
0.2072	0.2005	0.0000	0.0000
0.2082	0.2013	0.0000	0.0000
0.2092	0.2022	0.0000	0.0000
0.2102	0.2031	0.0000	0.0000
0.2112	0.2039	0.0000	0.0000
0.2122	0.2048	0.0000	0.0000
0.2132	0.2056	0.0000	0.0000
0.2142	0.2065	0.0000	0.0000
0.2152	0.2074	0.0000	0.0000
0.2162	0.2082	0.0000	0.0000
0.2172	0.2091	0.0000	0.0000
0.2182	0.2099	0.0000	0.0000
0.2192	0.2108	0.0000	0.0000
0.2202	0.2117	0.0000	0.0000
0.2212	0.2125	0.0000	0.0000
0.2222	0.2134	0.0000	0.0000
0.2232	0.2143	0.0000	0.0000
0.2242	0.2151	0.0000	0.0000
0.2252	0.2160	0.0000	0.0000
0.2262	0.2169	0.0000	0.0000
0.2272	0.2177	0.0000	0.0000
0.2282	0.2186	0.0000	0.0000
0.2292	0.2195	0.0000	0.0000
0.2302	0.2204	0.0000	0.0000
0.2312	0.2212	0.0000	0.0000
0.2322	0.2221	0.0000	0.0000
0.2332	0.2230	0.0000	0.0000
0.2342	0.2239	0.0000	0.0000
0.2352	0.2247	0.0000	0.0000
0.2362	0.2256	0.0000	0.0000
0.2372	0.2265	0.0000	0.0000
0.2382	0.2274	0.0000	0.0000
0.2392	0.2282	0.0000	0.0000
0.2402	0.2291	0.0000	0.0000
0.2412	0.2300	0.0000	0.0000
0.2422	0.2309	0.0000	0.0000
0.2432	0.2318	0.0000	0.0000
0.2442	0.2327	0.0000	0.0000
0.2452	0.2335	0.0000	0.0000
0.2462	0.2344	0.0000	0.0000
0.2472	0.2353	0.0000	0.0000
0.2482	0.2362	0.0000	0.0000
0.2492	0.2371	0.0000	0.0000
0.2503	0.2380	0.0000	0.0000
0.2513	0.2389	0.0000	0.0000
0.2523	0.2398	0.0000	0.0000
0.2533	0.2406	0.0000	0.0000
0.2543	0.2415	0.0000	0.0000
0.2553	0.2424	0.0000	0.0000
0.2563	0.2433	0.0000	0.0000
0.2573	0.2442	0.0000	0.0000
0.2583	0.2451	0.0000	0.0000
0.2593	0.2460	0.0000	0.0000
0.2603	0.2469	0.0000	0.0000
0.2613	0.2478	0.0000	0.0000
0.2623	0.2487	0.0000	0.0000
0.2633	0.2496	0.0000	0.0000
0.2643	0.2505	0.0000	0.0000
0.2653	0.2514	0.0000	0.0000
0.2663	0.2523	0.0000	0.0000
0.2673	0.2532	0.0000	0.0000
0.2683	0.2541	0.0000	0.0000
0.2693	0.2550	0.0000	0.0000
0.2703	0.2559	0.0000	0.0000
0.2713	0.2568	0.0000	0.0000
0.2723	0.2577	0.0000	0.0000
0.2733	0.2586	0.0000	0.0000
0.2743	0.2595	0.0000	0.0000
0.2753	0.2605	0.0000	0.0000
0.2763	0.2614	0.0000	0.0000
0.2773	0.2623	0.0000	0.0000
0.2783	0.2632	0.0000	0.0000
0.2793	0.2641	0.0000	0.0000
0.2803	0.2650	0.0000	0.0000
0.2813	0.2659	0.0000	0.0000
0.2823	0.2669	0.0000	0.0000
0.2833	0.2678	0.0000	0.0000
0.2843	0.2687	0.0000	0.0000
0.2853	0.2696	0.0000	0.0000
0.2863	0.2705	0.0000	0.0000
0.2873	0.2715	0.0000	0.0000
0.2883	0.2724	0.0000	0.0000
0.2893	0.2733	0.0000	0.0000
0.2903	0.2742	0.0000	0.0000
0.2913	0.2752	0.0000	0.0000
0.2923	0.2761	0.0000	0.0000
0.2933	0.2770	0.0000	0.0000
0.2943	0.2779	0.0000	0.0000
0.2953	0.2789	0.0000	0.0000
0.2963	0.2798	0.0000	0.0000
0.2973	0.2807	0.0000	0.0000
0.2983	0.2817	0.0000	0.0000
0.2993	0.2826	0.0000	0.0000
0.3003	0.2835	0.0000	0.0000
0.3013	0.2845	0.0000	0.0000
0.3023	0.2854	0.0000	0.0000
0.3033	0.2863	0.0000	0.0000
0.3043	0.2873	0.0000	0.0000
0.3053	0.2882	0.0000	0.0000
0.3063	0.2892	0.0000	0.0000
0.3073	0.2901	0.0000	0.0000
0.3083	0.2911	0.0000	0.0000
0.3093	0.2920	0.0000	0.0000
0.3103	0.2929	0.0000	0.0000
0.3113	0.2939	0.0000	0.0000
0.3123	0.2948	0.0000	0.0000
0.3133	0.2958	0.0000	0.0000
0.3143	0.2967	0.0000	0.0000
0.3153	0.2977	0.0000	0.0000
0.3163	0.2986	0.0000	0.0000
0.3173	0.2996	0.0000	0.0000
0.3183	0.3006	0.0000	0.0000
0.3193	0.3015	0.0000	0.0000
0.3203	0.3025	0.0000	0.0000
0.3213	0.3034	0.0000	0.0000
0.3223	0.3044	0.0000	0.0000
0.3233	0.3054	0.0000	0.0000
0.3243	0.3063	0.0000	0.0000
0.3253	0.3073	0.0000	0.0000
0.3263	0.3082	0.0000	0.0000
0.3273	0.3092	0.0000	0.0000
0.3283	0.3102	0.0000	0.0000
0.3293	0.3111	0.0000	0.0000
0.3303	0.3121	0.0000	0.0000
0.3313	0.3131	0.0000	0.0000
0.3323	0.3141	0.0000	0.0000
0.3333	0.3150	0.0000	0.0000
0.3343	0.3160	0.0000	0.0000
0.3353	0.3170	0.0000	0.0000
0.3363	0.3180	0.0000	0.0000
0.3373	0.3189	0.0000	0.0000
0.3383	0.3199	0.0000	0.0000
0.3393	0.3209	0.0000	0.0000
0.3403	0.3219	0.0000	0.0000
0.3413	0.3229	0.0000	0.0000
0.3423	0.3239	0.0000	0.0000
0.3433	0.3248	0.0000	0.0000
0.3443	0.3258	0.0000	0.0000
0.3453	0.3268	0.0000	0.0000
0.3463	0.3278	0.0000	0.0000
0.3473	0.3288	0.0000	0.0000
0.3483	0.3298	0.0000	0.0000
0.3493	0.3308	0.0000	0.0000
0.3504	0.3318	0.0000	0.0000
0.3514	0.3328	0.0000	0.0000
0.3524	0.3338	0.0000	0.0000
0.3534	0.3348	0.0000	0.0000
0.3544	0.3358	0.0000	0.0000
0.3554	0.3368	0.0000	0.0000
0.3564	0.3378	0.0000	0.0000
0.3574	0.3388	0.0000	0.0000
0.3584	0.3398	0.0000	0.0000
0.3594	0.3408	0.0000	0.0000
0.3604	0.3418	0.0000	0.0000
0.3614	0.3428	0.0000	0.0000
0.3624	0.3439	0.0000	0.0000
0.3634	0.3449	0.0000	0.0000
0.3644	0.3459	0.0000	0.0000
0.3654	0.3469	0.0000	0.0000
0.3664	0.3479	0.0000	0.0000
0.3674	0.3489	0.0000	0.0000
0.3684	0.3500	0.0000	0.0000
0.3694	0.3510	0.0000	0.0000
0.3704	0.3520	0.0000	0.0000
0.3714	0.3530	0.0000	0.0000
0.3724	0.3541	0.0000	0.0000
0.3734	0.3551	0.0000	0.0000
0.3744	0.3561	0.0000	0.0000
0.3754	0.3572	0.0000	0.0000
0.3764	0.3582	0.0000	0.0000
0.3774	0.3592	0.0000	0.0000
0.3784	0.3603	0.0000	0.0000
0.3794	0.3613	0.0000	0.0000
0.3804	0.3624	0.0000	0.0000
0.3814	0.3634	0.0000	0.0000
0.3824	0.3644	0.0000	0.0000
0.3834	0.3655	0.0000	0.0000
0.3844	0.3665	0.0000	0.0000
0.3854	0.3676	0.0000	0.0000
0.3864	0.3686	0.0000	0.0000
0.3874	0.3697	0.0000	0.0000
0.3884	0.3707	0.0000	0.0000
0.3894	0.3718	0.0000	0.0000
0.3904	0.3729	0.0000	0.0000
0.3914	0.3739	0.0000	0.0000
0.3924	0.3750	0.0000	0.0000
0.3934	0.3760	0.0000	0.0000
0.3944	0.3771	0.0000	0.0000
0.3954	0.3782	0.0000	0.0000
0.3964	0.3792	0.0000	0.0000
0.3974	0.3803	0.0000	0.0000
0.3984	0.3814	0.0000	0.0000
0.3994	0.3825	0.0000	0.0000
0.4004	0.3835	0.0000	0.0000
0.4014	0.3846	0.0000	0.0000
0.4024	0.3857	0.0000	0.0000
0.4034	0.3868	0.0000	0.0000
0.4044	0.3879	0.0000	0.0000
0.4054	0.3889	0.0000	0.0000
0.4064	0.3900	0.0000	0.0000
0.4074	0.3911	0.0000	0.0000
0.4084	0.3922	0.0000	0.0000
0.4094	0.3933	0.0000	0.0000
0.4104	0.3944	0.0000	0.0000
0.4114	0.3955	0.0000	0.0000
0.4124	0.3966	0.0000	0.0000
0.4134	0.3977	0.0000	0.0000
0.4144	0.3988	0.0000	0.0000
0.4154	0.3999	0.0000	0.0000
0.4164	0.4010	0.0000	0.0000
0.4174	0.4021	0.0000	0.0000
0.4184	0.4032	0.0000	0.0000
0.4194	0.4043	0.0000	0.0000
0.4204	0.4054	0.0000	0.0000
0.4214	0.4066	0.0000	0.0000
0.4224	0.4077	0.0000	0.0000
0.4234	0.4088	0.0000	0.0000
0.4244	0.4099	0.0000	0.0000
0.4254	0.4110	0.0000	0.0000
0.4264	0.4122	0.0000	0.0000
0.4274	0.4133	0.0000	0.0000
0.4284	0.4144	0.0000	0.0000
0.4294	0.4156	0.0000	0.0000
0.4304	0.4167	0.0000	0.0000
0.4314	0.4178	0.0000	0.0000
0.4324	0.4190	0.0000	0.0000
0.4334	0.4201	0.0000	0.0000
0.4344	0.4213	0.0000	0.0000
0.4354	0.4224	0.0000	0.0000
0.4364	0.4235	0.0000	0.0000
0.4374	0.4247	0.0000	0.0000
0.4384	0.4259	0.0000	0.0000
0.4394	0.4270	0.0000	0.0000
0.4404	0.4282	0.0000	0.0000
0.4414	0.4293	0.0000	0.0000
0.4424	0.4305	0.0000	0.0000
0.4434	0.4316	0.0000	0.0000
0.4444	0.4328	0.0000	0.0000
0.4454	0.4340	0.0000	0.0000
0.4464	0.4352	0.0000	0.0000
0.4474	0.4363	0.0000	0.0000
0.4484	0.4375	0.0000	0.0000
0.4494	0.4387	0.0000	0.0000
0.4505	0.4399	0.0000	0.0000
0.4515	0.4410	0.0000	0.0000
0.4525	0.4422	0.0000	0.0000
0.4535	0.4434	0.0000	0.0000
0.4545	0.4446	0.0000	0.0000
0.4555	0.4458	0.0000	0.0000
0.4565	0.4470	0.0000	0.0000
0.4575	0.4482	0.0000	0.0000
0.4585	0.4494	0.0000	0.0000
0.4595	0.4506	0.0000	0.0000
0.4605	0.4518	0.0000	0.0000
0.4615	0.4530	0.0000	0.0000
0.4625	0.4542	0.0000	0.0000
0.4635	0.4554	0.0000	0.0000
0.4645	0.4566	0.0000	0.0000
0.4655	0.4579	0.0000	0.0000
0.4665	0.4591	0.0000	0.0000
0.4675	0.4603	0.0000	0.0000
0.4685	0.4615	0.0000	0.0000
0.4695	0.4628	0.0000	0.0000
0.4705	0.4640	0.0000	0.0000
0.4715	0.4652	0.0000	0.0000
0.4725	0.4665	0.0000	0.0000
0.4735	0.4677	0.0000	0.0000
0.4745	0.4689	0.0000	0.0000
0.4755	0.4702	0.0000	0.0000
0.4765	0.4714	0.0000	0.0000
0.4775	0.4727	0.0000	0.0000
0.4785	0.4739	0.0000	0.0000
0.4795	0.4752	0.0000	0.0000
0.4805	0.4765	0.0000	0.0000
0.4815	0.4777	0.0000	0.0000
0.4825	0.4790	0.0000	0.0000
0.4835	0.4803	0.0000	0.0000
0.4845	0.4815	0.0000	0.0000
0.4855	0.4828	0.0000	0.0000
0.4865	0.4841	0.0000	0.0000
0.4875	0.4854	0.0000	0.0000
0.4885	0.4866	0.0000	0.0000
0.4895	0.4879	0.0000	0.0000
0.4905	0.4892	0.0000	0.0000
0.4915	0.4905	0.0000	0.0000
0.4925	0.4918	0.0000	0.0000
0.4935	0.4931	0.0000	0.0000
0.4945	0.4944	0.0000	0.0000
0.4955	0.4957	0.0000	0.0000
0.4965	0.4970	0.0000	0.0000
0.4975	0.4983	0.0000	0.0000
0.4985	0.4997	0.0000	0.0000
0.4995	0.5010	0.0000	0.0000
0.5005	0.5028	0.0000	0.0000
0.5015	0.5051	0.0000	0.0000
0.5025	0.5074	0.0000	0.0000
0.5035	0.5097	0.0000	0.0000
0.5045	0.5119	0.0000	0.0000
0.5055	0.5142	0.0000	0.0000
0.5065	0.5164	0.0000	0.0000
0.5075	0.5187	0.0000	0.0000
0.5085	0.5209	0.0000	0.0000
0.5095	0.5231	0.0000	0.0000
0.5105	0.5253	0.0000	0.0000
0.5115	0.5275	0.0000	0.0000
0.5125	0.5297	0.0000	0.0000
0.5135	0.5318	0.0000	0.0000
0.5145	0.5340	0.0000	0.0000
0.5155	0.5362	0.0000	0.0000
0.5165	0.5383	0.0000	0.0000
0.5175	0.5404	0.0000	0.0000
0.5185	0.5425	0.0000	0.0000
0.5195	0.5447	0.0000	0.0000
0.5205	0.5468	0.0000	0.0000
0.5215	0.5488	0.0000	0.0000
0.5225	0.5509	0.0000	0.0000
0.5235	0.5530	0.0000	0.0000
0.5245	0.5551	0.0000	0.0000
0.5255	0.5571	0.0000	0.0000
0.5265	0.5591	0.0000	0.0000
0.5275	0.5612	0.0000	0.0000
0.5285	0.5632	0.0000	0.0000
0.5295	0.5652	0.0000	0.0000
0.5305	0.5672	0.0000	0.0000
0.5315	0.5692	0.0000	0.0000
0.5325	0.5712	0.0000	0.0000
0.5335	0.5732	0.0000	0.0000
0.5345	0.5751	0.0000	0.0000
0.5355	0.5771	0.0000	0.0000
0.5365	0.5790	0.0000	0.0000
0.5375	0.5810	0.0000	0.0000
0.5385	0.5829	0.0000	0.0000
0.5395	0.5848	0.0000	0.0000
0.5405	0.5867	0.0000	0.0000
0.5415	0.5886	0.0000	0.0000
0.5425	0.5905	0.0000	0.0000
0.5435	0.5924	0.0000	0.0000
0.5445	0.5943	0.0000	0.0000
0.5455	0.5962	0.0000	0.0000
0.5465	0.5980	0.0000	0.0000
0.5475	0.5999	0.0000	0.0000
0.5485	0.6017	0.0000	0.0000
0.5495	0.6035	0.0000	0.0000
0.5506	0.6054	0.0000	0.0000
0.5516	0.6072	0.0000	0.0000
0.5526	0.6090	0.0000	0.0000
0.5536	0.6108	0.0000	0.0000
0.5546	0.6126	0.0000	0.0000
0.5556	0.6144	0.0000	0.0000
0.5566	0.6161	0.0000	0.0000
0.5576	0.6179	0.0000	0.0000
0.5586	0.6197	0.0000	0.0000
0.5596	0.6214	0.0000	0.0000
0.5606	0.6232	0.0000	0.0000
0.5616	0.6249	0.0000	0.0000
0.5626	0.6266	0.0000	0.0000
0.5636	0.6283	0.0000	0.0000
0.5646	0.6300	0.0000	0.0000
0.5656	0.6317	0.0000	0.0000
0.5666	0.6334	0.0000	0.0000
0.5676	0.6351	0.0000	0.0000
0.5686	0.6368	0.0000	0.0000
0.5696	0.6385	0.0000	0.0000
0.5706	0.6402	0.0000	0.0000
0.5716	0.6418	0.0000	0.0000
0.5726	0.6435	0.0000	0.0000
0.5736	0.6451	0.0000	0.0000
0.5746	0.6467	0.0000	0.0000
0.5756	0.6484	0.0000	0.0000
0.5766	0.6500	0.0000	0.0000
0.5776	0.6516	0.0000	0.0000
0.5786	0.6532	0.0000	0.0000
0.5796	0.6548	0.0000	0.0000
0.5806	0.6564	0.0000	0.0000
0.5816	0.6580	0.0000	0.0000
0.5826	0.6596	0.0000	0.0000
0.5836	0.6611	0.0000	0.0000
0.5846	0.6627	0.0000	0.0000
0.5856	0.6642	0.0000	0.0000
0.5866	0.6658	0.0000	0.0000
0.5876	0.6673	0.0000	0.0000
0.5886	0.6689	0.0000	0.0000
0.5896	0.6704	0.0000	0.0000
0.5906	0.6719	0.0000	0.0000
0.5916	0.6734	0.0000	0.0000
0.5926	0.6749	0.0000	0.0000
0.5936	0.6764	0.0000	0.0000
0.5946	0.6779	0.0000	0.0000
0.5956	0.6794	0.0000	0.0000
0.5966	0.6809	0.0000	0.0000
0.5976	0.6824	0.0000	0.0000
0.5986	0.6839	0.0000	0.0000
0.5996	0.6853	0.0000	0.0000
0.6006	0.6868	0.0000	0.0000
0.6016	0.6882	0.0000	0.0000
0.6026	0.6897	0.0000	0.0000
0.6036	0.6911	0.0000	0.0000
0.6046	0.6925	0.0000	0.0000
0.6056	0.6940	0.0000	0.0000
0.6066	0.6954	0.0000	0.0000
0.6076	0.6968	0.0000	0.0000
0.6086	0.6982	0.0000	0.0000
0.6096	0.6996	0.0000	0.0000
0.6106	0.7010	0.0000	0.0000
0.6116	0.7024	0.0000	0.0000
0.6126	0.7037	0.0000	0.0000
0.6136	0.7051	0.0000	0.0000
0.6146	0.7065	0.0000	0.0000
0.6156	0.7079	0.0000	0.0000
0.6166	0.7092	0.0000	0.0000
0.6176	0.7106	0.0000	0.0000
0.6186	0.7119	0.0000	0.0000
0.6196	0.7132	0.0000	0.0000
0.6206	0.7146	0.0000	0.0000
0.6216	0.7159	0.0000	0.0000
0.6226	0.7172	0.0000	0.0000
0.6236	0.7185	0.0000	0.0000
0.6246	0.7199	0.0000	0.0000
0.6256	0.7212	0.0000	0.0000
0.6266	0.7225	0.0000	0.0000
0.6276	0.7238	0.0000	0.0000
0.6286	0.7250	0.0000	0.0000
0.6296	0.7263	0.0000	0.0000
0.6306	0.7276	0.0000	0.0000
0.6316	0.7289	0.0000	0.0000
0.6326	0.7301	0.0000	0.0000
0.6336	0.7314	0.0000	0.0000
0.6346	0.7326	0.0000	0.0000
0.6356	0.7339	0.0000	0.0000
0.6366	0.7351	0.0000	0.0000
0.6376	0.7364	0.0000	0.0000
0.6386	0.7376	0.0000	0.0000
0.6396	0.7388	0.0000	0.0000
0.6406	0.7401	0.0000	0.0000
0.6416	0.7413	0.0000	0.0000
0.6426	0.7425	0.0000	0.0000
0.6436	0.7437	0.0000	0.0000
0.6446	0.7449	0.0000	0.0000
0.6456	0.7461	0.0000	0.0000
0.6466	0.7473	0.0000	0.0000
0.6476	0.7485	0.0000	0.0000
0.6486	0.7497	0.0000	0.0000
0.6496	0.7508	0.0000	0.0000
0.6507	0.7520	0.0000	0.0000
0.6517	0.7532	0.0000	0.0000
0.6527	0.7543	0.0000	0.0000
0.6537	0.7555	0.0000	0.0000
0.6547	0.7566	0.0000	0.0000
0.6557	0.7578	0.0000	0.0000
0.6567	0.7589	0.0000	0.0000
0.6577	0.7601	0.0000	0.0000
0.6587	0.7612	0.0000	0.0000
0.6597	0.7623	0.0000	0.0000
0.6607	0.7634	0.0000	0.0000
0.6617	0.7646	0.0000	0.0000
0.6627	0.7657	0.0000	0.0000
0.6637	0.7668	0.0000	0.0000
0.6647	0.7679	0.0000	0.0000
0.6657	0.7690	0.0000	0.0000
0.6667	0.7701	0.0000	0.0000
0.6677	0.7712	0.0000	0.0000
0.6687	0.7722	0.0000	0.0000
0.6697	0.7733	0.0000	0.0000
0.6707	0.7744	0.0000	0.0000
0.6717	0.7755	0.0000	0.0000
0.6727	0.7765	0.0000	0.0000
0.6737	0.7776	0.0000	0.0000
0.6747	0.7787	0.0000	0.0000
0.6757	0.7797	0.0000	0.0000
0.6767	0.7808	0.0000	0.0000
0.6777	0.7818	0.0000	0.0000
0.6787	0.7828	0.0000	0.0000
0.6797	0.7839	0.0000	0.0000
0.6807	0.7849	0.0000	0.0000
0.6817	0.7859	0.0000	0.0000
0.6827	0.7870	0.0000	0.0000
0.6837	0.7880	0.0000	0.0000
0.6847	0.7890	0.0000	0.0000
0.6857	0.7900	0.0000	0.0000
0.6867	0.7910	0.0000	0.0000
0.6877	0.7920	0.0000	0.0000
0.6887	0.7930	0.0000	0.0000
0.6897	0.7940	0.0000	0.0000
0.6907	0.7950	0.0000	0.0000
0.6917	0.7960	0.0000	0.0000
0.6927	0.7969	0.0000	0.0000
0.6937	0.7979	0.0000	0.0000
0.6947	0.7989	0.0000	0.0000
0.6957	0.7999	0.0000	0.0000
0.6967	0.8008	0.0000	0.0000
0.6977	0.8018	0.0000	0.0000
0.6987	0.8027	0.0000	0.0000
0.6997	0.8037	0.0000	0.0000
0.7007	0.8046	0.0000	0.0000
0.7017	0.8056	0.0000	0.0000
0.7027	0.8065	0.0000	0.0000
0.7037	0.8075	0.0000	0.0000
0.7047	0.8084	0.0000	0.0000
0.7057	0.8093	0.0000	0.0000
0.7067	0.8102	0.0000	0.0000
0.7077	0.8112	0.0000	0.0000
0.7087	0.8121	0.0000	0.0000
0.7097	0.8130	0.0000	0.0000
0.7107	0.8139	0.0000	0.0000
0.7117	0.8148	0.0000	0.0000
0.7127	0.8157	0.0000	0.0000
0.7137	0.8166	0.0000	0.0000
0.7147	0.8175	0.0000	0.0000
0.7157	0.8184	0.0000	0.0000
0.7167	0.8193	0.0000	0.0000
0.7177	0.8201	0.0000	0.0000
0.7187	0.8210	0.0000	0.0000
0.7197	0.8219	0.0000	0.0000
0.7207	0.8228	0.0000	0.0000
0.7217	0.8236	0.0000	0.0000
0.7227	0.8245	0.0000	0.0000
0.7237	0.8254	0.0000	0.0000
0.7247	0.8262	0.0000	0.0000
0.7257	0.8271	0.0000	0.0000
0.7267	0.8279	0.0000	0.0000
0.7277	0.8288	0.0000	0.0000
0.7287	0.8296	0.0000	0.0000
0.7297	0.8305	0.0000	0.0000
0.7307	0.8313	0.0000	0.0000
0.7317	0.8321	0.0000	0.0000
0.7327	0.8329	0.0000	0.0000
0.7337	0.8338	0.0000	0.0000
0.7347	0.8346	0.0000	0.0000
0.7357	0.8354	0.0000	0.0000
0.7367	0.8362	0.0000	0.0000
0.7377	0.8370	0.0000	0.0000
0.7387	0.8378	0.0000	0.0000
0.7397	0.8387	0.0000	0.0000
0.7407	0.8395	0.0000	0.0000
0.7417	0.8403	0.0000	0.0000
0.7427	0.8410	0.0000	0.0000
0.7437	0.8418	0.0000	0.0000
0.7447	0.8426	0.0000	0.0000
0.7457	0.8434	0.0000	0.0000
0.7467	0.8442	0.0000	0.0000
0.7477	0.8450	0.0000	0.0000
0.7487	0.8458	0.0000	0.0000
0.7497	0.8465	0.0000	0.0000
0.7508	0.8473	0.0000	0.0000
0.7518	0.8481	0.0000	0.0000
0.7528	0.8488	0.0000	0.0000
0.7538	0.8496	0.0000	0.0000
0.7548	0.8503	0.0000	0.0000
0.7558	0.8511	0.0000	0.0000
0.7568	0.8518	0.0000	0.0000
0.7578	0.8526	0.0000	0.0000
0.7588	0.8533	0.0000	0.0000
0.7598	0.8541	0.0000	0.0000
0.7608	0.8548	0.0000	0.0000
0.7618	0.8555	0.0000	0.0000
0.7628	0.8563	0.0000	0.0000
0.7638	0.8570	0.0000	0.0000
0.7648	0.8577	0.0000	0.0000
0.7658	0.8585	0.0000	0.0000
0.7668	0.8592	0.0000	0.0000
0.7678	0.8599	0.0000	0.0000
0.7688	0.8606	0.0000	0.0000
0.7698	0.8613	0.0000	0.0000
0.7708	0.8620	0.0000	0.0000
0.7718	0.8627	0.0000	0.0000
0.7728	0.8634	0.0000	0.0000
0.7738	0.8641	0.0000	0.0000
0.7748	0.8648	0.0000	0.0000
0.7758	0.8655	0.0000	0.0000
0.7768	0.8662	0.0000	0.0000
0.7778	0.8669	0.0000	0.0000
0.7788	0.8676	0.0000	0.0000
0.7798	0.8683	0.0000	0.0000
0.7808	0.8689	0.0000	0.0000
0.7818	0.8696	0.0000	0.0000
0.7828	0.8703	0.0000	0.0000
0.7838	0.8710	0.0000	0.0000
0.7848	0.8716	0.0000	0.0000
0.7858	0.8723	0.0000	0.0000
0.7868	0.8730	0.0000	0.0000
0.7878	0.8736	0.0000	0.0000
0.7888	0.8743	0.0000	0.0000
0.7898	0.8749	0.0000	0.0000
0.7908	0.8756	0.0000	0.0000
0.7918	0.8762	0.0000	0.0000
0.7928	0.8769	0.0000	0.0000
0.7938	0.8775	0.0000	0.0000
0.7948	0.8782	0.0000	0.0000
0.7958	0.8788	0.0000	0.0000
0.7968	0.8794	0.0000	0.0000
0.7978	0.8801	0.0000	0.0000
0.7988	0.8807	0.0000	0.0000
0.7998	0.8813	0.0000	0.0000
0.8008	0.8820	0.0000	0.0000
0.8018	0.8826	0.0000	0.0000
0.8028	0.8832	0.0000	0.0000
0.8038	0.8838	0.0000	0.0000
0.8048	0.8844	0.0000	0.0000
0.8058	0.8851	0.0000	0.0000
0.8068	0.8857	0.0000	0.0000
0.8078	0.8863	0.0000	0.0000
0.8088	0.8869	0.0000	0.0000
0.8098	0.8875	0.0000	0.0000
0.8108	0.8881	0.0000	0.0000
0.8118	0.8887	0.0000	0.0000
0.8128	0.8893	0.0000	0.0000
0.8138	0.8899	0.0000	0.0000
0.8148	0.8905	0.0000	0.0000
0.8158	0.8910	0.0000	0.0000
0.8168	0.8916	0.0000	0.0000
0.8178	0.8922	0.0000	0.0000
0.8188	0.8928	0.0000	0.0000
0.8198	0.8934	0.0000	0.0000
0.8208	0.8940	0.0000	0.0000
0.8218	0.8945	0.0000	0.0000
0.8228	0.8951	0.0000	0.0000
0.8238	0.8957	0.0000	0.0000
0.8248	0.8962	0.0000	0.0000
0.8258	0.8968	0.0000	0.0000
0.8268	0.8974	0.0000	0.0000
0.8278	0.8979	0.0000	0.0000
0.8288	0.8985	0.0000	0.0000
0.8298	0.8990	0.0000	0.0000
0.8308	0.8996	0.0000	0.0000
0.8318	0.9001	0.0000	0.0000
0.8328	0.9007	0.0000	0.0000
0.8338	0.9012	0.0000	0.0000
0.8348	0.9018	0.0000	0.0000
0.8358	0.9023	0.0000	0.0000
0.8368	0.9029	0.0000	0.0000
0.8378	0.9034	0.0000	0.0000
0.8388	0.9039	0.0000	0.0000
0.8398	0.9045	0.0000	0.0000
0.8408	0.9050	0.0000	0.0000
0.8418	0.9055	0.0000	0.0000
0.8428	0.9060	0.0000	0.0000
0.8438	0.9066	0.0000	0.0000
0.8448	0.9071	0.0000	0.0000
0.8458	0.9076	0.0000	0.0000
0.8468	0.9081	0.0000	0.0000
0.8478	0.9086	0.0000	0.0000
0.8488	0.9092	0.0000	0.0000
0.8498	0.9097	0.0000	0.0000
0.8509	0.9102	0.0000	0.0000
0.8519	0.9107	0.0000	0.0000
0.8529	0.9112	0.0000	0.0000
0.8539	0.9117	0.0000	0.0000
0.8549	0.9122	0.0000	0.0000
0.8559	0.9127	0.0000	0.0000
0.8569	0.9132	0.0000	0.0000
0.8579	0.9137	0.0000	0.0000
0.8589	0.9142	0.0000	0.0000
0.8599	0.9147	0.0000	0.0000
0.8609	0.9152	0.0000	0.0000
0.8619	0.9156	0.0000	0.0000
0.8629	0.9161	0.0000	0.0000
0.8639	0.9166	0.0000	0.0000
0.8649	0.9171	0.0000	0.0000
0.8659	0.9176	0.0000	0.0000
0.8669	0.9181	0.0000	0.0000
0.8679	0.9185	0.0000	0.0000
0.8689	0.9190	0.0000	0.0000
0.8699	0.9195	0.0000	0.0000
0.8709	0.9199	0.0000	0.0000
0.8719	0.9204	0.0000	0.0000
0.8729	0.9209	0.0000	0.0000
0.8739	0.9213	0.0000	0.0000
0.8749	0.9218	0.0000	0.0000
0.8759	0.9223	0.0000	0.0000
0.8769	0.9227	0.0000	0.0000
0.8779	0.9232	0.0000	0.0000
0.8789	0.9236	0.0000	0.0000
0.8799	0.9241	0.0000	0.0000
0.8809	0.9245	0.0000	0.0000
0.8819	0.9250	0.0000	0.0000
0.8829	0.9254	0.0000	0.0000
0.8839	0.9259	0.0000	0.0000
0.8849	0.9263	0.0000	0.0000
0.8859	0.9267	0.0000	0.0000
0.8869	0.9272	0.0000	0.0000
0.8879	0.9276	0.0000	0.0000
0.8889	0.9281	0.0000	0.0000
0.8899	0.9285	0.0000	0.0000
0.8909	0.9289	0.0000	0.0000
0.8919	0.9294	0.0000	0.0000
0.8929	0.9298	0.0000	0.0000
0.8939	0.9302	0.0000	0.0000
0.8949	0.9306	0.0000	0.0000
0.8959	0.9311	0.0000	0.0000
0.8969	0.9315	0.0000	0.0000
0.8979	0.9319	0.0000	0.0000
0.8989	0.9323	0.0000	0.0000
0.8999	0.9327	0.0000	0.0000
0.9009	0.9332	0.0000	0.0000
0.9019	0.9336	0.0000	0.0000
0.9029	0.9340	0.0000	0.0000
0.9039	0.9344	0.0000	0.0000
0.9049	0.9348	0.0000	0.0000
0.9059	0.9352	0.0000	0.0000
0.9069	0.9356	0.0000	0.0000
0.9079	0.9360	0.0000	0.0000
0.9089	0.9364	0.0000	0.0000
0.9099	0.9368	0.0000	0.0000
0.9109	0.9372	0.0000	0.0000
0.9119	0.9376	0.0000	0.0000
0.9129	0.9380	0.0000	0.0000
0.9139	0.9384	0.0000	0.0000
0.9149	0.9388	0.0000	0.0000
0.9159	0.9392	0.0000	0.0000
0.9169	0.9396	0.0000	0.0000
0.9179	0.9400	0.0000	0.0000
0.9189	0.9403	0.0000	0.0000
0.9199	0.9407	0.0000	0.0000
0.9209	0.9411	0.0000	0.0000
0.9219	0.9415	0.0000	0.0000
0.9229	0.9419	0.0000	0.0000
0.9239	0.9422	0.0000	0.0000
0.9249	0.9426	0.0000	0.0000
0.9259	0.9430	0.0000	0.0000
0.9269	0.9434	0.0000	0.0000
0.9279	0.9437	0.0000	0.0000
0.9289	0.9441	0.0000	0.0000
0.9299	0.9445	0.0000	0.0000
0.9309	0.9448	0.0000	0.0000
0.9319	0.9452	0.0000	0.0000
0.9329	0.9456	0.0000	0.0000
0.9339	0.9459	0.0000	0.0000
0.9349	0.9463	0.0000	0.0000
0.9359	0.9467	0.0000	0.0000
0.9369	0.9470	0.0000	0.0000
0.9379	0.9474	0.0000	0.0000
0.9389	0.9477	0.0000	0.0000
0.9399	0.9481	0.0000	0.0000
0.9409	0.9484	0.0000	0.0000
0.9419	0.9488	0.0000	0.0000
0.9429	0.9491	0.0000	0.0000
0.9439	0.9495	0.0000	0.0000
0.9449	0.9498	0.0000	0.0000
0.9459	0.9502	0.0000	0.0000
0.9469	0.9505	0.0000	0.0000
0.9479	0.9509	0.0000	0.0000
0.9489	0.9512	0.0000	0.0000
0.9499	0.9515	0.0000	0.0000
0.9510	0.9519	0.0000	0.0000
0.9520	0.9522	0.0000	0.0000
0.9530	0.9526	0.0000	0.0000
0.9540	0.9529	0.0000	0.0000
0.9550	0.9532	0.0000	0.0000
0.9560	0.9536	0.0000	0.0000
0.9570	0.9539	0.0000	0.0000
0.9580	0.9542	0.0000	0.0000
0.9590	0.9546	0.0000	0.0000
0.9600	0.9549	0.0000	0.0000
0.9610	0.9552	0.0000	0.0000
0.9620	0.9555	0.0000	0.0000
0.9630	0.9559	0.0000	0.0000
0.9640	0.9562	0.0000	0.0000
0.9650	0.9565	0.0000	0.0000
0.9660	0.9568	0.0000	0.0000
0.9670	0.9571	0.0000	0.0000
0.9680	0.9575	0.0000	0.0000
0.9690	0.9578	0.0000	0.0000
0.9700	0.9581	0.0000	0.0000
0.9710	0.9584	0.0000	0.0000
0.9720	0.9587	0.0000	0.0000
0.9730	0.9590	0.0000	0.0000
0.9740	0.9593	0.0000	0.0000
0.9750	0.9596	0.0000	0.0000
0.9760	0.9599	0.0000	0.0000
0.9770	0.9603	0.0000	0.0000
0.9780	0.9606	0.0000	0.0000
0.9790	0.9609	0.0000	0.0000
0.9800	0.9612	0.0000	0.0000
0.9810	0.9615	0.0000	0.0000
0.9820	0.9618	0.0000	0.0000
0.9830	0.9621	0.0000	0.0000
0.9840	0.9624	0.0000	0.0000
0.9850	0.9627	0.0000	0.0000
0.9860	0.9630	0.0000	0.0000
0.9870	0.9633	0.0000	0.0000
0.9880	0.9636	0.0000	0.0000
0.9890	0.9638	0.0000	0.0000
0.9900	0.9641	0.0000	0.0000
0.9910	0.9644	0.0000	0.0000
0.9920	0.9647	0.0000	0.0000
0.9930	0.9650	0.0000	0.0000
0.9940	0.9653	0.0000	0.0000
0.9950	0.9656	0.0000	0.0000
0.9960	0.9659	0.0000	0.0000
0.9970	0.9662	0.0000	0.0000
0.9980	0.9665	0.0000	0.0000
0.9990	0.9667	0.0000	0.0000
1.0000	0.9670	0.0000	0.0000
0.1652
0.4955
0.9530
