0.0000	0.0813	0.0000	0.0000
0.0010	0.0819	0.0000	0.0000
0.0020	0.0825	0.0000	0.0000
0.0030	0.0830	0.0000	0.0000
0.0040	0.0836	0.0000	0.0000
0.0050	0.0842	0.0000	0.0000
0.0060	0.0848	0.0000	0.0000
0.0070	0.0854	0.0000	0.0000
0.0080	0.0859	0.0000	0.0000
0.0090	0.0865	0.0000	0.0000
0.0100	0.0871	0.0000	0.0000
0.0110	0.0877	0.0000	0.0000
0.0120	0.0883	0.0000	0.0000
0.0130	0.0888	0.0000	0.0000
0.0140	0.0894	0.0000	0.0000
0.0150	0.0900	0.0000	0.0000
0.0160	0.0906	0.0000	0.0000
0.0170	0.0912	0.0000	0.0000
0.0180	0.0917	0.0000	0.0000
0.0190	0.0923	0.0000	0.0000
0.0200	0.0929	0.0000	0.0000
0.0210	0.0935	0.0000	0.0000
0.0220	0.0940	0.0000	0.0000
0.0230	0.0946	0.0000	0.0000
0.0240	0.0952	0.0000	0.0000
0.0250	0.0958	0.0000	0.0000
0.0260	0.0964	0.0000	0.0000
0.0270	0.0969	0.0000	0.0000
0.0280	0.0975	0.0000	0.0000
0.0290	0.0981	0.0000	0.0000
0.0300	0.0987	0.0000	0.0000
0.0310	0.0993	0.0000	0.0000
0.0320	0.0998	0.0000	0.0000
0.0330	0.1004	0.0000	0.0000
0.0340	0.1010	0.0000	0.0000
0.0350	0.1016	0.0000	0.0000
0.0360	0.1021	0.0000	0.0000
0.0370	0.1027	0.0000	0.0000
0.0380	0.1033	0.0000	0.0000
0.0390	0.1039	0.0000	0.0000
0.0400	0.1045	0.0000	0.0000
0.0410	0.1050	0.0000	0.0000
0.0420	0.1056	0.0000	0.0000
0.0430	0.1062	0.0000	0.0000
0.0440	0.1068	0.0000	0.0000
0.0450	0.1074	0.0000	0.0000
0.0460	0.1079	0.0000	0.0000
0.0470	0.1085	0.0000	0.0000
0.0480	0.1091	0.0000	0.0000
0.0490	0.1097	0.0000	0.0000
0.0501	0.1103	0.0000	0.0000
0.0511	0.1109	0.0000	0.0000
0.0521	0.1114	0.0000	0.0000
0.0531	0.1120	0.0000	0.0000
0.0541	0.1126	0.0000	0.0000
0.0551	0.1132	0.0000	0.0000
0.0561	0.1138	0.0000	0.0000
0.0571	0.1144	0.0000	0.0000
0.0581	0.1149	0.0000	0.0000
0.0591	0.1155	0.0000	0.0000
0.0601	0.1161	0.0000	0.0000
0.0611	0.1167	0.0000	0.0000
0.0621	0.1173	0.0000	0.0000
0.0631	0.1179	0.0000	0.0000
0.0641	0.1184	0.0000	0.0000
0.0651	0.1190	0.0000	0.0000
0.0661	0.1196	0.0000	0.0000
0.0671	0.1202	0.0000	0.0000
0.0681	0.1208	0.0000	0.0000
0.0691	0.1214	0.0000	0.0000
0.0701	0.1220	0.0000	0.0000
0.0711	0.1226	0.0000	0.0000
0.0721	0.1231	0.0000	0.0000
0.0731	0.1237	0.0000	0.0000
0.0741	0.1243	0.0000	0.0000
0.0751	0.1249	0.0000	0.0000
0.0761	0.1255	0.0000	0.0000
0.0771	0.1261	0.0000	0.0000
0.0781	0.1267	0.0000	0.0000
0.0791	0.1273	0.0000	0.0000
0.0801	0.1279	0.0000	0.0000
0.0811	0.1285	0.0000	0.0000
0.0821	0.1290	0.0000	0.0000
0.0831	0.1296	0.0000	0.0000
0.0841	0.1302	0.0000	0.0000
0.0851	0.1308	0.0000	0.0000
0.0861	0.1314	0.0000	0.0000
0.0871	0.1320	0.0000	0.0000
0.0881	0.1326	0.0000	0.0000
0.0891	0.1332	0.0000	0.0000
0.0901	0.1338	0.0000	0.0000
0.0911	0.1344	0.0000	0.0000
0.0921	0.1350	0.0000	0.0000
0.0931	0.1356	0.0000	0.0000
0.0941	0.1362	0.0000	0.0000
0.0951	0.1368	0.0000	0.0000
0.0961	0.1374	0.0000	0.0000
0.0971	0.1380	0.0000	0.0000
0.0981	0.1386	0.0000	0.0000
0.0991	0.1392	0.0000	0.0000
0.1001	0.1398	0.0000	0.0000
0.1011	0.1404	0.0000	0.0000
0.1021	0.1410	0.0000	0.0000
0.1031	0.1416	0.0000	0.0000
0.1041	0.1422	0.0000	0.0000
0.1051	0.1428	0.0000	0.0000
0.1061	0.1434	0.0000	0.0000
0.1071	0.1440	0.0000	0.0000
0.1081	0.1446	0.0000	0.0000
0.1091	0.1452	0.0000	0.0000
0.1101	0.1458	0.0000	0.0000
0.1111	0.1464	0.0000	0.0000
0.1121	0.1470	0.0000	0.0000
0.1131	0.1476	0.0000	0.0000
0.1141	0.1482	0.0000	0.0000
0.1151	0.1488	0.0000	0.0000
0.1161	0.1495	0.0000	0.0000
0.1171	0.1501	0.0000	0.0000
0.1181	0.1507	0.0000	0.0000
0.1191	0.1513	0.0000	0.0000
0.1201	0.1519	0.0000	0.0000
0.1211	0.1525	0.0000	0.0000
0.1221	0.1531	0.0000	0.0000
0.1231	0.1537	0.0000	0.0000
0.1241	0.1543	0.0000	0.0000
0.1251	0.1550	0.0000	0.0000
0.1261	0.1556	0.0000	0.0000
0.1271	0.1562	0.0000	0.0000
0.1281	0.1568	0.0000	0.0000
0.1291	0.1574	0.0000	0.0000
0.1301	0.1580	0.0000	0.0000
0.1311	0.1587	0.0000	0.0000
0.1321	0.1593	0.0000	0.0000
0.1331	0.1599	0.0000	0.0000
0.1341	0.1605	0.0000	0.0000
0.1351	0.1611	0.0000	0.0000
0.1361	0.1618	0.0000	0.0000
0.1371	0.1624	0.0000	0.0000
0.1381	0.1630	0.0000	0.0000
0.1391	0.1636	0.0000	0.0000
0.1401	0.1643	0.0000	0.0000
0.1411	0.1649	0.0000	0.0000
0.1421	0.1655	0.0000	0.0000
0.1431	0.1661	0.0000	0.0000
0.1441	0.1668	0.0000	0.0000
0.1451	0.1674	0.0000	0.0000
0.1461	0.1680	0.0000	0.0000
0.1471	0.1686	0.0000	0.0000
0.1481	0.1693	0.0000	0.0000
0.1491	0.1699	0.0000	0.0000
0.1502	0.1705	0.0000	0.0000
0.1512	0.1712	0.0000	0.0000
0.1522	0.1718	0.0000	0.0000
0.1532	0.1724	0.0000	0.0000
0.1542	0.1731	0.0000	0.0000
0.1552	0.1737	0.0000	0.0000
0.1562	0.1743	0.0000	0.0000
0.1572	0.1750	0.0000	0.0000
0.1582	0.1756	0.0000	0.0000
0.1592	0.1763	0.0000	0.0000
0.1602	0.1769	0.0000	0.0000
0.1612	0.1775	0.0000	0.0000
0.1622	0.1782	0.0000	0.0000
0.1632	0.1788	0.0000	0.0000
0.1642	0.1795	0.0000	0.0000
0.1652	0.1801	0.0000	0.0000
0.1662	0.1808	0.0000	0.0000
0.1672	0.1814	0.0000	0.0000
0.1682	0.1820	0.0000	0.0000
0.1692	0.1827	0.0000	0.0000
0.1702	0.1833	0.0000	0.0000
0.1712	0.1840	0.0000	0.0000
0.1722	0.1846	0.0000	0.0000
0.1732	0.1853	0.0000	0.0000
0.1742	0.1859	0.0000	0.0000
0.1752	0.1866	0.0000	0.0000
0.1762	0.1873	0.0000	0.0000
0.1772	0.1879	0.0000	0.0000
0.1782	0.1886	0.0000	0.0000
0.1792	0.1892	0.0000	0.0000
0.1802	0.1899	0.0000	0.0000
0.1812	0.1905	0.0000	0.0000
0.1822	0.1912	0.0000	0.0000
0.1832	0.1919	0.0000	0.0000
0.1842	0.1925	0.0000	0.0000
0.1852	0.1932	0.0000	0.0000
0.1862	0.1938	0.0000	0.0000
0.1872	0.1945	0.0000	0.0000
0.1882	0.1952	0.0000	0.0000
0.1892	0.1958	0.0000	0.0000
0.1902	0.1965	0.0000	0.0000
0.1912	0.1972	0.0000	0.0000
0.1922	0.1978	0.0000	0.0000
0.1932	0.1985	0.0000	0.0000
0.1942	0.1992	0.0000	0.0000
0.1952	0.1999	0.0000	0.0000
0.1962	0.2005	0.0000	0.0000
0.1972	0.2012	0.0000	0.0000
0.1982	0.2019	0.0000	0.0000
0.1992	0.2026	0.0000	0.0000
0.2002	0.2032	0.0000	0.0000
0.2012	0.2039	0.0000	0.0000
0.2022	0.2046	0.0000	0.0000
0.2032	0.2053	0.0000	0.0000
0.2042	0.2060	0.0000	0.0000
0.2052	0.2066	0.0000	0.0000
0.2062	0.2073	0.0000	0.0000
0.2072	0.2080	0.0000	0.0000
0.2082	0.2087	0.0000	0.0000
0.2092	0.2094	0.0000	0.0000
0.2102	0.2101	0.0000	0.0000
0.2112	0.2108	0.0000	0.0000
0.2122	0.2115	0.0000	0.0000
0.2132	0.2122	0.0000	0.0000
0.2142	0.2128	0.0000	0.0000
0.2152	0.2135	0.0000	0.0000
0.2162	0.2142	0.0000	0.0000
0.2172	0.2149	0.0000	0.0000
0.2182	0.2156	0.0000	0.0000
0.2192	0.2163	0.0000	0.0000
0.2202	0.2170	0.0000	0.0000
0.2212	0.2177	0.0000	0.0000
0.2222	0.2184	0.0000	0.0000
0.2232	0.2191	0.0000	0.0000
0.2242	0.2199	0.0000	0.0000
0.2252	0.2206	0.0000	0.0000
0.2262	0.2213	0.0000	0.0000
0.2272	0.2220	0.0000	0.0000
0.2282	0.2227	0.0000	0.0000
0.2292	0.2234	0.0000	0.0000
0.2302	0.2241	0.0000	0.0000
0.2312	0.2248	0.0000	0.0000
0.2322	0.2255	0.0000	0.0000
0.2332	0.2263	0.0000	0.0000
0.2342	0.2270	0.0000	0.0000
0.2352	0.2277	0.0000	0.0000
0.2362	0.2284	0.0000	0.0000
0.2372	0.2291	0.0000	0.0000
0.2382	0.2299	0.0000	0.0000
0.2392	0.2306	0.0000	0.0000
0.2402	0.2313	0.0000	0.0000
0.2412	0.2320	0.0000	0.0000
0.2422	0.2328	0.0000	0.0000
0.2432	0.2335	0.0000	0.0000
0.2442	0.2342	0.0000	0.0000
0.2452	0.2350	0.0000	0.0000
0.2462	0.2357	0.0000	0.0000
0.2472	0.2364	0.0000	0.0000
0.2482	0.2372	0.0000	0.0000
0.2492	0.2379	0.0000	0.0000
0.2503	0.2387	0.0000	0.0000
0.2513	0.2394	0.0000	0.0000
0.2523	0.2401	0.0000	0.0000
0.2533	0.2409	0.0000	0.0000
0.2543	0.2416	0.0000	0.0000
0.2553	0.2424	0.0000	0.0000
0.2563	0.2431	0.0000	0.0000
0.2573	0.2439	0.0000	0.0000
0.2583	0.2446	0.0000	0.0000
0.2593	0.2454	0.0000	0.0000
0.2603	0.2461	0.0000	0.0000
0.2613	0.2469	0.0000	0.0000
0.2623	0.2477	0.0000	0.0000
0.2633	0.2484	0.0000	0.0000
0.2643	0.2492	0.0000	0.0000
0.2653	0.2499	0.0000	0.0000
0.2663	0.2507	0.0000	0.0000
0.2673	0.2515	0.0000	0.0000
0.2683	0.2522	0.0000	0.0000
0.2693	0.2530	0.0000	0.0000
0.2703	0.2538	0.0000	0.0000
0.2713	0.2546	0.0000	0.0000
0.2723	0.2553	0.0000	0.0000
0.2733	0.2561	0.0000	0.0000
0.2743	0.2569	0.0000	0.0000
0.2753	0.2577	0.0000	0.0000
0.2763	0.2585	0.0000	0.0000
0.2773	0.2592	0.0000	0.0000
0.2783	0.2600	0.0000	0.0000
0.2793	0.2608	0.0000	0.0000
0.2803	0.2616	0.0000	0.0000
0.2813	0.2624	0.0000	0.0000
0.2823	0.2632	0.0000	0.0000
0.2833	0.2640	0.0000	0.0000
0.2843	0.2648	0.0000	0.0000
0.2853	0.2656	0.0000	0.0000
0.2863	0.2664	0.0000	0.0000
0.2873	0.2672	0.0000	0.0000
0.2883	0.2680	0.0000	0.0000
0.2893	0.2688	0.0000	0.0000
0.2903	0.2696	0.0000	0.0000
0.2913	0.2704	0.0000	0.0000
0.2923	0.2712	0.0000	0.0000
0.2933	0.2720	0.0000	0.0000
0.2943	0.2728	0.0000	0.0000
0.2953	0.2736	0.0000	0.0000
0.2963	0.2744	0.0000	0.0000
0.2973	0.2753	0.0000	0.0000
0.2983	0.2761	0.0000	0.0000
0.2993	0.2769	0.0000	0.0000
0.3003	0.2777	0.0000	0.0000
0.3013	0.2786	0.0000	0.0000
0.3023	0.2794	0.0000	0.0000
0.3033	0.2802	0.0000	0.0000
0.3043	0.2810	0.0000	0.0000
0.3053	0.2819	0.0000	0.0000
0.3063	0.2827	0.0000	0.0000
0.3073	0.2836	0.0000	0.0000
0.3083	0.2844	0.0000	0.0000
0.3093	0.2852	0.0000	0.0000
0.3103	0.2861	0.0000	0.0000
0.3113	0.2869	0.0000	0.0000
0.3123	0.2878	0.0000	0.0000
0.3133	0.2886	0.0000	0.0000
0.3143	0.2895	0.0000	0.0000
0.3153	0.2903	0.0000	0.0000
0.3163	0.2912	0.0000	0.0000
0.3173	0.2920	0.0000	0.0000
0.3183	0.2929	0.0000	0.0000
0.3193	0.2938	0.0000	0.0000
0.3203	0.2946	0.0000	0.0000
0.3213	0.2955	0.0000	0.0000
0.3223	0.2964	0.0000	0.0000
0.3233	0.2972	0.0000	0.0000
0.3243	0.2981	0.0000	0.0000
0.3253	0.2990	0.0000	0.0000
0.3263	0.2999	0.0000	0.0000
0.3273	0.3007	0.0000	0.0000
0.3283	0.3016	0.0000	0.0000
0.3293	0.3025	0.0000	0.0000
0.3303	0.3034	0.0000	0.0000
0.3313	0.3043	0.0000	0.0000
0.3323	0.3052	0.0000	0.0000
0.3333	0.3061	0.0000	0.0000
0.3343	0.3070	0.0000	0.0000
0.3353	0.3079	0.0000	0.0000
0.3363	0.3088	0.0000	0.0000
0.3373	0.3097	0.0000	0.0000
0.3383	0.3106	0.0000	0.0000
0.3393	0.3115	0.0000	0.0000
0.3403	0.3124	0.0000	0.0000
0.3413	0.3133	0.0000	0.0000
0.3423	0.3142	0.0000	0.0000
0.3433	0.3151	0.0000	0.0000
0.3443	0.3161	0.0000	0.0000
0.3453	0.3170	0.0000	0.0000
0.3463	0.3179	0.0000	0.0000
0.3473	0.3188	0.0000	0.0000
0.3483	0.3198	0.0000	0.0000
0.3493	0.3207	0.0000	0.0000
0.3504	0.3216	0.0000	0.0000
0.3514	0.3226	0.0000	0.0000
0.3524	0.3235	0.0000	0.0000
0.3534	0.3244	0.0000	0.0000
0.3544	0.3254	0.0000	0.0000
0.3554	0.3263	0.0000	0.0000
0.3564	0.3273	0.0000	0.0000
0.3574	0.3282	0.0000	0.0000
0.3584	0.3292	0.0000	0.0000
0.3594	0.3301	0.0000	0.0000
0.3604	0.3311	0.0000	0.0000
0.3614	0.3321	0.0000	0.0000
0.3624	0.3330	0.0000	0.0000
0.3634	0.3340	0.0000	0.0000
0.3644	0.3350	0.0000	0.0000
0.3654	0.3360	0.0000	0.0000
0.3664	0.3369	0.0000	0.0000
0.3674	0.3379	0.0000	0.0000
0.3684	0.3389	0.0000	0.0000
0.3694	0.3399	0.0000	0.0000
0.3704	0.3409	0.0000	0.0000
0.3714	0.3419	0.0000	0.0000
0.3724	0.3428	0.0000	0.0000
0.3734	0.3438	0.0000	0.0000
0.3744	0.3448	0.0000	0.0000
0.3754	0.3458	0.0000	0.0000
0.3764	0.3469	0.0000	0.0000
0.3774	0.3479	0.0000	0.0000
0.3784	0.3489	0.0000	0.0000
0.3794	0.3499	0.0000	0.0000
0.3804	0.3509	0.0000	0.0000
0.3814	0.3519	0.0000	0.0000
0.3824	0.3529	0.0000	0.0000
0.3834	0.3540	0.0000	0.0000
0.3844	0.3550	0.0000	0.0000
0.3854	0.3560	0.0000	0.0000
0.3864	0.3571	0.0000	0.0000
0.3874	0.3581	0.0000	0.0000
0.3884	0.3591	0.0000	0.0000
0.3894	0.3602	0.0000	0.0000
0.3904	0.3612	0.0000	0.0000
0.3914	0.3623	0.0000	0.0000
0.3924	0.3633	0.0000	0.0000
0.3934	0.3644	0.0000	0.0000
0.3944	0.3655	0.0000	0.0000
0.3954	0.3665	0.0000	0.0000
0.3964	0.3676	0.0000	0.0000
0.3974	0.3687	0.0000	0.0000
0.3984	0.3697	0.0000	0.0000
0.3994	0.3708	0.0000	0.0000
0.4004	0.3719	0.0000	0.0000
0.4014	0.3730	0.0000	0.0000
0.4024	0.3741	0.0000	0.0000
0.4034	0.3752	0.0000	0.0000
0.4044	0.3763	0.0000	0.0000
0.4054	0.3773	0.0000	0.0000
0.4064	0.3785	0.0000	0.0000
0.4074	0.3796	0.0000	0.0000
0.4084	0.3807	0.0000	0.0000
0.4094	0.3818	0.0000	0.0000
0.4104	0.3829	0.0000	0.0000
0.4114	0.3840	0.0000	0.0000
0.4124	0.3851	0.0000	0.0000
0.4134	0.3863	0.0000	0.0000
0.4144	0.3874	0.0000	0.0000
0.4154	0.3885	0.0000	0.0000
0.4164	0.3897	0.0000	0.0000
0.4174	0.3908	0.0000	0.0000
0.4184	0.3919	0.0000	0.0000
0.4194	0.3931	0.0000	0.0000
0.4204	0.3942	0.0000	0.0000
0.4214	0.3954	0.0000	0.0000
0.4224	0.3966	0.0000	0.0000
0.4234	0.3977	0.0000	0.0000
0.4244	0.3989	0.0000	0.0000
0.4254	0.4001	0.0000	0.0000
0.4264	0.4012	0.0000	0.0000
0.4274	0.4024	0.0000	0.0000
0.4284	0.4036	0.0000	0.0000
0.4294	0.4048	0.0000	0.0000
0.4304	0.4060	0.0000	0.0000
0.4314	0.4072	0.0000	0.0000
0.4324	0.4084	0.0000	0.0000
0.4334	0.4096	0.0000	0.0000
0.4344	0.4108	0.0000	0.0000
0.4354	0.4120	0.0000	0.0000
0.4364	0.4132	0.0000	0.0000
0.4374	0.4144	0.0000	0.0000
0.4384	0.4156	0.0000	0.0000
0.4394	0.4169	0.0000	0.0000
0.4404	0.4181	0.0000	0.0000
0.4414	0.4193	0.0000	0.0000
0.4424	0.4206	0.0000	0.0000
0.4434	0.4218	0.0000	0.0000
0.4444	0.4231	0.0000	0.0000
0.4454	0.4243	0.0000	0.0000
0.4464	0.4256	0.0000	0.0000
0.4474	0.4268	0.0000	0.0000
0.4484	0.4281	0.0000	0.0000
0.4494	0.4294	0.0000	0.0000
0.4505	0.4306	0.0000	0.0000
0.4515	0.4319	0.0000	0.0000
0.4525	0.4332	0.0000	0.0000
0.4535	0.4345	0.0000	0.0000
0.4545	0.4358	0.0000	0.0000
0.4555	0.4371	0.0000	0.0000
0.4565	0.4384	0.0000	0.0000
0.4575	0.4397	0.0000	0.0000
0.4585	0.4410	0.0000	0.0000
0.4595	0.4423	0.0000	0.0000
0.4605	0.4437	0.0000	0.0000
0.4615	0.4450	0.0000	0.0000
0.4625	0.4463	0.0000	0.0000
0.4635	0.4476	0.0000	0.0000
0.4645	0.4490	0.0000	0.0000
0.4655	0.4503	0.0000	0.0000
0.4665	0.4517	0.0000	0.0000
0.4675	0.4530	0.0000	0.0000
0.4685	0.4544	0.0000	0.0000
0.4695	0.4558	0.0000	0.0000
0.4705	0.4571	0.0000	0.0000
0.4715	0.4585	0.0000	0.0000
0.4725	0.4599	0.0000	0.0000
0.4735	0.4613	0.0000	0.0000
0.4745	0.4627	0.0000	0.0000
0.4755	0.4641	0.0000	0.0000
0.4765	0.4655	0.0000	0.0000
0.4775	0.4669	0.0000	0.0000
0.4785	0.4683	0.0000	0.0000
0.4795	0.4697	0.0000	0.0000
0.4805	0.4711	0.0000	0.0000
0.4815	0.4726	0.0000	0.0000
0.4825	0.4740	0.0000	0.0000
0.4835	0.4754	0.0000	0.0000
0.4845	0.4769	0.0000	0.0000
0.4855	0.4783	0.0000	0.0000
0.4865	0.4798	0.0000	0.0000
0.4875	0.4813	0.0000	0.0000
0.4885	0.4827	0.0000	0.0000
0.4895	0.4842	0.0000	0.0000
0.4905	0.4857	0.0000	0.0000
0.4915	0.4872	0.0000	0.0000
0.4925	0.4887	0.0000	0.0000
0.4935	0.4902	0.0000	0.0000
0.4945	0.4917	0.0000	0.0000
0.4955	0.4932	0.0000	0.0000
0.4965	0.4947	0.0000	0.0000
0.4975	0.4962	0.0000	0.0000
0.4985	0.4977	0.0000	0.0000
0.4995	0.4993	0.0000	0.0000
0.5005	0.5008	0.0000	0.0000
0.5015	0.5023	0.0000	0.0000
0.5025	0.5039	0.0000	0.0000
0.5035	0.5054	0.0000	0.0000
0.5045	0.5069	0.0000	0.0000
0.5055	0.5084	0.0000	0.0000
0.5065	0.5099	0.0000	0.0000
0.5075	0.5114	0.0000	0.0000
0.5085	0.5129	0.0000	0.0000
0.5095	0.5144	0.0000	0.0000
0.5105	0.5159	0.0000	0.0000
0.5115	0.5173	0.0000	0.0000
0.5125	0.5188	0.0000	0.0000
0.5135	0.5203	0.0000	0.0000
0.5145	0.5217	0.0000	0.0000
0.5155	0.5232	0.0000	0.0000
0.5165	0.5246	0.0000	0.0000
0.5175	0.5260	0.0000	0.0000
0.5185	0.5275	0.0000	0.0000
0.5195	0.5289	0.0000	0.0000
0.5205	0.5303	0.0000	0.0000
0.5215	0.5318	0.0000	0.0000
0.5225	0.5332	0.0000	0.0000
0.5235	0.5346	0.0000	0.0000
0.5245	0.5360	0.0000	0.0000
0.5255	0.5374	0.0000	0.0000
0.5265	0.5388	0.0000	0.0000
0.5275	0.5401	0.0000	0.0000
0.5285	0.5415	0.0000	0.0000
0.5295	0.5429	0.0000	0.0000
0.5305	0.5443	0.0000	0.0000
0.5315	0.5456	0.0000	0.0000
0.5325	0.5470	0.0000	0.0000
0.5335	0.5484	0.0000	0.0000
0.5345	0.5497	0.0000	0.0000
0.5355	0.5510	0.0000	0.0000
0.5365	0.5524	0.0000	0.0000
0.5375	0.5537	0.0000	0.0000
0.5385	0.5551	0.0000	0.0000
0.5395	0.5564	0.0000	0.0000
0.5405	0.5577	0.0000	0.0000
0.5415	0.5590	0.0000	0.0000
0.5425	0.5603	0.0000	0.0000
0.5435	0.5616	0.0000	0.0000
0.5445	0.5629	0.0000	0.0000
0.5455	0.5642	0.0000	0.0000
0.5465	0.5655	0.0000	0.0000
0.5475	0.5668	0.0000	0.0000
0.5485	0.5681	0.0000	0.0000
0.5495	0.5694	0.0000	0.0000
0.5506	0.5707	0.0000	0.0000
0.5516	0.5719	0.0000	0.0000
0.5526	0.5732	0.0000	0.0000
0.5536	0.5744	0.0000	0.0000
0.5546	0.5757	0.0000	0.0000
0.5556	0.5770	0.0000	0.0000
0.5566	0.5782	0.0000	0.0000
0.5576	0.5794	0.0000	0.0000
0.5586	0.5807	0.0000	0.0000
0.5596	0.5819	0.0000	0.0000
0.5606	0.5832	0.0000	0.0000
0.5616	0.5844	0.0000	0.0000
0.5626	0.5856	0.0000	0.0000
0.5636	0.5868	0.0000	0.0000
0.5646	0.5880	0.0000	0.0000
0.5656	0.5892	0.0000	0.0000
0.5666	0.5905	0.0000	0.0000
0.5676	0.5917	0.0000	0.0000
0.5686	0.5929	0.0000	0.0000
0.5696	0.5940	0.0000	0.0000
0.5706	0.5952	0.0000	0.0000
0.5716	0.5964	0.0000	0.0000
0.5726	0.5976	0.0000	0.0000
0.5736	0.5988	0.0000	0.0000
0.5746	0.6000	0.0000	0.0000
0.5756	0.6011	0.0000	0.0000
0.5766	0.6023	0.0000	0.0000
0.5776	0.6035	0.0000	0.0000
0.5786	0.6046	0.0000	0.0000
0.5796	0.6058	0.0000	0.0000
0.5806	0.6069	0.0000	0.0000
0.5816	0.6081	0.0000	0.0000
0.5826	0.6092	0.0000	0.0000
0.5836	0.6103	0.0000	0.0000
0.5846	0.6115	0.0000	0.0000
0.5856	0.6126	0.0000	0.0000
0.5866	0.6137	0.0000	0.0000
0.5876	0.6149	0.0000	0.0000
0.5886	0.6160	0.0000	0.0000
0.5896	0.6171	0.0000	0.0000
0.5906	0.6182	0.0000	0.0000
0.5916	0.6193	0.0000	0.0000
0.5926	0.6204	0.0000	0.0000
0.5936	0.6215	0.0000	0.0000
0.5946	0.6226	0.0000	0.0000
0.5956	0.6237	0.0000	0.0000
0.5966	0.6248	0.0000	0.0000
0.5976	0.6259	0.0000	0.0000
0.5986	0.6270	0.0000	0.0000
0.5996	0.6281	0.0000	0.0000
0.6006	0.6292	0.0000	0.0000
0.6016	0.6303	0.0000	0.0000
0.6026	0.6313	0.0000	0.0000
0.6036	0.6324	0.0000	0.0000
0.6046	0.6335	0.0000	0.0000
0.6056	0.6345	0.0000	0.0000
0.6066	0.6356	0.0000	0.0000
0.6076	0.6366	0.0000	0.0000
0.6086	0.6377	0.0000	0.0000
0.6096	0.6387	0.0000	0.0000
0.6106	0.6398	0.0000	0.0000
0.6116	0.6408	0.0000	0.0000
0.6126	0.6419	0.0000	0.0000
0.6136	0.6429	0.0000	0.0000
0.6146	0.6440	0.0000	0.0000
0.6156	0.6450	0.0000	0.0000
0.6166	0.6460	0.0000	0.0000
0.6176	0.6470	0.0000	0.0000
0.6186	0.6481	0.0000	0.0000
0.6196	0.6491	0.0000	0.0000
0.6206	0.6501	0.0000	0.0000
0.6216	0.6511	0.0000	0.0000
0.6226	0.6521	0.0000	0.0000
0.6236	0.6531	0.0000	0.0000
0.6246	0.6541	0.0000	0.0000
0.6256	0.6551	0.0000	0.0000
0.6266	0.6561	0.0000	0.0000
0.6276	0.6571	0.0000	0.0000
0.6286	0.6581	0.0000	0.0000
0.6296	0.6591	0.0000	0.0000
0.6306	0.6601	0.0000	0.0000
0.6316	0.6611	0.0000	0.0000
0.6326	0.6621	0.0000	0.0000
0.6336	0.6630	0.0000	0.0000
0.6346	0.6640	0.0000	0.0000
0.6356	0.6650	0.0000	0.0000
0.6366	0.6660	0.0000	0.0000
0.6376	0.6669	0.0000	0.0000
0.6386	0.6679	0.0000	0.0000
0.6396	0.6689	0.0000	0.0000
0.6406	0.6698	0.0000	0.0000
0.6416	0.6708	0.0000	0.0000
0.6426	0.6717	0.0000	0.0000
0.6436	0.6727	0.0000	0.0000
0.6446	0.6736	0.0000	0.0000
0.6456	0.6746	0.0000	0.0000
0.6466	0.6755	0.0000	0.0000
0.6476	0.6765	0.0000	0.0000
0.6486	0.6774	0.0000	0.0000
0.6496	0.6783	0.0000	0.0000
0.6507	0.6793	0.0000	0.0000
0.6517	0.6802	0.0000	0.0000
0.6527	0.6811	0.0000	0.0000
0.6537	0.6821	0.0000	0.0000
0.6547	0.6830	0.0000	0.0000
0.6557	0.6839	0.0000	0.0000
0.6567	0.6848	0.0000	0.0000
0.6577	0.6857	0.0000	0.0000
0.6587	0.6867	0.0000	0.0000
0.6597	0.6876	0.0000	0.0000
0.6607	0.6885	0.0000	0.0000
0.6617	0.6894	0.0000	0.0000
0.6627	0.6903	0.0000	0.0000
0.6637	0.6912	0.0000	0.0000
0.6647	0.6921	0.0000	0.0000
0.6657	0.6930	0.0000	0.0000
0.6667	0.6939	0.0000	0.0000
0.6677	0.6948	0.0000	0.0000
0.6687	0.6957	0.0000	0.0000
0.6697	0.6966	0.0000	0.0000
0.6707	0.6974	0.0000	0.0000
0.6717	0.6983	0.0000	0.0000
0.6727	0.6992	0.0000	0.0000
0.6737	0.7001	0.0000	0.0000
0.6747	0.7010	0.0000	0.0000
0.6757	0.7018	0.0000	0.0000
0.6767	0.7027	0.0000	0.0000
0.6777	0.7036	0.0000	0.0000
0.6787	0.7045	0.0000	0.0000
0.6797	0.7053	0.0000	0.0000
0.6807	0.7062	0.0000	0.0000
0.6817	0.7071	0.0000	0.0000
0.6827	0.7079	0.0000	0.0000
0.6837	0.7088	0.0000	0.0000
0.6847	0.7096	0.0000	0.0000
0.6857	0.7105	0.0000	0.0000
0.6867	0.7113	0.0000	0.0000
0.6877	0.7122	0.0000	0.0000
0.6887	0.7130	0.0000	0.0000
0.6897	0.7139	0.0000	0.0000
0.6907	0.7147	0.0000	0.0000
0.6917	0.7156	0.0000	0.0000
0.6927	0.7164	0.0000	0.0000
0.6937	0.7172	0.0000	0.0000
0.6947	0.7181	0.0000	0.0000
0.6957	0.7189	0.0000	0.0000
0.6967	0.7197	0.0000	0.0000
0.6977	0.7206	0.0000	0.0000
0.6987	0.7214	0.0000	0.0000
0.6997	0.7222	0.0000	0.0000
0.7007	0.7230	0.0000	0.0000
0.7017	0.7239	0.0000	0.0000
0.7027	0.7247	0.0000	0.0000
0.7037	0.7255	0.0000	0.0000
0.7047	0.7263	0.0000	0.0000
0.7057	0.7271	0.0000	0.0000
0.7067	0.7279	0.0000	0.0000
0.7077	0.7288	0.0000	0.0000
0.7087	0.7296	0.0000	0.0000
0.7097	0.7304	0.0000	0.0000
0.7107	0.7312	0.0000	0.0000
0.7117	0.7320	0.0000	0.0000
0.7127	0.7328	0.0000	0.0000
0.7137	0.7336	0.0000	0.0000
0.7147	0.7344	0.0000	0.0000
0.7157	0.7352	0.0000	0.0000
0.7167	0.7360	0.0000	0.0000
0.7177	0.7368	0.0000	0.0000
0.7187	0.7376	0.0000	0.0000
0.7197	0.7383	0.0000	0.0000
0.7207	0.7391	0.0000	0.0000
0.7217	0.7399	0.0000	0.0000
0.7227	0.7407	0.0000	0.0000
0.7237	0.7415	0.0000	0.0000
0.7247	0.7423	0.0000	0.0000
0.7257	0.7430	0.0000	0.0000
0.7267	0.7438	0.0000	0.0000
0.7277	0.7446	0.0000	0.0000
0.7287	0.7454	0.0000	0.0000
0.7297	0.7461	0.0000	0.0000
0.7307	0.7469	0.0000	0.0000
0.7317	0.7477	0.0000	0.0000
0.7327	0.7485	0.0000	0.0000
0.7337	0.7492	0.0000	0.0000
0.7347	0.7500	0.0000	0.0000
0.7357	0.7508	0.0000	0.0000
0.7367	0.7515	0.0000	0.0000
0.7377	0.7523	0.0000	0.0000
0.7387	0.7530	0.0000	0.0000
0.7397	0.7538	0.0000	0.0000
0.7407	0.7545	0.0000	0.0000
0.7417	0.7553	0.0000	0.0000
0.7427	0.7560	0.0000	0.0000
0.7437	0.7568	0.0000	0.0000
0.7447	0.7575	0.0000	0.0000
0.7457	0.7583	0.0000	0.0000
0.7467	0.7590	0.0000	0.0000
0.7477	0.7598	0.0000	0.0000
0.7487	0.7605	0.0000	0.0000
0.7497	0.7613	0.0000	0.0000
0.7508	0.7620	0.0000	0.0000
0.7518	0.7628	0.0000	0.0000
0.7528	0.7635	0.0000	0.0000
0.7538	0.7642	0.0000	0.0000
0.7548	0.7650	0.0000	0.0000
0.7558	0.7657	0.0000	0.0000
0.7568	0.7664	0.0000	0.0000
0.7578	0.7672	0.0000	0.0000
0.7588	0.7679	0.0000	0.0000
0.7598	0.7686	0.0000	0.0000
0.7608	0.7693	0.0000	0.0000
0.7618	0.7701	0.0000	0.0000
0.7628	0.7708	0.0000	0.0000
0.7638	0.7715	0.0000	0.0000
0.7648	0.7722	0.0000	0.0000
0.7658	0.7730	0.0000	0.0000
0.7668	0.7737	0.0000	0.0000
0.7678	0.7744	0.0000	0.0000
0.7688	0.7751	0.0000	0.0000
0.7698	0.7758	0.0000	0.0000
0.7708	0.7765	0.0000	0.0000
0.7718	0.7772	0.0000	0.0000
0.7728	0.7780	0.0000	0.0000
0.7738	0.7787	0.0000	0.0000
0.7748	0.7794	0.0000	0.0000
0.7758	0.7801	0.0000	0.0000
0.7768	0.7808	0.0000	0.0000
0.7778	0.7815	0.0000	0.0000
0.7788	0.7822	0.0000	0.0000
0.7798	0.7829	0.0000	0.0000
0.7808	0.7836	0.0000	0.0000
0.7818	0.7843	0.0000	0.0000
0.7828	0.7850	0.0000	0.0000
0.7838	0.7857	0.0000	0.0000
0.7848	0.7864	0.0000	0.0000
0.7858	0.7871	0.0000	0.0000
0.7868	0.7878	0.0000	0.0000
0.7878	0.7885	0.0000	0.0000
0.7888	0.7892	0.0000	0.0000
0.7898	0.7898	0.0000	0.0000
0.7908	0.7905	0.0000	0.0000
0.7918	0.7912	0.0000	0.0000
0.7928	0.7919	0.0000	0.0000
0.7938	0.7926	0.0000	0.0000
0.7948	0.7933	0.0000	0.0000
0.7958	0.7940	0.0000	0.0000
0.7968	0.7946	0.0000	0.0000
0.7978	0.7953	0.0000	0.0000
0.7988	0.7960	0.0000	0.0000
0.7998	0.7967	0.0000	0.0000
0.8008	0.7974	0.0000	0.0000
0.8018	0.7980	0.0000	0.0000
0.8028	0.7987	0.0000	0.0000
0.8038	0.7994	0.0000	0.0000
0.8048	0.8001	0.0000	0.0000
0.8058	0.8007	0.0000	0.0000
0.8068	0.8014	0.0000	0.0000
0.8078	0.8021	0.0000	0.0000
0.8088	0.8028	0.0000	0.0000
0.8098	0.8034	0.0000	0.0000
0.8108	0.8041	0.0000	0.0000
0.8118	0.8048	0.0000	0.0000
0.8128	0.8054	0.0000	0.0000
0.8138	0.8061	0.0000	0.0000
0.8148	0.8067	0.0000	0.0000
0.8158	0.8074	0.0000	0.0000
0.8168	0.8081	0.0000	0.0000
0.8178	0.8087	0.0000	0.0000
0.8188	0.8094	0.0000	0.0000
0.8198	0.8101	0.0000	0.0000
0.8208	0.8107	0.0000	0.0000
0.8218	0.8114	0.0000	0.0000
0.8228	0.8120	0.0000	0.0000
0.8238	0.8127	0.0000	0.0000
0.8248	0.8133	0.0000	0.0000
0.8258	0.8140	0.0000	0.0000
0.8268	0.8146	0.0000	0.0000
0.8278	0.8153	0.0000	0.0000
0.8288	0.8159	0.0000	0.0000
0.8298	0.8166	0.0000	0.0000
0.8308	0.8172	0.0000	0.0000
0.8318	0.8179	0.0000	0.0000
0.8328	0.8185	0.0000	0.0000
0.8338	0.8192	0.0000	0.0000
0.8348	0.8198	0.0000	0.0000
0.8358	0.8205	0.0000	0.0000
0.8368	0.8211	0.0000	0.0000
0.8378	0.8218	0.0000	0.0000
0.8388	0.8224	0.0000	0.0000
0.8398	0.8230	0.0000	0.0000
0.8408	0.8237	0.0000	0.0000
0.8418	0.8243	0.0000	0.0000
0.8428	0.8250	0.0000	0.0000
0.8438	0.8256	0.0000	0.0000
0.8448	0.8262	0.0000	0.0000
0.8458	0.8269	0.0000	0.0000
0.8468	0.8275	0.0000	0.0000
0.8478	0.8281	0.0000	0.0000
0.8488	0.8288	0.0000	0.0000
0.8498	0.8294	0.0000	0.0000
0.8509	0.8300	0.0000	0.0000
0.8519	0.8307	0.0000	0.0000
0.8529	0.8313	0.0000	0.0000
0.8539	0.8319	0.0000	0.0000
0.8549	0.8326	0.0000	0.0000
0.8559	0.8332	0.0000	0.0000
0.8569	0.8338	0.0000	0.0000
0.8579	0.8344	0.0000	0.0000
0.8589	0.8351	0.0000	0.0000
0.8599	0.8357	0.0000	0.0000
0.8609	0.8363	0.0000	0.0000
0.8619	0.8369	0.0000	0.0000
0.8629	0.8376	0.0000	0.0000
0.8639	0.8382	0.0000	0.0000
0.8649	0.8388	0.0000	0.0000
0.8659	0.8394	0.0000	0.0000
0.8669	0.8400	0.0000	0.0000
0.8679	0.8407	0.0000	0.0000
0.8689	0.8413	0.0000	0.0000
0.8699	0.8419	0.0000	0.0000
0.8709	0.8425	0.0000	0.0000
0.8719	0.8431	0.0000	0.0000
0.8729	0.8438	0.0000	0.0000
0.8739	0.8444	0.0000	0.0000
0.8749	0.8450	0.0000	0.0000
0.8759	0.8456	0.0000	0.0000
0.8769	0.8462	0.0000	0.0000
0.8779	0.8468	0.0000	0.0000
0.8789	0.8474	0.0000	0.0000
0.8799	0.8481	0.0000	0.0000
0.8809	0.8487	0.0000	0.0000
0.8819	0.8493	0.0000	0.0000
0.8829	0.8499	0.0000	0.0000
0.8839	0.8505	0.0000	0.0000
0.8849	0.8511	0.0000	0.0000
0.8859	0.8517	0.0000	0.0000
0.8869	0.8523	0.0000	0.0000
0.8879	0.8529	0.0000	0.0000
0.8889	0.8535	0.0000	0.0000
0.8899	0.8541	0.0000	0.0000
0.8909	0.8547	0.0000	0.0000
0.8919	0.8554	0.0000	0.0000
0.8929	0.8560	0.0000	0.0000
0.8939	0.8566	0.0000	0.0000
0.8949	0.8572	0.0000	0.0000
0.8959	0.8578	0.0000	0.0000
0.8969	0.8584	0.0000	0.0000
0.8979	0.8590	0.0000	0.0000
0.8989	0.8596	0.0000	0.0000
0.8999	0.8602	0.0000	0.0000
0.9009	0.8608	0.0000	0.0000
0.9019	0.8614	0.0000	0.0000
0.9029	0.8620	0.0000	0.0000
0.9039	0.8626	0.0000	0.0000
0.9049	0.8632	0.0000	0.0000
0.9059	0.8638	0.0000	0.0000
0.9069	0.8644	0.0000	0.0000
0.9079	0.8650	0.0000	0.0000
0.9089	0.8656	0.0000	0.0000
0.9099	0.8662	0.0000	0.0000
0.9109	0.8668	0.0000	0.0000
0.9119	0.8674	0.0000	0.0000
0.9129	0.8679	0.0000	0.0000
0.9139	0.8685	0.0000	0.0000
0.9149	0.8691	0.0000	0.0000
0.9159	0.8697	0.0000	0.0000
0.9169	0.8703	0.0000	0.0000
0.9179	0.8709	0.0000	0.0000
0.9189	0.8715	0.0000	0.0000
0.9199	0.8721	0.0000	0.0000
0.9209	0.8727	0.0000	0.0000
0.9219	0.8733	0.0000	0.0000
0.9229	0.8739	0.0000	0.0000
0.9239	0.8745	0.0000	0.0000
0.9249	0.8751	0.0000	0.0000
0.9259	0.8756	0.0000	0.0000
0.9269	0.8762	0.0000	0.0000
0.9279	0.8768	0.0000	0.0000
0.9289	0.8774	0.0000	0.0000
0.9299	0.8780	0.0000	0.0000
0.9309	0.8786	0.0000	0.0000
0.9319	0.8792	0.0000	0.0000
0.9329	0.8798	0.0000	0.0000
0.9339	0.8803	0.0000	0.0000
0.9349	0.8809	0.0000	0.0000
0.9359	0.8815	0.0000	0.0000
0.9369	0.8821	0.0000	0.0000
0.9379	0.8827	0.0000	0.0000
0.9389	0.8833	0.0000	0.0000
0.9399	0.8839	0.0000	0.0000
0.9409	0.8844	0.0000	0.0000
0.9419	0.8850	0.0000	0.0000
0.9429	0.8856	0.0000	0.0000
0.9439	0.8862	0.0000	0.0000
0.9449	0.8868	0.0000	0.0000
0.9459	0.8874	0.0000	0.0000
0.9469	0.8880	0.0000	0.0000
0.9479	0.8885	0.0000	0.0000
0.9489	0.8891	0.0000	0.0000
0.9499	0.8897	0.0000	0.0000
0.9510	0.8903	0.0000	0.0000
0.9520	0.8909	0.0000	0.0000
0.9530	0.8914	0.0000	0.0000
0.9540	0.8920	0.0000	0.0000
0.9550	0.8926	0.0000	0.0000
0.9560	0.8932	0.0000	0.0000
0.9570	0.8938	0.0000	0.0000
0.9580	0.8944	0.0000	0.0000
0.9590	0.8949	0.0000	0.0000
0.9600	0.8955	0.0000	0.0000
0.9610	0.8961	0.0000	0.0000
0.9620	0.8967	0.0000	0.0000
0.9630	0.8973	0.0000	0.0000
0.9640	0.8978	0.0000	0.0000
0.9650	0.8984	0.0000	0.0000
0.9660	0.8990	0.0000	0.0000
0.9670	0.8996	0.0000	0.0000
0.9680	0.9002	0.0000	0.0000
0.9690	0.9007	0.0000	0.0000
0.9700	0.9013	0.0000	0.0000
0.9710	0.9019	0.0000	0.0000
0.9720	0.9025	0.0000	0.0000
0.9730	0.9030	0.0000	0.0000
0.9740	0.9036	0.0000	0.0000
0.9750	0.9042	0.0000	0.0000
0.9760	0.9048	0.0000	0.0000
0.9770	0.9054	0.0000	0.0000
0.9780	0.9059	0.0000	0.0000
0.9790	0.9065	0.0000	0.0000
0.9800	0.9071	0.0000	0.0000
0.9810	0.9077	0.0000	0.0000
0.9820	0.9083	0.0000	0.0000
0.9830	0.9088	0.0000	0.0000
0.9840	0.9094	0.0000	0.0000
0.9850	0.9100	0.0000	0.0000
0.9860	0.9106	0.0000	0.0000
0.9870	0.9112	0.0000	0.0000
0.9880	0.9117	0.0000	0.0000
0.9890	0.9123	0.0000	0.0000
0.9900	0.9129	0.0000	0.0000
0.9910	0.9135	0.0000	0.0000
0.9920	0.9140	0.0000	0.0000
0.9930	0.9146	0.0000	0.0000
0.9940	0.9152	0.0000	0.0000
0.9950	0.9158	0.0000	0.0000
0.9960	0.9164	0.0000	0.0000
0.9970	0.9170	0.0000	0.0000
0.9980	0.9175	0.0000	0.0000
0.9990	0.9181	0.0000	0.0000
1.0000	0.9187	0.0000	0.0000
0.2102
0.5005
0.7908
