0.0000	0.0412	0.0000	0.0000
0.0010	0.0420	0.0000	0.0000
0.0020	0.0428	0.0000	0.0000
0.0030	0.0435	0.0000	0.0000
0.0040	0.0443	0.0000	0.0000
0.0050	0.0451	0.0000	0.0000
0.0060	0.0459	0.0000	0.0000
0.0070	0.0467	0.0000	0.0000
0.0080	0.0475	0.0000	0.0000
0.0090	0.0483	0.0000	0.0000
0.0100	0.0491	0.0000	0.0000
0.0110	0.0499	0.0000	0.0000
0.0120	0.0507	0.0000	0.0000
0.0130	0.0514	0.0000	0.0000
0.0140	0.0522	0.0000	0.0000
0.0150	0.0530	0.0000	0.0000
0.0160	0.0538	0.0000	0.0000
0.0170	0.0546	0.0000	0.0000
0.0180	0.0554	0.0000	0.0000
0.0190	0.0562	0.0000	0.0000
0.0200	0.0570	0.0000	0.0000
0.0210	0.0578	0.0000	0.0000
0.0220	0.0586	0.0000	0.0000
0.0230	0.0593	0.0000	0.0000
0.0240	0.0601	0.0000	0.0000
0.0250	0.0609	0.0000	0.0000
0.0260	0.0617	0.0000	0.0000
0.0270	0.0625	0.0000	0.0000
0.0280	0.0633	0.0000	0.0000
0.0290	0.0641	0.0000	0.0000
0.0300	0.0649	0.0000	0.0000
0.0310	0.0657	0.0000	0.0000
0.0320	0.0665	0.0000	0.0000
0.0330	0.0672	0.0000	0.0000
0.0340	0.0680	0.0000	0.0000
0.0350	0.0688	0.0000	0.0000
0.0360	0.0696	0.0000	0.0000
0.0370	0.0704	0.0000	0.0000
0.0380	0.0712	0.0000	0.0000
0.0390	0.0720	0.0000	0.0000
0.0400	0.0728	0.0000	0.0000
0.0410	0.0736	0.0000	0.0000
0.0420	0.0744	0.0000	0.0000
0.0430	0.0752	0.0000	0.0000
0.0440	0.0759	0.0000	0.0000
0.0450	0.0767	0.0000	0.0000
0.0460	0.0775	0.0000	0.0000
0.0470	0.0783	0.0000	0.0000
0.0480	0.0791	0.0000	0.0000
0.0490	0.0799	0.0000	0.0000
0.0501	0.0807	0.0000	0.0000
0.0511	0.0815	0.0000	0.0000
0.0521	0.0823	0.0000	0.0000
0.0531	0.0831	0.0000	0.0000
0.0541	0.0839	0.0000	0.0000
0.0551	0.0847	0.0000	0.0000
0.0561	0.0855	0.0000	0.0000
0.0571	0.0862	0.0000	0.0000
0.0581	0.0870	0.0000	0.0000
0.0591	0.0878	0.0000	0.0000
0.0601	0.0886	0.0000	0.0000
0.0611	0.0894	0.0000	0.0000
0.0621	0.0902	0.0000	0.0000
0.0631	0.0910	0.0000	0.0000
0.0641	0.0918	0.0000	0.0000
0.0651	0.0926	0.0000	0.0000
0.0661	0.0934	0.0000	0.0000
0.0671	0.0942	0.0000	0.0000
0.0681	0.0950	0.0000	0.0000
0.0691	0.0958	0.0000	0.0000
0.0701	0.0966	0.0000	0.0000
0.0711	0.0974	0.0000	0.0000
0.0721	0.0982	0.0000	0.0000
0.0731	0.0990	0.0000	0.0000
0.0741	0.0998	0.0000	0.0000
0.0751	0.1006	0.0000	0.0000
0.0761	0.1014	0.0000	0.0000
0.0771	0.1022	0.0000	0.0000
0.0781	0.1030	0.0000	0.0000
0.0791	0.1038	0.0000	0.0000
0.0801	0.1045	0.0000	0.0000
0.0811	0.1053	0.0000	0.0000
0.0821	0.1061	0.0000	0.0000
0.0831	0.1069	0.0000	0.0000
0.0841	0.1077	0.0000	0.0000
0.0851	0.1085	0.0000	0.0000
0.0861	0.1093	0.0000	0.0000
0.0871	0.1101	0.0000	0.0000
0.0881	0.1109	0.0000	0.0000
0.0891	0.1117	0.0000	0.0000
0.0901	0.1125	0.0000	0.0000
0.0911	0.1133	0.0000	0.0000
0.0921	0.1141	0.0000	0.0000
0.0931	0.1149	0.0000	0.0000
0.0941	0.1157	0.0000	0.0000
0.0951	0.1165	0.0000	0.0000
0.0961	0.1173	0.0000	0.0000
0.0971	0.1181	0.0000	0.0000
0.0981	0.1189	0.0000	0.0000
0.0991	0.1198	0.0000	0.0000
0.1001	0.1206	0.0000	0.0000
0.1011	0.1214	0.0000	0.0000
0.1021	0.1222	0.0000	0.0000
0.1031	0.1230	0.0000	0.0000
0.1041	0.1238	0.0000	0.0000
0.1051	0.1246	0.0000	0.0000
0.1061	0.1254	0.0000	0.0000
0.1071	0.1262	0.0000	0.0000
0.1081	0.1270	0.0000	0.0000
0.1091	0.1278	0.0000	0.0000
0.1101	0.1286	0.0000	0.0000
0.1111	0.1294	0.0000	0.0000
0.1121	0.1302	0.0000	0.0000
0.1131	0.1310	0.0000	0.0000
0.1141	0.1318	0.0000	0.0000
0.1151	0.1326	0.0000	0.0000
0.1161	0.1334	0.0000	0.0000
0.1171	0.1342	0.0000	0.0000
0.1181	0.1351	0.0000	0.0000
0.1191	0.1359	0.0000	0.0000
0.1201	0.1367	0.0000	0.0000
0.1211	0.1375	0.0000	0.0000
0.1221	0.1383	0.0000	0.0000
0.1231	0.1391	0.0000	0.0000
0.1241	0.1399	0.0000	0.0000
0.1251	0.1407	0.0000	0.0000
0.1261	0.1415	0.0000	0.0000
0.1271	0.1423	0.0000	0.0000
0.1281	0.1432	0.0000	0.0000
0.1291	0.1440	0.0000	0.0000
0.1301	0.1448	0.0000	0.0000
0.1311	0.1456	0.0000	0.0000
0.1321	0.1464	0.0000	0.0000
0.1331	0.1472	0.0000	0.0000
0.1341	0.1480	0.0000	0.0000
0.1351	0.1488	0.0000	0.0000
0.1361	0.1497	0.0000	0.0000
0.1371	0.1505	0.0000	0.0000
0.1381	0.1513	0.0000	0.0000
0.1391	0.1521	0.0000	0.0000
0.1401	0.1529	0.0000	0.0000
0.1411	0.1537	0.0000	0.0000
0.1421	0.1546	0.0000	0.0000
0.1431	0.1554	0.0000	0.0000
0.1441	0.1562	0.0000	0.0000
0.1451	0.1570	0.0000	0.0000
0.1461	0.1578	0.0000	0.0000
0.1471	0.1586	0.0000	0.0000
0.1481	0.1595	0.0000	0.0000
0.1491	0.1603	0.0000	0.0000
0.1502	0.1611	0.0000	0.0000
0.1512	0.1619	0.0000	0.0000
0.1522	0.1627	0.0000	0.0000
0.1532	0.1636	0.0000	0.0000
0.1542	0.1644	0.0000	0.0000
0.1552	0.1652	0.0000	0.0000
0.1562	0.1660	0.0000	0.0000
0.1572	0.1668	0.0000	0.0000
0.1582	0.1677	0.0000	0.0000
0.1592	0.1685	0.0000	0.0000
0.1602	0.1693	0.0000	0.0000
0.1612	0.1701	0.0000	0.0000
0.1622	0.1710	0.0000	0.0000
0.1632	0.1718	0.0000	0.0000
0.1642	0.1726	0.0000	0.0000
0.1652	0.1734	0.0000	0.0000
0.1662	0.1743	0.0000	0.0000
0.1672	0.1751	0.0000	0.0000
0.1682	0.1759	0.0000	0.0000
0.1692	0.1768	0.0000	0.0000
0.1702	0.1776	0.0000	0.0000
0.1712	0.1784	0.0000	0.0000
0.1722	0.1792	0.0000	0.0000
0.1732	0.1801	0.0000	0.0000
0.1742	0.1809	0.0000	0.0000
0.1752	0.1817	0.0000	0.0000
0.1762	0.1826	0.0000	0.0000
0.1772	0.1834	0.0000	0.0000
0.1782	0.1842	0.0000	0.0000
0.1792	0.1851	0.0000	0.0000
0.1802	0.1859	0.0000	0.0000
0.1812	0.1867	0.0000	0.0000
0.1822	0.1876	0.0000	0.0000
0.1832	0.1884	0.0000	0.0000
0.1842	0.1892	0.0000	0.0000
0.1852	0.1901	0.0000	0.0000
0.1862	0.1909	0.0000	0.0000
0.1872	0.1917	0.0000	0.0000
0.1882	0.1926	0.0000	0.0000
0.1892	0.1934	0.0000	0.0000
0.1902	0.1943	0.0000	0.0000
0.1912	0.1951	0.0000	0.0000
0.1922	0.1959	0.0000	0.0000
0.1932	0.1968	0.0000	0.0000
0.1942	0.1976	0.0000	0.0000
0.1952	0.1984	0.0000	0.0000
0.1962	0.1993	0.0000	0.0000
0.1972	0.2001	0.0000	0.0000
0.1982	0.2010	0.0000	0.0000
0.1992	0.2018	0.0000	0.0000
0.2002	0.2027	0.0000	0.0000
0.2012	0.2035	0.0000	0.0000
0.2022	0.2044	0.0000	0.0000
0.2032	0.2052	0.0000	0.0000
0.2042	0.2060	0.0000	0.0000
0.2052	0.2069	0.0000	0.0000
0.2062	0.2077	0.0000	0.0000
0.2072	0.2086	0.0000	0.0000
0.2082	0.2094	0.0000	0.0000
0.2092	0.2103	0.0000	0.0000
0.2102	0.2111	0.0000	0.0000
0.2112	0.2120	0.0000	0.0000
0.2122	0.2128	0.0000	0.0000
0.2132	0.2137	0.0000	0.0000
0.2142	0.2145	0.0000	0.0000
0.2152	0.2154	0.0000	0.0000
0.2162	0.2162	0.0000	0.0000
0.2172	0.2171	0.0000	0.0000
0.2182	0.2179	0.0000	0.0000
0.2192	0.2188	0.0000	0.0000
0.2202	0.2197	0.0000	0.0000
0.2212	0.2205	0.0000	0.0000
0.2222	0.2214	0.0000	0.0000
0.2232	0.2222	0.0000	0.0000
0.2242	0.2231	0.0000	0.0000
0.2252	0.2239	0.0000	0.0000
0.2262	0.2248	0.0000	0.0000
0.2272	0.2257	0.0000	0.0000
0.2282	0.2265	0.0000	0.0000
0.2292	0.2274	0.0000	0.0000
0.2302	0.2282	0.0000	0.0000
0.2312	0.2291	0.0000	0.0000
0.2322	0.2300	0.0000	0.0000
0.2332	0.2308	0.0000	0.0000
0.2342	0.2317	0.0000	0.0000
0.2352	0.2326	0.0000	0.0000
0.2362	0.2334	0.0000	0.0000
0.2372	0.2343	0.0000	0.0000
0.2382	0.2352	0.0000	0.0000
0.2392	0.2360	0.0000	0.0000
0.2402	0.2369	0.0000	0.0000
0.2412	0.2378	0.0000	0.0000
0.2422	0.2386	0.0000	0.0000
0.2432	0.2395	0.0000	0.0000
0.2442	0.2404	0.0000	0.0000
0.2452	0.2412	0.0000	0.0000
0.2462	0.2421	0.0000	0.0000
0.2472	0.2430	0.0000	0.0000
0.2482	0.2439	0.0000	0.0000
0.2492	0.2447	0.0000	0.0000
0.2503	0.2456	0.0000	0.0000
0.2513	0.2465	0.0000	0.0000
0.2523	0.2474	0.0000	0.0000
0.2533	0.2482	0.0000	0.0000
0.2543	0.2491	0.0000	0.0000
0.2553	0.2500	0.0000	0.0000
0.2563	0.2509	0.0000	0.0000
0.2573	0.2518	0.0000	0.0000
0.2583	0.2526	0.0000	0.0000
0.2593	0.2535	0.0000	0.0000
0.2603	0.2544	0.0000	0.0000
0.2613	0.2553	0.0000	0.0000
0.2623	0.2562	0.0000	0.0000
0.2633	0.2571	0.0000	0.0000
0.2643	0.2580	0.0000	0.0000
0.2653	0.2588	0.0000	0.0000
0.2663	0.2597	0.0000	0.0000
0.2673	0.2606	0.0000	0.0000
0.2683	0.2615	0.0000	0.0000
0.2693	0.2624	0.0000	0.0000
0.2703	0.2633	0.0000	0.0000
0.2713	0.2642	0.0000	0.0000
0.2723	0.2651	0.0000	0.0000
0.2733	0.2660	0.0000	0.0000
0.2743	0.2669	0.0000	0.0000
0.2753	0.2678	0.0000	0.0000
0.2763	0.2687	0.0000	0.0000
0.2773	0.2696	0.0000	0.0000
0.2783	0.2704	0.0000	0.0000
0.2793	0.2713	0.0000	0.0000
0.2803	0.2722	0.0000	0.0000
0.2813	0.2731	0.0000	0.0000
0.2823	0.2740	0.0000	0.0000
0.2833	0.2750	0.0000	0.0000
0.2843	0.2759	0.0000	0.0000
0.2853	0.2768	0.0000	0.0000
0.2863	0.2777	0.0000	0.0000
0.2873	0.2786	0.0000	0.0000
0.2883	0.2795	0.0000	0.0000
0.2893	0.2804	0.0000	0.0000
0.2903	0.2813	0.0000	0.0000
0.2913	0.2822	0.0000	0.0000
0.2923	0.2831	0.0000	0.0000
0.2933	0.2840	0.0000	0.0000
0.2943	0.2849	0.0000	0.0000
0.2953	0.2858	0.0000	0.0000
0.2963	0.2868	0.0000	0.0000
0.2973	0.2877	0.0000	0.0000
0.2983	0.2886	0.0000	0.0000
0.2993	0.2895	0.0000	0.0000
0.3003	0.2904	0.0000	0.0000
0.3013	0.2913	0.0000	0.0000
0.3023	0.2923	0.0000	0.0000
0.3033	0.2932	0.0000	0.0000
0.3043	0.2941	0.0000	0.0000
0.3053	0.2950	0.0000	0.0000
0.3063	0.2960	0.0000	0.0000
0.3073	0.2969	0.0000	0.0000
0.3083	0.2978	0.0000	0.0000
0.3093	0.2987	0.0000	0.0000
0.3103	0.2997	0.0000	0.0000
0.3113	0.3006	0.0000	0.0000
0.3123	0.3015	0.0000	0.0000
0.3133	0.3025	0.0000	0.0000
0.3143	0.3034	0.0000	0.0000
0.3153	0.3043	0.0000	0.0000
0.3163	0.3053	0.0000	0.0000
0.3173	0.3062	0.0000	0.0000
0.3183	0.3071	0.0000	0.0000
0.3193	0.3081	0.0000	0.0000
0.3203	0.3090	0.0000	0.0000
0.3213	0.3099	0.0000	0.0000
0.3223	0.3109	0.0000	0.0000
0.3233	0.3118	0.0000	0.0000
0.3243	0.3128	0.0000	0.0000
0.3253	0.3137	0.0000	0.0000
0.3263	0.3147	0.0000	0.0000
0.3273	0.3156	0.0000	0.0000
0.3283	0.3165	0.0000	0.0000
0.3293	0.3175	0.0000	0.0000
0.3303	0.3184	0.0000	0.0000
0.3313	0.3194	0.0000	0.0000
0.3323	0.3203	0.0000	0.0000
0.3333	0.3213	0.0000	0.0000
0.3343	0.3223	0.0000	0.0000
0.3353	0.3232	0.0000	0.0000
0.3363	0.3242	0.0000	0.0000
0.3373	0.3251	0.0000	0.0000
0.3383	0.3261	0.0000	0.0000
0.3393	0.3270	0.0000	0.0000
0.3403	0.3280	0.0000	0.0000
0.3413	0.3290	0.0000	0.0000
0.3423	0.3299	0.0000	0.0000
0.3433	0.3309	0.0000	0.0000
0.3443	0.3319	0.0000	0.0000
0.3453	0.3328	0.0000	0.0000
0.3463	0.3338	0.0000	0.0000
0.3473	0.3348	0.0000	0.0000
0.3483	0.3357	0.0000	0.0000
0.3493	0.3367	0.0000	0.0000
0.3504	0.3377	0.0000	0.0000
0.3514	0.3387	0.0000	0.0000
0.3524	0.3396	0.0000	0.0000
0.3534	0.3406	0.0000	0.0000
0.3544	0.3416	0.0000	0.0000
0.3554	0.3426	0.0000	0.0000
0.3564	0.3436	0.0000	0.0000
0.3574	0.3445	0.0000	0.0000
0.3584	0.3455	0.0000	0.0000
0.3594	0.3465	0.0000	0.0000
0.3604	0.3475	0.0000	0.0000
0.3614	0.3485	0.0000	0.0000
0.3624	0.3495	0.0000	0.0000
0.3634	0.3505	0.0000	0.0000
0.3644	0.3515	0.0000	0.0000
0.3654	0.3524	0.0000	0.0000
0.3664	0.3534	0.0000	0.0000
0.3674	0.3544	0.0000	0.0000
0.3684	0.3554	0.0000	0.0000
0.3694	0.3564	0.0000	0.0000
0.3704	0.3574	0.0000	0.0000
0.3714	0.3584	0.0000	0.0000
0.3724	0.3594	0.0000	0.0000
0.3734	0.3604	0.0000	0.0000
0.3744	0.3615	0.0000	0.0000
0.3754	0.3625	0.0000	0.0000
0.3764	0.3635	0.0000	0.0000
0.3774	0.3645	0.0000	0.0000
0.3784	0.3655	0.0000	0.0000
0.3794	0.3665	0.0000	0.0000
0.3804	0.3675	0.0000	0.0000
0.3814	0.3685	0.0000	0.0000
0.3824	0.3696	0.0000	0.0000
0.3834	0.3706	0.0000	0.0000
0.3844	0.3716	0.0000	0.0000
0.3854	0.3726	0.0000	0.0000
0.3864	0.3736	0.0000	0.0000
0.3874	0.3747	0.0000	0.0000
0.3884	0.3757	0.0000	0.0000
0.3894	0.3767	0.0000	0.0000
0.3904	0.3778	0.0000	0.0000
0.3914	0.3788	0.0000	0.0000
0.3924	0.3798	0.0000	0.0000
0.3934	0.3809	0.0000	0.0000
0.3944	0.3819	0.0000	0.0000
0.3954	0.3829	0.0000	0.0000
0.3964	0.3840	0.0000	0.0000
0.3974	0.3850	0.0000	0.0000
0.3984	0.3861	0.0000	0.0000
0.3994	0.3871	0.0000	0.0000
0.4004	0.3882	0.0000	0.0000
0.4014	0.3892	0.0000	0.0000
0.4024	0.3903	0.0000	0.0000
0.4034	0.3913	0.0000	0.0000
0.4044	0.3924	0.0000	0.0000
0.4054	0.3934	0.0000	0.0000
0.4064	0.3945	0.0000	0.0000
0.4074	0.3955	0.0000	0.0000
0.4084	0.3966	0.0000	0.0000
0.4094	0.3977	0.0000	0.0000
0.4104	0.3987	0.0000	0.0000
0.4114	0.3998	0.0000	0.0000
0.4124	0.4009	0.0000	0.0000
0.4134	0.4019	0.0000	0.0000
0.4144	0.4030	0.0000	0.0000
0.4154	0.4041	0.0000	0.0000
0.4164	0.4051	0.0000	0.0000
0.4174	0.4062	0.0000	0.0000
0.4184	0.4073	0.0000	0.0000
0.4194	0.4084	0.0000	0.0000
0.4204	0.4095	0.0000	0.0000
0.4214	0.4105	0.0000	0.0000
0.4224	0.4116	0.0000	0.0000
0.4234	0.4127	0.0000	0.0000
0.4244	0.4138	0.0000	0.0000
0.4254	0.4149	0.0000	0.0000
0.4264	0.4160	0.0000	0.0000
0.4274	0.4171	0.0000	0.0000
0.4284	0.4182	0.0000	0.0000
0.4294	0.4193	0.0000	0.0000
0.4304	0.4204	0.0000	0.0000
0.4314	0.4215	0.0000	0.0000
0.4324	0.4226	0.0000	0.0000
0.4334	0.4237	0.0000	0.0000
0.4344	0.4248	0.0000	0.0000
0.4354	0.4259	0.0000	0.0000
0.4364	0.4271	0.0000	0.0000
0.4374	0.4282	0.0000	0.0000
0.4384	0.4293	0.0000	0.0000
0.4394	0.4304	0.0000	0.0000
0.4404	0.4315	0.0000	0.0000
0.4414	0.4327	0.0000	0.0000
0.4424	0.4338	0.0000	0.0000
0.4434	0.4349	0.0000	0.0000
0.4444	0.4360	0.0000	0.0000
0.4454	0.4372	0.0000	0.0000
0.4464	0.4383	0.0000	0.0000
0.4474	0.4395	0.0000	0.0000
0.4484	0.4406	0.0000	0.0000
0.4494	0.4417	0.0000	0.0000
0.4505	0.4429	0.0000	0.0000
0.4515	0.4440	0.0000	0.0000
0.4525	0.4452	0.0000	0.0000
0.4535	0.4463	0.0000	0.0000
0.4545	0.4475	0.0000	0.0000
0.4555	0.4486	0.0000	0.0000
0.4565	0.4498	0.0000	0.0000
0.4575	0.4510	0.0000	0.0000
0.4585	0.4521	0.0000	0.0000
0.4595	0.4533	0.0000	0.0000
0.4605	0.4545	0.0000	0.0000
0.4615	0.4556	0.0000	0.0000
0.4625	0.4568	0.0000	0.0000
0.4635	0.4580	0.0000	0.0000
0.4645	0.4592	0.0000	0.0000
0.4655	0.4603	0.0000	0.0000
0.4665	0.4615	0.0000	0.0000
0.4675	0.4627	0.0000	0.0000
0.4685	0.4639	0.0000	0.0000
0.4695	0.4651	0.0000	0.0000
0.4705	0.4663	0.0000	0.0000
0.4715	0.4675	0.0000	0.0000
0.4725	0.4687	0.0000	0.0000
0.4735	0.4699	0.0000	0.0000
0.4745	0.4711	0.0000	0.0000
0.4755	0.4723	0.0000	0.0000
0.4765	0.4735	0.0000	0.0000
0.4775	0.4747	0.0000	0.0000
0.4785	0.4759	0.0000	0.0000
0.4795	0.4771	0.0000	0.0000
0.4805	0.4784	0.0000	0.0000
0.4815	0.4796	0.0000	0.0000
0.4825	0.4808	0.0000	0.0000
0.4835	0.4820	0.0000	0.0000
0.4845	0.4833	0.0000	0.0000
0.4855	0.4845	0.0000	0.0000
0.4865	0.4857	0.0000	0.0000
0.4875	0.4870	0.0000	0.0000
0.4885	0.4882	0.0000	0.0000
0.4895	0.4895	0.0000	0.0000
0.4905	0.4907	0.0000	0.0000
0.4915	0.4919	0.0000	0.0000
0.4925	0.4932	0.0000	0.0000
0.4935	0.4945	0.0000	0.0000
0.4945	0.4957	0.0000	0.0000
0.4955	0.4970	0.0000	0.0000
0.4965	0.4982	0.0000	0.0000
0.4975	0.4995	0.0000	0.0000
0.4985	0.5008	0.0000	0.0000
0.4995	0.5021	0.0000	0.0000
0.5005	0.5038	0.0000	0.0000
0.5015	0.5061	0.0000	0.0000
0.5025	0.5083	0.0000	0.0000
0.5035	0.5105	0.0000	0.0000
0.5045	0.5128	0.0000	0.0000
0.5055	0.5150	0.0000	0.0000
0.5065	0.5172	0.0000	0.0000
0.5075	0.5194	0.0000	0.0000
0.5085	0.5215	0.0000	0.0000
0.5095	0.5237	0.0000	0.0000
0.5105	0.5259	0.0000	0.0000
0.5115	0.5280	0.0000	0.0000
0.5125	0.5301	0.0000	0.0000
0.5135	0.5323	0.0000	0.0000
0.5145	0.5344	0.0000	0.0000
0.5155	0.5365	0.0000	0.0000
0.5165	0.5386	0.0000	0.0000
0.5175	0.5407	0.0000	0.0000
0.5185	0.5427	0.0000	0.0000
0.5195	0.5448	0.0000	0.0000
0.5205	0.5468	0.0000	0.0000
0.5215	0.5489	0.0000	0.0000
0.5225	0.5509	0.0000	0.0000
0.5235	0.5530	0.0000	0.0000
0.5245	0.5550	0.0000	0.0000
0.5255	0.5570	0.0000	0.0000
0.5265	0.5590	0.0000	0.0000
0.5275	0.5610	0.0000	0.0000
0.5285	0.5629	0.0000	0.0000
0.5295	0.5649	0.0000	0.0000
0.5305	0.5669	0.0000	0.0000
0.5315	0.5688	0.0000	0.0000
0.5325	0.5707	0.0000	0.0000
0.5335	0.5727	0.0000	0.0000
0.5345	0.5746	0.0000	0.0000
0.5355	0.5765	0.0000	0.0000
0.5365	0.5784	0.0000	0.0000
0.5375	0.5803	0.0000	0.0000
0.5385	0.5822	0.0000	0.0000
0.5395	0.5841	0.0000	0.0000
0.5405	0.5859	0.0000	0.0000
0.5415	0.5878	0.0000	0.0000
0.5425	0.5897	0.0000	0.0000
0.5435	0.5915	0.0000	0.0000
0.5445	0.5933	0.0000	0.0000
0.5455	0.5952	0.0000	0.0000
0.5465	0.5970	0.0000	0.0000
0.5475	0.5988	0.0000	0.0000
0.5485	0.6006	0.0000	0.0000
0.5495	0.6024	0.0000	0.0000
0.5506	0.6042	0.0000	0.0000
0.5516	0.6059	0.0000	0.0000
0.5526	0.6077	0.0000	0.0000
0.5536	0.6095	0.0000	0.0000
0.5546	0.6112	0.0000	0.0000
0.5556	0.6130	0.0000	0.0000
0.5566	0.6147	0.0000	0.0000
0.5576	0.6164	0.0000	0.0000
0.5586	0.6181	0.0000	0.0000
0.5596	0.6198	0.0000	0.0000
0.5606	0.6215	0.0000	0.0000
0.5616	0.6232	0.0000	0.0000
0.5626	0.6249	0.0000	0.0000
0.5636	0.6266	0.0000	0.0000
0.5646	0.6283	0.0000	0.0000
0.5656	0.6299	0.0000	0.0000
0.5666	0.6316	0.0000	0.0000
0.5676	0.6332	0.0000	0.0000
0.5686	0.6349	0.0000	0.0000
0.5696	0.6365	0.0000	0.0000
0.5706	0.6382	0.0000	0.0000
0.5716	0.6398	0.0000	0.0000
0.5726	0.6414	0.0000	0.0000
0.5736	0.6430	0.0000	0.0000
0.5746	0.6446	0.0000	0.0000
0.5756	0.6462	0.0000	0.0000
0.5766	0.6478	0.0000	0.0000
0.5776	0.6493	0.0000	0.0000
0.5786	0.6509	0.0000	0.0000
0.5796	0.6525	0.0000	0.0000
0.5806	0.6540	0.0000	0.0000
0.5816	0.6556	0.0000	0.0000
0.5826	0.6571	0.0000	0.0000
0.5836	0.6586	0.0000	0.0000
0.5846	0.6602	0.0000	0.0000
0.5856	0.6617	0.0000	0.0000
0.5866	0.6632	0.0000	0.0000
0.5876	0.6647	0.0000	0.0000
0.5886	0.6662	0.0000	0.0000
0.5896	0.6677	0.0000	0.0000
0.5906	0.6692	0.0000	0.0000
0.5916	0.6707	0.0000	0.0000
0.5926	0.6721	0.0000	0.0000
0.5936	0.6736	0.0000	0.0000
0.5946	0.6751	0.0000	0.0000
0.5956	0.6765	0.0000	0.0000
0.5966	0.6780	0.0000	0.0000
0.5976	0.6794	0.0000	0.0000
0.5986	0.6808	0.0000	0.0000
0.5996	0.6823	0.0000	0.0000
0.6006	0.6837	0.0000	0.0000
0.6016	0.6851	0.0000	0.0000
0.6026	0.6865	0.0000	0.0000
0.6036	0.6879	0.0000	0.0000
0.6046	0.6893	0.0000	0.0000
0.6056	0.6907	0.0000	0.0000
0.6066	0.6921	0.0000	0.0000
0.6076	0.6935	0.0000	0.0000
0.6086	0.6948	0.0000	0.0000
0.6096	0.6962	0.0000	0.0000
0.6106	0.6976	0.0000	0.0000
0.6116	0.6989	0.0000	0.0000
0.6126	0.7003	0.0000	0.0000
0.6136	0.7016	0.0000	0.0000
0.6146	0.7030	0.0000	0.0000
0.6156	0.7043	0.0000	0.0000
0.6166	0.7056	0.0000	0.0000
0.6176	0.7069	0.0000	0.0000
0.6186	0.7082	0.0000	0.0000
0.6196	0.7095	0.0000	0.0000
0.6206	0.7109	0.0000	0.0000
0.6216	0.7121	0.0000	0.0000
0.6226	0.7134	0.0000	0.0000
0.6236	0.7147	0.0000	0.0000
0.6246	0.7160	0.0000	0.0000
0.6256	0.7173	0.0000	0.0000
0.6266	0.7185	0.0000	0.0000
0.6276	0.7198	0.0000	0.0000
0.6286	0.7211	0.0000	0.0000
0.6296	0.7223	0.0000	0.0000
0.6306	0.7236	0.0000	0.0000
0.6316	0.7248	0.0000	0.0000
0.6326	0.7260	0.0000	0.0000
0.6336	0.7273	0.0000	0.0000
0.6346	0.7285	0.0000	0.0000
0.6356	0.7297	0.0000	0.0000
0.6366	0.7309	0.0000	0.0000
0.6376	0.7321	0.0000	0.0000
0.6386	0.7333	0.0000	0.0000
0.6396	0.7345	0.0000	0.0000
0.6406	0.7357	0.0000	0.0000
0.6416	0.7369	0.0000	0.0000
0.6426	0.7381	0.0000	0.0000
0.6436	0.7393	0.0000	0.0000
0.6446	0.7405	0.0000	0.0000
0.6456	0.7416	0.0000	0.0000
0.6466	0.7428	0.0000	0.0000
0.6476	0.7439	0.0000	0.0000
0.6486	0.7451	0.0000	0.0000
0.6496	0.7462	0.0000	0.0000
0.6507	0.7474	0.0000	0.0000
0.6517	0.7485	0.0000	0.0000
0.6527	0.7497	0.0000	0.0000
0.6537	0.7508	0.0000	0.0000
0.6547	0.7519	0.0000	0.0000
0.6557	0.7530	0.0000	0.0000
0.6567	0.7541	0.0000	0.0000
0.6577	0.7553	0.0000	0.0000
0.6587	0.7564	0.0000	0.0000
0.6597	0.7575	0.0000	0.0000
0.6607	0.7586	0.0000	0.0000
0.6617	0.7596	0.0000	0.0000
0.6627	0.7607	0.0000	0.0000
0.6637	0.7618	0.0000	0.0000
0.6647	0.7629	0.0000	0.0000
0.6657	0.7640	0.0000	0.0000
0.6667	0.7650	0.0000	0.0000
0.6677	0.7661	0.0000	0.0000
0.6687	0.7672	0.0000	0.0000
0.6697	0.7682	0.0000	0.0000
0.6707	0.7693	0.0000	0.0000
0.6717	0.7703	0.0000	0.0000
0.6727	0.7713	0.0000	0.0000
0.6737	0.7724	0.0000	0.0000
0.6747	0.7734	0.0000	0.0000
0.6757	0.7744	0.0000	0.0000
0.6767	0.7755	0.0000	0.0000
0.6777	0.7765	0.0000	0.0000
0.6787	0.7775	0.0000	0.0000
0.6797	0.7785	0.0000	0.0000
0.6807	0.7795	0.0000	0.0000
0.6817	0.7805	0.0000	0.0000
0.6827	0.7815	0.0000	0.0000
0.6837	0.7825	0.0000	0.0000
0.6847	0.7835	0.0000	0.0000
0.6857	0.7845	0.0000	0.0000
0.6867	0.7855	0.0000	0.0000
0.6877	0.7864	0.0000	0.0000
0.6887	0.7874	0.0000	0.0000
0.6897	0.7884	0.0000	0.0000
0.6907	0.7893	0.0000	0.0000
0.6917	0.7903	0.0000	0.0000
0.6927	0.7913	0.0000	0.0000
0.6937	0.7922	0.0000	0.0000
0.6947	0.7932	0.0000	0.0000
0.6957	0.7941	0.0000	0.0000
0.6967	0.7950	0.0000	0.0000
0.6977	0.7960	0.0000	0.0000
0.6987	0.7969	0.0000	0.0000
0.6997	0.7978	0.0000	0.0000
0.7007	0.7988	0.0000	0.0000
0.7017	0.7997	0.0000	0.0000
0.7027	0.8006	0.0000	0.0000
0.7037	0.8015	0.0000	0.0000
0.7047	0.8024	0.0000	0.0000
0.7057	0.8033	0.0000	0.0000
0.7067	0.8042	0.0000	0.0000
0.7077	0.8051	0.0000	0.0000
0.7087	0.8060	0.0000	0.0000
0.7097	0.8069	0.0000	0.0000
0.7107	0.8078	0.0000	0.0000
0.7117	0.8087	0.0000	0.0000
0.7127	0.8096	0.0000	0.0000
0.7137	0.8104	0.0000	0.0000
0.7147	0.8113	0.0000	0.0000
0.7157	0.8122	0.0000	0.0000
0.7167	0.8131	0.0000	0.0000
0.7177	0.8139	0.0000	0.0000
0.7187	0.8148	0.0000	0.0000
0.7197	0.8156	0.0000	0.0000
0.7207	0.8165	0.0000	0.0000
0.7217	0.8173	0.0000	0.0000
0.7227	0.8182	0.0000	0.0000
0.7237	0.8190	0.0000	0.0000
0.7247	0.8199	0.0000	0.0000
0.7257	0.8207	0.0000	0.0000
0.7267	0.8215	0.0000	0.0000
0.7277	0.8223	0.0000	0.0000
0.7287	0.8232	0.0000	0.0000
0.7297	0.8240	0.0000	0.0000
0.7307	0.8248	0.0000	0.0000
0.7317	0.8256	0.0000	0.0000
0.7327	0.8264	0.0000	0.0000
0.7337	0.8272	0.0000	0.0000
0.7347	0.8280	0.0000	0.0000
0.7357	0.8288	0.0000	0.0000
0.7367	0.8296	0.0000	0.0000
0.7377	0.8304	0.0000	0.0000
0.7387	0.8312	0.0000	0.0000
0.7397	0.8320	0.0000	0.0000
0.7407	0.8328	0.0000	0.0000
0.7417	0.8336	0.0000	0.0000
0.7427	0.8343	0.0000	0.0000
0.7437	0.8351	0.0000	0.0000
0.7447	0.8359	0.0000	0.0000
0.7457	0.8366	0.0000	0.0000
0.7467	0.8374	0.0000	0.0000
0.7477	0.8382	0.0000	0.0000
0.7487	0.8389	0.0000	0.0000
0.7497	0.8397	0.0000	0.0000
0.7508	0.8404	0.0000	0.0000
0.7518	0.8412	0.0000	0.0000
0.7528	0.8419	0.0000	0.0000
0.7538	0.8427	0.0000	0.0000
0.7548	0.8434	0.0000	0.0000
0.7558	0.8442	0.0000	0.0000
0.7568	0.8449	0.0000	0.0000
0.7578	0.8456	0.0000	0.0000
0.7588	0.8463	0.0000	0.0000
0.7598	0.8471	0.0000	0.0000
0.7608	0.8478	0.0000	0.0000
0.7618	0.8485	0.0000	0.0000
0.7628	0.8492	0.0000	0.0000
0.7638	0.8499	0.0000	0.0000
0.7648	0.8506	0.0000	0.0000
0.7658	0.8514	0.0000	0.0000
0.7668	0.8521	0.0000	0.0000
0.7678	0.8528	0.0000	0.0000
0.7688	0.8535	0.0000	0.0000
0.7698	0.8542	0.0000	0.0000
0.7708	0.8548	0.0000	0.0000
0.7718	0.8555	0.0000	0.0000
0.7728	0.8562	0.0000	0.0000
0.7738	0.8569	0.0000	0.0000
0.7748	0.8576	0.0000	0.0000
0.7758	0.8583	0.0000	0.0000
0.7768	0.8589	0.0000	0.0000
0.7778	0.8596	0.0000	0.0000
0.7788	0.8603	0.0000	0.0000
0.7798	0.8610	0.0000	0.0000
0.7808	0.8616	0.0000	0.0000
0.7818	0.8623	0.0000	0.0000
0.7828	0.8629	0.0000	0.0000
0.7838	0.8636	0.0000	0.0000
0.7848	0.8643	0.0000	0.0000
0.7858	0.8649	0.0000	0.0000
0.7868	0.8656	0.0000	0.0000
0.7878	0.8662	0.0000	0.0000
0.7888	0.8668	0.0000	0.0000
0.7898	0.8675	0.0000	0.0000
0.7908	0.8681	0.0000	0.0000
0.7918	0.8688	0.0000	0.0000
0.7928	0.8694	0.0000	0.0000
0.7938	0.8700	0.0000	0.0000
0.7948	0.8706	0.0000	0.0000
0.7958	0.8713	0.0000	0.0000
0.7968	0.8719	0.0000	0.0000
0.7978	0.8725	0.0000	0.0000
0.7988	0.8731	0.0000	0.0000
0.7998	0.8738	0.0000	0.0000
0.8008	0.8744	0.0000	0.0000
0.8018	0.8750	0.0000	0.0000
0.8028	0.8756	0.0000	0.0000
0.8038	0.8762	0.0000	0.0000
0.8048	0.8768	0.0000	0.0000
0.8058	0.8774	0.0000	0.0000
0.8068	0.8780	0.0000	0.0000
0.8078	0.8786	0.0000	0.0000
0.8088	0.8792	0.0000	0.0000
0.8098	0.8798	0.0000	0.0000
0.8108	0.8804	0.0000	0.0000
0.8118	0.8809	0.0000	0.0000
0.8128	0.8815	0.0000	0.0000
0.8138	0.8821	0.0000	0.0000
0.8148	0.8827	0.0000	0.0000
0.8158	0.8833	0.0000	0.0000
0.8168	0.8838	0.0000	0.0000
0.8178	0.8844	0.0000	0.0000
0.8188	0.8850	0.0000	0.0000
0.8198	0.8856	0.0000	0.0000
0.8208	0.8861	0.0000	0.0000
0.8218	0.8867	0.0000	0.0000
0.8228	0.8872	0.0000	0.0000
0.8238	0.8878	0.0000	0.0000
0.8248	0.8884	0.0000	0.0000
0.8258	0.8889	0.0000	0.0000
0.8268	0.8895	0.0000	0.0000
0.8278	0.8900	0.0000	0.0000
0.8288	0.8906	0.0000	0.0000
0.8298	0.8911	0.0000	0.0000
0.8308	0.8916	0.0000	0.0000
0.8318	0.8922	0.0000	0.0000
0.8328	0.8927	0.0000	0.0000
0.8338	0.8933	0.0000	0.0000
0.8348	0.8938	0.0000	0.0000
0.8358	0.8943	0.0000	0.0000
0.8368	0.8949	0.0000	0.0000
0.8378	0.8954	0.0000	0.0000
0.8388	0.8959	0.0000	0.0000
0.8398	0.8964	0.0000	0.0000
0.8408	0.8970	0.0000	0.0000
0.8418	0.8975	0.0000	0.0000
0.8428	0.8980	0.0000	0.0000
0.8438	0.8985	0.0000	0.0000
0.8448	0.8990	0.0000	0.0000
0.8458	0.8995	0.0000	0.0000
0.8468	0.9000	0.0000	0.0000
0.8478	0.9006	0.0000	0.0000
0.8488	0.9011	0.0000	0.0000
0.8498	0.9016	0.0000	0.0000
0.8509	0.9021	0.0000	0.0000
0.8519	0.9026	0.0000	0.0000
0.8529	0.9031	0.0000	0.0000
0.8539	0.9036	0.0000	0.0000
0.8549	0.9040	0.0000	0.0000
0.8559	0.9045	0.0000	0.0000
0.8569	0.9050	0.0000	0.0000
0.8579	0.9055	0.0000	0.0000
0.8589	0.9060	0.0000	0.0000
0.8599	0.9065	0.0000	0.0000
0.8609	0.9070	0.0000	0.0000
0.8619	0.9074	0.0000	0.0000
0.8629	0.9079	0.0000	0.0000
0.8639	0.9084	0.0000	0.0000
0.8649	0.9089	0.0000	0.0000
0.8659	0.9093	0.0000	0.0000
0.8669	0.9098	0.0000	0.0000
0.8679	0.9103	0.0000	0.0000
0.8689	0.9108	0.0000	0.0000
0.8699	0.9112	0.0000	0.0000
0.8709	0.9117	0.0000	0.0000
0.8719	0.9121	0.0000	0.0000
0.8729	0.9126	0.0000	0.0000
0.8739	0.9131	0.0000	0.0000
0.8749	0.9135	0.0000	0.0000
0.8759	0.9140	0.0000	0.0000
0.8769	0.9144	0.0000	0.0000
0.8779	0.9149	0.0000	0.0000
0.8789	0.9153	0.0000	0.0000
0.8799	0.9158	0.0000	0.0000
0.8809	0.9162	0.0000	0.0000
0.8819	0.9167	0.0000	0.0000
0.8829	0.9171	0.0000	0.0000
0.8839	0.9175	0.0000	0.0000
0.8849	0.9180	0.0000	0.0000
0.8859	0.9184	0.0000	0.0000
0.8869	0.9188	0.0000	0.0000
0.8879	0.9193	0.0000	0.0000
0.8889	0.9197	0.0000	0.0000
0.8899	0.9201	0.0000	0.0000
0.8909	0.9206	0.0000	0.0000
0.8919	0.9210	0.0000	0.0000
0.8929	0.9214	0.0000	0.0000
0.8939	0.9218	0.0000	0.0000
0.8949	0.9223	0.0000	0.0000
0.8959	0.9227	0.0000	0.0000
0.8969	0.9231	0.0000	0.0000
0.8979	0.9235	0.0000	0.0000
0.8989	0.9239	0.0000	0.0000
0.8999	0.9243	0.0000	0.0000
0.9009	0.9248	0.0000	0.0000
0.9019	0.9252	0.0000	0.0000
0.9029	0.9256	0.0000	0.0000
0.9039	0.9260	0.0000	0.0000
0.9049	0.9264	0.0000	0.0000
0.9059	0.9268	0.0000	0.0000
0.9069	0.9272	0.0000	0.0000
0.9079	0.9276	0.0000	0.0000
0.9089	0.9280	0.0000	0.0000
0.9099	0.9284	0.0000	0.0000
0.9109	0.9288	0.0000	0.0000
0.9119	0.9292	0.0000	0.0000
0.9129	0.9296	0.0000	0.0000
0.9139	0.9300	0.0000	0.0000
0.9149	0.9304	0.0000	0.0000
0.9159	0.9307	0.0000	0.0000
0.9169	0.9311	0.0000	0.0000
0.9179	0.9315	0.0000	0.0000
0.9189	0.9319	0.0000	0.0000
0.9199	0.9323	0.0000	0.0000
0.9209	0.9327	0.0000	0.0000
0.9219	0.9330	0.0000	0.0000
0.9229	0.9334	0.0000	0.0000
0.9239	0.9338	0.0000	0.0000
0.9249	0.9342	0.0000	0.0000
0.9259	0.9345	0.0000	0.0000
0.9269	0.9349	0.0000	0.0000
0.9279	0.9353	0.0000	0.0000
0.9289	0.9357	0.0000	0.0000
0.9299	0.9360	0.0000	0.0000
0.9309	0.9364	0.0000	0.0000
0.9319	0.9368	0.0000	0.0000
0.9329	0.9371	0.0000	0.0000
0.9339	0.9375	0.0000	0.0000
0.9349	0.9378	0.0000	0.0000
0.9359	0.9382	0.0000	0.0000
0.9369	0.9386	0.0000	0.0000
0.9379	0.9389	0.0000	0.0000
0.9389	0.9393	0.0000	0.0000
0.9399	0.9396	0.0000	0.0000
0.9409	0.9400	0.0000	0.0000
0.9419	0.9403	0.0000	0.0000
0.9429	0.9407	0.0000	0.0000
0.9439	0.9410	0.0000	0.0000
0.9449	0.9414	0.0000	0.0000
0.9459	0.9417	0.0000	0.0000
0.9469	0.9421	0.0000	0.0000
0.9479	0.9424	0.0000	0.0000
0.9489	0.9428	0.0000	0.0000
0.9499	0.9431	0.0000	0.0000
0.9510	0.9434	0.0000	0.0000
0.9520	0.9438	0.0000	0.0000
0.9530	0.9441	0.0000	0.0000
0.9540	0.9445	0.0000	0.0000
0.9550	0.9448	0.0000	0.0000
0.9560	0.9451	0.0000	0.0000
0.9570	0.9455	0.0000	0.0000
0.9580	0.9458	0.0000	0.0000
0.9590	0.9461	0.0000	0.0000
0.9600	0.9465	0.0000	0.0000
0.9610	0.9468	0.0000	0.0000
0.9620	0.9471	0.0000	0.0000
0.9630	0.9474	0.0000	0.0000
0.9640	0.9478	0.0000	0.0000
0.9650	0.9481	0.0000	0.0000
0.9660	0.9484	0.0000	0.0000
0.9670	0.9487	0.0000	0.0000
0.9680	0.9491	0.0000	0.0000
0.9690	0.9494	0.0000	0.0000
0.9700	0.9497	0.0000	0.0000
0.9710	0.9500	0.0000	0.0000
0.9720	0.9503	0.0000	0.0000
0.9730	0.9507	0.0000	0.0000
0.9740	0.9510	0.0000	0.0000
0.9750	0.9513	0.0000	0.0000
0.9760	0.9516	0.0000	0.0000
0.9770	0.9519	0.0000	0.0000
0.9780	0.9522	0.0000	0.0000
0.9790	0.9525	0.0000	0.0000
0.9800	0.9528	0.0000	0.0000
0.9810	0.9531	0.0000	0.0000
0.9820	0.9534	0.0000	0.0000
0.9830	0.9538	0.0000	0.0000
0.9840	0.9541	0.0000	0.0000
0.9850	0.9544	0.0000	0.0000
0.9860	0.9547	0.0000	0.0000
0.9870	0.9550	0.0000	0.0000
0.9880	0.9553	0.0000	0.0000
0.9890	0.9556	0.0000	0.0000
0.9900	0.9559	0.0000	0.0000
0.9910	0.9562	0.0000	0.0000
0.9920	0.9565	0.0000	0.0000
0.9930	0.9568	0.0000	0.0000
0.9940	0.9571	0.0000	0.0000
0.9950	0.9574	0.0000	0.0000
0.9960	0.9577	0.0000	0.0000
0.9970	0.9579	0.0000	0.0000
0.9980	0.9582	0.0000	0.0000
0.9990	0.9585	0.0000	0.0000
1.0000	0.9588	0.0000	0.0000
0.2172
0.4905
0.9399
