0.0000	0.0498	0.0000	0.0000
0.0010	0.0506	0.0000	0.0000
0.0020	0.0514	0.0000	0.0000
0.0030	0.0522	0.0000	0.0000
0.0040	0.0530	0.0000	0.0000
0.0050	0.0538	0.0000	0.0000
0.0060	0.0546	0.0000	0.0000
0.0070	0.0554	0.0000	0.0000
0.0080	0.0562	0.0000	0.0000
0.0090	0.0570	0.0000	0.0000
0.0100	0.0578	0.0000	0.0000
0.0110	0.0586	0.0000	0.0000
0.0120	0.0594	0.0000	0.0000
0.0130	0.0602	0.0000	0.0000
0.0140	0.0610	0.0000	0.0000
0.0150	0.0618	0.0000	0.0000
0.0160	0.0626	0.0000	0.0000
0.0170	0.0634	0.0000	0.0000
0.0180	0.0642	0.0000	0.0000
0.0190	0.0650	0.0000	0.0000
0.0200	0.0658	0.0000	0.0000
0.0210	0.0666	0.0000	0.0000
0.0220	0.0674	0.0000	0.0000
0.0230	0.0682	0.0000	0.0000
0.0240	0.0690	0.0000	0.0000
0.0250	0.0698	0.0000	0.0000
0.0260	0.0706	0.0000	0.0000
0.0270	0.0714	0.0000	0.0000
0.0280	0.0721	0.0000	0.0000
0.0290	0.0729	0.0000	0.0000
0.0300	0.0737	0.0000	0.0000
0.0310	0.0745	0.0000	0.0000
0.0320	0.0753	0.0000	0.0000
0.0330	0.0761	0.0000	0.0000
0.0340	0.0769	0.0000	0.0000
0.0350	0.0777	0.0000	0.0000
0.0360	0.0785	0.0000	0.0000
0.0370	0.0793	0.0000	0.0000
0.0380	0.0801	0.0000	0.0000
0.0390	0.0809	0.0000	0.0000
0.0400	0.0817	0.0000	0.0000
0.0410	0.0825	0.0000	0.0000
0.0420	0.0833	0.0000	0.0000
0.0430	0.0841	0.0000	0.0000
0.0440	0.0849	0.0000	0.0000
0.0450	0.0857	0.0000	0.0000
0.0460	0.0865	0.0000	0.0000
0.0470	0.0873	0.0000	0.0000
0.0480	0.0881	0.0000	0.0000
0.0490	0.0889	0.0000	0.0000
0.0501	0.0897	0.0000	0.0000
0.0511	0.0905	0.0000	0.0000
0.0521	0.0913	0.0000	0.0000
0.0531	0.0921	0.0000	0.0000
0.0541	0.0929	0.0000	0.0000
0.0551	0.0937	0.0000	0.0000
0.0561	0.0945	0.0000	0.0000
0.0571	0.0952	0.0000	0.0000
0.0581	0.0960	0.0000	0.0000
0.0591	0.0968	0.0000	0.0000
0.0601	0.0976	0.0000	0.0000
0.0611	0.0984	0.0000	0.0000
0.0621	0.0992	0.0000	0.0000
0.0631	0.1000	0.0000	0.0000
0.0641	0.1008	0.0000	0.0000
0.0651	0.1016	0.0000	0.0000
0.0661	0.1024	0.0000	0.0000
0.0671	0.1032	0.0000	0.0000
0.0681	0.1040	0.0000	0.0000
0.0691	0.1048	0.0000	0.0000
0.0701	0.1056	0.0000	0.0000
0.0711	0.1064	0.0000	0.0000
0.0721	0.1072	0.0000	0.0000
0.0731	0.1080	0.0000	0.0000
0.0741	0.1088	0.0000	0.0000
0.0751	0.1096	0.0000	0.0000
0.0761	0.1104	0.0000	0.0000
0.0771	0.1112	0.0000	0.0000
0.0781	0.1120	0.0000	0.0000
0.0791	0.1128	0.0000	0.0000
0.0801	0.1136	0.0000	0.0000
0.0811	0.1144	0.0000	0.0000
0.0821	0.1152	0.0000	0.0000
0.0831	0.1160	0.0000	0.0000
0.0841	0.1168	0.0000	0.0000
0.0851	0.1176	0.0000	0.0000
0.0861	0.1184	0.0000	0.0000
0.0871	0.1192	0.0000	0.0000
0.0881	0.1200	0.0000	0.0000
0.0891	0.1208	0.0000	0.0000
0.0901	0.1216	0.0000	0.0000
0.0911	0.1224	0.0000	0.0000
0.0921	0.1232	0.0000	0.0000
0.0931	0.1240	0.0000	0.0000
0.0941	0.1248	0.0000	0.0000
0.0951	0.1256	0.0000	0.0000
0.0961	0.1264	0.0000	0.0000
0.0971	0.1272	0.0000	0.0000
0.0981	0.1280	0.0000	0.0000
0.0991	0.1288	0.0000	0.0000
0.1001	0.1296	0.0000	0.0000
0.1011	0.1304	0.0000	0.0000
0.1021	0.1313	0.0000	0.0000
0.1031	0.1321	0.0000	0.0000
0.1041	0.1329	0.0000	0.0000
0.1051	0.1337	0.0000	0.0000
0.1061	0.1345	0.0000	0.0000
0.1071	0.1353	0.0000	0.0000
0.1081	0.1361	0.0000	0.0000
0.1091	0.1369	0.0000	0.0000
0.1101	0.1377	0.0000	0.0000
0.1111	0.1385	0.0000	0.0000
0.1121	0.1393	0.0000	0.0000
0.1131	0.1401	0.0000	0.0000
0.1141	0.1409	0.0000	0.0000
0.1151	0.1417	0.0000	0.0000
0.1161	0.1425	0.0000	0.0000
0.1171	0.1433	0.0000	0.0000
0.1181	0.1441	0.0000	0.0000
0.1191	0.1449	0.0000	0.0000
0.1201	0.1458	0.0000	0.0000
0.1211	0.1466	0.0000	0.0000
0.1221	0.1474	0.0000	0.0000
0.1231	0.1482	0.0000	0.0000
0.1241	0.1490	0.0000	0.0000
0.1251	0.1498	0.0000	0.0000
0.1261	0.1506	0.0000	0.0000
0.1271	0.1514	0.0000	0.0000
0.1281	0.1522	0.0000	0.0000
0.1291	0.1530	0.0000	0.0000
0.1301	0.1538	0.0000	0.0000
0.1311	0.1547	0.0000	0.0000
0.1321	0.1555	0.0000	0.0000
0.1331	0.1563	0.0000	0.0000
0.1341	0.1571	0.0000	0.0000
0.1351	0.1579	0.0000	0.0000
0.1361	0.1587	0.0000	0.0000
0.1371	0.1595	0.0000	0.0000
0.1381	0.1603	0.0000	0.0000
0.1391	0.1611	0.0000	0.0000
0.1401	0.1620	0.0000	0.0000
0.1411	0.1628	0.0000	0.0000
0.1421	0.1636	0.0000	0.0000
0.1431	0.1644	0.0000	0.0000
0.1441	0.1652	0.0000	0.0000
0.1451	0.1660	0.0000	0.0000
0.1461	0.1668	0.0000	0.0000
0.1471	0.1677	0.0000	0.0000
0.1481	0.1685	0.0000	0.0000
0.1491	0.1693	0.0000	0.0000
0.1502	0.1701	0.0000	0.0000
0.1512	0.1709	0.0000	0.0000
0.1522	0.1717	0.0000	0.0000
0.1532	0.1726	0.0000	0.0000
0.1542	0.1734	0.0000	0.0000
0.1552	0.1742	0.0000	0.0000
0.1562	0.1750	0.0000	0.0000
0.1572	0.1758	0.0000	0.0000
0.1582	0.1766	0.0000	0.0000
0.1592	0.1775	0.0000	0.0000
0.1602	0.1783	0.0000	0.0000
0.1612	0.1791	0.0000	0.0000
0.1622	0.1799	0.0000	0.0000
0.1632	0.1807	0.0000	0.0000
0.1642	0.1816	0.0000	0.0000
0.1652	0.1824	0.0000	0.0000
0.1662	0.1832	0.0000	0.0000
0.1672	0.1840	0.0000	0.0000
0.1682	0.1849	0.0000	0.0000
0.1692	0.1857	0.0000	0.0000
0.1702	0.1865	0.0000	0.0000
0.1712	0.1873	0.0000	0.0000
0.1722	0.1881	0.0000	0.0000
0.1732	0.1890	0.0000	0.0000
0.1742	0.1898	0.0000	0.0000
0.1752	0.1906	0.0000	0.0000
0.1762	0.1914	0.0000	0.0000
0.1772	0.1923	0.0000	0.0000
0.1782	0.1931	0.0000	0.0000
0.1792	0.1939	0.0000	0.0000
0.1802	0.1947	0.0000	0.0000
0.1812	0.1956	0.0000	0.0000
0.1822	0.1964	0.0000	0.0000
0.1832	0.1972	0.0000	0.0000
0.1842	0.1981	0.0000	0.0000
0.1852	0.1989	0.0000	0.0000
0.1862	0.1997	0.0000	0.0000
0.1872	0.2005	0.0000	0.0000
0.1882	0.2014	0.0000	0.0000
0.1892	0.2022	0.0000	0.0000
0.1902	0.2030	0.0000	0.0000
0.1912	0.2039	0.0000	0.0000
0.1922	0.2047	0.0000	0.0000
0.1932	0.2055	0.0000	0.0000
0.1942	0.2064	0.0000	0.0000
0.1952	0.2072	0.0000	0.0000
0.1962	0.2080	0.0000	0.0000
0.1972	0.2089	0.0000	0.0000
0.1982	0.2097	0.0000	0.0000
0.1992	0.2105	0.0000	0.0000
0.2002	0.2114	0.0000	0.0000
0.2012	0.2122	0.0000	0.0000
0.2022	0.2130	0.0000	0.0000
0.2032	0.2139	0.0000	0.0000
0.2042	0.2147	0.0000	0.0000
0.2052	0.2156	0.0000	0.0000
0.2062	0.2164	0.0000	0.0000
0.2072	0.2172	0.0000	0.0000
0.2082	0.2181	0.0000	0.0000
0.2092	0.2189	0.0000	0.0000
0.2102	0.2198	0.0000	0.0000
0.2112	0.2206	0.0000	0.0000
0.2122	0.2214	0.0000	0.0000
0.2132	0.2223	0.0000	0.0000
0.2142	0.2231	0.0000	0.0000
0.2152	0.2240	0.0000	0.0000
0.2162	0.2248	0.0000	0.0000
0.2172	0.2257	0.0000	0.0000
0.2182	0.2265	0.0000	0.0000
0.2192	0.2273	0.0000	0.0000
0.2202	0.2282	0.0000	0.0000
0.2212	0.2290	0.0000	0.0000
0.2222	0.2299	0.0000	0.0000
0.2232	0.2307	0.0000	0.0000
0.2242	0.2316	0.0000	0.0000
0.2252	0.2324	0.0000	0.0000
0.2262	0.2333	0.0000	0.0000
0.2272	0.2341	0.0000	0.0000
0.2282	0.2350	0.0000	0.0000
0.2292	0.2358	0.0000	0.0000
0.2302	0.2367	0.0000	0.0000
0.2312	0.2375	0.0000	0.0000
0.2322	0.2384	0.0000	0.0000
0.2332	0.2392	0.0000	0.0000
0.2342	0.2401	0.0000	0.0000
0.2352	0.2409	0.0000	0.0000
0.2362	0.2418	0.0000	0.0000
0.2372	0.2426	0.0000	0.0000
0.2382	0.2435	0.0000	0.0000
0.2392	0.2444	0.0000	0.0000
0.2402	0.2452	0.0000	0.0000
0.2412	0.2461	0.0000	0.0000
0.2422	0.2469	0.0000	0.0000
0.2432	0.2478	0.0000	0.0000
0.2442	0.2487	0.0000	0.0000
0.2452	0.2495	0.0000	0.0000
0.2462	0.2504	0.0000	0.0000
0.2472	0.2512	0.0000	0.0000
0.2482	0.2521	0.0000	0.0000
0.2492	0.2530	0.0000	0.0000
0.2503	0.2538	0.0000	0.0000
0.2513	0.2547	0.0000	0.0000
0.2523	0.2555	0.0000	0.0000
0.2533	0.2564	0.0000	0.0000
0.2543	0.2573	0.0000	0.0000
0.2553	0.2581	0.0000	0.0000
0.2563	0.2590	0.0000	0.0000
0.2573	0.2599	0.0000	0.0000
0.2583	0.2607	0.0000	0.0000
0.2593	0.2616	0.0000	0.0000
0.2603	0.2625	0.0000	0.0000
0.2613	0.2634	0.0000	0.0000
0.2623	0.2642	0.0000	0.0000
0.2633	0.2651	0.0000	0.0000
0.2643	0.2660	0.0000	0.0000
0.2653	0.2668	0.0000	0.0000
0.2663	0.2677	0.0000	0.0000
0.2673	0.2686	0.0000	0.0000
0.2683	0.2695	0.0000	0.0000
0.2693	0.2703	0.0000	0.0000
0.2703	0.2712	0.0000	0.0000
0.2713	0.2721	0.0000	0.0000
0.2723	0.2730	0.0000	0.0000
0.2733	0.2739	0.0000	0.0000
0.2743	0.2747	0.0000	0.0000
0.2753	0.2756	0.0000	0.0000
0.2763	0.2765	0.0000	0.0000
0.2773	0.2774	0.0000	0.0000
0.2783	0.2783	0.0000	0.0000
0.2793	0.2791	0.0000	0.0000
0.2803	0.2800	0.0000	0.0000
0.2813	0.2809	0.0000	0.0000
0.2823	0.2818	0.0000	0.0000
0.2833	0.2827	0.0000	0.0000
0.2843	0.2836	0.0000	0.0000
0.2853	0.2845	0.0000	0.0000
0.2863	0.2854	0.0000	0.0000
0.2873	0.2862	0.0000	0.0000
0.2883	0.2871	0.0000	0.0000
0.2893	0.2880	0.0000	0.0000
0.2903	0.2889	0.0000	0.0000
0.2913	0.2898	0.0000	0.0000
0.2923	0.2907	0.0000	0.0000
0.2933	0.2916	0.0000	0.0000
0.2943	0.2925	0.0000	0.0000
0.2953	0.2934	0.0000	0.0000
0.2963	0.2943	0.0000	0.0000
0.2973	0.2952	0.0000	0.0000
0.2983	0.2961	0.0000	0.0000
0.2993	0.2970	0.0000	0.0000
0.3003	0.2979	0.0000	0.0000
0.3013	0.2988	0.0000	0.0000
0.3023	0.2997	0.0000	0.0000
0.3033	0.3006	0.0000	0.0000
0.3043	0.3015	0.0000	0.0000
0.3053	0.3024	0.0000	0.0000
0.3063	0.3033	0.0000	0.0000
0.3073	0.3042	0.0000	0.0000
0.3083	0.3051	0.0000	0.0000
0.3093	0.3060	0.0000	0.0000
0.3103	0.3069	0.0000	0.0000
0.3113	0.3078	0.0000	0.0000
0.3123	0.3088	0.0000	0.0000
0.3133	0.3097	0.0000	0.0000
0.3143	0.3106	0.0000	0.0000
0.3153	0.3115	0.0000	0.0000
0.3163	0.3124	0.0000	0.0000
0.3173	0.3133	0.0000	0.0000
0.3183	0.3142	0.0000	0.0000
0.3193	0.3152	0.0000	0.0000
0.3203	0.3161	0.0000	0.0000
0.3213	0.3170	0.0000	0.0000
0.3223	0.3179	0.0000	0.0000
0.3233	0.3188	0.0000	0.0000
0.3243	0.3198	0.0000	0.0000
0.3253	0.3207	0.0000	0.0000
0.3263	0.3216	0.0000	0.0000
0.3273	0.3225	0.0000	0.0000
0.3283	0.3235	0.0000	0.0000
0.3293	0.3244	0.0000	0.0000
0.3303	0.3253	0.0000	0.0000
0.3313	0.3263	0.0000	0.0000
0.3323	0.3272	0.0000	0.0000
0.3333	0.3281	0.0000	0.0000
0.3343	0.3291	0.0000	0.0000
0.3353	0.3300	0.0000	0.0000
0.3363	0.3309	0.0000	0.0000
0.3373	0.3319	0.0000	0.0000
0.3383	0.3328	0.0000	0.0000
0.3393	0.3337	0.0000	0.0000
0.3403	0.3347	0.0000	0.0000
0.3413	0.3356	0.0000	0.0000
0.3423	0.3366	0.0000	0.0000
0.3433	0.3375	0.0000	0.0000
0.3443	0.3384	0.0000	0.0000
0.3453	0.3394	0.0000	0.0000
0.3463	0.3403	0.0000	0.0000
0.3473	0.3413	0.0000	0.0000
0.3483	0.3422	0.0000	0.0000
0.3493	0.3432	0.0000	0.0000
0.3504	0.3441	0.0000	0.0000
0.3514	0.3451	0.0000	0.0000
0.3524	0.3460	0.0000	0.0000
0.3534	0.3470	0.0000	0.0000
0.3544	0.3479	0.0000	0.0000
0.3554	0.3489	0.0000	0.0000
0.3564	0.3499	0.0000	0.0000
0.3574	0.3508	0.0000	0.0000
0.3584	0.3518	0.0000	0.0000
0.3594	0.3527	0.0000	0.0000
0.3604	0.3537	0.0000	0.0000
0.3614	0.3547	0.0000	0.0000
0.3624	0.3556	0.0000	0.0000
0.3634	0.3566	0.0000	0.0000
0.3644	0.3576	0.0000	0.0000
0.3654	0.3585	0.0000	0.0000
0.3664	0.3595	0.0000	0.0000
0.3674	0.3605	0.0000	0.0000
0.3684	0.3614	0.0000	0.0000
0.3694	0.3624	0.0000	0.0000
0.3704	0.3634	0.0000	0.0000
0.3714	0.3644	0.0000	0.0000
0.3724	0.3653	0.0000	0.0000
0.3734	0.3663	0.0000	0.0000
0.3744	0.3673	0.0000	0.0000
0.3754	0.3683	0.0000	0.0000
0.3764	0.3693	0.0000	0.0000
0.3774	0.3703	0.0000	0.0000
0.3784	0.3712	0.0000	0.0000
0.3794	0.3722	0.0000	0.0000
0.3804	0.3732	0.0000	0.0000
0.3814	0.3742	0.0000	0.0000
0.3824	0.3752	0.0000	0.0000
0.3834	0.3762	0.0000	0.0000
0.3844	0.3772	0.0000	0.0000
0.3854	0.3782	0.0000	0.0000
0.3864	0.3792	0.0000	0.0000
0.3874	0.3802	0.0000	0.0000
0.3884	0.3812	0.0000	0.0000
0.3894	0.3822	0.0000	0.0000
0.3904	0.3832	0.0000	0.0000
0.3914	0.3842	0.0000	0.0000
0.3924	0.3852	0.0000	0.0000
0.3934	0.3862	0.0000	0.0000
0.3944	0.3872	0.0000	0.0000
0.3954	0.3882	0.0000	0.0000
0.3964	0.3892	0.0000	0.0000
0.3974	0.3902	0.0000	0.0000
0.3984	0.3913	0.0000	0.0000
0.3994	0.3923	0.0000	0.0000
0.4004	0.3933	0.0000	0.0000
0.4014	0.3943	0.0000	0.0000
0.4024	0.3953	0.0000	0.0000
0.4034	0.3963	0.0000	0.0000
0.4044	0.3974	0.0000	0.0000
0.4054	0.3984	0.0000	0.0000
0.4064	0.3994	0.0000	0.0000
0.4074	0.4005	0.0000	0.0000
0.4084	0.4015	0.0000	0.0000
0.4094	0.4025	0.0000	0.0000
0.4104	0.4036	0.0000	0.0000
0.4114	0.4046	0.0000	0.0000
0.4124	0.4056	0.0000	0.0000
0.4134	0.4067	0.0000	0.0000
0.4144	0.4077	0.0000	0.0000
0.4154	0.4087	0.0000	0.0000
0.4164	0.4098	0.0000	0.0000
0.4174	0.4108	0.0000	0.0000
0.4184	0.4119	0.0000	0.0000
0.4194	0.4129	0.0000	0.0000
0.4204	0.4140	0.0000	0.0000
0.4214	0.4150	0.0000	0.0000
0.4224	0.4161	0.0000	0.0000
0.4234	0.4171	0.0000	0.0000
0.4244	0.4182	0.0000	0.0000
0.4254	0.4193	0.0000	0.0000
0.4264	0.4203	0.0000	0.0000
0.4274	0.4214	0.0000	0.0000
0.4284	0.4225	0.0000	0.0000
0.4294	0.4235	0.0000	0.0000
0.4304	0.4246	0.0000	0.0000
0.4314	0.4257	0.0000	0.0000
0.4324	0.4267	0.0000	0.0000
0.4334	0.4278	0.0000	0.0000
0.4344	0.4289	0.0000	0.0000
0.4354	0.4300	0.0000	0.0000
0.4364	0.4310	0.0000	0.0000
0.4374	0.4321	0.0000	0.0000
0.4384	0.4332	0.0000	0.0000
0.4394	0.4343	0.0000	0.0000
0.4404	0.4354	0.0000	0.0000
0.4414	0.4365	0.0000	0.0000
0.4424	0.4376	0.0000	0.0000
0.4434	0.4387	0.0000	0.0000
0.4444	0.4397	0.0000	0.0000
0.4454	0.4408	0.0000	0.0000
0.4464	0.4419	0.0000	0.0000
0.4474	0.4430	0.0000	0.0000
0.4484	0.4442	0.0000	0.0000
0.4494	0.4453	0.0000	0.0000
0.4505	0.4464	0.0000	0.0000
0.4515	0.4475	0.0000	0.0000
0.4525	0.4486	0.0000	0.0000
0.4535	0.4497	0.0000	0.0000
0.4545	0.4508	0.0000	0.0000
0.4555	0.4519	0.0000	0.0000
0.4565	0.4531	0.0000	0.0000
0.4575	0.4542	0.0000	0.0000
0.4585	0.4553	0.0000	0.0000
0.4595	0.4564	0.0000	0.0000
0.4605	0.4576	0.0000	0.0000
0.4615	0.4587	0.0000	0.0000
0.4625	0.4598	0.0000	0.0000
0.4635	0.4610	0.0000	0.0000
0.4645	0.4621	0.0000	0.0000
0.4655	0.4632	0.0000	0.0000
0.4665	0.4644	0.0000	0.0000
0.4675	0.4655	0.0000	0.0000
0.4685	0.4667	0.0000	0.0000
0.4695	0.4678	0.0000	0.0000
0.4705	0.4690	0.0000	0.0000
0.4715	0.4701	0.0000	0.0000
0.4725	0.4713	0.0000	0.0000
0.4735	0.4725	0.0000	0.0000
0.4745	0.4736	0.0000	0.0000
0.4755	0.4748	0.0000	0.0000
0.4765	0.4760	0.0000	0.0000
0.4775	0.4771	0.0000	0.0000
0.4785	0.4783	0.0000	0.0000
0.4795	0.4795	0.0000	0.0000
0.4805	0.4807	0.0000	0.0000
0.4815	0.4818	0.0000	0.0000
0.4825	0.4830	0.0000	0.0000
0.4835	0.4842	0.0000	0.0000
0.4845	0.4854	0.0000	0.0000
0.4855	0.4866	0.0000	0.0000
0.4865	0.4878	0.0000	0.0000
0.4875	0.4890	0.0000	0.0000
0.4885	0.4902	0.0000	0.0000
0.4895	0.4914	0.0000	0.0000
0.4905	0.4926	0.0000	0.0000
0.4915	0.4938	0.0000	0.0000
0.4925	0.4950	0.0000	0.0000
0.4935	0.4962	0.0000	0.0000
0.4945	0.4974	0.0000	0.0000
0.4955	0.4986	0.0000	0.0000
0.4965	0.4999	0.0000	0.0000
0.4975	0.5011	0.0000	0.0000
0.4985	0.5023	0.0000	0.0000
0.4995	0.5035	0.0000	0.0000
0.5005	0.5052	0.0000	0.0000
0.5015	0.5074	0.0000	0.0000
0.5025	0.5096	0.0000	0.0000
0.5035	0.5118	0.0000	0.0000
0.5045	0.5140	0.0000	0.0000
0.5055	0.5161	0.0000	0.0000
0.5065	0.5183	0.0000	0.0000
0.5075	0.5204	0.0000	0.0000
0.5085	0.5225	0.0000	0.0000
0.5095	0.5247	0.0000	0.0000
0.5105	0.5268	0.0000	0.0000
0.5115	0.5288	0.0000	0.0000
0.5125	0.5309	0.0000	0.0000
0.5135	0.5330	0.0000	0.0000
0.5145	0.5351	0.0000	0.0000
0.5155	0.5371	0.0000	0.0000
0.5165	0.5392	0.0000	0.0000
0.5175	0.5412	0.0000	0.0000
0.5185	0.5432	0.0000	0.0000
0.5195	0.5452	0.0000	0.0000
0.5205	0.5472	0.0000	0.0000
0.5215	0.5492	0.0000	0.0000
0.5225	0.5512	0.0000	0.0000
0.5235	0.5532	0.0000	0.0000
0.5245	0.5552	0.0000	0.0000
0.5255	0.5571	0.0000	0.0000
0.5265	0.5591	0.0000	0.0000
0.5275	0.5610	0.0000	0.0000
0.5285	0.5629	0.0000	0.0000
0.5295	0.5648	0.0000	0.0000
0.5305	0.5668	0.0000	0.0000
0.5315	0.5687	0.0000	0.0000
0.5325	0.5706	0.0000	0.0000
0.5335	0.5724	0.0000	0.0000
0.5345	0.5743	0.0000	0.0000
0.5355	0.5762	0.0000	0.0000
0.5365	0.5780	0.0000	0.0000
0.5375	0.5799	0.0000	0.0000
0.5385	0.5817	0.0000	0.0000
0.5395	0.5836	0.0000	0.0000
0.5405	0.5854	0.0000	0.0000
0.5415	0.5872	0.0000	0.0000
0.5425	0.5890	0.0000	0.0000
0.5435	0.5908	0.0000	0.0000
0.5445	0.5926	0.0000	0.0000
0.5455	0.5944	0.0000	0.0000
0.5465	0.5961	0.0000	0.0000
0.5475	0.5979	0.0000	0.0000
0.5485	0.5996	0.0000	0.0000
0.5495	0.6014	0.0000	0.0000
0.5506	0.6031	0.0000	0.0000
0.5516	0.6049	0.0000	0.0000
0.5526	0.6066	0.0000	0.0000
0.5536	0.6083	0.0000	0.0000
0.5546	0.6100	0.0000	0.0000
0.5556	0.6117	0.0000	0.0000
0.5566	0.6134	0.0000	0.0000
0.5576	0.6151	0.0000	0.0000
0.5586	0.6168	0.0000	0.0000
0.5596	0.6184	0.0000	0.0000
0.5606	0.6201	0.0000	0.0000
0.5616	0.6217	0.0000	0.0000
0.5626	0.6234	0.0000	0.0000
0.5636	0.6250	0.0000	0.0000
0.5646	0.6266	0.0000	0.0000
0.5656	0.6283	0.0000	0.0000
0.5666	0.6299	0.0000	0.0000
0.5676	0.6315	0.0000	0.0000
0.5686	0.6331	0.0000	0.0000
0.5696	0.6347	0.0000	0.0000
0.5706	0.6363	0.0000	0.0000
0.5716	0.6379	0.0000	0.0000
0.5726	0.6394	0.0000	0.0000
0.5736	0.6410	0.0000	0.0000
0.5746	0.6425	0.0000	0.0000
0.5756	0.6441	0.0000	0.0000
0.5766	0.6456	0.0000	0.0000
0.5776	0.6472	0.0000	0.0000
0.5786	0.6487	0.0000	0.0000
0.5796	0.6502	0.0000	0.0000
0.5806	0.6517	0.0000	0.0000
0.5816	0.6532	0.0000	0.0000
0.5826	0.6547	0.0000	0.0000
0.5836	0.6562	0.0000	0.0000
0.5846	0.6577	0.0000	0.0000
0.5856	0.6592	0.0000	0.0000
0.5866	0.6607	0.0000	0.0000
0.5876	0.6622	0.0000	0.0000
0.5886	0.6636	0.0000	0.0000
0.5896	0.6651	0.0000	0.0000
0.5906	0.6665	0.0000	0.0000
0.5916	0.6680	0.0000	0.0000
0.5926	0.6694	0.0000	0.0000
0.5936	0.6708	0.0000	0.0000
0.5946	0.6722	0.0000	0.0000
0.5956	0.6737	0.0000	0.0000
0.5966	0.6751	0.0000	0.0000
0.5976	0.6765	0.0000	0.0000
0.5986	0.6779	0.0000	0.0000
0.5996	0.6793	0.0000	0.0000
0.6006	0.6806	0.0000	0.0000
0.6016	0.6820	0.0000	0.0000
0.6026	0.6834	0.0000	0.0000
0.6036	0.6848	0.0000	0.0000
0.6046	0.6861	0.0000	0.0000
0.6056	0.6875	0.0000	0.0000
0.6066	0.6888	0.0000	0.0000
0.6076	0.6902	0.0000	0.0000
0.6086	0.6915	0.0000	0.0000
0.6096	0.6928	0.0000	0.0000
0.6106	0.6942	0.0000	0.0000
0.6116	0.6955	0.0000	0.0000
0.6126	0.6968	0.0000	0.0000
0.6136	0.6981	0.0000	0.0000
0.6146	0.6994	0.0000	0.0000
0.6156	0.7007	0.0000	0.0000
0.6166	0.7020	0.0000	0.0000
0.6176	0.7033	0.0000	0.0000
0.6186	0.7045	0.0000	0.0000
0.6196	0.7058	0.0000	0.0000
0.6206	0.7071	0.0000	0.0000
0.6216	0.7084	0.0000	0.0000
0.6226	0.7096	0.0000	0.0000
0.6236	0.7109	0.0000	0.0000
0.6246	0.7121	0.0000	0.0000
0.6256	0.7133	0.0000	0.0000
0.6266	0.7146	0.0000	0.0000
0.6276	0.7158	0.0000	0.0000
0.6286	0.7170	0.0000	0.0000
0.6296	0.7183	0.0000	0.0000
0.6306	0.7195	0.0000	0.0000
0.6316	0.7207	0.0000	0.0000
0.6326	0.7219	0.0000	0.0000
0.6336	0.7231	0.0000	0.0000
0.6346	0.7243	0.0000	0.0000
0.6356	0.7255	0.0000	0.0000
0.6366	0.7266	0.0000	0.0000
0.6376	0.7278	0.0000	0.0000
0.6386	0.7290	0.0000	0.0000
0.6396	0.7302	0.0000	0.0000
0.6406	0.7313	0.0000	0.0000
0.6416	0.7325	0.0000	0.0000
0.6426	0.7336	0.0000	0.0000
0.6436	0.7348	0.0000	0.0000
0.6446	0.7359	0.0000	0.0000
0.6456	0.7370	0.0000	0.0000
0.6466	0.7382	0.0000	0.0000
0.6476	0.7393	0.0000	0.0000
0.6486	0.7404	0.0000	0.0000
0.6496	0.7415	0.0000	0.0000
0.6507	0.7427	0.0000	0.0000
0.6517	0.7438	0.0000	0.0000
0.6527	0.7449	0.0000	0.0000
0.6537	0.7460	0.0000	0.0000
0.6547	0.7471	0.0000	0.0000
0.6557	0.7482	0.0000	0.0000
0.6567	0.7492	0.0000	0.0000
0.6577	0.7503	0.0000	0.0000
0.6587	0.7514	0.0000	0.0000
0.6597	0.7525	0.0000	0.0000
0.6607	0.7535	0.0000	0.0000
0.6617	0.7546	0.0000	0.0000
0.6627	0.7556	0.0000	0.0000
0.6637	0.7567	0.0000	0.0000
0.6647	0.7578	0.0000	0.0000
0.6657	0.7588	0.0000	0.0000
0.6667	0.7598	0.0000	0.0000
0.6677	0.7609	0.0000	0.0000
0.6687	0.7619	0.0000	0.0000
0.6697	0.7629	0.0000	0.0000
0.6707	0.7639	0.0000	0.0000
0.6717	0.7650	0.0000	0.0000
0.6727	0.7660	0.0000	0.0000
0.6737	0.7670	0.0000	0.0000
0.6747	0.7680	0.0000	0.0000
0.6757	0.7690	0.0000	0.0000
0.6767	0.7700	0.0000	0.0000
0.6777	0.7710	0.0000	0.0000
0.6787	0.7720	0.0000	0.0000
0.6797	0.7729	0.0000	0.0000
0.6807	0.7739	0.0000	0.0000
0.6817	0.7749	0.0000	0.0000
0.6827	0.7759	0.0000	0.0000
0.6837	0.7768	0.0000	0.0000
0.6847	0.7778	0.0000	0.0000
0.6857	0.7788	0.0000	0.0000
0.6867	0.7797	0.0000	0.0000
0.6877	0.7807	0.0000	0.0000
0.6887	0.7816	0.0000	0.0000
0.6897	0.7826	0.0000	0.0000
0.6907	0.7835	0.0000	0.0000
0.6917	0.7844	0.0000	0.0000
0.6927	0.7854	0.0000	0.0000
0.6937	0.7863	0.0000	0.0000
0.6947	0.7872	0.0000	0.0000
0.6957	0.7881	0.0000	0.0000
0.6967	0.7891	0.0000	0.0000
0.6977	0.7900	0.0000	0.0000
0.6987	0.7909	0.0000	0.0000
0.6997	0.7918	0.0000	0.0000
0.7007	0.7927	0.0000	0.0000
0.7017	0.7936	0.0000	0.0000
0.7027	0.7945	0.0000	0.0000
0.7037	0.7954	0.0000	0.0000
0.7047	0.7962	0.0000	0.0000
0.7057	0.7971	0.0000	0.0000
0.7067	0.7980	0.0000	0.0000
0.7077	0.7989	0.0000	0.0000
0.7087	0.7997	0.0000	0.0000
0.7097	0.8006	0.0000	0.0000
0.7107	0.8015	0.0000	0.0000
0.7117	0.8023	0.0000	0.0000
0.7127	0.8032	0.0000	0.0000
0.7137	0.8040	0.0000	0.0000
0.7147	0.8049	0.0000	0.0000
0.7157	0.8057	0.0000	0.0000
0.7167	0.8066	0.0000	0.0000
0.7177	0.8074	0.0000	0.0000
0.7187	0.8083	0.0000	0.0000
0.7197	0.8091	0.0000	0.0000
0.7207	0.8099	0.0000	0.0000
0.7217	0.8107	0.0000	0.0000
0.7227	0.8116	0.0000	0.0000
0.7237	0.8124	0.0000	0.0000
0.7247	0.8132	0.0000	0.0000
0.7257	0.8140	0.0000	0.0000
0.7267	0.8148	0.0000	0.0000
0.7277	0.8156	0.0000	0.0000
0.7287	0.8164	0.0000	0.0000
0.7297	0.8172	0.0000	0.0000
0.7307	0.8180	0.0000	0.0000
0.7317	0.8188	0.0000	0.0000
0.7327	0.8196	0.0000	0.0000
0.7337	0.8204	0.0000	0.0000
0.7347	0.8212	0.0000	0.0000
0.7357	0.8220	0.0000	0.0000
0.7367	0.8227	0.0000	0.0000
0.7377	0.8235	0.0000	0.0000
0.7387	0.8243	0.0000	0.0000
0.7397	0.8250	0.0000	0.0000
0.7407	0.8258	0.0000	0.0000
0.7417	0.8266	0.0000	0.0000
0.7427	0.8273	0.0000	0.0000
0.7437	0.8281	0.0000	0.0000
0.7447	0.8288	0.0000	0.0000
0.7457	0.8296	0.0000	0.0000
0.7467	0.8303	0.0000	0.0000
0.7477	0.8311	0.0000	0.0000
0.7487	0.8318	0.0000	0.0000
0.7497	0.8325	0.0000	0.0000
0.7508	0.8333	0.0000	0.0000
0.7518	0.8340	0.0000	0.0000
0.7528	0.8347	0.0000	0.0000
0.7538	0.8354	0.0000	0.0000
0.7548	0.8362	0.0000	0.0000
0.7558	0.8369	0.0000	0.0000
0.7568	0.8376	0.0000	0.0000
0.7578	0.8383	0.0000	0.0000
0.7588	0.8390	0.0000	0.0000
0.7598	0.8397	0.0000	0.0000
0.7608	0.8404	0.0000	0.0000
0.7618	0.8411	0.0000	0.0000
0.7628	0.8418	0.0000	0.0000
0.7638	0.8425	0.0000	0.0000
0.7648	0.8432	0.0000	0.0000
0.7658	0.8439	0.0000	0.0000
0.7668	0.8446	0.0000	0.0000
0.7678	0.8453	0.0000	0.0000
0.7688	0.8460	0.0000	0.0000
0.7698	0.8466	0.0000	0.0000
0.7708	0.8473	0.0000	0.0000
0.7718	0.8480	0.0000	0.0000
0.7728	0.8487	0.0000	0.0000
0.7738	0.8493	0.0000	0.0000
0.7748	0.8500	0.0000	0.0000
0.7758	0.8506	0.0000	0.0000
0.7768	0.8513	0.0000	0.0000
0.7778	0.8520	0.0000	0.0000
0.7788	0.8526	0.0000	0.0000
0.7798	0.8533	0.0000	0.0000
0.7808	0.8539	0.0000	0.0000
0.7818	0.8546	0.0000	0.0000
0.7828	0.8552	0.0000	0.0000
0.7838	0.8558	0.0000	0.0000
0.7848	0.8565	0.0000	0.0000
0.7858	0.8571	0.0000	0.0000
0.7868	0.8578	0.0000	0.0000
0.7878	0.8584	0.0000	0.0000
0.7888	0.8590	0.0000	0.0000
0.7898	0.8596	0.0000	0.0000
0.7908	0.8603	0.0000	0.0000
0.7918	0.8609	0.0000	0.0000
0.7928	0.8615	0.0000	0.0000
0.7938	0.8621	0.0000	0.0000
0.7948	0.8627	0.0000	0.0000
0.7958	0.8633	0.0000	0.0000
0.7968	0.8640	0.0000	0.0000
0.7978	0.8646	0.0000	0.0000
0.7988	0.8652	0.0000	0.0000
0.7998	0.8658	0.0000	0.0000
0.8008	0.8664	0.0000	0.0000
0.8018	0.8670	0.0000	0.0000
0.8028	0.8676	0.0000	0.0000
0.8038	0.8681	0.0000	0.0000
0.8048	0.8687	0.0000	0.0000
0.8058	0.8693	0.0000	0.0000
0.8068	0.8699	0.0000	0.0000
0.8078	0.8705	0.0000	0.0000
0.8088	0.8711	0.0000	0.0000
0.8098	0.8717	0.0000	0.0000
0.8108	0.8722	0.0000	0.0000
0.8118	0.8728	0.0000	0.0000
0.8128	0.8734	0.0000	0.0000
0.8138	0.8739	0.0000	0.0000
0.8148	0.8745	0.0000	0.0000
0.8158	0.8751	0.0000	0.0000
0.8168	0.8756	0.0000	0.0000
0.8178	0.8762	0.0000	0.0000
0.8188	0.8768	0.0000	0.0000
0.8198	0.8773	0.0000	0.0000
0.8208	0.8779	0.0000	0.0000
0.8218	0.8784	0.0000	0.0000
0.8228	0.8790	0.0000	0.0000
0.8238	0.8795	0.0000	0.0000
0.8248	0.8801	0.0000	0.0000
0.8258	0.8806	0.0000	0.0000
0.8268	0.8811	0.0000	0.0000
0.8278	0.8817	0.0000	0.0000
0.8288	0.8822	0.0000	0.0000
0.8298	0.8827	0.0000	0.0000
0.8308	0.8833	0.0000	0.0000
0.8318	0.8838	0.0000	0.0000
0.8328	0.8843	0.0000	0.0000
0.8338	0.8849	0.0000	0.0000
0.8348	0.8854	0.0000	0.0000
0.8358	0.8859	0.0000	0.0000
0.8368	0.8864	0.0000	0.0000
0.8378	0.8869	0.0000	0.0000
0.8388	0.8875	0.0000	0.0000
0.8398	0.8880	0.0000	0.0000
0.8408	0.8885	0.0000	0.0000
0.8418	0.8890	0.0000	0.0000
0.8428	0.8895	0.0000	0.0000
0.8438	0.8900	0.0000	0.0000
0.8448	0.8905	0.0000	0.0000
0.8458	0.8910	0.0000	0.0000
0.8468	0.8915	0.0000	0.0000
0.8478	0.8920	0.0000	0.0000
0.8488	0.8925	0.0000	0.0000
0.8498	0.8930	0.0000	0.0000
0.8509	0.8935	0.0000	0.0000
0.8519	0.8940	0.0000	0.0000
0.8529	0.8945	0.0000	0.0000
0.8539	0.8950	0.0000	0.0000
0.8549	0.8955	0.0000	0.0000
0.8559	0.8959	0.0000	0.0000
0.8569	0.8964	0.0000	0.0000
0.8579	0.8969	0.0000	0.0000
0.8589	0.8974	0.0000	0.0000
0.8599	0.8978	0.0000	0.0000
0.8609	0.8983	0.0000	0.0000
0.8619	0.8988	0.0000	0.0000
0.8629	0.8993	0.0000	0.0000
0.8639	0.8997	0.0000	0.0000
0.8649	0.9002	0.0000	0.0000
0.8659	0.9007	0.0000	0.0000
0.8669	0.9011	0.0000	0.0000
0.8679	0.9016	0.0000	0.0000
0.8689	0.9020	0.0000	0.0000
0.8699	0.9025	0.0000	0.0000
0.8709	0.9030	0.0000	0.0000
0.8719	0.9034	0.0000	0.0000
0.8729	0.9039	0.0000	0.0000
0.8739	0.9043	0.0000	0.0000
0.8749	0.9048	0.0000	0.0000
0.8759	0.9052	0.0000	0.0000
0.8769	0.9057	0.0000	0.0000
0.8779	0.9061	0.0000	0.0000
0.8789	0.9065	0.0000	0.0000
0.8799	0.9070	0.0000	0.0000
0.8809	0.9074	0.0000	0.0000
0.8819	0.9079	0.0000	0.0000
0.8829	0.9083	0.0000	0.0000
0.8839	0.9087	0.0000	0.0000
0.8849	0.9092	0.0000	0.0000
0.8859	0.9096	0.0000	0.0000
0.8869	0.9100	0.0000	0.0000
0.8879	0.9105	0.0000	0.0000
0.8889	0.9109	0.0000	0.0000
0.8899	0.9113	0.0000	0.0000
0.8909	0.9117	0.0000	0.0000
0.8919	0.9122	0.0000	0.0000
0.8929	0.9126	0.0000	0.0000
0.8939	0.9130	0.0000	0.0000
0.8949	0.9134	0.0000	0.0000
0.8959	0.9138	0.0000	0.0000
0.8969	0.9142	0.0000	0.0000
0.8979	0.9146	0.0000	0.0000
0.8989	0.9151	0.0000	0.0000
0.8999	0.9155	0.0000	0.0000
0.9009	0.9159	0.0000	0.0000
0.9019	0.9163	0.0000	0.0000
0.9029	0.9167	0.0000	0.0000
0.9039	0.9171	0.0000	0.0000
0.9049	0.9175	0.0000	0.0000
0.9059	0.9179	0.0000	0.0000
0.9069	0.9183	0.0000	0.0000
0.9079	0.9187	0.0000	0.0000
0.9089	0.9191	0.0000	0.0000
0.9099	0.9195	0.0000	0.0000
0.9109	0.9199	0.0000	0.0000
0.9119	0.9203	0.0000	0.0000
0.9129	0.9207	0.0000	0.0000
0.9139	0.9210	0.0000	0.0000
0.9149	0.9214	0.0000	0.0000
0.9159	0.9218	0.0000	0.0000
0.9169	0.9222	0.0000	0.0000
0.9179	0.9226	0.0000	0.0000
0.9189	0.9230	0.0000	0.0000
0.9199	0.9234	0.0000	0.0000
0.9209	0.9237	0.0000	0.0000
0.9219	0.9241	0.0000	0.0000
0.9229	0.9245	0.0000	0.0000
0.9239	0.9249	0.0000	0.0000
0.9249	0.9252	0.0000	0.0000
0.9259	0.9256	0.0000	0.0000
0.9269	0.9260	0.0000	0.0000
0.9279	0.9263	0.0000	0.0000
0.9289	0.9267	0.0000	0.0000
0.9299	0.9271	0.0000	0.0000
0.9309	0.9275	0.0000	0.0000
0.9319	0.9278	0.0000	0.0000
0.9329	0.9282	0.0000	0.0000
0.9339	0.9285	0.0000	0.0000
0.9349	0.9289	0.0000	0.0000
0.9359	0.9293	0.0000	0.0000
0.9369	0.9296	0.0000	0.0000
0.9379	0.9300	0.0000	0.0000
0.9389	0.9303	0.0000	0.0000
0.9399	0.9307	0.0000	0.0000
0.9409	0.9310	0.0000	0.0000
0.9419	0.9314	0.0000	0.0000
0.9429	0.9318	0.0000	0.0000
0.9439	0.9321	0.0000	0.0000
0.9449	0.9325	0.0000	0.0000
0.9459	0.9328	0.0000	0.0000
0.9469	0.9332	0.0000	0.0000
0.9479	0.9335	0.0000	0.0000
0.9489	0.9338	0.0000	0.0000
0.9499	0.9342	0.0000	0.0000
0.9510	0.9345	0.0000	0.0000
0.9520	0.9349	0.0000	0.0000
0.9530	0.9352	0.0000	0.0000
0.9540	0.9355	0.0000	0.0000
0.9550	0.9359	0.0000	0.0000
0.9560	0.9362	0.0000	0.0000
0.9570	0.9366	0.0000	0.0000
0.9580	0.9369	0.0000	0.0000
0.9590	0.9372	0.0000	0.0000
0.9600	0.9376	0.0000	0.0000
0.9610	0.9379	0.0000	0.0000
0.9620	0.9382	0.0000	0.0000
0.9630	0.9386	0.0000	0.0000
0.9640	0.9389	0.0000	0.0000
0.9650	0.9392	0.0000	0.0000
0.9660	0.9395	0.0000	0.0000
0.9670	0.9399	0.0000	0.0000
0.9680	0.9402	0.0000	0.0000
0.9690	0.9405	0.0000	0.0000
0.9700	0.9408	0.0000	0.0000
0.9710	0.9412	0.0000	0.0000
0.9720	0.9415	0.0000	0.0000
0.9730	0.9418	0.0000	0.0000
0.9740	0.9421	0.0000	0.0000
0.9750	0.9424	0.0000	0.0000
0.9760	0.9428	0.0000	0.0000
0.9770	0.9431	0.0000	0.0000
0.9780	0.9434	0.0000	0.0000
0.9790	0.9437	0.0000	0.0000
0.9800	0.9440	0.0000	0.0000
0.9810	0.9443	0.0000	0.0000
0.9820	0.9447	0.0000	0.0000
0.9830	0.9450	0.0000	0.0000
0.9840	0.9453	0.0000	0.0000
0.9850	0.9456	0.0000	0.0000
0.9860	0.9459	0.0000	0.0000
0.9870	0.9462	0.0000	0.0000
0.9880	0.9465	0.0000	0.0000
0.9890	0.9468	0.0000	0.0000
0.9900	0.9471	0.0000	0.0000
0.9910	0.9474	0.0000	0.0000
0.9920	0.9477	0.0000	0.0000
0.9930	0.9480	0.0000	0.0000
0.9940	0.9484	0.0000	0.0000
0.9950	0.9487	0.0000	0.0000
0.9960	0.9490	0.0000	0.0000
0.9970	0.9493	0.0000	0.0000
0.9980	0.9496	0.0000	0.0000
0.9990	0.9499	0.0000	0.0000
1.0000	0.9502	0.0000	0.0000
0.2783
0.4805
0.9259
