0.0000	0.0635	0.0000	0.0000
0.0010	0.0643	0.0000	0.0000
0.0020	0.0651	0.0000	0.0000
0.0030	0.0659	0.0000	0.0000
0.0040	0.0667	0.0000	0.0000
0.0050	0.0676	0.0000	0.0000
0.0060	0.0684	0.0000	0.0000
0.0070	0.0692	0.0000	0.0000
0.0080	0.0700	0.0000	0.0000
0.0090	0.0708	0.0000	0.0000
0.0100	0.0716	0.0000	0.0000
0.0110	0.0724	0.0000	0.0000
0.0120	0.0732	0.0000	0.0000
0.0130	0.0740	0.0000	0.0000
0.0140	0.0749	0.0000	0.0000
0.0150	0.0757	0.0000	0.0000
0.0160	0.0765	0.0000	0.0000
0.0170	0.0773	0.0000	0.0000
0.0180	0.0781	0.0000	0.0000
0.0190	0.0789	0.0000	0.0000
0.0200	0.0797	0.0000	0.0000
0.0210	0.0805	0.0000	0.0000
0.0220	0.0813	0.0000	0.0000
0.0230	0.0821	0.0000	0.0000
0.0240	0.0829	0.0000	0.0000
0.0250	0.0838	0.0000	0.0000
0.0260	0.0846	0.0000	0.0000
0.0270	0.0854	0.0000	0.0000
0.0280	0.0862	0.0000	0.0000
0.0290	0.0870	0.0000	0.0000
0.0300	0.0878	0.0000	0.0000
0.0310	0.0886	0.0000	0.0000
0.0320	0.0894	0.0000	0.0000
0.0330	0.0902	0.0000	0.0000
0.0340	0.0910	0.0000	0.0000
0.0350	0.0918	0.0000	0.0000
0.0360	0.0926	0.0000	0.0000
0.0370	0.0934	0.0000	0.0000
0.0380	0.0943	0.0000	0.0000
0.0390	0.0951	0.0000	0.0000
0.0400	0.0959	0.0000	0.0000
0.0410	0.0967	0.0000	0.0000
0.0420	0.0975	0.0000	0.0000
0.0430	0.0983	0.0000	0.0000
0.0440	0.0991	0.0000	0.0000
0.0450	0.0999	0.0000	0.0000
0.0460	0.1007	0.0000	0.0000
0.0470	0.1015	0.0000	0.0000
0.0480	0.1023	0.0000	0.0000
0.0490	0.1031	0.0000	0.0000
0.0501	0.1039	0.0000	0.0000
0.0511	0.1047	0.0000	0.0000
0.0521	0.1055	0.0000	0.0000
0.0531	0.1063	0.0000	0.0000
0.0541	0.1072	0.0000	0.0000
0.0551	0.1080	0.0000	0.0000
0.0561	0.1088	0.0000	0.0000
0.0571	0.1096	0.0000	0.0000
0.0581	0.1104	0.0000	0.0000
0.0591	0.1112	0.0000	0.0000
0.0601	0.1120	0.0000	0.0000
0.0611	0.1128	0.0000	0.0000
0.0621	0.1136	0.0000	0.0000
0.0631	0.1144	0.0000	0.0000
0.0641	0.1152	0.0000	0.0000
0.0651	0.1160	0.0000	0.0000
0.0661	0.1168	0.0000	0.0000
0.0671	0.1176	0.0000	0.0000
0.0681	0.1184	0.0000	0.0000
0.0691	0.1192	0.0000	0.0000
0.0701	0.1200	0.0000	0.0000
0.0711	0.1209	0.0000	0.0000
0.0721	0.1217	0.0000	0.0000
0.0731	0.1225	0.0000	0.0000
0.0741	0.1233	0.0000	0.0000
0.0751	0.1241	0.0000	0.0000
0.0761	0.1249	0.0000	0.0000
0.0771	0.1257	0.0000	0.0000
0.0781	0.1265	0.0000	0.0000
0.0791	0.1273	0.0000	0.0000
0.0801	0.1281	0.0000	0.0000
0.0811	0.1289	0.0000	0.0000
0.0821	0.1297	0.0000	0.0000
0.0831	0.1305	0.0000	0.0000
0.0841	0.1313	0.0000	0.0000
0.0851	0.1321	0.0000	0.0000
0.0861	0.1329	0.0000	0.0000
0.0871	0.1337	0.0000	0.0000
0.0881	0.1346	0.0000	0.0000
0.0891	0.1354	0.0000	0.0000
0.0901	0.1362	0.0000	0.0000
0.0911	0.1370	0.0000	0.0000
0.0921	0.1378	0.0000	0.0000
0.0931	0.1386	0.0000	0.0000
0.0941	0.1394	0.0000	0.0000
0.0951	0.1402	0.0000	0.0000
0.0961	0.1410	0.0000	0.0000
0.0971	0.1418	0.0000	0.0000
0.0981	0.1426	0.0000	0.0000
0.0991	0.1434	0.0000	0.0000
0.1001	0.1442	0.0000	0.0000
0.1011	0.1450	0.0000	0.0000
0.1021	0.1458	0.0000	0.0000
0.1031	0.1467	0.0000	0.0000
0.1041	0.1475	0.0000	0.0000
0.1051	0.1483	0.0000	0.0000
0.1061	0.1491	0.0000	0.0000
0.1071	0.1499	0.0000	0.0000
0.1081	0.1507	0.0000	0.0000
0.1091	0.1515	0.0000	0.0000
0.1101	0.1523	0.0000	0.0000
0.1111	0.1531	0.0000	0.0000
0.1121	0.1539	0.0000	0.0000
0.1131	0.1547	0.0000	0.0000
0.1141	0.1555	0.0000	0.0000
0.1151	0.1563	0.0000	0.0000
0.1161	0.1572	0.0000	0.0000
0.1171	0.1580	0.0000	0.0000
0.1181	0.1588	0.0000	0.0000
0.1191	0.1596	0.0000	0.0000
0.1201	0.1604	0.0000	0.0000
0.1211	0.1612	0.0000	0.0000
0.1221	0.1620	0.0000	0.0000
0.1231	0.1628	0.0000	0.0000
0.1241	0.1636	0.0000	0.0000
0.1251	0.1644	0.0000	0.0000
0.1261	0.1652	0.0000	0.0000
0.1271	0.1661	0.0000	0.0000
0.1281	0.1669	0.0000	0.0000
0.1291	0.1677	0.0000	0.0000
0.1301	0.1685	0.0000	0.0000
0.1311	0.1693	0.0000	0.0000
0.1321	0.1701	0.0000	0.0000
0.1331	0.1709	0.0000	0.0000
0.1341	0.1717	0.0000	0.0000
0.1351	0.1725	0.0000	0.0000
0.1361	0.1733	0.0000	0.0000
0.1371	0.1742	0.0000	0.0000
0.1381	0.1750	0.0000	0.0000
0.1391	0.1758	0.0000	0.0000
0.1401	0.1766	0.0000	0.0000
0.1411	0.1774	0.0000	0.0000
0.1421	0.1782	0.0000	0.0000
0.1431	0.1790	0.0000	0.0000
0.1441	0.1798	0.0000	0.0000
0.1451	0.1807	0.0000	0.0000
0.1461	0.1815	0.0000	0.0000
0.1471	0.1823	0.0000	0.0000
0.1481	0.1831	0.0000	0.0000
0.1491	0.1839	0.0000	0.0000
0.1502	0.1847	0.0000	0.0000
0.1512	0.1855	0.0000	0.0000
0.1522	0.1863	0.0000	0.0000
0.1532	0.1872	0.0000	0.0000
0.1542	0.1880	0.0000	0.0000
0.1552	0.1888	0.0000	0.0000
0.1562	0.1896	0.0000	0.0000
0.1572	0.1904	0.0000	0.0000
0.1582	0.1912	0.0000	0.0000
0.1592	0.1920	0.0000	0.0000
0.1602	0.1929	0.0000	0.0000
0.1612	0.1937	0.0000	0.0000
0.1622	0.1945	0.0000	0.0000
0.1632	0.1953	0.0000	0.0000
0.1642	0.1961	0.0000	0.0000
0.1652	0.1969	0.0000	0.0000
0.1662	0.1978	0.0000	0.0000
0.1672	0.1986	0.0000	0.0000
0.1682	0.1994	0.0000	0.0000
0.1692	0.2002	0.0000	0.0000
0.1702	0.2010	0.0000	0.0000
0.1712	0.2018	0.0000	0.0000
0.1722	0.2027	0.0000	0.0000
0.1732	0.2035	0.0000	0.0000
0.1742	0.2043	0.0000	0.0000
0.1752	0.2051	0.0000	0.0000
0.1762	0.2059	0.0000	0.0000
0.1772	0.2068	0.0000	0.0000
0.1782	0.2076	0.0000	0.0000
0.1792	0.2084	0.0000	0.0000
0.1802	0.2092	0.0000	0.0000
0.1812	0.2100	0.0000	0.0000
0.1822	0.2109	0.0000	0.0000
0.1832	0.2117	0.0000	0.0000
0.1842	0.2125	0.0000	0.0000
0.1852	0.2133	0.0000	0.0000
0.1862	0.2141	0.0000	0.0000
0.1872	0.2150	0.0000	0.0000
0.1882	0.2158	0.0000	0.0000
0.1892	0.2166	0.0000	0.0000
0.1902	0.2174	0.0000	0.0000
0.1912	0.2183	0.0000	0.0000
0.1922	0.2191	0.0000	0.0000
0.1932	0.2199	0.0000	0.0000
0.1942	0.2207	0.0000	0.0000
0.1952	0.2216	0.0000	0.0000
0.1962	0.2224	0.0000	0.0000
0.1972	0.2232	0.0000	0.0000
0.1982	0.2240	0.0000	0.0000
0.1992	0.2249	0.0000	0.0000
0.2002	0.2257	0.0000	0.0000
0.2012	0.2265	0.0000	0.0000
0.2022	0.2273	0.0000	0.0000
0.2032	0.2282	0.0000	0.0000
0.2042	0.2290	0.0000	0.0000
0.2052	0.2298	0.0000	0.0000
0.2062	0.2306	0.0000	0.0000
0.2072	0.2315	0.0000	0.0000
0.2082	0.2323	0.0000	0.0000
0.2092	0.2331	0.0000	0.0000
0.2102	0.2340	0.0000	0.0000
0.2112	0.2348	0.0000	0.0000
0.2122	0.2356	0.0000	0.0000
0.2132	0.2364	0.0000	0.0000
0.2142	0.2373	0.0000	0.0000
0.2152	0.2381	0.0000	0.0000
0.2162	0.2389	0.0000	0.0000
0.2172	0.2398	0.0000	0.0000
0.2182	0.2406	0.0000	0.0000
0.2192	0.2414	0.0000	0.0000
0.2202	0.2423	0.0000	0.0000
0.2212	0.2431	0.0000	0.0000
0.2222	0.2439	0.0000	0.0000
0.2232	0.2448	0.0000	0.0000
0.2242	0.2456	0.0000	0.0000
0.2252	0.2464	0.0000	0.0000
0.2262	0.2473	0.0000	0.0000
0.2272	0.2481	0.0000	0.0000
0.2282	0.2489	0.0000	0.0000
0.2292	0.2498	0.0000	0.0000
0.2302	0.2506	0.0000	0.0000
0.2312	0.2515	0.0000	0.0000
0.2322	0.2523	0.0000	0.0000
0.2332	0.2531	0.0000	0.0000
0.2342	0.2540	0.0000	0.0000
0.2352	0.2548	0.0000	0.0000
0.2362	0.2557	0.0000	0.0000
0.2372	0.2565	0.0000	0.0000
0.2382	0.2573	0.0000	0.0000
0.2392	0.2582	0.0000	0.0000
0.2402	0.2590	0.0000	0.0000
0.2412	0.2599	0.0000	0.0000
0.2422	0.2607	0.0000	0.0000
0.2432	0.2615	0.0000	0.0000
0.2442	0.2624	0.0000	0.0000
0.2452	0.2632	0.0000	0.0000
0.2462	0.2641	0.0000	0.0000
0.2472	0.2649	0.0000	0.0000
0.2482	0.2658	0.0000	0.0000
0.2492	0.2666	0.0000	0.0000
0.2503	0.2675	0.0000	0.0000
0.2513	0.2683	0.0000	0.0000
0.2523	0.2691	0.0000	0.0000
0.2533	0.2700	0.0000	0.0000
0.2543	0.2708	0.0000	0.0000
0.2553	0.2717	0.0000	0.0000
0.2563	0.2725	0.0000	0.0000
0.2573	0.2734	0.0000	0.0000
0.2583	0.2742	0.0000	0.0000
0.2593	0.2751	0.0000	0.0000
0.2603	0.2759	0.0000	0.0000
0.2613	0.2768	0.0000	0.0000
0.2623	0.2776	0.0000	0.0000
0.2633	0.2785	0.0000	0.0000
0.2643	0.2793	0.0000	0.0000
0.2653	0.2802	0.0000	0.0000
0.2663	0.2811	0.0000	0.0000
0.2673	0.2819	0.0000	0.0000
0.2683	0.2828	0.0000	0.0000
0.2693	0.2836	0.0000	0.0000
0.2703	0.2845	0.0000	0.0000
0.2713	0.2853	0.0000	0.0000
0.2723	0.2862	0.0000	0.0000
0.2733	0.2870	0.0000	0.0000
0.2743	0.2879	0.0000	0.0000
0.2753	0.2888	0.0000	0.0000
0.2763	0.2896	0.0000	0.0000
0.2773	0.2905	0.0000	0.0000
0.2783	0.2913	0.0000	0.0000
0.2793	0.2922	0.0000	0.0000
0.2803	0.2931	0.0000	0.0000
0.2813	0.2939	0.0000	0.0000
0.2823	0.2948	0.0000	0.0000
0.2833	0.2957	0.0000	0.0000
0.2843	0.2965	0.0000	0.0000
0.2853	0.2974	0.0000	0.0000
0.2863	0.2983	0.0000	0.0000
0.2873	0.2991	0.0000	0.0000
0.2883	0.3000	0.0000	0.0000
0.2893	0.3009	0.0000	0.0000
0.2903	0.3017	0.0000	0.0000
0.2913	0.3026	0.0000	0.0000
0.2923	0.3035	0.0000	0.0000
0.2933	0.3043	0.0000	0.0000
0.2943	0.3052	0.0000	0.0000
0.2953	0.3061	0.0000	0.0000
0.2963	0.3069	0.0000	0.0000
0.2973	0.3078	0.0000	0.0000
0.2983	0.3087	0.0000	0.0000
0.2993	0.3096	0.0000	0.0000
0.3003	0.3104	0.0000	0.0000
0.3013	0.3113	0.0000	0.0000
0.3023	0.3122	0.0000	0.0000
0.3033	0.3131	0.0000	0.0000
0.3043	0.3139	0.0000	0.0000
0.3053	0.3148	0.0000	0.0000
0.3063	0.3157	0.0000	0.0000
0.3073	0.3166	0.0000	0.0000
0.3083	0.3175	0.0000	0.0000
0.3093	0.3183	0.0000	0.0000
0.3103	0.3192	0.0000	0.0000
0.3113	0.3201	0.0000	0.0000
0.3123	0.3210	0.0000	0.0000
0.3133	0.3219	0.0000	0.0000
0.3143	0.3228	0.0000	0.0000
0.3153	0.3236	0.0000	0.0000
0.3163	0.3245	0.0000	0.0000
0.3173	0.3254	0.0000	0.0000
0.3183	0.3263	0.0000	0.0000
0.3193	0.3272	0.0000	0.0000
0.3203	0.3281	0.0000	0.0000
0.3213	0.3290	0.0000	0.0000
0.3223	0.3299	0.0000	0.0000
0.3233	0.3308	0.0000	0.0000
0.3243	0.3317	0.0000	0.0000
0.3253	0.3325	0.0000	0.0000
0.3263	0.3334	0.0000	0.0000
0.3273	0.3343	0.0000	0.0000
0.3283	0.3352	0.0000	0.0000
0.3293	0.3361	0.0000	0.0000
0.3303	0.3370	0.0000	0.0000
0.3313	0.3379	0.0000	0.0000
0.3323	0.3388	0.0000	0.0000
0.3333	0.3397	0.0000	0.0000
0.3343	0.3406	0.0000	0.0000
0.3353	0.3415	0.0000	0.0000
0.3363	0.3424	0.0000	0.0000
0.3373	0.3433	0.0000	0.0000
0.3383	0.3442	0.0000	0.0000
0.3393	0.3451	0.0000	0.0000
0.3403	0.3460	0.0000	0.0000
0.3413	0.3470	0.0000	0.0000
0.3423	0.3479	0.0000	0.0000
0.3433	0.3488	0.0000	0.0000
0.3443	0.3497	0.0000	0.0000
0.3453	0.3506	0.0000	0.0000
0.3463	0.3515	0.0000	0.0000
0.3473	0.3524	0.0000	0.0000
0.3483	0.3533	0.0000	0.0000
0.3493	0.3542	0.0000	0.0000
0.3504	0.3552	0.0000	0.0000
0.3514	0.3561	0.0000	0.0000
0.3524	0.3570	0.0000	0.0000
0.3534	0.3579	0.0000	0.0000
0.3544	0.3588	0.0000	0.0000
0.3554	0.3598	0.0000	0.0000
0.3564	0.3607	0.0000	0.0000
0.3574	0.3616	0.0000	0.0000
0.3584	0.3625	0.0000	0.0000
0.3594	0.3634	0.0000	0.0000
0.3604	0.3644	0.0000	0.0000
0.3614	0.3653	0.0000	0.0000
0.3624	0.3662	0.0000	0.0000
0.3634	0.3671	0.0000	0.0000
0.3644	0.3681	0.0000	0.0000
0.3654	0.3690	0.0000	0.0000
0.3664	0.3699	0.0000	0.0000
0.3674	0.3709	0.0000	0.0000
0.3684	0.3718	0.0000	0.0000
0.3694	0.3727	0.0000	0.0000
0.3704	0.3737	0.0000	0.0000
0.3714	0.3746	0.0000	0.0000
0.3724	0.3755	0.0000	0.0000
0.3734	0.3765	0.0000	0.0000
0.3744	0.3774	0.0000	0.0000
0.3754	0.3784	0.0000	0.0000
0.3764	0.3793	0.0000	0.0000
0.3774	0.3803	0.0000	0.0000
0.3784	0.3812	0.0000	0.0000
0.3794	0.3821	0.0000	0.0000
0.3804	0.3831	0.0000	0.0000
0.3814	0.3840	0.0000	0.0000
0.3824	0.3850	0.0000	0.0000
0.3834	0.3859	0.0000	0.0000
0.3844	0.3869	0.0000	0.0000
0.3854	0.3878	0.0000	0.0000
0.3864	0.3888	0.0000	0.0000
0.3874	0.3898	0.0000	0.0000
0.3884	0.3907	0.0000	0.0000
0.3894	0.3917	0.0000	0.0000
0.3904	0.3926	0.0000	0.0000
0.3914	0.3936	0.0000	0.0000
0.3924	0.3945	0.0000	0.0000
0.3934	0.3955	0.0000	0.0000
0.3944	0.3965	0.0000	0.0000
0.3954	0.3974	0.0000	0.0000
0.3964	0.3984	0.0000	0.0000
0.3974	0.3994	0.0000	0.0000
0.3984	0.4003	0.0000	0.0000
0.3994	0.4013	0.0000	0.0000
0.4004	0.4023	0.0000	0.0000
0.4014	0.4033	0.0000	0.0000
0.4024	0.4042	0.0000	0.0000
0.4034	0.4052	0.0000	0.0000
0.4044	0.4062	0.0000	0.0000
0.4054	0.4072	0.0000	0.0000
0.4064	0.4081	0.0000	0.0000
0.4074	0.4091	0.0000	0.0000
0.4084	0.4101	0.0000	0.0000
0.4094	0.4111	0.0000	0.0000
0.4104	0.4121	0.0000	0.0000
0.4114	0.4131	0.0000	0.0000
0.4124	0.4140	0.0000	0.0000
0.4134	0.4150	0.0000	0.0000
0.4144	0.4160	0.0000	0.0000
0.4154	0.4170	0.0000	0.0000
0.4164	0.4180	0.0000	0.0000
0.4174	0.4190	0.0000	0.0000
0.4184	0.4200	0.0000	0.0000
0.4194	0.4210	0.0000	0.0000
0.4204	0.4220	0.0000	0.0000
0.4214	0.4230	0.0000	0.0000
0.4224	0.4240	0.0000	0.0000
0.4234	0.4250	0.0000	0.0000
0.4244	0.4260	0.0000	0.0000
0.4254	0.4270	0.0000	0.0000
0.4264	0.4280	0.0000	0.0000
0.4274	0.4290	0.0000	0.0000
0.4284	0.4301	0.0000	0.0000
0.4294	0.4311	0.0000	0.0000
0.4304	0.4321	0.0000	0.0000
0.4314	0.4331	0.0000	0.0000
0.4324	0.4341	0.0000	0.0000
0.4334	0.4351	0.0000	0.0000
0.4344	0.4362	0.0000	0.0000
0.4354	0.4372	0.0000	0.0000
0.4364	0.4382	0.0000	0.0000
0.4374	0.4392	0.0000	0.0000
0.4384	0.4403	0.0000	0.0000
0.4394	0.4413	0.0000	0.0000
0.4404	0.4423	0.0000	0.0000
0.4414	0.4434	0.0000	0.0000
0.4424	0.4444	0.0000	0.0000
0.4434	0.4454	0.0000	0.0000
0.4444	0.4465	0.0000	0.0000
0.4454	0.4475	0.0000	0.0000
0.4464	0.4485	0.0000	0.0000
0.4474	0.4496	0.0000	0.0000
0.4484	0.4506	0.0000	0.0000
0.4494	0.4517	0.0000	0.0000
0.4505	0.4527	0.0000	0.0000
0.4515	0.4538	0.0000	0.0000
0.4525	0.4548	0.0000	0.0000
0.4535	0.4559	0.0000	0.0000
0.4545	0.4569	0.0000	0.0000
0.4555	0.4580	0.0000	0.0000
0.4565	0.4591	0.0000	0.0000
0.4575	0.4601	0.0000	0.0000
0.4585	0.4612	0.0000	0.0000
0.4595	0.4623	0.0000	0.0000
0.4605	0.4633	0.0000	0.0000
0.4615	0.4644	0.0000	0.0000
0.4625	0.4655	0.0000	0.0000
0.4635	0.4665	0.0000	0.0000
0.4645	0.4676	0.0000	0.0000
0.4655	0.4687	0.0000	0.0000
0.4665	0.4698	0.0000	0.0000
0.4675	0.4709	0.0000	0.0000
0.4685	0.4719	0.0000	0.0000
0.4695	0.4730	0.0000	0.0000
0.4705	0.4741	0.0000	0.0000
0.4715	0.4752	0.0000	0.0000
0.4725	0.4763	0.0000	0.0000
0.4735	0.4774	0.0000	0.0000
0.4745	0.4785	0.0000	0.0000
0.4755	0.4796	0.0000	0.0000
0.4765	0.4807	0.0000	0.0000
0.4775	0.4818	0.0000	0.0000
0.4785	0.4829	0.0000	0.0000
0.4795	0.4840	0.0000	0.0000
0.4805	0.4851	0.0000	0.0000
0.4815	0.4862	0.0000	0.0000
0.4825	0.4873	0.0000	0.0000
0.4835	0.4885	0.0000	0.0000
0.4845	0.4896	0.0000	0.0000
0.4855	0.4907	0.0000	0.0000
0.4865	0.4918	0.0000	0.0000
0.4875	0.4929	0.0000	0.0000
0.4885	0.4941	0.0000	0.0000
0.4895	0.4952	0.0000	0.0000
0.4905	0.4963	0.0000	0.0000
0.4915	0.4975	0.0000	0.0000
0.4925	0.4986	0.0000	0.0000
0.4935	0.4997	0.0000	0.0000
0.4945	0.5009	0.0000	0.0000
0.4955	0.5020	0.0000	0.0000
0.4965	0.5032	0.0000	0.0000
0.4975	0.5043	0.0000	0.0000
0.4985	0.5055	0.0000	0.0000
0.4995	0.5066	0.0000	0.0000
0.5005	0.5083	0.0000	0.0000
0.5015	0.5104	0.0000	0.0000
0.5025	0.5125	0.0000	0.0000
0.5035	0.5146	0.0000	0.0000
0.5045	0.5167	0.0000	0.0000
0.5055	0.5187	0.0000	0.0000
0.5065	0.5208	0.0000	0.0000
0.5075	0.5229	0.0000	0.0000
0.5085	0.5249	0.0000	0.0000
0.5095	0.5269	0.0000	0.0000
0.5105	0.5290	0.0000	0.0000
0.5115	0.5310	0.0000	0.0000
0.5125	0.5330	0.0000	0.0000
0.5135	0.5350	0.0000	0.0000
0.5145	0.5369	0.0000	0.0000
0.5155	0.5389	0.0000	0.0000
0.5165	0.5409	0.0000	0.0000
0.5175	0.5428	0.0000	0.0000
0.5185	0.5448	0.0000	0.0000
0.5195	0.5467	0.0000	0.0000
0.5205	0.5486	0.0000	0.0000
0.5215	0.5506	0.0000	0.0000
0.5225	0.5525	0.0000	0.0000
0.5235	0.5544	0.0000	0.0000
0.5245	0.5562	0.0000	0.0000
0.5255	0.5581	0.0000	0.0000
0.5265	0.5600	0.0000	0.0000
0.5275	0.5619	0.0000	0.0000
0.5285	0.5637	0.0000	0.0000
0.5295	0.5655	0.0000	0.0000
0.5305	0.5674	0.0000	0.0000
0.5315	0.5692	0.0000	0.0000
0.5325	0.5710	0.0000	0.0000
0.5335	0.5728	0.0000	0.0000
0.5345	0.5746	0.0000	0.0000
0.5355	0.5764	0.0000	0.0000
0.5365	0.5782	0.0000	0.0000
0.5375	0.5800	0.0000	0.0000
0.5385	0.5817	0.0000	0.0000
0.5395	0.5835	0.0000	0.0000
0.5405	0.5853	0.0000	0.0000
0.5415	0.5870	0.0000	0.0000
0.5425	0.5887	0.0000	0.0000
0.5435	0.5904	0.0000	0.0000
0.5445	0.5922	0.0000	0.0000
0.5455	0.5939	0.0000	0.0000
0.5465	0.5956	0.0000	0.0000
0.5475	0.5973	0.0000	0.0000
0.5485	0.5989	0.0000	0.0000
0.5495	0.6006	0.0000	0.0000
0.5506	0.6023	0.0000	0.0000
0.5516	0.6039	0.0000	0.0000
0.5526	0.6056	0.0000	0.0000
0.5536	0.6072	0.0000	0.0000
0.5546	0.6089	0.0000	0.0000
0.5556	0.6105	0.0000	0.0000
0.5566	0.6121	0.0000	0.0000
0.5576	0.6137	0.0000	0.0000
0.5586	0.6154	0.0000	0.0000
0.5596	0.6169	0.0000	0.0000
0.5606	0.6185	0.0000	0.0000
0.5616	0.6201	0.0000	0.0000
0.5626	0.6217	0.0000	0.0000
0.5636	0.6233	0.0000	0.0000
0.5646	0.6248	0.0000	0.0000
0.5656	0.6264	0.0000	0.0000
0.5666	0.6279	0.0000	0.0000
0.5676	0.6295	0.0000	0.0000
0.5686	0.6310	0.0000	0.0000
0.5696	0.6325	0.0000	0.0000
0.5706	0.6341	0.0000	0.0000
0.5716	0.6356	0.0000	0.0000
0.5726	0.6371	0.0000	0.0000
0.5736	0.6386	0.0000	0.0000
0.5746	0.6401	0.0000	0.0000
0.5756	0.6415	0.0000	0.0000
0.5766	0.6430	0.0000	0.0000
0.5776	0.6445	0.0000	0.0000
0.5786	0.6460	0.0000	0.0000
0.5796	0.6474	0.0000	0.0000
0.5806	0.6489	0.0000	0.0000
0.5816	0.6503	0.0000	0.0000
0.5826	0.6517	0.0000	0.0000
0.5836	0.6532	0.0000	0.0000
0.5846	0.6546	0.0000	0.0000
0.5856	0.6560	0.0000	0.0000
0.5866	0.6574	0.0000	0.0000
0.5876	0.6588	0.0000	0.0000
0.5886	0.6602	0.0000	0.0000
0.5896	0.6616	0.0000	0.0000
0.5906	0.6630	0.0000	0.0000
0.5916	0.6644	0.0000	0.0000
0.5926	0.6658	0.0000	0.0000
0.5936	0.6671	0.0000	0.0000
0.5946	0.6685	0.0000	0.0000
0.5956	0.6699	0.0000	0.0000
0.5966	0.6712	0.0000	0.0000
0.5976	0.6725	0.0000	0.0000
0.5986	0.6739	0.0000	0.0000
0.5996	0.6752	0.0000	0.0000
0.6006	0.6765	0.0000	0.0000
0.6016	0.6779	0.0000	0.0000
0.6026	0.6792	0.0000	0.0000
0.6036	0.6805	0.0000	0.0000
0.6046	0.6818	0.0000	0.0000
0.6056	0.6831	0.0000	0.0000
0.6066	0.6844	0.0000	0.0000
0.6076	0.6856	0.0000	0.0000
0.6086	0.6869	0.0000	0.0000
0.6096	0.6882	0.0000	0.0000
0.6106	0.6895	0.0000	0.0000
0.6116	0.6907	0.0000	0.0000
0.6126	0.6920	0.0000	0.0000
0.6136	0.6932	0.0000	0.0000
0.6146	0.6945	0.0000	0.0000
0.6156	0.6957	0.0000	0.0000
0.6166	0.6969	0.0000	0.0000
0.6176	0.6982	0.0000	0.0000
0.6186	0.6994	0.0000	0.0000
0.6196	0.7006	0.0000	0.0000
0.6206	0.7018	0.0000	0.0000
0.6216	0.7030	0.0000	0.0000
0.6226	0.7042	0.0000	0.0000
0.6236	0.7054	0.0000	0.0000
0.6246	0.7066	0.0000	0.0000
0.6256	0.7078	0.0000	0.0000
0.6266	0.7090	0.0000	0.0000
0.6276	0.7102	0.0000	0.0000
0.6286	0.7113	0.0000	0.0000
0.6296	0.7125	0.0000	0.0000
0.6306	0.7137	0.0000	0.0000
0.6316	0.7148	0.0000	0.0000
0.6326	0.7160	0.0000	0.0000
0.6336	0.7171	0.0000	0.0000
0.6346	0.7182	0.0000	0.0000
0.6356	0.7194	0.0000	0.0000
0.6366	0.7205	0.0000	0.0000
0.6376	0.7216	0.0000	0.0000
0.6386	0.7228	0.0000	0.0000
0.6396	0.7239	0.0000	0.0000
0.6406	0.7250	0.0000	0.0000
0.6416	0.7261	0.0000	0.0000
0.6426	0.7272	0.0000	0.0000
0.6436	0.7283	0.0000	0.0000
0.6446	0.7294	0.0000	0.0000
0.6456	0.7305	0.0000	0.0000
0.6466	0.7315	0.0000	0.0000
0.6476	0.7326	0.0000	0.0000
0.6486	0.7337	0.0000	0.0000
0.6496	0.7348	0.0000	0.0000
0.6507	0.7358	0.0000	0.0000
0.6517	0.7369	0.0000	0.0000
0.6527	0.7379	0.0000	0.0000
0.6537	0.7390	0.0000	0.0000
0.6547	0.7400	0.0000	0.0000
0.6557	0.7411	0.0000	0.0000
0.6567	0.7421	0.0000	0.0000
0.6577	0.7431	0.0000	0.0000
0.6587	0.7442	0.0000	0.0000
0.6597	0.7452	0.0000	0.0000
0.6607	0.7462	0.0000	0.0000
0.6617	0.7472	0.0000	0.0000
0.6627	0.7482	0.0000	0.0000
0.6637	0.7492	0.0000	0.0000
0.6647	0.7502	0.0000	0.0000
0.6657	0.7512	0.0000	0.0000
0.6667	0.7522	0.0000	0.0000
0.6677	0.7532	0.0000	0.0000
0.6687	0.7542	0.0000	0.0000
0.6697	0.7552	0.0000	0.0000
0.6707	0.7561	0.0000	0.0000
0.6717	0.7571	0.0000	0.0000
0.6727	0.7581	0.0000	0.0000
0.6737	0.7590	0.0000	0.0000
0.6747	0.7600	0.0000	0.0000
0.6757	0.7610	0.0000	0.0000
0.6767	0.7619	0.0000	0.0000
0.6777	0.7629	0.0000	0.0000
0.6787	0.7638	0.0000	0.0000
0.6797	0.7647	0.0000	0.0000
0.6807	0.7657	0.0000	0.0000
0.6817	0.7666	0.0000	0.0000
0.6827	0.7675	0.0000	0.0000
0.6837	0.7685	0.0000	0.0000
0.6847	0.7694	0.0000	0.0000
0.6857	0.7703	0.0000	0.0000
0.6867	0.7712	0.0000	0.0000
0.6877	0.7721	0.0000	0.0000
0.6887	0.7730	0.0000	0.0000
0.6897	0.7739	0.0000	0.0000
0.6907	0.7748	0.0000	0.0000
0.6917	0.7757	0.0000	0.0000
0.6927	0.7766	0.0000	0.0000
0.6937	0.7775	0.0000	0.0000
0.6947	0.7784	0.0000	0.0000
0.6957	0.7792	0.0000	0.0000
0.6967	0.7801	0.0000	0.0000
0.6977	0.7810	0.0000	0.0000
0.6987	0.7819	0.0000	0.0000
0.6997	0.7827	0.0000	0.0000
0.7007	0.7836	0.0000	0.0000
0.7017	0.7844	0.0000	0.0000
0.7027	0.7853	0.0000	0.0000
0.7037	0.7861	0.0000	0.0000
0.7047	0.7870	0.0000	0.0000
0.7057	0.7878	0.0000	0.0000
0.7067	0.7887	0.0000	0.0000
0.7077	0.7895	0.0000	0.0000
0.7087	0.7903	0.0000	0.0000
0.7097	0.7912	0.0000	0.0000
0.7107	0.7920	0.0000	0.0000
0.7117	0.7928	0.0000	0.0000
0.7127	0.7936	0.0000	0.0000
0.7137	0.7944	0.0000	0.0000
0.7147	0.7952	0.0000	0.0000
0.7157	0.7961	0.0000	0.0000
0.7167	0.7969	0.0000	0.0000
0.7177	0.7977	0.0000	0.0000
0.7187	0.7985	0.0000	0.0000
0.7197	0.7993	0.0000	0.0000
0.7207	0.8000	0.0000	0.0000
0.7217	0.8008	0.0000	0.0000
0.7227	0.8016	0.0000	0.0000
0.7237	0.8024	0.0000	0.0000
0.7247	0.8032	0.0000	0.0000
0.7257	0.8040	0.0000	0.0000
0.7267	0.8047	0.0000	0.0000
0.7277	0.8055	0.0000	0.0000
0.7287	0.8063	0.0000	0.0000
0.7297	0.8070	0.0000	0.0000
0.7307	0.8078	0.0000	0.0000
0.7317	0.8085	0.0000	0.0000
0.7327	0.8093	0.0000	0.0000
0.7337	0.8100	0.0000	0.0000
0.7347	0.8108	0.0000	0.0000
0.7357	0.8115	0.0000	0.0000
0.7367	0.8123	0.0000	0.0000
0.7377	0.8130	0.0000	0.0000
0.7387	0.8137	0.0000	0.0000
0.7397	0.8145	0.0000	0.0000
0.7407	0.8152	0.0000	0.0000
0.7417	0.8159	0.0000	0.0000
0.7427	0.8167	0.0000	0.0000
0.7437	0.8174	0.0000	0.0000
0.7447	0.8181	0.0000	0.0000
0.7457	0.8188	0.0000	0.0000
0.7467	0.8195	0.0000	0.0000
0.7477	0.8202	0.0000	0.0000
0.7487	0.8209	0.0000	0.0000
0.7497	0.8216	0.0000	0.0000
0.7508	0.8223	0.0000	0.0000
0.7518	0.8230	0.0000	0.0000
0.7528	0.8237	0.0000	0.0000
0.7538	0.8244	0.0000	0.0000
0.7548	0.8251	0.0000	0.0000
0.7558	0.8258	0.0000	0.0000
0.7568	0.8265	0.0000	0.0000
0.7578	0.8272	0.0000	0.0000
0.7588	0.8278	0.0000	0.0000
0.7598	0.8285	0.0000	0.0000
0.7608	0.8292	0.0000	0.0000
0.7618	0.8299	0.0000	0.0000
0.7628	0.8305	0.0000	0.0000
0.7638	0.8312	0.0000	0.0000
0.7648	0.8319	0.0000	0.0000
0.7658	0.8325	0.0000	0.0000
0.7668	0.8332	0.0000	0.0000
0.7678	0.8338	0.0000	0.0000
0.7688	0.8345	0.0000	0.0000
0.7698	0.8351	0.0000	0.0000
0.7708	0.8358	0.0000	0.0000
0.7718	0.8364	0.0000	0.0000
0.7728	0.8371	0.0000	0.0000
0.7738	0.8377	0.0000	0.0000
0.7748	0.8383	0.0000	0.0000
0.7758	0.8390	0.0000	0.0000
0.7768	0.8396	0.0000	0.0000
0.7778	0.8402	0.0000	0.0000
0.7788	0.8409	0.0000	0.0000
0.7798	0.8415	0.0000	0.0000
0.7808	0.8421	0.0000	0.0000
0.7818	0.8427	0.0000	0.0000
0.7828	0.8433	0.0000	0.0000
0.7838	0.8440	0.0000	0.0000
0.7848	0.8446	0.0000	0.0000
0.7858	0.8452	0.0000	0.0000
0.7868	0.8458	0.0000	0.0000
0.7878	0.8464	0.0000	0.0000
0.7888	0.8470	0.0000	0.0000
0.7898	0.8476	0.0000	0.0000
0.7908	0.8482	0.0000	0.0000
0.7918	0.8488	0.0000	0.0000
0.7928	0.8494	0.0000	0.0000
0.7938	0.8500	0.0000	0.0000
0.7948	0.8506	0.0000	0.0000
0.7958	0.8511	0.0000	0.0000
0.7968	0.8517	0.0000	0.0000
0.7978	0.8523	0.0000	0.0000
0.7988	0.8529	0.0000	0.0000
0.7998	0.8535	0.0000	0.0000
0.8008	0.8540	0.0000	0.0000
0.8018	0.8546	0.0000	0.0000
0.8028	0.8552	0.0000	0.0000
0.8038	0.8558	0.0000	0.0000
0.8048	0.8563	0.0000	0.0000
0.8058	0.8569	0.0000	0.0000
0.8068	0.8575	0.0000	0.0000
0.8078	0.8580	0.0000	0.0000
0.8088	0.8586	0.0000	0.0000
0.8098	0.8591	0.0000	0.0000
0.8108	0.8597	0.0000	0.0000
0.8118	0.8602	0.0000	0.0000
0.8128	0.8608	0.0000	0.0000
0.8138	0.8613	0.0000	0.0000
0.8148	0.8619	0.0000	0.0000
0.8158	0.8624	0.0000	0.0000
0.8168	0.8630	0.0000	0.0000
0.8178	0.8635	0.0000	0.0000
0.8188	0.8640	0.0000	0.0000
0.8198	0.8646	0.0000	0.0000
0.8208	0.8651	0.0000	0.0000
0.8218	0.8656	0.0000	0.0000
0.8228	0.8662	0.0000	0.0000
0.8238	0.8667	0.0000	0.0000
0.8248	0.8672	0.0000	0.0000
0.8258	0.8677	0.0000	0.0000
0.8268	0.8683	0.0000	0.0000
0.8278	0.8688	0.0000	0.0000
0.8288	0.8693	0.0000	0.0000
0.8298	0.8698	0.0000	0.0000
0.8308	0.8703	0.0000	0.0000
0.8318	0.8708	0.0000	0.0000
0.8328	0.8713	0.0000	0.0000
0.8338	0.8718	0.0000	0.0000
0.8348	0.8724	0.0000	0.0000
0.8358	0.8729	0.0000	0.0000
0.8368	0.8734	0.0000	0.0000
0.8378	0.8739	0.0000	0.0000
0.8388	0.8744	0.0000	0.0000
0.8398	0.8749	0.0000	0.0000
0.8408	0.8753	0.0000	0.0000
0.8418	0.8758	0.0000	0.0000
0.8428	0.8763	0.0000	0.0000
0.8438	0.8768	0.0000	0.0000
0.8448	0.8773	0.0000	0.0000
0.8458	0.8778	0.0000	0.0000
0.8468	0.8783	0.0000	0.0000
0.8478	0.8788	0.0000	0.0000
0.8488	0.8792	0.0000	0.0000
0.8498	0.8797	0.0000	0.0000
0.8509	0.8802	0.0000	0.0000
0.8519	0.8807	0.0000	0.0000
0.8529	0.8811	0.0000	0.0000
0.8539	0.8816	0.0000	0.0000
0.8549	0.8821	0.0000	0.0000
0.8559	0.8825	0.0000	0.0000
0.8569	0.8830	0.0000	0.0000
0.8579	0.8835	0.0000	0.0000
0.8589	0.8839	0.0000	0.0000
0.8599	0.8844	0.0000	0.0000
0.8609	0.8849	0.0000	0.0000
0.8619	0.8853	0.0000	0.0000
0.8629	0.8858	0.0000	0.0000
0.8639	0.8862	0.0000	0.0000
0.8649	0.8867	0.0000	0.0000
0.8659	0.8871	0.0000	0.0000
0.8669	0.8876	0.0000	0.0000
0.8679	0.8880	0.0000	0.0000
0.8689	0.8885	0.0000	0.0000
0.8699	0.8889	0.0000	0.0000
0.8709	0.8894	0.0000	0.0000
0.8719	0.8898	0.0000	0.0000
0.8729	0.8903	0.0000	0.0000
0.8739	0.8907	0.0000	0.0000
0.8749	0.8911	0.0000	0.0000
0.8759	0.8916	0.0000	0.0000
0.8769	0.8920	0.0000	0.0000
0.8779	0.8924	0.0000	0.0000
0.8789	0.8929	0.0000	0.0000
0.8799	0.8933	0.0000	0.0000
0.8809	0.8937	0.0000	0.0000
0.8819	0.8941	0.0000	0.0000
0.8829	0.8946	0.0000	0.0000
0.8839	0.8950	0.0000	0.0000
0.8849	0.8954	0.0000	0.0000
0.8859	0.8958	0.0000	0.0000
0.8869	0.8963	0.0000	0.0000
0.8879	0.8967	0.0000	0.0000
0.8889	0.8971	0.0000	0.0000
0.8899	0.8975	0.0000	0.0000
0.8909	0.8979	0.0000	0.0000
0.8919	0.8983	0.0000	0.0000
0.8929	0.8988	0.0000	0.0000
0.8939	0.8992	0.0000	0.0000
0.8949	0.8996	0.0000	0.0000
0.8959	0.9000	0.0000	0.0000
0.8969	0.9004	0.0000	0.0000
0.8979	0.9008	0.0000	0.0000
0.8989	0.9012	0.0000	0.0000
0.8999	0.9016	0.0000	0.0000
0.9009	0.9020	0.0000	0.0000
0.9019	0.9024	0.0000	0.0000
0.9029	0.9028	0.0000	0.0000
0.9039	0.9032	0.0000	0.0000
0.9049	0.9036	0.0000	0.0000
0.9059	0.9040	0.0000	0.0000
0.9069	0.9044	0.0000	0.0000
0.9079	0.9048	0.0000	0.0000
0.9089	0.9052	0.0000	0.0000
0.9099	0.9055	0.0000	0.0000
0.9109	0.9059	0.0000	0.0000
0.9119	0.9063	0.0000	0.0000
0.9129	0.9067	0.0000	0.0000
0.9139	0.9071	0.0000	0.0000
0.9149	0.9075	0.0000	0.0000
0.9159	0.9078	0.0000	0.0000
0.9169	0.9082	0.0000	0.0000
0.9179	0.9086	0.0000	0.0000
0.9189	0.9090	0.0000	0.0000
0.9199	0.9094	0.0000	0.0000
0.9209	0.9097	0.0000	0.0000
0.9219	0.9101	0.0000	0.0000
0.9229	0.9105	0.0000	0.0000
0.9239	0.9109	0.0000	0.0000
0.9249	0.9112	0.0000	0.0000
0.9259	0.9116	0.0000	0.0000
0.9269	0.9120	0.0000	0.0000
0.9279	0.9123	0.0000	0.0000
0.9289	0.9127	0.0000	0.0000
0.9299	0.9131	0.0000	0.0000
0.9309	0.9134	0.0000	0.0000
0.9319	0.9138	0.0000	0.0000
0.9329	0.9142	0.0000	0.0000
0.9339	0.9145	0.0000	0.0000
0.9349	0.9149	0.0000	0.0000
0.9359	0.9152	0.0000	0.0000
0.9369	0.9156	0.0000	0.0000
0.9379	0.9160	0.0000	0.0000
0.9389	0.9163	0.0000	0.0000
0.9399	0.9167	0.0000	0.0000
0.9409	0.9170	0.0000	0.0000
0.9419	0.9174	0.0000	0.0000
0.9429	0.9177	0.0000	0.0000
0.9439	0.9181	0.0000	0.0000
0.9449	0.9184	0.0000	0.0000
0.9459	0.9188	0.0000	0.0000
0.9469	0.9191	0.0000	0.0000
0.9479	0.9195	0.0000	0.0000
0.9489	0.9198	0.0000	0.0000
0.9499	0.9202	0.0000	0.0000
0.9510	0.9205	0.0000	0.0000
0.9520	0.9209	0.0000	0.0000
0.9530	0.9212	0.0000	0.0000
0.9540	0.9215	0.0000	0.0000
0.9550	0.9219	0.0000	0.0000
0.9560	0.9222	0.0000	0.0000
0.9570	0.9226	0.0000	0.0000
0.9580	0.9229	0.0000	0.0000
0.9590	0.9232	0.0000	0.0000
0.9600	0.9236	0.0000	0.0000
0.9610	0.9239	0.0000	0.0000
0.9620	0.9242	0.0000	0.0000
0.9630	0.9246	0.0000	0.0000
0.9640	0.9249	0.0000	0.0000
0.9650	0.9252	0.0000	0.0000
0.9660	0.9256	0.0000	0.0000
0.9670	0.9259	0.0000	0.0000
0.9680	0.9262	0.0000	0.0000
0.9690	0.9266	0.0000	0.0000
0.9700	0.9269	0.0000	0.0000
0.9710	0.9272	0.0000	0.0000
0.9720	0.9276	0.0000	0.0000
0.9730	0.9279	0.0000	0.0000
0.9740	0.9282	0.0000	0.0000
0.9750	0.9285	0.0000	0.0000
0.9760	0.9289	0.0000	0.0000
0.9770	0.9292	0.0000	0.0000
0.9780	0.9295	0.0000	0.0000
0.9790	0.9298	0.0000	0.0000
0.9800	0.9302	0.0000	0.0000
0.9810	0.9305	0.0000	0.0000
0.9820	0.9308	0.0000	0.0000
0.9830	0.9311	0.0000	0.0000
0.9840	0.9314	0.0000	0.0000
0.9850	0.9318	0.0000	0.0000
0.9860	0.9321	0.0000	0.0000
0.9870	0.9324	0.0000	0.0000
0.9880	0.9327	0.0000	0.0000
0.9890	0.9330	0.0000	0.0000
0.9900	0.9333	0.0000	0.0000
0.9910	0.9337	0.0000	0.0000
0.9920	0.9340	0.0000	0.0000
0.9930	0.9343	0.0000	0.0000
0.9940	0.9346	0.0000	0.0000
0.9950	0.9349	0.0000	0.0000
0.9960	0.9352	0.0000	0.0000
0.9970	0.9356	0.0000	0.0000
0.9980	0.9359	0.0000	0.0000
0.9990	0.9362	0.0000	0.0000
1.0000	0.9365	0.0000	0.0000
0.9029
