0.0000	0.0816	0.0000	0.0000
0.0010	0.0824	0.0000	0.0000
0.0020	0.0832	0.0000	0.0000
0.0030	0.0841	0.0000	0.0000
0.0040	0.0849	0.0000	0.0000
0.0050	0.0857	0.0000	0.0000
0.0060	0.0866	0.0000	0.0000
0.0070	0.0874	0.0000	0.0000
0.0080	0.0882	0.0000	0.0000
0.0090	0.0890	0.0000	0.0000
0.0100	0.0899	0.0000	0.0000
0.0110	0.0907	0.0000	0.0000
0.0120	0.0915	0.0000	0.0000
0.0130	0.0924	0.0000	0.0000
0.0140	0.0932	0.0000	0.0000
0.0150	0.0940	0.0000	0.0000
0.0160	0.0948	0.0000	0.0000
0.0170	0.0957	0.0000	0.0000
0.0180	0.0965	0.0000	0.0000
0.0190	0.0973	0.0000	0.0000
0.0200	0.0981	0.0000	0.0000
0.0210	0.0990	0.0000	0.0000
0.0220	0.0998	0.0000	0.0000
0.0230	0.1006	0.0000	0.0000
0.0240	0.1014	0.0000	0.0000
0.0250	0.1023	0.0000	0.0000
0.0260	0.1031	0.0000	0.0000
0.0270	0.1039	0.0000	0.0000
0.0280	0.1047	0.0000	0.0000
0.0290	0.1056	0.0000	0.0000
0.0300	0.1064	0.0000	0.0000
0.0310	0.1072	0.0000	0.0000
0.0320	0.1080	0.0000	0.0000
0.0330	0.1089	0.0000	0.0000
0.0340	0.1097	0.0000	0.0000
0.0350	0.1105	0.0000	0.0000
0.0360	0.1113	0.0000	0.0000
0.0370	0.1121	0.0000	0.0000
0.0380	0.1130	0.0000	0.0000
0.0390	0.1138	0.0000	0.0000
0.0400	0.1146	0.0000	0.0000
0.0410	0.1154	0.0000	0.0000
0.0420	0.1163	0.0000	0.0000
0.0430	0.1171	0.0000	0.0000
0.0440	0.1179	0.0000	0.0000
0.0450	0.1187	0.0000	0.0000
0.0460	0.1195	0.0000	0.0000
0.0470	0.1204	0.0000	0.0000
0.0480	0.1212	0.0000	0.0000
0.0490	0.1220	0.0000	0.0000
0.0501	0.1228	0.0000	0.0000
0.0511	0.1236	0.0000	0.0000
0.0521	0.1245	0.0000	0.0000
0.0531	0.1253	0.0000	0.0000
0.0541	0.1261	0.0000	0.0000
0.0551	0.1269	0.0000	0.0000
0.0561	0.1277	0.0000	0.0000
0.0571	0.1286	0.0000	0.0000
0.0581	0.1294	0.0000	0.0000
0.0591	0.1302	0.0000	0.0000
0.0601	0.1310	0.0000	0.0000
0.0611	0.1318	0.0000	0.0000
0.0621	0.1326	0.0000	0.0000
0.0631	0.1335	0.0000	0.0000
0.0641	0.1343	0.0000	0.0000
0.0651	0.1351	0.0000	0.0000
0.0661	0.1359	0.0000	0.0000
0.0671	0.1367	0.0000	0.0000
0.0681	0.1375	0.0000	0.0000
0.0691	0.1384	0.0000	0.0000
0.0701	0.1392	0.0000	0.0000
0.0711	0.1400	0.0000	0.0000
0.0721	0.1408	0.0000	0.0000
0.0731	0.1416	0.0000	0.0000
0.0741	0.1425	0.0000	0.0000
0.0751	0.1433	0.0000	0.0000
0.0761	0.1441	0.0000	0.0000
0.0771	0.1449	0.0000	0.0000
0.0781	0.1457	0.0000	0.0000
0.0791	0.1465	0.0000	0.0000
0.0801	0.1473	0.0000	0.0000
0.0811	0.1482	0.0000	0.0000
0.0821	0.1490	0.0000	0.0000
0.0831	0.1498	0.0000	0.0000
0.0841	0.1506	0.0000	0.0000
0.0851	0.1514	0.0000	0.0000
0.0861	0.1522	0.0000	0.0000
0.0871	0.1531	0.0000	0.0000
0.0881	0.1539	0.0000	0.0000
0.0891	0.1547	0.0000	0.0000
0.0901	0.1555	0.0000	0.0000
0.0911	0.1563	0.0000	0.0000
0.0921	0.1571	0.0000	0.0000
0.0931	0.1579	0.0000	0.0000
0.0941	0.1588	0.0000	0.0000
0.0951	0.1596	0.0000	0.0000
0.0961	0.1604	0.0000	0.0000
0.0971	0.1612	0.0000	0.0000
0.0981	0.1620	0.0000	0.0000
0.0991	0.1628	0.0000	0.0000
0.1001	0.1636	0.0000	0.0000
0.1011	0.1645	0.0000	0.0000
0.1021	0.1653	0.0000	0.0000
0.1031	0.1661	0.0000	0.0000
0.1041	0.1669	0.0000	0.0000
0.1051	0.1677	0.0000	0.0000
0.1061	0.1685	0.0000	0.0000
0.1071	0.1693	0.0000	0.0000
0.1081	0.1702	0.0000	0.0000
0.1091	0.1710	0.0000	0.0000
0.1101	0.1718	0.0000	0.0000
0.1111	0.1726	0.0000	0.0000
0.1121	0.1734	0.0000	0.0000
0.1131	0.1742	0.0000	0.0000
0.1141	0.1750	0.0000	0.0000
0.1151	0.1758	0.0000	0.0000
0.1161	0.1767	0.0000	0.0000
0.1171	0.1775	0.0000	0.0000
0.1181	0.1783	0.0000	0.0000
0.1191	0.1791	0.0000	0.0000
0.1201	0.1799	0.0000	0.0000
0.1211	0.1807	0.0000	0.0000
0.1221	0.1815	0.0000	0.0000
0.1231	0.1824	0.0000	0.0000
0.1241	0.1832	0.0000	0.0000
0.1251	0.1840	0.0000	0.0000
0.1261	0.1848	0.0000	0.0000
0.1271	0.1856	0.0000	0.0000
0.1281	0.1864	0.0000	0.0000
0.1291	0.1872	0.0000	0.0000
0.1301	0.1880	0.0000	0.0000
0.1311	0.1889	0.0000	0.0000
0.1321	0.1897	0.0000	0.0000
0.1331	0.1905	0.0000	0.0000
0.1341	0.1913	0.0000	0.0000
0.1351	0.1921	0.0000	0.0000
0.1361	0.1929	0.0000	0.0000
0.1371	0.1937	0.0000	0.0000
0.1381	0.1945	0.0000	0.0000
0.1391	0.1954	0.0000	0.0000
0.1401	0.1962	0.0000	0.0000
0.1411	0.1970	0.0000	0.0000
0.1421	0.1978	0.0000	0.0000
0.1431	0.1986	0.0000	0.0000
0.1441	0.1994	0.0000	0.0000
0.1451	0.2002	0.0000	0.0000
0.1461	0.2010	0.0000	0.0000
0.1471	0.2019	0.0000	0.0000
0.1481	0.2027	0.0000	0.0000
0.1491	0.2035	0.0000	0.0000
0.1502	0.2043	0.0000	0.0000
0.1512	0.2051	0.0000	0.0000
0.1522	0.2059	0.0000	0.0000
0.1532	0.2067	0.0000	0.0000
0.1542	0.2075	0.0000	0.0000
0.1552	0.2084	0.0000	0.0000
0.1562	0.2092	0.0000	0.0000
0.1572	0.2100	0.0000	0.0000
0.1582	0.2108	0.0000	0.0000
0.1592	0.2116	0.0000	0.0000
0.1602	0.2124	0.0000	0.0000
0.1612	0.2132	0.0000	0.0000
0.1622	0.2141	0.0000	0.0000
0.1632	0.2149	0.0000	0.0000
0.1642	0.2157	0.0000	0.0000
0.1652	0.2165	0.0000	0.0000
0.1662	0.2173	0.0000	0.0000
0.1672	0.2181	0.0000	0.0000
0.1682	0.2189	0.0000	0.0000
0.1692	0.2197	0.0000	0.0000
0.1702	0.2206	0.0000	0.0000
0.1712	0.2214	0.0000	0.0000
0.1722	0.2222	0.0000	0.0000
0.1732	0.2230	0.0000	0.0000
0.1742	0.2238	0.0000	0.0000
0.1752	0.2246	0.0000	0.0000
0.1762	0.2254	0.0000	0.0000
0.1772	0.2263	0.0000	0.0000
0.1782	0.2271	0.0000	0.0000
0.1792	0.2279	0.0000	0.0000
0.1802	0.2287	0.0000	0.0000
0.1812	0.2295	0.0000	0.0000
0.1822	0.2303	0.0000	0.0000
0.1832	0.2311	0.0000	0.0000
0.1842	0.2320	0.0000	0.0000
0.1852	0.2328	0.0000	0.0000
0.1862	0.2336	0.0000	0.0000
0.1872	0.2344	0.0000	0.0000
0.1882	0.2352	0.0000	0.0000
0.1892	0.2360	0.0000	0.0000
0.1902	0.2369	0.0000	0.0000
0.1912	0.2377	0.0000	0.0000
0.1922	0.2385	0.0000	0.0000
0.1932	0.2393	0.0000	0.0000
0.1942	0.2401	0.0000	0.0000
0.1952	0.2409	0.0000	0.0000
0.1962	0.2418	0.0000	0.0000
0.1972	0.2426	0.0000	0.0000
0.1982	0.2434	0.0000	0.0000
0.1992	0.2442	0.0000	0.0000
0.2002	0.2450	0.0000	0.0000
0.2012	0.2458	0.0000	0.0000
0.2022	0.2467	0.0000	0.0000
0.2032	0.2475	0.0000	0.0000
0.2042	0.2483	0.0000	0.0000
0.2052	0.2491	0.0000	0.0000
0.2062	0.2499	0.0000	0.0000
0.2072	0.2507	0.0000	0.0000
0.2082	0.2516	0.0000	0.0000
0.2092	0.2524	0.0000	0.0000
0.2102	0.2532	0.0000	0.0000
0.2112	0.2540	0.0000	0.0000
0.2122	0.2548	0.0000	0.0000
0.2132	0.2557	0.0000	0.0000
0.2142	0.2565	0.0000	0.0000
0.2152	0.2573	0.0000	0.0000
0.2162	0.2581	0.0000	0.0000
0.2172	0.2589	0.0000	0.0000
0.2182	0.2597	0.0000	0.0000
0.2192	0.2606	0.0000	0.0000
0.2202	0.2614	0.0000	0.0000
0.2212	0.2622	0.0000	0.0000
0.2222	0.2630	0.0000	0.0000
0.2232	0.2639	0.0000	0.0000
0.2242	0.2647	0.0000	0.0000
0.2252	0.2655	0.0000	0.0000
0.2262	0.2663	0.0000	0.0000
0.2272	0.2671	0.0000	0.0000
0.2282	0.2680	0.0000	0.0000
0.2292	0.2688	0.0000	0.0000
0.2302	0.2696	0.0000	0.0000
0.2312	0.2704	0.0000	0.0000
0.2322	0.2712	0.0000	0.0000
0.2332	0.2721	0.0000	0.0000
0.2342	0.2729	0.0000	0.0000
0.2352	0.2737	0.0000	0.0000
0.2362	0.2745	0.0000	0.0000
0.2372	0.2754	0.0000	0.0000
0.2382	0.2762	0.0000	0.0000
0.2392	0.2770	0.0000	0.0000
0.2402	0.2778	0.0000	0.0000
0.2412	0.2787	0.0000	0.0000
0.2422	0.2795	0.0000	0.0000
0.2432	0.2803	0.0000	0.0000
0.2442	0.2811	0.0000	0.0000
0.2452	0.2820	0.0000	0.0000
0.2462	0.2828	0.0000	0.0000
0.2472	0.2836	0.0000	0.0000
0.2482	0.2844	0.0000	0.0000
0.2492	0.2853	0.0000	0.0000
0.2503	0.2861	0.0000	0.0000
0.2513	0.2869	0.0000	0.0000
0.2523	0.2878	0.0000	0.0000
0.2533	0.2886	0.0000	0.0000
0.2543	0.2894	0.0000	0.0000
0.2553	0.2902	0.0000	0.0000
0.2563	0.2911	0.0000	0.0000
0.2573	0.2919	0.0000	0.0000
0.2583	0.2927	0.0000	0.0000
0.2593	0.2936	0.0000	0.0000
0.2603	0.2944	0.0000	0.0000
0.2613	0.2952	0.0000	0.0000
0.2623	0.2960	0.0000	0.0000
0.2633	0.2969	0.0000	0.0000
0.2643	0.2977	0.0000	0.0000
0.2653	0.2985	0.0000	0.0000
0.2663	0.2994	0.0000	0.0000
0.2673	0.3002	0.0000	0.0000
0.2683	0.3010	0.0000	0.0000
0.2693	0.3019	0.0000	0.0000
0.2703	0.3027	0.0000	0.0000
0.2713	0.3035	0.0000	0.0000
0.2723	0.3044	0.0000	0.0000
0.2733	0.3052	0.0000	0.0000
0.2743	0.3060	0.0000	0.0000
0.2753	0.3069	0.0000	0.0000
0.2763	0.3077	0.0000	0.0000
0.2773	0.3085	0.0000	0.0000
0.2783	0.3094	0.0000	0.0000
0.2793	0.3102	0.0000	0.0000
0.2803	0.3111	0.0000	0.0000
0.2813	0.3119	0.0000	0.0000
0.2823	0.3127	0.0000	0.0000
0.2833	0.3136	0.0000	0.0000
0.2843	0.3144	0.0000	0.0000
0.2853	0.3152	0.0000	0.0000
0.2863	0.3161	0.0000	0.0000
0.2873	0.3169	0.0000	0.0000
0.2883	0.3178	0.0000	0.0000
0.2893	0.3186	0.0000	0.0000
0.2903	0.3194	0.0000	0.0000
0.2913	0.3203	0.0000	0.0000
0.2923	0.3211	0.0000	0.0000
0.2933	0.3220	0.0000	0.0000
0.2943	0.3228	0.0000	0.0000
0.2953	0.3237	0.0000	0.0000
0.2963	0.3245	0.0000	0.0000
0.2973	0.3253	0.0000	0.0000
0.2983	0.3262	0.0000	0.0000
0.2993	0.3270	0.0000	0.0000
0.3003	0.3279	0.0000	0.0000
0.3013	0.3287	0.0000	0.0000
0.3023	0.3296	0.0000	0.0000
0.3033	0.3304	0.0000	0.0000
0.3043	0.3313	0.0000	0.0000
0.3053	0.3321	0.0000	0.0000
0.3063	0.3330	0.0000	0.0000
0.3073	0.3338	0.0000	0.0000
0.3083	0.3347	0.0000	0.0000
0.3093	0.3355	0.0000	0.0000
0.3103	0.3364	0.0000	0.0000
0.3113	0.3372	0.0000	0.0000
0.3123	0.3381	0.0000	0.0000
0.3133	0.3389	0.0000	0.0000
0.3143	0.3398	0.0000	0.0000
0.3153	0.3406	0.0000	0.0000
0.3163	0.3415	0.0000	0.0000
0.3173	0.3423	0.0000	0.0000
0.3183	0.3432	0.0000	0.0000
0.3193	0.3440	0.0000	0.0000
0.3203	0.3449	0.0000	0.0000
0.3213	0.3457	0.0000	0.0000
0.3223	0.3466	0.0000	0.0000
0.3233	0.3474	0.0000	0.0000
0.3243	0.3483	0.0000	0.0000
0.3253	0.3492	0.0000	0.0000
0.3263	0.3500	0.0000	0.0000
0.3273	0.3509	0.0000	0.0000
0.3283	0.3517	0.0000	0.0000
0.3293	0.3526	0.0000	0.0000
0.3303	0.3535	0.0000	0.0000
0.3313	0.3543	0.0000	0.0000
0.3323	0.3552	0.0000	0.0000
0.3333	0.3560	0.0000	0.0000
0.3343	0.3569	0.0000	0.0000
0.3353	0.3578	0.0000	0.0000
0.3363	0.3586	0.0000	0.0000
0.3373	0.3595	0.0000	0.0000
0.3383	0.3604	0.0000	0.0000
0.3393	0.3612	0.0000	0.0000
0.3403	0.3621	0.0000	0.0000
0.3413	0.3630	0.0000	0.0000
0.3423	0.3638	0.0000	0.0000
0.3433	0.3647	0.0000	0.0000
0.3443	0.3656	0.0000	0.0000
0.3453	0.3664	0.0000	0.0000
0.3463	0.3673	0.0000	0.0000
0.3473	0.3682	0.0000	0.0000
0.3483	0.3691	0.0000	0.0000
0.3493	0.3699	0.0000	0.0000
0.3504	0.3708	0.0000	0.0000
0.3514	0.3717	0.0000	0.0000
0.3524	0.3725	0.0000	0.0000
0.3534	0.3734	0.0000	0.0000
0.3544	0.3743	0.0000	0.0000
0.3554	0.3752	0.0000	0.0000
0.3564	0.3761	0.0000	0.0000
0.3574	0.3769	0.0000	0.0000
0.3584	0.3778	0.0000	0.0000
0.3594	0.3787	0.0000	0.0000
0.3604	0.3796	0.0000	0.0000
0.3614	0.3804	0.0000	0.0000
0.3624	0.3813	0.0000	0.0000
0.3634	0.3822	0.0000	0.0000
0.3644	0.3831	0.0000	0.0000
0.3654	0.3840	0.0000	0.0000
0.3664	0.3849	0.0000	0.0000
0.3674	0.3858	0.0000	0.0000
0.3684	0.3866	0.0000	0.0000
0.3694	0.3875	0.0000	0.0000
0.3704	0.3884	0.0000	0.0000
0.3714	0.3893	0.0000	0.0000
0.3724	0.3902	0.0000	0.0000
0.3734	0.3911	0.0000	0.0000
0.3744	0.3920	0.0000	0.0000
0.3754	0.3929	0.0000	0.0000
0.3764	0.3938	0.0000	0.0000
0.3774	0.3947	0.0000	0.0000
0.3784	0.3955	0.0000	0.0000
0.3794	0.3964	0.0000	0.0000
0.3804	0.3973	0.0000	0.0000
0.3814	0.3982	0.0000	0.0000
0.3824	0.3991	0.0000	0.0000
0.3834	0.4000	0.0000	0.0000
0.3844	0.4009	0.0000	0.0000
0.3854	0.4018	0.0000	0.0000
0.3864	0.4027	0.0000	0.0000
0.3874	0.4036	0.0000	0.0000
0.3884	0.4045	0.0000	0.0000
0.3894	0.4054	0.0000	0.0000
0.3904	0.4063	0.0000	0.0000
0.3914	0.4073	0.0000	0.0000
0.3924	0.4082	0.0000	0.0000
0.3934	0.4091	0.0000	0.0000
0.3944	0.4100	0.0000	0.0000
0.3954	0.4109	0.0000	0.0000
0.3964	0.4118	0.0000	0.0000
0.3974	0.4127	0.0000	0.0000
0.3984	0.4136	0.0000	0.0000
0.3994	0.4145	0.0000	0.0000
0.4004	0.4155	0.0000	0.0000
0.4014	0.4164	0.0000	0.0000
0.4024	0.4173	0.0000	0.0000
0.4034	0.4182	0.0000	0.0000
0.4044	0.4191	0.0000	0.0000
0.4054	0.4200	0.0000	0.0000
0.4064	0.4210	0.0000	0.0000
0.4074	0.4219	0.0000	0.0000
0.4084	0.4228	0.0000	0.0000
0.4094	0.4237	0.0000	0.0000
0.4104	0.4247	0.0000	0.0000
0.4114	0.4256	0.0000	0.0000
0.4124	0.4265	0.0000	0.0000
0.4134	0.4274	0.0000	0.0000
0.4144	0.4284	0.0000	0.0000
0.4154	0.4293	0.0000	0.0000
0.4164	0.4302	0.0000	0.0000
0.4174	0.4312	0.0000	0.0000
0.4184	0.4321	0.0000	0.0000
0.4194	0.4330	0.0000	0.0000
0.4204	0.4340	0.0000	0.0000
0.4214	0.4349	0.0000	0.0000
0.4224	0.4358	0.0000	0.0000
0.4234	0.4368	0.0000	0.0000
0.4244	0.4377	0.0000	0.0000
0.4254	0.4387	0.0000	0.0000
0.4264	0.4396	0.0000	0.0000
0.4274	0.4406	0.0000	0.0000
0.4284	0.4415	0.0000	0.0000
0.4294	0.4425	0.0000	0.0000
0.4304	0.4434	0.0000	0.0000
0.4314	0.4444	0.0000	0.0000
0.4324	0.4453	0.0000	0.0000
0.4334	0.4463	0.0000	0.0000
0.4344	0.4472	0.0000	0.0000
0.4354	0.4482	0.0000	0.0000
0.4364	0.4491	0.0000	0.0000
0.4374	0.4501	0.0000	0.0000
0.4384	0.4510	0.0000	0.0000
0.4394	0.4520	0.0000	0.0000
0.4404	0.4530	0.0000	0.0000
0.4414	0.4539	0.0000	0.0000
0.4424	0.4549	0.0000	0.0000
0.4434	0.4558	0.0000	0.0000
0.4444	0.4568	0.0000	0.0000
0.4454	0.4578	0.0000	0.0000
0.4464	0.4588	0.0000	0.0000
0.4474	0.4597	0.0000	0.0000
0.4484	0.4607	0.0000	0.0000
0.4494	0.4617	0.0000	0.0000
0.4505	0.4626	0.0000	0.0000
0.4515	0.4636	0.0000	0.0000
0.4525	0.4646	0.0000	0.0000
0.4535	0.4656	0.0000	0.0000
0.4545	0.4666	0.0000	0.0000
0.4555	0.4675	0.0000	0.0000
0.4565	0.4685	0.0000	0.0000
0.4575	0.4695	0.0000	0.0000
0.4585	0.4705	0.0000	0.0000
0.4595	0.4715	0.0000	0.0000
0.4605	0.4725	0.0000	0.0000
0.4615	0.4735	0.0000	0.0000
0.4625	0.4745	0.0000	0.0000
0.4635	0.4755	0.0000	0.0000
0.4645	0.4765	0.0000	0.0000
0.4655	0.4775	0.0000	0.0000
0.4665	0.4785	0.0000	0.0000
0.4675	0.4795	0.0000	0.0000
0.4685	0.4805	0.0000	0.0000
0.4695	0.4815	0.0000	0.0000
0.4705	0.4825	0.0000	0.0000
0.4715	0.4835	0.0000	0.0000
0.4725	0.4845	0.0000	0.0000
0.4735	0.4855	0.0000	0.0000
0.4745	0.4865	0.0000	0.0000
0.4755	0.4875	0.0000	0.0000
0.4765	0.4886	0.0000	0.0000
0.4775	0.4896	0.0000	0.0000
0.4785	0.4906	0.0000	0.0000
0.4795	0.4916	0.0000	0.0000
0.4805	0.4926	0.0000	0.0000
0.4815	0.4937	0.0000	0.0000
0.4825	0.4947	0.0000	0.0000
0.4835	0.4957	0.0000	0.0000
0.4845	0.4968	0.0000	0.0000
0.4855	0.4978	0.0000	0.0000
0.4865	0.4988	0.0000	0.0000
0.4875	0.4999	0.0000	0.0000
0.4885	0.5009	0.0000	0.0000
0.4895	0.5019	0.0000	0.0000
0.4905	0.5030	0.0000	0.0000
0.4915	0.5040	0.0000	0.0000
0.4925	0.5051	0.0000	0.0000
0.4935	0.5061	0.0000	0.0000
0.4945	0.5072	0.0000	0.0000
0.4955	0.5082	0.0000	0.0000
0.4965	0.5093	0.0000	0.0000
0.4975	0.5103	0.0000	0.0000
0.4985	0.5114	0.0000	0.0000
0.4995	0.5125	0.0000	0.0000
0.5005	0.5140	0.0000	0.0000
0.5015	0.5160	0.0000	0.0000
0.5025	0.5180	0.0000	0.0000
0.5035	0.5199	0.0000	0.0000
0.5045	0.5219	0.0000	0.0000
0.5055	0.5239	0.0000	0.0000
0.5065	0.5258	0.0000	0.0000
0.5075	0.5278	0.0000	0.0000
0.5085	0.5297	0.0000	0.0000
0.5095	0.5316	0.0000	0.0000
0.5105	0.5335	0.0000	0.0000
0.5115	0.5354	0.0000	0.0000
0.5125	0.5373	0.0000	0.0000
0.5135	0.5392	0.0000	0.0000
0.5145	0.5410	0.0000	0.0000
0.5155	0.5429	0.0000	0.0000
0.5165	0.5448	0.0000	0.0000
0.5175	0.5466	0.0000	0.0000
0.5185	0.5484	0.0000	0.0000
0.5195	0.5503	0.0000	0.0000
0.5205	0.5521	0.0000	0.0000
0.5215	0.5539	0.0000	0.0000
0.5225	0.5557	0.0000	0.0000
0.5235	0.5575	0.0000	0.0000
0.5245	0.5592	0.0000	0.0000
0.5255	0.5610	0.0000	0.0000
0.5265	0.5628	0.0000	0.0000
0.5275	0.5645	0.0000	0.0000
0.5285	0.5663	0.0000	0.0000
0.5295	0.5680	0.0000	0.0000
0.5305	0.5697	0.0000	0.0000
0.5315	0.5715	0.0000	0.0000
0.5325	0.5732	0.0000	0.0000
0.5335	0.5749	0.0000	0.0000
0.5345	0.5766	0.0000	0.0000
0.5355	0.5783	0.0000	0.0000
0.5365	0.5799	0.0000	0.0000
0.5375	0.5816	0.0000	0.0000
0.5385	0.5833	0.0000	0.0000
0.5395	0.5849	0.0000	0.0000
0.5405	0.5866	0.0000	0.0000
0.5415	0.5882	0.0000	0.0000
0.5425	0.5898	0.0000	0.0000
0.5435	0.5915	0.0000	0.0000
0.5445	0.5931	0.0000	0.0000
0.5455	0.5947	0.0000	0.0000
0.5465	0.5963	0.0000	0.0000
0.5475	0.5979	0.0000	0.0000
0.5485	0.5995	0.0000	0.0000
0.5495	0.6010	0.0000	0.0000
0.5506	0.6026	0.0000	0.0000
0.5516	0.6042	0.0000	0.0000
0.5526	0.6057	0.0000	0.0000
0.5536	0.6073	0.0000	0.0000
0.5546	0.6088	0.0000	0.0000
0.5556	0.6103	0.0000	0.0000
0.5566	0.6118	0.0000	0.0000
0.5576	0.6134	0.0000	0.0000
0.5586	0.6149	0.0000	0.0000
0.5596	0.6164	0.0000	0.0000
0.5606	0.6179	0.0000	0.0000
0.5616	0.6194	0.0000	0.0000
0.5626	0.6208	0.0000	0.0000
0.5636	0.6223	0.0000	0.0000
0.5646	0.6238	0.0000	0.0000
0.5656	0.6252	0.0000	0.0000
0.5666	0.6267	0.0000	0.0000
0.5676	0.6281	0.0000	0.0000
0.5686	0.6296	0.0000	0.0000
0.5696	0.6310	0.0000	0.0000
0.5706	0.6324	0.0000	0.0000
0.5716	0.6339	0.0000	0.0000
0.5726	0.6353	0.0000	0.0000
0.5736	0.6367	0.0000	0.0000
0.5746	0.6381	0.0000	0.0000
0.5756	0.6395	0.0000	0.0000
0.5766	0.6409	0.0000	0.0000
0.5776	0.6422	0.0000	0.0000
0.5786	0.6436	0.0000	0.0000
0.5796	0.6450	0.0000	0.0000
0.5806	0.6463	0.0000	0.0000
0.5816	0.6477	0.0000	0.0000
0.5826	0.6490	0.0000	0.0000
0.5836	0.6504	0.0000	0.0000
0.5846	0.6517	0.0000	0.0000
0.5856	0.6530	0.0000	0.0000
0.5866	0.6544	0.0000	0.0000
0.5876	0.6557	0.0000	0.0000
0.5886	0.6570	0.0000	0.0000
0.5896	0.6583	0.0000	0.0000
0.5906	0.6596	0.0000	0.0000
0.5916	0.6609	0.0000	0.0000
0.5926	0.6622	0.0000	0.0000
0.5936	0.6635	0.0000	0.0000
0.5946	0.6647	0.0000	0.0000
0.5956	0.6660	0.0000	0.0000
0.5966	0.6673	0.0000	0.0000
0.5976	0.6685	0.0000	0.0000
0.5986	0.6698	0.0000	0.0000
0.5996	0.6710	0.0000	0.0000
0.6006	0.6723	0.0000	0.0000
0.6016	0.6735	0.0000	0.0000
0.6026	0.6747	0.0000	0.0000
0.6036	0.6760	0.0000	0.0000
0.6046	0.6772	0.0000	0.0000
0.6056	0.6784	0.0000	0.0000
0.6066	0.6796	0.0000	0.0000
0.6076	0.6808	0.0000	0.0000
0.6086	0.6820	0.0000	0.0000
0.6096	0.6832	0.0000	0.0000
0.6106	0.6844	0.0000	0.0000
0.6116	0.6855	0.0000	0.0000
0.6126	0.6867	0.0000	0.0000
0.6136	0.6879	0.0000	0.0000
0.6146	0.6891	0.0000	0.0000
0.6156	0.6902	0.0000	0.0000
0.6166	0.6914	0.0000	0.0000
0.6176	0.6925	0.0000	0.0000
0.6186	0.6937	0.0000	0.0000
0.6196	0.6948	0.0000	0.0000
0.6206	0.6959	0.0000	0.0000
0.6216	0.6971	0.0000	0.0000
0.6226	0.6982	0.0000	0.0000
0.6236	0.6993	0.0000	0.0000
0.6246	0.7004	0.0000	0.0000
0.6256	0.7015	0.0000	0.0000
0.6266	0.7026	0.0000	0.0000
0.6276	0.7037	0.0000	0.0000
0.6286	0.7048	0.0000	0.0000
0.6296	0.7059	0.0000	0.0000
0.6306	0.7070	0.0000	0.0000
0.6316	0.7081	0.0000	0.0000
0.6326	0.7091	0.0000	0.0000
0.6336	0.7102	0.0000	0.0000
0.6346	0.7113	0.0000	0.0000
0.6356	0.7123	0.0000	0.0000
0.6366	0.7134	0.0000	0.0000
0.6376	0.7144	0.0000	0.0000
0.6386	0.7155	0.0000	0.0000
0.6396	0.7165	0.0000	0.0000
0.6406	0.7176	0.0000	0.0000
0.6416	0.7186	0.0000	0.0000
0.6426	0.7196	0.0000	0.0000
0.6436	0.7207	0.0000	0.0000
0.6446	0.7217	0.0000	0.0000
0.6456	0.7227	0.0000	0.0000
0.6466	0.7237	0.0000	0.0000
0.6476	0.7247	0.0000	0.0000
0.6486	0.7257	0.0000	0.0000
0.6496	0.7267	0.0000	0.0000
0.6507	0.7277	0.0000	0.0000
0.6517	0.7287	0.0000	0.0000
0.6527	0.7297	0.0000	0.0000
0.6537	0.7306	0.0000	0.0000
0.6547	0.7316	0.0000	0.0000
0.6557	0.7326	0.0000	0.0000
0.6567	0.7336	0.0000	0.0000
0.6577	0.7345	0.0000	0.0000
0.6587	0.7355	0.0000	0.0000
0.6597	0.7364	0.0000	0.0000
0.6607	0.7374	0.0000	0.0000
0.6617	0.7383	0.0000	0.0000
0.6627	0.7393	0.0000	0.0000
0.6637	0.7402	0.0000	0.0000
0.6647	0.7411	0.0000	0.0000
0.6657	0.7421	0.0000	0.0000
0.6667	0.7430	0.0000	0.0000
0.6677	0.7439	0.0000	0.0000
0.6687	0.7448	0.0000	0.0000
0.6697	0.7457	0.0000	0.0000
0.6707	0.7467	0.0000	0.0000
0.6717	0.7476	0.0000	0.0000
0.6727	0.7485	0.0000	0.0000
0.6737	0.7494	0.0000	0.0000
0.6747	0.7503	0.0000	0.0000
0.6757	0.7511	0.0000	0.0000
0.6767	0.7520	0.0000	0.0000
0.6777	0.7529	0.0000	0.0000
0.6787	0.7538	0.0000	0.0000
0.6797	0.7547	0.0000	0.0000
0.6807	0.7555	0.0000	0.0000
0.6817	0.7564	0.0000	0.0000
0.6827	0.7573	0.0000	0.0000
0.6837	0.7581	0.0000	0.0000
0.6847	0.7590	0.0000	0.0000
0.6857	0.7598	0.0000	0.0000
0.6867	0.7607	0.0000	0.0000
0.6877	0.7615	0.0000	0.0000
0.6887	0.7624	0.0000	0.0000
0.6897	0.7632	0.0000	0.0000
0.6907	0.7641	0.0000	0.0000
0.6917	0.7649	0.0000	0.0000
0.6927	0.7657	0.0000	0.0000
0.6937	0.7665	0.0000	0.0000
0.6947	0.7674	0.0000	0.0000
0.6957	0.7682	0.0000	0.0000
0.6967	0.7690	0.0000	0.0000
0.6977	0.7698	0.0000	0.0000
0.6987	0.7706	0.0000	0.0000
0.6997	0.7714	0.0000	0.0000
0.7007	0.7722	0.0000	0.0000
0.7017	0.7730	0.0000	0.0000
0.7027	0.7738	0.0000	0.0000
0.7037	0.7746	0.0000	0.0000
0.7047	0.7754	0.0000	0.0000
0.7057	0.7762	0.0000	0.0000
0.7067	0.7770	0.0000	0.0000
0.7077	0.7777	0.0000	0.0000
0.7087	0.7785	0.0000	0.0000
0.7097	0.7793	0.0000	0.0000
0.7107	0.7801	0.0000	0.0000
0.7117	0.7808	0.0000	0.0000
0.7127	0.7816	0.0000	0.0000
0.7137	0.7823	0.0000	0.0000
0.7147	0.7831	0.0000	0.0000
0.7157	0.7839	0.0000	0.0000
0.7167	0.7846	0.0000	0.0000
0.7177	0.7854	0.0000	0.0000
0.7187	0.7861	0.0000	0.0000
0.7197	0.7868	0.0000	0.0000
0.7207	0.7876	0.0000	0.0000
0.7217	0.7883	0.0000	0.0000
0.7227	0.7890	0.0000	0.0000
0.7237	0.7898	0.0000	0.0000
0.7247	0.7905	0.0000	0.0000
0.7257	0.7912	0.0000	0.0000
0.7267	0.7919	0.0000	0.0000
0.7277	0.7927	0.0000	0.0000
0.7287	0.7934	0.0000	0.0000
0.7297	0.7941	0.0000	0.0000
0.7307	0.7948	0.0000	0.0000
0.7317	0.7955	0.0000	0.0000
0.7327	0.7962	0.0000	0.0000
0.7337	0.7969	0.0000	0.0000
0.7347	0.7976	0.0000	0.0000
0.7357	0.7983	0.0000	0.0000
0.7367	0.7990	0.0000	0.0000
0.7377	0.7997	0.0000	0.0000
0.7387	0.8004	0.0000	0.0000
0.7397	0.8010	0.0000	0.0000
0.7407	0.8017	0.0000	0.0000
0.7417	0.8024	0.0000	0.0000
0.7427	0.8031	0.0000	0.0000
0.7437	0.8037	0.0000	0.0000
0.7447	0.8044	0.0000	0.0000
0.7457	0.8051	0.0000	0.0000
0.7467	0.8057	0.0000	0.0000
0.7477	0.8064	0.0000	0.0000
0.7487	0.8071	0.0000	0.0000
0.7497	0.8077	0.0000	0.0000
0.7508	0.8084	0.0000	0.0000
0.7518	0.8090	0.0000	0.0000
0.7528	0.8097	0.0000	0.0000
0.7538	0.8103	0.0000	0.0000
0.7548	0.8110	0.0000	0.0000
0.7558	0.8116	0.0000	0.0000
0.7568	0.8122	0.0000	0.0000
0.7578	0.8129	0.0000	0.0000
0.7588	0.8135	0.0000	0.0000
0.7598	0.8141	0.0000	0.0000
0.7608	0.8148	0.0000	0.0000
0.7618	0.8154	0.0000	0.0000
0.7628	0.8160	0.0000	0.0000
0.7638	0.8166	0.0000	0.0000
0.7648	0.8173	0.0000	0.0000
0.7658	0.8179	0.0000	0.0000
0.7668	0.8185	0.0000	0.0000
0.7678	0.8191	0.0000	0.0000
0.7688	0.8197	0.0000	0.0000
0.7698	0.8203	0.0000	0.0000
0.7708	0.8209	0.0000	0.0000
0.7718	0.8215	0.0000	0.0000
0.7728	0.8221	0.0000	0.0000
0.7738	0.8227	0.0000	0.0000
0.7748	0.8233	0.0000	0.0000
0.7758	0.8239	0.0000	0.0000
0.7768	0.8245	0.0000	0.0000
0.7778	0.8251	0.0000	0.0000
0.7788	0.8257	0.0000	0.0000
0.7798	0.8263	0.0000	0.0000
0.7808	0.8268	0.0000	0.0000
0.7818	0.8274	0.0000	0.0000
0.7828	0.8280	0.0000	0.0000
0.7838	0.8286	0.0000	0.0000
0.7848	0.8291	0.0000	0.0000
0.7858	0.8297	0.0000	0.0000
0.7868	0.8303	0.0000	0.0000
0.7878	0.8309	0.0000	0.0000
0.7888	0.8314	0.0000	0.0000
0.7898	0.8320	0.0000	0.0000
0.7908	0.8325	0.0000	0.0000
0.7918	0.8331	0.0000	0.0000
0.7928	0.8337	0.0000	0.0000
0.7938	0.8342	0.0000	0.0000
0.7948	0.8348	0.0000	0.0000
0.7958	0.8353	0.0000	0.0000
0.7968	0.8359	0.0000	0.0000
0.7978	0.8364	0.0000	0.0000
0.7988	0.8370	0.0000	0.0000
0.7998	0.8375	0.0000	0.0000
0.8008	0.8380	0.0000	0.0000
0.8018	0.8386	0.0000	0.0000
0.8028	0.8391	0.0000	0.0000
0.8038	0.8396	0.0000	0.0000
0.8048	0.8402	0.0000	0.0000
0.8058	0.8407	0.0000	0.0000
0.8068	0.8412	0.0000	0.0000
0.8078	0.8418	0.0000	0.0000
0.8088	0.8423	0.0000	0.0000
0.8098	0.8428	0.0000	0.0000
0.8108	0.8433	0.0000	0.0000
0.8118	0.8438	0.0000	0.0000
0.8128	0.8444	0.0000	0.0000
0.8138	0.8449	0.0000	0.0000
0.8148	0.8454	0.0000	0.0000
0.8158	0.8459	0.0000	0.0000
0.8168	0.8464	0.0000	0.0000
0.8178	0.8469	0.0000	0.0000
0.8188	0.8474	0.0000	0.0000
0.8198	0.8479	0.0000	0.0000
0.8208	0.8484	0.0000	0.0000
0.8218	0.8489	0.0000	0.0000
0.8228	0.8494	0.0000	0.0000
0.8238	0.8499	0.0000	0.0000
0.8248	0.8504	0.0000	0.0000
0.8258	0.8509	0.0000	0.0000
0.8268	0.8514	0.0000	0.0000
0.8278	0.8519	0.0000	0.0000
0.8288	0.8524	0.0000	0.0000
0.8298	0.8529	0.0000	0.0000
0.8308	0.8534	0.0000	0.0000
0.8318	0.8538	0.0000	0.0000
0.8328	0.8543	0.0000	0.0000
0.8338	0.8548	0.0000	0.0000
0.8348	0.8553	0.0000	0.0000
0.8358	0.8558	0.0000	0.0000
0.8368	0.8562	0.0000	0.0000
0.8378	0.8567	0.0000	0.0000
0.8388	0.8572	0.0000	0.0000
0.8398	0.8576	0.0000	0.0000
0.8408	0.8581	0.0000	0.0000
0.8418	0.8586	0.0000	0.0000
0.8428	0.8590	0.0000	0.0000
0.8438	0.8595	0.0000	0.0000
0.8448	0.8600	0.0000	0.0000
0.8458	0.8604	0.0000	0.0000
0.8468	0.8609	0.0000	0.0000
0.8478	0.8614	0.0000	0.0000
0.8488	0.8618	0.0000	0.0000
0.8498	0.8623	0.0000	0.0000
0.8509	0.8627	0.0000	0.0000
0.8519	0.8632	0.0000	0.0000
0.8529	0.8636	0.0000	0.0000
0.8539	0.8641	0.0000	0.0000
0.8549	0.8645	0.0000	0.0000
0.8559	0.8650	0.0000	0.0000
0.8569	0.8654	0.0000	0.0000
0.8579	0.8658	0.0000	0.0000
0.8589	0.8663	0.0000	0.0000
0.8599	0.8667	0.0000	0.0000
0.8609	0.8672	0.0000	0.0000
0.8619	0.8676	0.0000	0.0000
0.8629	0.8680	0.0000	0.0000
0.8639	0.8685	0.0000	0.0000
0.8649	0.8689	0.0000	0.0000
0.8659	0.8693	0.0000	0.0000
0.8669	0.8698	0.0000	0.0000
0.8679	0.8702	0.0000	0.0000
0.8689	0.8706	0.0000	0.0000
0.8699	0.8711	0.0000	0.0000
0.8709	0.8715	0.0000	0.0000
0.8719	0.8719	0.0000	0.0000
0.8729	0.8723	0.0000	0.0000
0.8739	0.8727	0.0000	0.0000
0.8749	0.8732	0.0000	0.0000
0.8759	0.8736	0.0000	0.0000
0.8769	0.8740	0.0000	0.0000
0.8779	0.8744	0.0000	0.0000
0.8789	0.8748	0.0000	0.0000
0.8799	0.8752	0.0000	0.0000
0.8809	0.8757	0.0000	0.0000
0.8819	0.8761	0.0000	0.0000
0.8829	0.8765	0.0000	0.0000
0.8839	0.8769	0.0000	0.0000
0.8849	0.8773	0.0000	0.0000
0.8859	0.8777	0.0000	0.0000
0.8869	0.8781	0.0000	0.0000
0.8879	0.8785	0.0000	0.0000
0.8889	0.8789	0.0000	0.0000
0.8899	0.8793	0.0000	0.0000
0.8909	0.8797	0.0000	0.0000
0.8919	0.8801	0.0000	0.0000
0.8929	0.8805	0.0000	0.0000
0.8939	0.8809	0.0000	0.0000
0.8949	0.8813	0.0000	0.0000
0.8959	0.8817	0.0000	0.0000
0.8969	0.8821	0.0000	0.0000
0.8979	0.8825	0.0000	0.0000
0.8989	0.8829	0.0000	0.0000
0.8999	0.8833	0.0000	0.0000
0.9009	0.8837	0.0000	0.0000
0.9019	0.8841	0.0000	0.0000
0.9029	0.8844	0.0000	0.0000
0.9039	0.8848	0.0000	0.0000
0.9049	0.8852	0.0000	0.0000
0.9059	0.8856	0.0000	0.0000
0.9069	0.8860	0.0000	0.0000
0.9079	0.8864	0.0000	0.0000
0.9089	0.8867	0.0000	0.0000
0.9099	0.8871	0.0000	0.0000
0.9109	0.8875	0.0000	0.0000
0.9119	0.8879	0.0000	0.0000
0.9129	0.8883	0.0000	0.0000
0.9139	0.8886	0.0000	0.0000
0.9149	0.8890	0.0000	0.0000
0.9159	0.8894	0.0000	0.0000
0.9169	0.8898	0.0000	0.0000
0.9179	0.8901	0.0000	0.0000
0.9189	0.8905	0.0000	0.0000
0.9199	0.8909	0.0000	0.0000
0.9209	0.8912	0.0000	0.0000
0.9219	0.8916	0.0000	0.0000
0.9229	0.8920	0.0000	0.0000
0.9239	0.8923	0.0000	0.0000
0.9249	0.8927	0.0000	0.0000
0.9259	0.8931	0.0000	0.0000
0.9269	0.8934	0.0000	0.0000
0.9279	0.8938	0.0000	0.0000
0.9289	0.8942	0.0000	0.0000
0.9299	0.8945	0.0000	0.0000
0.9309	0.8949	0.0000	0.0000
0.9319	0.8953	0.0000	0.0000
0.9329	0.8956	0.0000	0.0000
0.9339	0.8960	0.0000	0.0000
0.9349	0.8963	0.0000	0.0000
0.9359	0.8967	0.0000	0.0000
0.9369	0.8970	0.0000	0.0000
0.9379	0.8974	0.0000	0.0000
0.9389	0.8978	0.0000	0.0000
0.9399	0.8981	0.0000	0.0000
0.9409	0.8985	0.0000	0.0000
0.9419	0.8988	0.0000	0.0000
0.9429	0.8992	0.0000	0.0000
0.9439	0.8995	0.0000	0.0000
0.9449	0.8999	0.0000	0.0000
0.9459	0.9002	0.0000	0.0000
0.9469	0.9006	0.0000	0.0000
0.9479	0.9009	0.0000	0.0000
0.9489	0.9013	0.0000	0.0000
0.9499	0.9016	0.0000	0.0000
0.9510	0.9020	0.0000	0.0000
0.9520	0.9023	0.0000	0.0000
0.9530	0.9027	0.0000	0.0000
0.9540	0.9030	0.0000	0.0000
0.9550	0.9033	0.0000	0.0000
0.9560	0.9037	0.0000	0.0000
0.9570	0.9040	0.0000	0.0000
0.9580	0.9044	0.0000	0.0000
0.9590	0.9047	0.0000	0.0000
0.9600	0.9051	0.0000	0.0000
0.9610	0.9054	0.0000	0.0000
0.9620	0.9057	0.0000	0.0000
0.9630	0.9061	0.0000	0.0000
0.9640	0.9064	0.0000	0.0000
0.9650	0.9068	0.0000	0.0000
0.9660	0.9071	0.0000	0.0000
0.9670	0.9074	0.0000	0.0000
0.9680	0.9078	0.0000	0.0000
0.9690	0.9081	0.0000	0.0000
0.9700	0.9084	0.0000	0.0000
0.9710	0.9088	0.0000	0.0000
0.9720	0.9091	0.0000	0.0000
0.9730	0.9095	0.0000	0.0000
0.9740	0.9098	0.0000	0.0000
0.9750	0.9101	0.0000	0.0000
0.9760	0.9105	0.0000	0.0000
0.9770	0.9108	0.0000	0.0000
0.9780	0.9111	0.0000	0.0000
0.9790	0.9115	0.0000	0.0000
0.9800	0.9118	0.0000	0.0000
0.9810	0.9121	0.0000	0.0000
0.9820	0.9125	0.0000	0.0000
0.9830	0.9128	0.0000	0.0000
0.9840	0.9131	0.0000	0.0000
0.9850	0.9135	0.0000	0.0000
0.9860	0.9138	0.0000	0.0000
0.9870	0.9141	0.0000	0.0000
0.9880	0.9144	0.0000	0.0000
0.9890	0.9148	0.0000	0.0000
0.9900	0.9151	0.0000	0.0000
0.9910	0.9154	0.0000	0.0000
0.9920	0.9158	0.0000	0.0000
0.9930	0.9161	0.0000	0.0000
0.9940	0.9164	0.0000	0.0000
0.9950	0.9168	0.0000	0.0000
0.9960	0.9171	0.0000	0.0000
0.9970	0.9174	0.0000	0.0000
0.9980	0.9178	0.0000	0.0000
0.9990	0.9181	0.0000	0.0000
1.0000	0.9184	0.0000	0.0000
0.8729
