0.0000	0.0942	0.0000	0.0000
0.0010	0.0951	0.0000	0.0000
0.0020	0.0959	0.0000	0.0000
0.0030	0.0967	0.0000	0.0000
0.0040	0.0976	0.0000	0.0000
0.0050	0.0984	0.0000	0.0000
0.0060	0.0993	0.0000	0.0000
0.0070	0.1001	0.0000	0.0000
0.0080	0.1010	0.0000	0.0000
0.0090	0.1018	0.0000	0.0000
0.0100	0.1026	0.0000	0.0000
0.0110	0.1035	0.0000	0.0000
0.0120	0.1043	0.0000	0.0000
0.0130	0.1052	0.0000	0.0000
0.0140	0.1060	0.0000	0.0000
0.0150	0.1068	0.0000	0.0000
0.0160	0.1077	0.0000	0.0000
0.0170	0.1085	0.0000	0.0000
0.0180	0.1094	0.0000	0.0000
0.0190	0.1102	0.0000	0.0000
0.0200	0.1110	0.0000	0.0000
0.0210	0.1119	0.0000	0.0000
0.0220	0.1127	0.0000	0.0000
0.0230	0.1136	0.0000	0.0000
0.0240	0.1144	0.0000	0.0000
0.0250	0.1152	0.0000	0.0000
0.0260	0.1161	0.0000	0.0000
0.0270	0.1169	0.0000	0.0000
0.0280	0.1177	0.0000	0.0000
0.0290	0.1186	0.0000	0.0000
0.0300	0.1194	0.0000	0.0000
0.0310	0.1203	0.0000	0.0000
0.0320	0.1211	0.0000	0.0000
0.0330	0.1219	0.0000	0.0000
0.0340	0.1228	0.0000	0.0000
0.0350	0.1236	0.0000	0.0000
0.0360	0.1244	0.0000	0.0000
0.0370	0.1253	0.0000	0.0000
0.0380	0.1261	0.0000	0.0000
0.0390	0.1269	0.0000	0.0000
0.0400	0.1278	0.0000	0.0000
0.0410	0.1286	0.0000	0.0000
0.0420	0.1294	0.0000	0.0000
0.0430	0.1303	0.0000	0.0000
0.0440	0.1311	0.0000	0.0000
0.0450	0.1319	0.0000	0.0000
0.0460	0.1328	0.0000	0.0000
0.0470	0.1336	0.0000	0.0000
0.0480	0.1344	0.0000	0.0000
0.0490	0.1353	0.0000	0.0000
0.0501	0.1361	0.0000	0.0000
0.0511	0.1369	0.0000	0.0000
0.0521	0.1378	0.0000	0.0000
0.0531	0.1386	0.0000	0.0000
0.0541	0.1394	0.0000	0.0000
0.0551	0.1402	0.0000	0.0000
0.0561	0.1411	0.0000	0.0000
0.0571	0.1419	0.0000	0.0000
0.0581	0.1427	0.0000	0.0000
0.0591	0.1436	0.0000	0.0000
0.0601	0.1444	0.0000	0.0000
0.0611	0.1452	0.0000	0.0000
0.0621	0.1460	0.0000	0.0000
0.0631	0.1469	0.0000	0.0000
0.0641	0.1477	0.0000	0.0000
0.0651	0.1485	0.0000	0.0000
0.0661	0.1494	0.0000	0.0000
0.0671	0.1502	0.0000	0.0000
0.0681	0.1510	0.0000	0.0000
0.0691	0.1518	0.0000	0.0000
0.0701	0.1527	0.0000	0.0000
0.0711	0.1535	0.0000	0.0000
0.0721	0.1543	0.0000	0.0000
0.0731	0.1552	0.0000	0.0000
0.0741	0.1560	0.0000	0.0000
0.0751	0.1568	0.0000	0.0000
0.0761	0.1576	0.0000	0.0000
0.0771	0.1585	0.0000	0.0000
0.0781	0.1593	0.0000	0.0000
0.0791	0.1601	0.0000	0.0000
0.0801	0.1609	0.0000	0.0000
0.0811	0.1618	0.0000	0.0000
0.0821	0.1626	0.0000	0.0000
0.0831	0.1634	0.0000	0.0000
0.0841	0.1642	0.0000	0.0000
0.0851	0.1651	0.0000	0.0000
0.0861	0.1659	0.0000	0.0000
0.0871	0.1667	0.0000	0.0000
0.0881	0.1675	0.0000	0.0000
0.0891	0.1684	0.0000	0.0000
0.0901	0.1692	0.0000	0.0000
0.0911	0.1700	0.0000	0.0000
0.0921	0.1708	0.0000	0.0000
0.0931	0.1716	0.0000	0.0000
0.0941	0.1725	0.0000	0.0000
0.0951	0.1733	0.0000	0.0000
0.0961	0.1741	0.0000	0.0000
0.0971	0.1749	0.0000	0.0000
0.0981	0.1758	0.0000	0.0000
0.0991	0.1766	0.0000	0.0000
0.1001	0.1774	0.0000	0.0000
0.1011	0.1782	0.0000	0.0000
0.1021	0.1790	0.0000	0.0000
0.1031	0.1799	0.0000	0.0000
0.1041	0.1807	0.0000	0.0000
0.1051	0.1815	0.0000	0.0000
0.1061	0.1823	0.0000	0.0000
0.1071	0.1832	0.0000	0.0000
0.1081	0.1840	0.0000	0.0000
0.1091	0.1848	0.0000	0.0000
0.1101	0.1856	0.0000	0.0000
0.1111	0.1864	0.0000	0.0000
0.1121	0.1873	0.0000	0.0000
0.1131	0.1881	0.0000	0.0000
0.1141	0.1889	0.0000	0.0000
0.1151	0.1897	0.0000	0.0000
0.1161	0.1905	0.0000	0.0000
0.1171	0.1914	0.0000	0.0000
0.1181	0.1922	0.0000	0.0000
0.1191	0.1930	0.0000	0.0000
0.1201	0.1938	0.0000	0.0000
0.1211	0.1946	0.0000	0.0000
0.1221	0.1954	0.0000	0.0000
0.1231	0.1963	0.0000	0.0000
0.1241	0.1971	0.0000	0.0000
0.1251	0.1979	0.0000	0.0000
0.1261	0.1987	0.0000	0.0000
0.1271	0.1995	0.0000	0.0000
0.1281	0.2004	0.0000	0.0000
0.1291	0.2012	0.0000	0.0000
0.1301	0.2020	0.0000	0.0000
0.1311	0.2028	0.0000	0.0000
0.1321	0.2036	0.0000	0.0000
0.1331	0.2044	0.0000	0.0000
0.1341	0.2053	0.0000	0.0000
0.1351	0.2061	0.0000	0.0000
0.1361	0.2069	0.0000	0.0000
0.1371	0.2077	0.0000	0.0000
0.1381	0.2085	0.0000	0.0000
0.1391	0.2094	0.0000	0.0000
0.1401	0.2102	0.0000	0.0000
0.1411	0.2110	0.0000	0.0000
0.1421	0.2118	0.0000	0.0000
0.1431	0.2126	0.0000	0.0000
0.1441	0.2134	0.0000	0.0000
0.1451	0.2143	0.0000	0.0000
0.1461	0.2151	0.0000	0.0000
0.1471	0.2159	0.0000	0.0000
0.1481	0.2167	0.0000	0.0000
0.1491	0.2175	0.0000	0.0000
0.1502	0.2183	0.0000	0.0000
0.1512	0.2192	0.0000	0.0000
0.1522	0.2200	0.0000	0.0000
0.1532	0.2208	0.0000	0.0000
0.1542	0.2216	0.0000	0.0000
0.1552	0.2224	0.0000	0.0000
0.1562	0.2232	0.0000	0.0000
0.1572	0.2240	0.0000	0.0000
0.1582	0.2249	0.0000	0.0000
0.1592	0.2257	0.0000	0.0000
0.1602	0.2265	0.0000	0.0000
0.1612	0.2273	0.0000	0.0000
0.1622	0.2281	0.0000	0.0000
0.1632	0.2289	0.0000	0.0000
0.1642	0.2298	0.0000	0.0000
0.1652	0.2306	0.0000	0.0000
0.1662	0.2314	0.0000	0.0000
0.1672	0.2322	0.0000	0.0000
0.1682	0.2330	0.0000	0.0000
0.1692	0.2338	0.0000	0.0000
0.1702	0.2346	0.0000	0.0000
0.1712	0.2355	0.0000	0.0000
0.1722	0.2363	0.0000	0.0000
0.1732	0.2371	0.0000	0.0000
0.1742	0.2379	0.0000	0.0000
0.1752	0.2387	0.0000	0.0000
0.1762	0.2395	0.0000	0.0000
0.1772	0.2403	0.0000	0.0000
0.1782	0.2412	0.0000	0.0000
0.1792	0.2420	0.0000	0.0000
0.1802	0.2428	0.0000	0.0000
0.1812	0.2436	0.0000	0.0000
0.1822	0.2444	0.0000	0.0000
0.1832	0.2452	0.0000	0.0000
0.1842	0.2460	0.0000	0.0000
0.1852	0.2469	0.0000	0.0000
0.1862	0.2477	0.0000	0.0000
0.1872	0.2485	0.0000	0.0000
0.1882	0.2493	0.0000	0.0000
0.1892	0.2501	0.0000	0.0000
0.1902	0.2509	0.0000	0.0000
0.1912	0.2517	0.0000	0.0000
0.1922	0.2526	0.0000	0.0000
0.1932	0.2534	0.0000	0.0000
0.1942	0.2542	0.0000	0.0000
0.1952	0.2550	0.0000	0.0000
0.1962	0.2558	0.0000	0.0000
0.1972	0.2566	0.0000	0.0000
0.1982	0.2574	0.0000	0.0000
0.1992	0.2583	0.0000	0.0000
0.2002	0.2591	0.0000	0.0000
0.2012	0.2599	0.0000	0.0000
0.2022	0.2607	0.0000	0.0000
0.2032	0.2615	0.0000	0.0000
0.2042	0.2623	0.0000	0.0000
0.2052	0.2631	0.0000	0.0000
0.2062	0.2640	0.0000	0.0000
0.2072	0.2648	0.0000	0.0000
0.2082	0.2656	0.0000	0.0000
0.2092	0.2664	0.0000	0.0000
0.2102	0.2672	0.0000	0.0000
0.2112	0.2680	0.0000	0.0000
0.2122	0.2688	0.0000	0.0000
0.2132	0.2697	0.0000	0.0000
0.2142	0.2705	0.0000	0.0000
0.2152	0.2713	0.0000	0.0000
0.2162	0.2721	0.0000	0.0000
0.2172	0.2729	0.0000	0.0000
0.2182	0.2737	0.0000	0.0000
0.2192	0.2746	0.0000	0.0000
0.2202	0.2754	0.0000	0.0000
0.2212	0.2762	0.0000	0.0000
0.2222	0.2770	0.0000	0.0000
0.2232	0.2778	0.0000	0.0000
0.2242	0.2786	0.0000	0.0000
0.2252	0.2794	0.0000	0.0000
0.2262	0.2803	0.0000	0.0000
0.2272	0.2811	0.0000	0.0000
0.2282	0.2819	0.0000	0.0000
0.2292	0.2827	0.0000	0.0000
0.2302	0.2835	0.0000	0.0000
0.2312	0.2843	0.0000	0.0000
0.2322	0.2852	0.0000	0.0000
0.2332	0.2860	0.0000	0.0000
0.2342	0.2868	0.0000	0.0000
0.2352	0.2876	0.0000	0.0000
0.2362	0.2884	0.0000	0.0000
0.2372	0.2892	0.0000	0.0000
0.2382	0.2901	0.0000	0.0000
0.2392	0.2909	0.0000	0.0000
0.2402	0.2917	0.0000	0.0000
0.2412	0.2925	0.0000	0.0000
0.2422	0.2933	0.0000	0.0000
0.2432	0.2941	0.0000	0.0000
0.2442	0.2950	0.0000	0.0000
0.2452	0.2958	0.0000	0.0000
0.2462	0.2966	0.0000	0.0000
0.2472	0.2974	0.0000	0.0000
0.2482	0.2982	0.0000	0.0000
0.2492	0.2990	0.0000	0.0000
0.2503	0.2999	0.0000	0.0000
0.2513	0.3007	0.0000	0.0000
0.2523	0.3015	0.0000	0.0000
0.2533	0.3023	0.0000	0.0000
0.2543	0.3031	0.0000	0.0000
0.2553	0.3040	0.0000	0.0000
0.2563	0.3048	0.0000	0.0000
0.2573	0.3056	0.0000	0.0000
0.2583	0.3064	0.0000	0.0000
0.2593	0.3072	0.0000	0.0000
0.2603	0.3080	0.0000	0.0000
0.2613	0.3089	0.0000	0.0000
0.2623	0.3097	0.0000	0.0000
0.2633	0.3105	0.0000	0.0000
0.2643	0.3113	0.0000	0.0000
0.2653	0.3121	0.0000	0.0000
0.2663	0.3130	0.0000	0.0000
0.2673	0.3138	0.0000	0.0000
0.2683	0.3146	0.0000	0.0000
0.2693	0.3154	0.0000	0.0000
0.2703	0.3162	0.0000	0.0000
0.2713	0.3171	0.0000	0.0000
0.2723	0.3179	0.0000	0.0000
0.2733	0.3187	0.0000	0.0000
0.2743	0.3195	0.0000	0.0000
0.2753	0.3204	0.0000	0.0000
0.2763	0.3212	0.0000	0.0000
0.2773	0.3220	0.0000	0.0000
0.2783	0.3228	0.0000	0.0000
0.2793	0.3236	0.0000	0.0000
0.2803	0.3245	0.0000	0.0000
0.2813	0.3253	0.0000	0.0000
0.2823	0.3261	0.0000	0.0000
0.2833	0.3269	0.0000	0.0000
0.2843	0.3278	0.0000	0.0000
0.2853	0.3286	0.0000	0.0000
0.2863	0.3294	0.0000	0.0000
0.2873	0.3302	0.0000	0.0000
0.2883	0.3311	0.0000	0.0000
0.2893	0.3319	0.0000	0.0000
0.2903	0.3327	0.0000	0.0000
0.2913	0.3335	0.0000	0.0000
0.2923	0.3344	0.0000	0.0000
0.2933	0.3352	0.0000	0.0000
0.2943	0.3360	0.0000	0.0000
0.2953	0.3368	0.0000	0.0000
0.2963	0.3377	0.0000	0.0000
0.2973	0.3385	0.0000	0.0000
0.2983	0.3393	0.0000	0.0000
0.2993	0.3402	0.0000	0.0000
0.3003	0.3410	0.0000	0.0000
0.3013	0.3418	0.0000	0.0000
0.3023	0.3426	0.0000	0.0000
0.3033	0.3435	0.0000	0.0000
0.3043	0.3443	0.0000	0.0000
0.3053	0.3451	0.0000	0.0000
0.3063	0.3460	0.0000	0.0000
0.3073	0.3468	0.0000	0.0000
0.3083	0.3476	0.0000	0.0000
0.3093	0.3484	0.0000	0.0000
0.3103	0.3493	0.0000	0.0000
0.3113	0.3501	0.0000	0.0000
0.3123	0.3509	0.0000	0.0000
0.3133	0.3518	0.0000	0.0000
0.3143	0.3526	0.0000	0.0000
0.3153	0.3534	0.0000	0.0000
0.3163	0.3543	0.0000	0.0000
0.3173	0.3551	0.0000	0.0000
0.3183	0.3559	0.0000	0.0000
0.3193	0.3568	0.0000	0.0000
0.3203	0.3576	0.0000	0.0000
0.3213	0.3584	0.0000	0.0000
0.3223	0.3593	0.0000	0.0000
0.3233	0.3601	0.0000	0.0000
0.3243	0.3610	0.0000	0.0000
0.3253	0.3618	0.0000	0.0000
0.3263	0.3626	0.0000	0.0000
0.3273	0.3635	0.0000	0.0000
0.3283	0.3643	0.0000	0.0000
0.3293	0.3651	0.0000	0.0000
0.3303	0.3660	0.0000	0.0000
0.3313	0.3668	0.0000	0.0000
0.3323	0.3677	0.0000	0.0000
0.3333	0.3685	0.0000	0.0000
0.3343	0.3693	0.0000	0.0000
0.3353	0.3702	0.0000	0.0000
0.3363	0.3710	0.0000	0.0000
0.3373	0.3719	0.0000	0.0000
0.3383	0.3727	0.0000	0.0000
0.3393	0.3735	0.0000	0.0000
0.3403	0.3744	0.0000	0.0000
0.3413	0.3752	0.0000	0.0000
0.3423	0.3761	0.0000	0.0000
0.3433	0.3769	0.0000	0.0000
0.3443	0.3778	0.0000	0.0000
0.3453	0.3786	0.0000	0.0000
0.3463	0.3794	0.0000	0.0000
0.3473	0.3803	0.0000	0.0000
0.3483	0.3811	0.0000	0.0000
0.3493	0.3820	0.0000	0.0000
0.3504	0.3828	0.0000	0.0000
0.3514	0.3837	0.0000	0.0000
0.3524	0.3845	0.0000	0.0000
0.3534	0.3854	0.0000	0.0000
0.3544	0.3862	0.0000	0.0000
0.3554	0.3871	0.0000	0.0000
0.3564	0.3879	0.0000	0.0000
0.3574	0.3888	0.0000	0.0000
0.3584	0.3896	0.0000	0.0000
0.3594	0.3905	0.0000	0.0000
0.3604	0.3913	0.0000	0.0000
0.3614	0.3922	0.0000	0.0000
0.3624	0.3930	0.0000	0.0000
0.3634	0.3939	0.0000	0.0000
0.3644	0.3947	0.0000	0.0000
0.3654	0.3956	0.0000	0.0000
0.3664	0.3965	0.0000	0.0000
0.3674	0.3973	0.0000	0.0000
0.3684	0.3982	0.0000	0.0000
0.3694	0.3990	0.0000	0.0000
0.3704	0.3999	0.0000	0.0000
0.3714	0.4007	0.0000	0.0000
0.3724	0.4016	0.0000	0.0000
0.3734	0.4025	0.0000	0.0000
0.3744	0.4033	0.0000	0.0000
0.3754	0.4042	0.0000	0.0000
0.3764	0.4050	0.0000	0.0000
0.3774	0.4059	0.0000	0.0000
0.3784	0.4068	0.0000	0.0000
0.3794	0.4076	0.0000	0.0000
0.3804	0.4085	0.0000	0.0000
0.3814	0.4094	0.0000	0.0000
0.3824	0.4102	0.0000	0.0000
0.3834	0.4111	0.0000	0.0000
0.3844	0.4120	0.0000	0.0000
0.3854	0.4128	0.0000	0.0000
0.3864	0.4137	0.0000	0.0000
0.3874	0.4146	0.0000	0.0000
0.3884	0.4154	0.0000	0.0000
0.3894	0.4163	0.0000	0.0000
0.3904	0.4172	0.0000	0.0000
0.3914	0.4180	0.0000	0.0000
0.3924	0.4189	0.0000	0.0000
0.3934	0.4198	0.0000	0.0000
0.3944	0.4207	0.0000	0.0000
0.3954	0.4215	0.0000	0.0000
0.3964	0.4224	0.0000	0.0000
0.3974	0.4233	0.0000	0.0000
0.3984	0.4242	0.0000	0.0000
0.3994	0.4250	0.0000	0.0000
0.4004	0.4259	0.0000	0.0000
0.4014	0.4268	0.0000	0.0000
0.4024	0.4277	0.0000	0.0000
0.4034	0.4286	0.0000	0.0000
0.4044	0.4294	0.0000	0.0000
0.4054	0.4303	0.0000	0.0000
0.4064	0.4312	0.0000	0.0000
0.4074	0.4321	0.0000	0.0000
0.4084	0.4330	0.0000	0.0000
0.4094	0.4338	0.0000	0.0000
0.4104	0.4347	0.0000	0.0000
0.4114	0.4356	0.0000	0.0000
0.4124	0.4365	0.0000	0.0000
0.4134	0.4374	0.0000	0.0000
0.4144	0.4383	0.0000	0.0000
0.4154	0.4392	0.0000	0.0000
0.4164	0.4401	0.0000	0.0000
0.4174	0.4410	0.0000	0.0000
0.4184	0.4419	0.0000	0.0000
0.4194	0.4427	0.0000	0.0000
0.4204	0.4436	0.0000	0.0000
0.4214	0.4445	0.0000	0.0000
0.4224	0.4454	0.0000	0.0000
0.4234	0.4463	0.0000	0.0000
0.4244	0.4472	0.0000	0.0000
0.4254	0.4481	0.0000	0.0000
0.4264	0.4490	0.0000	0.0000
0.4274	0.4499	0.0000	0.0000
0.4284	0.4508	0.0000	0.0000
0.4294	0.4517	0.0000	0.0000
0.4304	0.4526	0.0000	0.0000
0.4314	0.4535	0.0000	0.0000
0.4324	0.4545	0.0000	0.0000
0.4334	0.4554	0.0000	0.0000
0.4344	0.4563	0.0000	0.0000
0.4354	0.4572	0.0000	0.0000
0.4364	0.4581	0.0000	0.0000
0.4374	0.4590	0.0000	0.0000
0.4384	0.4599	0.0000	0.0000
0.4394	0.4608	0.0000	0.0000
0.4404	0.4617	0.0000	0.0000
0.4414	0.4627	0.0000	0.0000
0.4424	0.4636	0.0000	0.0000
0.4434	0.4645	0.0000	0.0000
0.4444	0.4654	0.0000	0.0000
0.4454	0.4663	0.0000	0.0000
0.4464	0.4673	0.0000	0.0000
0.4474	0.4682	0.0000	0.0000
0.4484	0.4691	0.0000	0.0000
0.4494	0.4700	0.0000	0.0000
0.4505	0.4709	0.0000	0.0000
0.4515	0.4719	0.0000	0.0000
0.4525	0.4728	0.0000	0.0000
0.4535	0.4737	0.0000	0.0000
0.4545	0.4747	0.0000	0.0000
0.4555	0.4756	0.0000	0.0000
0.4565	0.4765	0.0000	0.0000
0.4575	0.4775	0.0000	0.0000
0.4585	0.4784	0.0000	0.0000
0.4595	0.4793	0.0000	0.0000
0.4605	0.4803	0.0000	0.0000
0.4615	0.4812	0.0000	0.0000
0.4625	0.4822	0.0000	0.0000
0.4635	0.4831	0.0000	0.0000
0.4645	0.4840	0.0000	0.0000
0.4655	0.4850	0.0000	0.0000
0.4665	0.4859	0.0000	0.0000
0.4675	0.4869	0.0000	0.0000
0.4685	0.4878	0.0000	0.0000
0.4695	0.4888	0.0000	0.0000
0.4705	0.4897	0.0000	0.0000
0.4715	0.4907	0.0000	0.0000
0.4725	0.4916	0.0000	0.0000
0.4735	0.4926	0.0000	0.0000
0.4745	0.4935	0.0000	0.0000
0.4755	0.4945	0.0000	0.0000
0.4765	0.4955	0.0000	0.0000
0.4775	0.4964	0.0000	0.0000
0.4785	0.4974	0.0000	0.0000
0.4795	0.4983	0.0000	0.0000
0.4805	0.4993	0.0000	0.0000
0.4815	0.5003	0.0000	0.0000
0.4825	0.5012	0.0000	0.0000
0.4835	0.5022	0.0000	0.0000
0.4845	0.5032	0.0000	0.0000
0.4855	0.5042	0.0000	0.0000
0.4865	0.5051	0.0000	0.0000
0.4875	0.5061	0.0000	0.0000
0.4885	0.5071	0.0000	0.0000
0.4895	0.5081	0.0000	0.0000
0.4905	0.5091	0.0000	0.0000
0.4915	0.5100	0.0000	0.0000
0.4925	0.5110	0.0000	0.0000
0.4935	0.5120	0.0000	0.0000
0.4945	0.5130	0.0000	0.0000
0.4955	0.5140	0.0000	0.0000
0.4965	0.5150	0.0000	0.0000
0.4975	0.5160	0.0000	0.0000
0.4985	0.5170	0.0000	0.0000
0.4995	0.5180	0.0000	0.0000
0.5005	0.5194	0.0000	0.0000
0.5015	0.5213	0.0000	0.0000
0.5025	0.5232	0.0000	0.0000
0.5035	0.5251	0.0000	0.0000
0.5045	0.5270	0.0000	0.0000
0.5055	0.5289	0.0000	0.0000
0.5065	0.5307	0.0000	0.0000
0.5075	0.5326	0.0000	0.0000
0.5085	0.5344	0.0000	0.0000
0.5095	0.5363	0.0000	0.0000
0.5105	0.5381	0.0000	0.0000
0.5115	0.5399	0.0000	0.0000
0.5125	0.5417	0.0000	0.0000
0.5135	0.5435	0.0000	0.0000
0.5145	0.5453	0.0000	0.0000
0.5155	0.5471	0.0000	0.0000
0.5165	0.5489	0.0000	0.0000
0.5175	0.5506	0.0000	0.0000
0.5185	0.5524	0.0000	0.0000
0.5195	0.5541	0.0000	0.0000
0.5205	0.5559	0.0000	0.0000
0.5215	0.5576	0.0000	0.0000
0.5225	0.5593	0.0000	0.0000
0.5235	0.5610	0.0000	0.0000
0.5245	0.5627	0.0000	0.0000
0.5255	0.5644	0.0000	0.0000
0.5265	0.5661	0.0000	0.0000
0.5275	0.5678	0.0000	0.0000
0.5285	0.5694	0.0000	0.0000
0.5295	0.5711	0.0000	0.0000
0.5305	0.5727	0.0000	0.0000
0.5315	0.5744	0.0000	0.0000
0.5325	0.5760	0.0000	0.0000
0.5335	0.5776	0.0000	0.0000
0.5345	0.5793	0.0000	0.0000
0.5355	0.5809	0.0000	0.0000
0.5365	0.5825	0.0000	0.0000
0.5375	0.5841	0.0000	0.0000
0.5385	0.5857	0.0000	0.0000
0.5395	0.5872	0.0000	0.0000
0.5405	0.5888	0.0000	0.0000
0.5415	0.5904	0.0000	0.0000
0.5425	0.5919	0.0000	0.0000
0.5435	0.5935	0.0000	0.0000
0.5445	0.5950	0.0000	0.0000
0.5455	0.5965	0.0000	0.0000
0.5465	0.5981	0.0000	0.0000
0.5475	0.5996	0.0000	0.0000
0.5485	0.6011	0.0000	0.0000
0.5495	0.6026	0.0000	0.0000
0.5506	0.6041	0.0000	0.0000
0.5516	0.6056	0.0000	0.0000
0.5526	0.6071	0.0000	0.0000
0.5536	0.6085	0.0000	0.0000
0.5546	0.6100	0.0000	0.0000
0.5556	0.6115	0.0000	0.0000
0.5566	0.6129	0.0000	0.0000
0.5576	0.6144	0.0000	0.0000
0.5586	0.6158	0.0000	0.0000
0.5596	0.6172	0.0000	0.0000
0.5606	0.6186	0.0000	0.0000
0.5616	0.6201	0.0000	0.0000
0.5626	0.6215	0.0000	0.0000
0.5636	0.6229	0.0000	0.0000
0.5646	0.6243	0.0000	0.0000
0.5656	0.6257	0.0000	0.0000
0.5666	0.6270	0.0000	0.0000
0.5676	0.6284	0.0000	0.0000
0.5686	0.6298	0.0000	0.0000
0.5696	0.6312	0.0000	0.0000
0.5706	0.6325	0.0000	0.0000
0.5716	0.6339	0.0000	0.0000
0.5726	0.6352	0.0000	0.0000
0.5736	0.6365	0.0000	0.0000
0.5746	0.6379	0.0000	0.0000
0.5756	0.6392	0.0000	0.0000
0.5766	0.6405	0.0000	0.0000
0.5776	0.6418	0.0000	0.0000
0.5786	0.6431	0.0000	0.0000
0.5796	0.6444	0.0000	0.0000
0.5806	0.6457	0.0000	0.0000
0.5816	0.6470	0.0000	0.0000
0.5826	0.6483	0.0000	0.0000
0.5836	0.6496	0.0000	0.0000
0.5846	0.6509	0.0000	0.0000
0.5856	0.6521	0.0000	0.0000
0.5866	0.6534	0.0000	0.0000
0.5876	0.6546	0.0000	0.0000
0.5886	0.6559	0.0000	0.0000
0.5896	0.6571	0.0000	0.0000
0.5906	0.6583	0.0000	0.0000
0.5916	0.6596	0.0000	0.0000
0.5926	0.6608	0.0000	0.0000
0.5936	0.6620	0.0000	0.0000
0.5946	0.6632	0.0000	0.0000
0.5956	0.6644	0.0000	0.0000
0.5966	0.6656	0.0000	0.0000
0.5976	0.6668	0.0000	0.0000
0.5986	0.6680	0.0000	0.0000
0.5996	0.6692	0.0000	0.0000
0.6006	0.6704	0.0000	0.0000
0.6016	0.6715	0.0000	0.0000
0.6026	0.6727	0.0000	0.0000
0.6036	0.6739	0.0000	0.0000
0.6046	0.6750	0.0000	0.0000
0.6056	0.6762	0.0000	0.0000
0.6066	0.6773	0.0000	0.0000
0.6076	0.6785	0.0000	0.0000
0.6086	0.6796	0.0000	0.0000
0.6096	0.6807	0.0000	0.0000
0.6106	0.6819	0.0000	0.0000
0.6116	0.6830	0.0000	0.0000
0.6126	0.6841	0.0000	0.0000
0.6136	0.6852	0.0000	0.0000
0.6146	0.6863	0.0000	0.0000
0.6156	0.6874	0.0000	0.0000
0.6166	0.6885	0.0000	0.0000
0.6176	0.6896	0.0000	0.0000
0.6186	0.6907	0.0000	0.0000
0.6196	0.6918	0.0000	0.0000
0.6206	0.6928	0.0000	0.0000
0.6216	0.6939	0.0000	0.0000
0.6226	0.6950	0.0000	0.0000
0.6236	0.6960	0.0000	0.0000
0.6246	0.6971	0.0000	0.0000
0.6256	0.6981	0.0000	0.0000
0.6266	0.6992	0.0000	0.0000
0.6276	0.7002	0.0000	0.0000
0.6286	0.7012	0.0000	0.0000
0.6296	0.7023	0.0000	0.0000
0.6306	0.7033	0.0000	0.0000
0.6316	0.7043	0.0000	0.0000
0.6326	0.7053	0.0000	0.0000
0.6336	0.7064	0.0000	0.0000
0.6346	0.7074	0.0000	0.0000
0.6356	0.7084	0.0000	0.0000
0.6366	0.7094	0.0000	0.0000
0.6376	0.7104	0.0000	0.0000
0.6386	0.7114	0.0000	0.0000
0.6396	0.7123	0.0000	0.0000
0.6406	0.7133	0.0000	0.0000
0.6416	0.7143	0.0000	0.0000
0.6426	0.7153	0.0000	0.0000
0.6436	0.7162	0.0000	0.0000
0.6446	0.7172	0.0000	0.0000
0.6456	0.7182	0.0000	0.0000
0.6466	0.7191	0.0000	0.0000
0.6476	0.7201	0.0000	0.0000
0.6486	0.7210	0.0000	0.0000
0.6496	0.7220	0.0000	0.0000
0.6507	0.7229	0.0000	0.0000
0.6517	0.7238	0.0000	0.0000
0.6527	0.7248	0.0000	0.0000
0.6537	0.7257	0.0000	0.0000
0.6547	0.7266	0.0000	0.0000
0.6557	0.7275	0.0000	0.0000
0.6567	0.7284	0.0000	0.0000
0.6577	0.7294	0.0000	0.0000
0.6587	0.7303	0.0000	0.0000
0.6597	0.7312	0.0000	0.0000
0.6607	0.7321	0.0000	0.0000
0.6617	0.7330	0.0000	0.0000
0.6627	0.7338	0.0000	0.0000
0.6637	0.7347	0.0000	0.0000
0.6647	0.7356	0.0000	0.0000
0.6657	0.7365	0.0000	0.0000
0.6667	0.7374	0.0000	0.0000
0.6677	0.7382	0.0000	0.0000
0.6687	0.7391	0.0000	0.0000
0.6697	0.7400	0.0000	0.0000
0.6707	0.7408	0.0000	0.0000
0.6717	0.7417	0.0000	0.0000
0.6727	0.7425	0.0000	0.0000
0.6737	0.7434	0.0000	0.0000
0.6747	0.7442	0.0000	0.0000
0.6757	0.7451	0.0000	0.0000
0.6767	0.7459	0.0000	0.0000
0.6777	0.7467	0.0000	0.0000
0.6787	0.7476	0.0000	0.0000
0.6797	0.7484	0.0000	0.0000
0.6807	0.7492	0.0000	0.0000
0.6817	0.7500	0.0000	0.0000
0.6827	0.7509	0.0000	0.0000
0.6837	0.7517	0.0000	0.0000
0.6847	0.7525	0.0000	0.0000
0.6857	0.7533	0.0000	0.0000
0.6867	0.7541	0.0000	0.0000
0.6877	0.7549	0.0000	0.0000
0.6887	0.7557	0.0000	0.0000
0.6897	0.7565	0.0000	0.0000
0.6907	0.7573	0.0000	0.0000
0.6917	0.7581	0.0000	0.0000
0.6927	0.7588	0.0000	0.0000
0.6937	0.7596	0.0000	0.0000
0.6947	0.7604	0.0000	0.0000
0.6957	0.7612	0.0000	0.0000
0.6967	0.7619	0.0000	0.0000
0.6977	0.7627	0.0000	0.0000
0.6987	0.7635	0.0000	0.0000
0.6997	0.7642	0.0000	0.0000
0.7007	0.7650	0.0000	0.0000
0.7017	0.7657	0.0000	0.0000
0.7027	0.7665	0.0000	0.0000
0.7037	0.7672	0.0000	0.0000
0.7047	0.7680	0.0000	0.0000
0.7057	0.7687	0.0000	0.0000
0.7067	0.7694	0.0000	0.0000
0.7077	0.7702	0.0000	0.0000
0.7087	0.7709	0.0000	0.0000
0.7097	0.7716	0.0000	0.0000
0.7107	0.7724	0.0000	0.0000
0.7117	0.7731	0.0000	0.0000
0.7127	0.7738	0.0000	0.0000
0.7137	0.7745	0.0000	0.0000
0.7147	0.7752	0.0000	0.0000
0.7157	0.7760	0.0000	0.0000
0.7167	0.7767	0.0000	0.0000
0.7177	0.7774	0.0000	0.0000
0.7187	0.7781	0.0000	0.0000
0.7197	0.7788	0.0000	0.0000
0.7207	0.7795	0.0000	0.0000
0.7217	0.7802	0.0000	0.0000
0.7227	0.7808	0.0000	0.0000
0.7237	0.7815	0.0000	0.0000
0.7247	0.7822	0.0000	0.0000
0.7257	0.7829	0.0000	0.0000
0.7267	0.7836	0.0000	0.0000
0.7277	0.7843	0.0000	0.0000
0.7287	0.7849	0.0000	0.0000
0.7297	0.7856	0.0000	0.0000
0.7307	0.7863	0.0000	0.0000
0.7317	0.7869	0.0000	0.0000
0.7327	0.7876	0.0000	0.0000
0.7337	0.7883	0.0000	0.0000
0.7347	0.7889	0.0000	0.0000
0.7357	0.7896	0.0000	0.0000
0.7367	0.7902	0.0000	0.0000
0.7377	0.7909	0.0000	0.0000
0.7387	0.7915	0.0000	0.0000
0.7397	0.7922	0.0000	0.0000
0.7407	0.7928	0.0000	0.0000
0.7417	0.7934	0.0000	0.0000
0.7427	0.7941	0.0000	0.0000
0.7437	0.7947	0.0000	0.0000
0.7447	0.7954	0.0000	0.0000
0.7457	0.7960	0.0000	0.0000
0.7467	0.7966	0.0000	0.0000
0.7477	0.7972	0.0000	0.0000
0.7487	0.7979	0.0000	0.0000
0.7497	0.7985	0.0000	0.0000
0.7508	0.7991	0.0000	0.0000
0.7518	0.7997	0.0000	0.0000
0.7528	0.8003	0.0000	0.0000
0.7538	0.8009	0.0000	0.0000
0.7548	0.8015	0.0000	0.0000
0.7558	0.8021	0.0000	0.0000
0.7568	0.8027	0.0000	0.0000
0.7578	0.8033	0.0000	0.0000
0.7588	0.8039	0.0000	0.0000
0.7598	0.8045	0.0000	0.0000
0.7608	0.8051	0.0000	0.0000
0.7618	0.8057	0.0000	0.0000
0.7628	0.8063	0.0000	0.0000
0.7638	0.8069	0.0000	0.0000
0.7648	0.8075	0.0000	0.0000
0.7658	0.8081	0.0000	0.0000
0.7668	0.8087	0.0000	0.0000
0.7678	0.8092	0.0000	0.0000
0.7688	0.8098	0.0000	0.0000
0.7698	0.8104	0.0000	0.0000
0.7708	0.8110	0.0000	0.0000
0.7718	0.8115	0.0000	0.0000
0.7728	0.8121	0.0000	0.0000
0.7738	0.8127	0.0000	0.0000
0.7748	0.8132	0.0000	0.0000
0.7758	0.8138	0.0000	0.0000
0.7768	0.8143	0.0000	0.0000
0.7778	0.8149	0.0000	0.0000
0.7788	0.8155	0.0000	0.0000
0.7798	0.8160	0.0000	0.0000
0.7808	0.8166	0.0000	0.0000
0.7818	0.8171	0.0000	0.0000
0.7828	0.8177	0.0000	0.0000
0.7838	0.8182	0.0000	0.0000
0.7848	0.8187	0.0000	0.0000
0.7858	0.8193	0.0000	0.0000
0.7868	0.8198	0.0000	0.0000
0.7878	0.8204	0.0000	0.0000
0.7888	0.8209	0.0000	0.0000
0.7898	0.8214	0.0000	0.0000
0.7908	0.8220	0.0000	0.0000
0.7918	0.8225	0.0000	0.0000
0.7928	0.8230	0.0000	0.0000
0.7938	0.8235	0.0000	0.0000
0.7948	0.8241	0.0000	0.0000
0.7958	0.8246	0.0000	0.0000
0.7968	0.8251	0.0000	0.0000
0.7978	0.8256	0.0000	0.0000
0.7988	0.8261	0.0000	0.0000
0.7998	0.8266	0.0000	0.0000
0.8008	0.8272	0.0000	0.0000
0.8018	0.8277	0.0000	0.0000
0.8028	0.8282	0.0000	0.0000
0.8038	0.8287	0.0000	0.0000
0.8048	0.8292	0.0000	0.0000
0.8058	0.8297	0.0000	0.0000
0.8068	0.8302	0.0000	0.0000
0.8078	0.8307	0.0000	0.0000
0.8088	0.8312	0.0000	0.0000
0.8098	0.8317	0.0000	0.0000
0.8108	0.8322	0.0000	0.0000
0.8118	0.8327	0.0000	0.0000
0.8128	0.8332	0.0000	0.0000
0.8138	0.8337	0.0000	0.0000
0.8148	0.8341	0.0000	0.0000
0.8158	0.8346	0.0000	0.0000
0.8168	0.8351	0.0000	0.0000
0.8178	0.8356	0.0000	0.0000
0.8188	0.8361	0.0000	0.0000
0.8198	0.8366	0.0000	0.0000
0.8208	0.8370	0.0000	0.0000
0.8218	0.8375	0.0000	0.0000
0.8228	0.8380	0.0000	0.0000
0.8238	0.8385	0.0000	0.0000
0.8248	0.8389	0.0000	0.0000
0.8258	0.8394	0.0000	0.0000
0.8268	0.8399	0.0000	0.0000
0.8278	0.8403	0.0000	0.0000
0.8288	0.8408	0.0000	0.0000
0.8298	0.8413	0.0000	0.0000
0.8308	0.8417	0.0000	0.0000
0.8318	0.8422	0.0000	0.0000
0.8328	0.8427	0.0000	0.0000
0.8338	0.8431	0.0000	0.0000
0.8348	0.8436	0.0000	0.0000
0.8358	0.8440	0.0000	0.0000
0.8368	0.8445	0.0000	0.0000
0.8378	0.8449	0.0000	0.0000
0.8388	0.8454	0.0000	0.0000
0.8398	0.8458	0.0000	0.0000
0.8408	0.8463	0.0000	0.0000
0.8418	0.8467	0.0000	0.0000
0.8428	0.8472	0.0000	0.0000
0.8438	0.8476	0.0000	0.0000
0.8448	0.8481	0.0000	0.0000
0.8458	0.8485	0.0000	0.0000
0.8468	0.8489	0.0000	0.0000
0.8478	0.8494	0.0000	0.0000
0.8488	0.8498	0.0000	0.0000
0.8498	0.8503	0.0000	0.0000
0.8509	0.8507	0.0000	0.0000
0.8519	0.8511	0.0000	0.0000
0.8529	0.8516	0.0000	0.0000
0.8539	0.8520	0.0000	0.0000
0.8549	0.8524	0.0000	0.0000
0.8559	0.8528	0.0000	0.0000
0.8569	0.8533	0.0000	0.0000
0.8579	0.8537	0.0000	0.0000
0.8589	0.8541	0.0000	0.0000
0.8599	0.8545	0.0000	0.0000
0.8609	0.8550	0.0000	0.0000
0.8619	0.8554	0.0000	0.0000
0.8629	0.8558	0.0000	0.0000
0.8639	0.8562	0.0000	0.0000
0.8649	0.8566	0.0000	0.0000
0.8659	0.8571	0.0000	0.0000
0.8669	0.8575	0.0000	0.0000
0.8679	0.8579	0.0000	0.0000
0.8689	0.8583	0.0000	0.0000
0.8699	0.8587	0.0000	0.0000
0.8709	0.8591	0.0000	0.0000
0.8719	0.8595	0.0000	0.0000
0.8729	0.8599	0.0000	0.0000
0.8739	0.8603	0.0000	0.0000
0.8749	0.8607	0.0000	0.0000
0.8759	0.8611	0.0000	0.0000
0.8769	0.8616	0.0000	0.0000
0.8779	0.8620	0.0000	0.0000
0.8789	0.8624	0.0000	0.0000
0.8799	0.8628	0.0000	0.0000
0.8809	0.8632	0.0000	0.0000
0.8819	0.8636	0.0000	0.0000
0.8829	0.8639	0.0000	0.0000
0.8839	0.8643	0.0000	0.0000
0.8849	0.8647	0.0000	0.0000
0.8859	0.8651	0.0000	0.0000
0.8869	0.8655	0.0000	0.0000
0.8879	0.8659	0.0000	0.0000
0.8889	0.8663	0.0000	0.0000
0.8899	0.8667	0.0000	0.0000
0.8909	0.8671	0.0000	0.0000
0.8919	0.8675	0.0000	0.0000
0.8929	0.8679	0.0000	0.0000
0.8939	0.8683	0.0000	0.0000
0.8949	0.8686	0.0000	0.0000
0.8959	0.8690	0.0000	0.0000
0.8969	0.8694	0.0000	0.0000
0.8979	0.8698	0.0000	0.0000
0.8989	0.8702	0.0000	0.0000
0.8999	0.8705	0.0000	0.0000
0.9009	0.8709	0.0000	0.0000
0.9019	0.8713	0.0000	0.0000
0.9029	0.8717	0.0000	0.0000
0.9039	0.8721	0.0000	0.0000
0.9049	0.8724	0.0000	0.0000
0.9059	0.8728	0.0000	0.0000
0.9069	0.8732	0.0000	0.0000
0.9079	0.8736	0.0000	0.0000
0.9089	0.8739	0.0000	0.0000
0.9099	0.8743	0.0000	0.0000
0.9109	0.8747	0.0000	0.0000
0.9119	0.8751	0.0000	0.0000
0.9129	0.8754	0.0000	0.0000
0.9139	0.8758	0.0000	0.0000
0.9149	0.8762	0.0000	0.0000
0.9159	0.8765	0.0000	0.0000
0.9169	0.8769	0.0000	0.0000
0.9179	0.8773	0.0000	0.0000
0.9189	0.8776	0.0000	0.0000
0.9199	0.8780	0.0000	0.0000
0.9209	0.8784	0.0000	0.0000
0.9219	0.8787	0.0000	0.0000
0.9229	0.8791	0.0000	0.0000
0.9239	0.8794	0.0000	0.0000
0.9249	0.8798	0.0000	0.0000
0.9259	0.8802	0.0000	0.0000
0.9269	0.8805	0.0000	0.0000
0.9279	0.8809	0.0000	0.0000
0.9289	0.8812	0.0000	0.0000
0.9299	0.8816	0.0000	0.0000
0.9309	0.8820	0.0000	0.0000
0.9319	0.8823	0.0000	0.0000
0.9329	0.8827	0.0000	0.0000
0.9339	0.8830	0.0000	0.0000
0.9349	0.8834	0.0000	0.0000
0.9359	0.8837	0.0000	0.0000
0.9369	0.8841	0.0000	0.0000
0.9379	0.8845	0.0000	0.0000
0.9389	0.8848	0.0000	0.0000
0.9399	0.8852	0.0000	0.0000
0.9409	0.8855	0.0000	0.0000
0.9419	0.8859	0.0000	0.0000
0.9429	0.8862	0.0000	0.0000
0.9439	0.8866	0.0000	0.0000
0.9449	0.8869	0.0000	0.0000
0.9459	0.8873	0.0000	0.0000
0.9469	0.8876	0.0000	0.0000
0.9479	0.8880	0.0000	0.0000
0.9489	0.8883	0.0000	0.0000
0.9499	0.8887	0.0000	0.0000
0.9510	0.8890	0.0000	0.0000
0.9520	0.8894	0.0000	0.0000
0.9530	0.8897	0.0000	0.0000
0.9540	0.8900	0.0000	0.0000
0.9550	0.8904	0.0000	0.0000
0.9560	0.8907	0.0000	0.0000
0.9570	0.8911	0.0000	0.0000
0.9580	0.8914	0.0000	0.0000
0.9590	0.8918	0.0000	0.0000
0.9600	0.8921	0.0000	0.0000
0.9610	0.8925	0.0000	0.0000
0.9620	0.8928	0.0000	0.0000
0.9630	0.8931	0.0000	0.0000
0.9640	0.8935	0.0000	0.0000
0.9650	0.8938	0.0000	0.0000
0.9660	0.8942	0.0000	0.0000
0.9670	0.8945	0.0000	0.0000
0.9680	0.8949	0.0000	0.0000
0.9690	0.8952	0.0000	0.0000
0.9700	0.8955	0.0000	0.0000
0.9710	0.8959	0.0000	0.0000
0.9720	0.8962	0.0000	0.0000
0.9730	0.8966	0.0000	0.0000
0.9740	0.8969	0.0000	0.0000
0.9750	0.8972	0.0000	0.0000
0.9760	0.8976	0.0000	0.0000
0.9770	0.8979	0.0000	0.0000
0.9780	0.8983	0.0000	0.0000
0.9790	0.8986	0.0000	0.0000
0.9800	0.8989	0.0000	0.0000
0.9810	0.8993	0.0000	0.0000
0.9820	0.8996	0.0000	0.0000
0.9830	0.9000	0.0000	0.0000
0.9840	0.9003	0.0000	0.0000
0.9850	0.9007	0.0000	0.0000
0.9860	0.9010	0.0000	0.0000
0.9870	0.9013	0.0000	0.0000
0.9880	0.9017	0.0000	0.0000
0.9890	0.9020	0.0000	0.0000
0.9900	0.9024	0.0000	0.0000
0.9910	0.9027	0.0000	0.0000
0.9920	0.9030	0.0000	0.0000
0.9930	0.9034	0.0000	0.0000
0.9940	0.9037	0.0000	0.0000
0.9950	0.9041	0.0000	0.0000
0.9960	0.9044	0.0000	0.0000
0.9970	0.9048	0.0000	0.0000
0.9980	0.9051	0.0000	0.0000
0.9990	0.9054	0.0000	0.0000
1.0000	0.9058	0.0000	0.0000
0.8509
