0.0000	0.1025	0.0000	0.0000
0.0010	0.1034	0.0000	0.0000
0.0020	0.1042	0.0000	0.0000
0.0030	0.1051	0.0000	0.0000
0.0040	0.1059	0.0000	0.0000
0.0050	0.1068	0.0000	0.0000
0.0060	0.1076	0.0000	0.0000
0.0070	0.1085	0.0000	0.0000
0.0080	0.1093	0.0000	0.0000
0.0090	0.1102	0.0000	0.0000
0.0100	0.1110	0.0000	0.0000
0.0110	0.1119	0.0000	0.0000
0.0120	0.1127	0.0000	0.0000
0.0130	0.1136	0.0000	0.0000
0.0140	0.1144	0.0000	0.0000
0.0150	0.1153	0.0000	0.0000
0.0160	0.1161	0.0000	0.0000
0.0170	0.1170	0.0000	0.0000
0.0180	0.1178	0.0000	0.0000
0.0190	0.1187	0.0000	0.0000
0.0200	0.1195	0.0000	0.0000
0.0210	0.1204	0.0000	0.0000
0.0220	0.1212	0.0000	0.0000
0.0230	0.1221	0.0000	0.0000
0.0240	0.1229	0.0000	0.0000
0.0250	0.1238	0.0000	0.0000
0.0260	0.1246	0.0000	0.0000
0.0270	0.1255	0.0000	0.0000
0.0280	0.1263	0.0000	0.0000
0.0290	0.1272	0.0000	0.0000
0.0300	0.1280	0.0000	0.0000
0.0310	0.1288	0.0000	0.0000
0.0320	0.1297	0.0000	0.0000
0.0330	0.1305	0.0000	0.0000
0.0340	0.1314	0.0000	0.0000
0.0350	0.1322	0.0000	0.0000
0.0360	0.1331	0.0000	0.0000
0.0370	0.1339	0.0000	0.0000
0.0380	0.1347	0.0000	0.0000
0.0390	0.1356	0.0000	0.0000
0.0400	0.1364	0.0000	0.0000
0.0410	0.1373	0.0000	0.0000
0.0420	0.1381	0.0000	0.0000
0.0430	0.1390	0.0000	0.0000
0.0440	0.1398	0.0000	0.0000
0.0450	0.1406	0.0000	0.0000
0.0460	0.1415	0.0000	0.0000
0.0470	0.1423	0.0000	0.0000
0.0480	0.1432	0.0000	0.0000
0.0490	0.1440	0.0000	0.0000
0.0501	0.1448	0.0000	0.0000
0.0511	0.1457	0.0000	0.0000
0.0521	0.1465	0.0000	0.0000
0.0531	0.1474	0.0000	0.0000
0.0541	0.1482	0.0000	0.0000
0.0551	0.1490	0.0000	0.0000
0.0561	0.1499	0.0000	0.0000
0.0571	0.1507	0.0000	0.0000
0.0581	0.1516	0.0000	0.0000
0.0591	0.1524	0.0000	0.0000
0.0601	0.1532	0.0000	0.0000
0.0611	0.1541	0.0000	0.0000
0.0621	0.1549	0.0000	0.0000
0.0631	0.1557	0.0000	0.0000
0.0641	0.1566	0.0000	0.0000
0.0651	0.1574	0.0000	0.0000
0.0661	0.1583	0.0000	0.0000
0.0671	0.1591	0.0000	0.0000
0.0681	0.1599	0.0000	0.0000
0.0691	0.1608	0.0000	0.0000
0.0701	0.1616	0.0000	0.0000
0.0711	0.1624	0.0000	0.0000
0.0721	0.1633	0.0000	0.0000
0.0731	0.1641	0.0000	0.0000
0.0741	0.1649	0.0000	0.0000
0.0751	0.1658	0.0000	0.0000
0.0761	0.1666	0.0000	0.0000
0.0771	0.1674	0.0000	0.0000
0.0781	0.1683	0.0000	0.0000
0.0791	0.1691	0.0000	0.0000
0.0801	0.1699	0.0000	0.0000
0.0811	0.1708	0.0000	0.0000
0.0821	0.1716	0.0000	0.0000
0.0831	0.1724	0.0000	0.0000
0.0841	0.1733	0.0000	0.0000
0.0851	0.1741	0.0000	0.0000
0.0861	0.1749	0.0000	0.0000
0.0871	0.1758	0.0000	0.0000
0.0881	0.1766	0.0000	0.0000
0.0891	0.1774	0.0000	0.0000
0.0901	0.1783	0.0000	0.0000
0.0911	0.1791	0.0000	0.0000
0.0921	0.1799	0.0000	0.0000
0.0931	0.1808	0.0000	0.0000
0.0941	0.1816	0.0000	0.0000
0.0951	0.1824	0.0000	0.0000
0.0961	0.1832	0.0000	0.0000
0.0971	0.1841	0.0000	0.0000
0.0981	0.1849	0.0000	0.0000
0.0991	0.1857	0.0000	0.0000
0.1001	0.1866	0.0000	0.0000
0.1011	0.1874	0.0000	0.0000
0.1021	0.1882	0.0000	0.0000
0.1031	0.1890	0.0000	0.0000
0.1041	0.1899	0.0000	0.0000
0.1051	0.1907	0.0000	0.0000
0.1061	0.1915	0.0000	0.0000
0.1071	0.1924	0.0000	0.0000
0.1081	0.1932	0.0000	0.0000
0.1091	0.1940	0.0000	0.0000
0.1101	0.1948	0.0000	0.0000
0.1111	0.1957	0.0000	0.0000
0.1121	0.1965	0.0000	0.0000
0.1131	0.1973	0.0000	0.0000
0.1141	0.1981	0.0000	0.0000
0.1151	0.1990	0.0000	0.0000
0.1161	0.1998	0.0000	0.0000
0.1171	0.2006	0.0000	0.0000
0.1181	0.2014	0.0000	0.0000
0.1191	0.2023	0.0000	0.0000
0.1201	0.2031	0.0000	0.0000
0.1211	0.2039	0.0000	0.0000
0.1221	0.2047	0.0000	0.0000
0.1231	0.2056	0.0000	0.0000
0.1241	0.2064	0.0000	0.0000
0.1251	0.2072	0.0000	0.0000
0.1261	0.2080	0.0000	0.0000
0.1271	0.2089	0.0000	0.0000
0.1281	0.2097	0.0000	0.0000
0.1291	0.2105	0.0000	0.0000
0.1301	0.2113	0.0000	0.0000
0.1311	0.2122	0.0000	0.0000
0.1321	0.2130	0.0000	0.0000
0.1331	0.2138	0.0000	0.0000
0.1341	0.2146	0.0000	0.0000
0.1351	0.2155	0.0000	0.0000
0.1361	0.2163	0.0000	0.0000
0.1371	0.2171	0.0000	0.0000
0.1381	0.2179	0.0000	0.0000
0.1391	0.2187	0.0000	0.0000
0.1401	0.2196	0.0000	0.0000
0.1411	0.2204	0.0000	0.0000
0.1421	0.2212	0.0000	0.0000
0.1431	0.2220	0.0000	0.0000
0.1441	0.2229	0.0000	0.0000
0.1451	0.2237	0.0000	0.0000
0.1461	0.2245	0.0000	0.0000
0.1471	0.2253	0.0000	0.0000
0.1481	0.2261	0.0000	0.0000
0.1491	0.2270	0.0000	0.0000
0.1502	0.2278	0.0000	0.0000
0.1512	0.2286	0.0000	0.0000
0.1522	0.2294	0.0000	0.0000
0.1532	0.2302	0.0000	0.0000
0.1542	0.2311	0.0000	0.0000
0.1552	0.2319	0.0000	0.0000
0.1562	0.2327	0.0000	0.0000
0.1572	0.2335	0.0000	0.0000
0.1582	0.2343	0.0000	0.0000
0.1592	0.2352	0.0000	0.0000
0.1602	0.2360	0.0000	0.0000
0.1612	0.2368	0.0000	0.0000
0.1622	0.2376	0.0000	0.0000
0.1632	0.2384	0.0000	0.0000
0.1642	0.2393	0.0000	0.0000
0.1652	0.2401	0.0000	0.0000
0.1662	0.2409	0.0000	0.0000
0.1672	0.2417	0.0000	0.0000
0.1682	0.2425	0.0000	0.0000
0.1692	0.2433	0.0000	0.0000
0.1702	0.2442	0.0000	0.0000
0.1712	0.2450	0.0000	0.0000
0.1722	0.2458	0.0000	0.0000
0.1732	0.2466	0.0000	0.0000
0.1742	0.2474	0.0000	0.0000
0.1752	0.2482	0.0000	0.0000
0.1762	0.2491	0.0000	0.0000
0.1772	0.2499	0.0000	0.0000
0.1782	0.2507	0.0000	0.0000
0.1792	0.2515	0.0000	0.0000
0.1802	0.2523	0.0000	0.0000
0.1812	0.2532	0.0000	0.0000
0.1822	0.2540	0.0000	0.0000
0.1832	0.2548	0.0000	0.0000
0.1842	0.2556	0.0000	0.0000
0.1852	0.2564	0.0000	0.0000
0.1862	0.2572	0.0000	0.0000
0.1872	0.2580	0.0000	0.0000
0.1882	0.2589	0.0000	0.0000
0.1892	0.2597	0.0000	0.0000
0.1902	0.2605	0.0000	0.0000
0.1912	0.2613	0.0000	0.0000
0.1922	0.2621	0.0000	0.0000
0.1932	0.2629	0.0000	0.0000
0.1942	0.2638	0.0000	0.0000
0.1952	0.2646	0.0000	0.0000
0.1962	0.2654	0.0000	0.0000
0.1972	0.2662	0.0000	0.0000
0.1982	0.2670	0.0000	0.0000
0.1992	0.2678	0.0000	0.0000
0.2002	0.2687	0.0000	0.0000
0.2012	0.2695	0.0000	0.0000
0.2022	0.2703	0.0000	0.0000
0.2032	0.2711	0.0000	0.0000
0.2042	0.2719	0.0000	0.0000
0.2052	0.2727	0.0000	0.0000
0.2062	0.2735	0.0000	0.0000
0.2072	0.2744	0.0000	0.0000
0.2082	0.2752	0.0000	0.0000
0.2092	0.2760	0.0000	0.0000
0.2102	0.2768	0.0000	0.0000
0.2112	0.2776	0.0000	0.0000
0.2122	0.2784	0.0000	0.0000
0.2132	0.2792	0.0000	0.0000
0.2142	0.2801	0.0000	0.0000
0.2152	0.2809	0.0000	0.0000
0.2162	0.2817	0.0000	0.0000
0.2172	0.2825	0.0000	0.0000
0.2182	0.2833	0.0000	0.0000
0.2192	0.2841	0.0000	0.0000
0.2202	0.2849	0.0000	0.0000
0.2212	0.2858	0.0000	0.0000
0.2222	0.2866	0.0000	0.0000
0.2232	0.2874	0.0000	0.0000
0.2242	0.2882	0.0000	0.0000
0.2252	0.2890	0.0000	0.0000
0.2262	0.2898	0.0000	0.0000
0.2272	0.2906	0.0000	0.0000
0.2282	0.2915	0.0000	0.0000
0.2292	0.2923	0.0000	0.0000
0.2302	0.2931	0.0000	0.0000
0.2312	0.2939	0.0000	0.0000
0.2322	0.2947	0.0000	0.0000
0.2332	0.2955	0.0000	0.0000
0.2342	0.2963	0.0000	0.0000
0.2352	0.2972	0.0000	0.0000
0.2362	0.2980	0.0000	0.0000
0.2372	0.2988	0.0000	0.0000
0.2382	0.2996	0.0000	0.0000
0.2392	0.3004	0.0000	0.0000
0.2402	0.3012	0.0000	0.0000
0.2412	0.3020	0.0000	0.0000
0.2422	0.3029	0.0000	0.0000
0.2432	0.3037	0.0000	0.0000
0.2442	0.3045	0.0000	0.0000
0.2452	0.3053	0.0000	0.0000
0.2462	0.3061	0.0000	0.0000
0.2472	0.3069	0.0000	0.0000
0.2482	0.3077	0.0000	0.0000
0.2492	0.3086	0.0000	0.0000
0.2503	0.3094	0.0000	0.0000
0.2513	0.3102	0.0000	0.0000
0.2523	0.3110	0.0000	0.0000
0.2533	0.3118	0.0000	0.0000
0.2543	0.3126	0.0000	0.0000
0.2553	0.3134	0.0000	0.0000
0.2563	0.3143	0.0000	0.0000
0.2573	0.3151	0.0000	0.0000
0.2583	0.3159	0.0000	0.0000
0.2593	0.3167	0.0000	0.0000
0.2603	0.3175	0.0000	0.0000
0.2613	0.3183	0.0000	0.0000
0.2623	0.3191	0.0000	0.0000
0.2633	0.3200	0.0000	0.0000
0.2643	0.3208	0.0000	0.0000
0.2653	0.3216	0.0000	0.0000
0.2663	0.3224	0.0000	0.0000
0.2673	0.3232	0.0000	0.0000
0.2683	0.3240	0.0000	0.0000
0.2693	0.3249	0.0000	0.0000
0.2703	0.3257	0.0000	0.0000
0.2713	0.3265	0.0000	0.0000
0.2723	0.3273	0.0000	0.0000
0.2733	0.3281	0.0000	0.0000
0.2743	0.3289	0.0000	0.0000
0.2753	0.3297	0.0000	0.0000
0.2763	0.3306	0.0000	0.0000
0.2773	0.3314	0.0000	0.0000
0.2783	0.3322	0.0000	0.0000
0.2793	0.3330	0.0000	0.0000
0.2803	0.3338	0.0000	0.0000
0.2813	0.3346	0.0000	0.0000
0.2823	0.3355	0.0000	0.0000
0.2833	0.3363	0.0000	0.0000
0.2843	0.3371	0.0000	0.0000
0.2853	0.3379	0.0000	0.0000
0.2863	0.3387	0.0000	0.0000
0.2873	0.3395	0.0000	0.0000
0.2883	0.3404	0.0000	0.0000
0.2893	0.3412	0.0000	0.0000
0.2903	0.3420	0.0000	0.0000
0.2913	0.3428	0.0000	0.0000
0.2923	0.3436	0.0000	0.0000
0.2933	0.3445	0.0000	0.0000
0.2943	0.3453	0.0000	0.0000
0.2953	0.3461	0.0000	0.0000
0.2963	0.3469	0.0000	0.0000
0.2973	0.3477	0.0000	0.0000
0.2983	0.3485	0.0000	0.0000
0.2993	0.3494	0.0000	0.0000
0.3003	0.3502	0.0000	0.0000
0.3013	0.3510	0.0000	0.0000
0.3023	0.3518	0.0000	0.0000
0.3033	0.3526	0.0000	0.0000
0.3043	0.3535	0.0000	0.0000
0.3053	0.3543	0.0000	0.0000
0.3063	0.3551	0.0000	0.0000
0.3073	0.3559	0.0000	0.0000
0.3083	0.3567	0.0000	0.0000
0.3093	0.3576	0.0000	0.0000
0.3103	0.3584	0.0000	0.0000
0.3113	0.3592	0.0000	0.0000
0.3123	0.3600	0.0000	0.0000
0.3133	0.3608	0.0000	0.0000
0.3143	0.3617	0.0000	0.0000
0.3153	0.3625	0.0000	0.0000
0.3163	0.3633	0.0000	0.0000
0.3173	0.3641	0.0000	0.0000
0.3183	0.3650	0.0000	0.0000
0.3193	0.3658	0.0000	0.0000
0.3203	0.3666	0.0000	0.0000
0.3213	0.3674	0.0000	0.0000
0.3223	0.3683	0.0000	0.0000
0.3233	0.3691	0.0000	0.0000
0.3243	0.3699	0.0000	0.0000
0.3253	0.3707	0.0000	0.0000
0.3263	0.3715	0.0000	0.0000
0.3273	0.3724	0.0000	0.0000
0.3283	0.3732	0.0000	0.0000
0.3293	0.3740	0.0000	0.0000
0.3303	0.3748	0.0000	0.0000
0.3313	0.3757	0.0000	0.0000
0.3323	0.3765	0.0000	0.0000
0.3333	0.3773	0.0000	0.0000
0.3343	0.3782	0.0000	0.0000
0.3353	0.3790	0.0000	0.0000
0.3363	0.3798	0.0000	0.0000
0.3373	0.3806	0.0000	0.0000
0.3383	0.3815	0.0000	0.0000
0.3393	0.3823	0.0000	0.0000
0.3403	0.3831	0.0000	0.0000
0.3413	0.3839	0.0000	0.0000
0.3423	0.3848	0.0000	0.0000
0.3433	0.3856	0.0000	0.0000
0.3443	0.3864	0.0000	0.0000
0.3453	0.3873	0.0000	0.0000
0.3463	0.3881	0.0000	0.0000
0.3473	0.3889	0.0000	0.0000
0.3483	0.3898	0.0000	0.0000
0.3493	0.3906	0.0000	0.0000
0.3504	0.3914	0.0000	0.0000
0.3514	0.3923	0.0000	0.0000
0.3524	0.3931	0.0000	0.0000
0.3534	0.3939	0.0000	0.0000
0.3544	0.3948	0.0000	0.0000
0.3554	0.3956	0.0000	0.0000
0.3564	0.3964	0.0000	0.0000
0.3574	0.3973	0.0000	0.0000
0.3584	0.3981	0.0000	0.0000
0.3594	0.3989	0.0000	0.0000
0.3604	0.3998	0.0000	0.0000
0.3614	0.4006	0.0000	0.0000
0.3624	0.4014	0.0000	0.0000
0.3634	0.4023	0.0000	0.0000
0.3644	0.4031	0.0000	0.0000
0.3654	0.4039	0.0000	0.0000
0.3664	0.4048	0.0000	0.0000
0.3674	0.4056	0.0000	0.0000
0.3684	0.4065	0.0000	0.0000
0.3694	0.4073	0.0000	0.0000
0.3704	0.4081	0.0000	0.0000
0.3714	0.4090	0.0000	0.0000
0.3724	0.4098	0.0000	0.0000
0.3734	0.4107	0.0000	0.0000
0.3744	0.4115	0.0000	0.0000
0.3754	0.4123	0.0000	0.0000
0.3764	0.4132	0.0000	0.0000
0.3774	0.4140	0.0000	0.0000
0.3784	0.4149	0.0000	0.0000
0.3794	0.4157	0.0000	0.0000
0.3804	0.4166	0.0000	0.0000
0.3814	0.4174	0.0000	0.0000
0.3824	0.4183	0.0000	0.0000
0.3834	0.4191	0.0000	0.0000
0.3844	0.4199	0.0000	0.0000
0.3854	0.4208	0.0000	0.0000
0.3864	0.4216	0.0000	0.0000
0.3874	0.4225	0.0000	0.0000
0.3884	0.4233	0.0000	0.0000
0.3894	0.4242	0.0000	0.0000
0.3904	0.4250	0.0000	0.0000
0.3914	0.4259	0.0000	0.0000
0.3924	0.4267	0.0000	0.0000
0.3934	0.4276	0.0000	0.0000
0.3944	0.4284	0.0000	0.0000
0.3954	0.4293	0.0000	0.0000
0.3964	0.4301	0.0000	0.0000
0.3974	0.4310	0.0000	0.0000
0.3984	0.4319	0.0000	0.0000
0.3994	0.4327	0.0000	0.0000
0.4004	0.4336	0.0000	0.0000
0.4014	0.4344	0.0000	0.0000
0.4024	0.4353	0.0000	0.0000
0.4034	0.4361	0.0000	0.0000
0.4044	0.4370	0.0000	0.0000
0.4054	0.4378	0.0000	0.0000
0.4064	0.4387	0.0000	0.0000
0.4074	0.4396	0.0000	0.0000
0.4084	0.4404	0.0000	0.0000
0.4094	0.4413	0.0000	0.0000
0.4104	0.4421	0.0000	0.0000
0.4114	0.4430	0.0000	0.0000
0.4124	0.4439	0.0000	0.0000
0.4134	0.4447	0.0000	0.0000
0.4144	0.4456	0.0000	0.0000
0.4154	0.4465	0.0000	0.0000
0.4164	0.4473	0.0000	0.0000
0.4174	0.4482	0.0000	0.0000
0.4184	0.4491	0.0000	0.0000
0.4194	0.4499	0.0000	0.0000
0.4204	0.4508	0.0000	0.0000
0.4214	0.4517	0.0000	0.0000
0.4224	0.4525	0.0000	0.0000
0.4234	0.4534	0.0000	0.0000
0.4244	0.4543	0.0000	0.0000
0.4254	0.4552	0.0000	0.0000
0.4264	0.4560	0.0000	0.0000
0.4274	0.4569	0.0000	0.0000
0.4284	0.4578	0.0000	0.0000
0.4294	0.4587	0.0000	0.0000
0.4304	0.4595	0.0000	0.0000
0.4314	0.4604	0.0000	0.0000
0.4324	0.4613	0.0000	0.0000
0.4334	0.4622	0.0000	0.0000
0.4344	0.4630	0.0000	0.0000
0.4354	0.4639	0.0000	0.0000
0.4364	0.4648	0.0000	0.0000
0.4374	0.4657	0.0000	0.0000
0.4384	0.4666	0.0000	0.0000
0.4394	0.4675	0.0000	0.0000
0.4404	0.4683	0.0000	0.0000
0.4414	0.4692	0.0000	0.0000
0.4424	0.4701	0.0000	0.0000
0.4434	0.4710	0.0000	0.0000
0.4444	0.4719	0.0000	0.0000
0.4454	0.4728	0.0000	0.0000
0.4464	0.4737	0.0000	0.0000
0.4474	0.4746	0.0000	0.0000
0.4484	0.4754	0.0000	0.0000
0.4494	0.4763	0.0000	0.0000
0.4505	0.4772	0.0000	0.0000
0.4515	0.4781	0.0000	0.0000
0.4525	0.4790	0.0000	0.0000
0.4535	0.4799	0.0000	0.0000
0.4545	0.4808	0.0000	0.0000
0.4555	0.4817	0.0000	0.0000
0.4565	0.4826	0.0000	0.0000
0.4575	0.4835	0.0000	0.0000
0.4585	0.4844	0.0000	0.0000
0.4595	0.4853	0.0000	0.0000
0.4605	0.4862	0.0000	0.0000
0.4615	0.4871	0.0000	0.0000
0.4625	0.4880	0.0000	0.0000
0.4635	0.4889	0.0000	0.0000
0.4645	0.4899	0.0000	0.0000
0.4655	0.4908	0.0000	0.0000
0.4665	0.4917	0.0000	0.0000
0.4675	0.4926	0.0000	0.0000
0.4685	0.4935	0.0000	0.0000
0.4695	0.4944	0.0000	0.0000
0.4705	0.4953	0.0000	0.0000
0.4715	0.4962	0.0000	0.0000
0.4725	0.4972	0.0000	0.0000
0.4735	0.4981	0.0000	0.0000
0.4745	0.4990	0.0000	0.0000
0.4755	0.4999	0.0000	0.0000
0.4765	0.5008	0.0000	0.0000
0.4775	0.5018	0.0000	0.0000
0.4785	0.5027	0.0000	0.0000
0.4795	0.5036	0.0000	0.0000
0.4805	0.5045	0.0000	0.0000
0.4815	0.5055	0.0000	0.0000
0.4825	0.5064	0.0000	0.0000
0.4835	0.5073	0.0000	0.0000
0.4845	0.5083	0.0000	0.0000
0.4855	0.5092	0.0000	0.0000
0.4865	0.5101	0.0000	0.0000
0.4875	0.5111	0.0000	0.0000
0.4885	0.5120	0.0000	0.0000
0.4895	0.5129	0.0000	0.0000
0.4905	0.5139	0.0000	0.0000
0.4915	0.5148	0.0000	0.0000
0.4925	0.5158	0.0000	0.0000
0.4935	0.5167	0.0000	0.0000
0.4945	0.5177	0.0000	0.0000
0.4955	0.5186	0.0000	0.0000
0.4965	0.5196	0.0000	0.0000
0.4975	0.5205	0.0000	0.0000
0.4985	0.5215	0.0000	0.0000
0.4995	0.5224	0.0000	0.0000
0.5005	0.5238	0.0000	0.0000
0.5015	0.5257	0.0000	0.0000
0.5025	0.5275	0.0000	0.0000
0.5035	0.5294	0.0000	0.0000
0.5045	0.5312	0.0000	0.0000
0.5055	0.5330	0.0000	0.0000
0.5065	0.5348	0.0000	0.0000
0.5075	0.5366	0.0000	0.0000
0.5085	0.5384	0.0000	0.0000
0.5095	0.5402	0.0000	0.0000
0.5105	0.5419	0.0000	0.0000
0.5115	0.5437	0.0000	0.0000
0.5125	0.5455	0.0000	0.0000
0.5135	0.5472	0.0000	0.0000
0.5145	0.5489	0.0000	0.0000
0.5155	0.5507	0.0000	0.0000
0.5165	0.5524	0.0000	0.0000
0.5175	0.5541	0.0000	0.0000
0.5185	0.5558	0.0000	0.0000
0.5195	0.5575	0.0000	0.0000
0.5205	0.5592	0.0000	0.0000
0.5215	0.5608	0.0000	0.0000
0.5225	0.5625	0.0000	0.0000
0.5235	0.5641	0.0000	0.0000
0.5245	0.5658	0.0000	0.0000
0.5255	0.5674	0.0000	0.0000
0.5265	0.5691	0.0000	0.0000
0.5275	0.5707	0.0000	0.0000
0.5285	0.5723	0.0000	0.0000
0.5295	0.5739	0.0000	0.0000
0.5305	0.5755	0.0000	0.0000
0.5315	0.5771	0.0000	0.0000
0.5325	0.5787	0.0000	0.0000
0.5335	0.5802	0.0000	0.0000
0.5345	0.5818	0.0000	0.0000
0.5355	0.5834	0.0000	0.0000
0.5365	0.5849	0.0000	0.0000
0.5375	0.5865	0.0000	0.0000
0.5385	0.5880	0.0000	0.0000
0.5395	0.5895	0.0000	0.0000
0.5405	0.5910	0.0000	0.0000
0.5415	0.5926	0.0000	0.0000
0.5425	0.5941	0.0000	0.0000
0.5435	0.5956	0.0000	0.0000
0.5445	0.5970	0.0000	0.0000
0.5455	0.5985	0.0000	0.0000
0.5465	0.6000	0.0000	0.0000
0.5475	0.6015	0.0000	0.0000
0.5485	0.6029	0.0000	0.0000
0.5495	0.6044	0.0000	0.0000
0.5506	0.6058	0.0000	0.0000
0.5516	0.6073	0.0000	0.0000
0.5526	0.6087	0.0000	0.0000
0.5536	0.6101	0.0000	0.0000
0.5546	0.6115	0.0000	0.0000
0.5556	0.6129	0.0000	0.0000
0.5566	0.6143	0.0000	0.0000
0.5576	0.6157	0.0000	0.0000
0.5586	0.6171	0.0000	0.0000
0.5596	0.6185	0.0000	0.0000
0.5606	0.6199	0.0000	0.0000
0.5616	0.6212	0.0000	0.0000
0.5626	0.6226	0.0000	0.0000
0.5636	0.6240	0.0000	0.0000
0.5646	0.6253	0.0000	0.0000
0.5656	0.6267	0.0000	0.0000
0.5666	0.6280	0.0000	0.0000
0.5676	0.6293	0.0000	0.0000
0.5686	0.6306	0.0000	0.0000
0.5696	0.6320	0.0000	0.0000
0.5706	0.6333	0.0000	0.0000
0.5716	0.6346	0.0000	0.0000
0.5726	0.6359	0.0000	0.0000
0.5736	0.6372	0.0000	0.0000
0.5746	0.6384	0.0000	0.0000
0.5756	0.6397	0.0000	0.0000
0.5766	0.6410	0.0000	0.0000
0.5776	0.6423	0.0000	0.0000
0.5786	0.6435	0.0000	0.0000
0.5796	0.6448	0.0000	0.0000
0.5806	0.6460	0.0000	0.0000
0.5816	0.6473	0.0000	0.0000
0.5826	0.6485	0.0000	0.0000
0.5836	0.6497	0.0000	0.0000
0.5846	0.6510	0.0000	0.0000
0.5856	0.6522	0.0000	0.0000
0.5866	0.6534	0.0000	0.0000
0.5876	0.6546	0.0000	0.0000
0.5886	0.6558	0.0000	0.0000
0.5896	0.6570	0.0000	0.0000
0.5906	0.6582	0.0000	0.0000
0.5916	0.6594	0.0000	0.0000
0.5926	0.6605	0.0000	0.0000
0.5936	0.6617	0.0000	0.0000
0.5946	0.6629	0.0000	0.0000
0.5956	0.6640	0.0000	0.0000
0.5966	0.6652	0.0000	0.0000
0.5976	0.6663	0.0000	0.0000
0.5986	0.6675	0.0000	0.0000
0.5996	0.6686	0.0000	0.0000
0.6006	0.6698	0.0000	0.0000
0.6016	0.6709	0.0000	0.0000
0.6026	0.6720	0.0000	0.0000
0.6036	0.6731	0.0000	0.0000
0.6046	0.6742	0.0000	0.0000
0.6056	0.6754	0.0000	0.0000
0.6066	0.6765	0.0000	0.0000
0.6076	0.6776	0.0000	0.0000
0.6086	0.6787	0.0000	0.0000
0.6096	0.6797	0.0000	0.0000
0.6106	0.6808	0.0000	0.0000
0.6116	0.6819	0.0000	0.0000
0.6126	0.6830	0.0000	0.0000
0.6136	0.6840	0.0000	0.0000
0.6146	0.6851	0.0000	0.0000
0.6156	0.6862	0.0000	0.0000
0.6166	0.6872	0.0000	0.0000
0.6176	0.6883	0.0000	0.0000
0.6186	0.6893	0.0000	0.0000
0.6196	0.6903	0.0000	0.0000
0.6206	0.6914	0.0000	0.0000
0.6216	0.6924	0.0000	0.0000
0.6226	0.6934	0.0000	0.0000
0.6236	0.6944	0.0000	0.0000
0.6246	0.6955	0.0000	0.0000
0.6256	0.6965	0.0000	0.0000
0.6266	0.6975	0.0000	0.0000
0.6276	0.6985	0.0000	0.0000
0.6286	0.6995	0.0000	0.0000
0.6296	0.7005	0.0000	0.0000
0.6306	0.7014	0.0000	0.0000
0.6316	0.7024	0.0000	0.0000
0.6326	0.7034	0.0000	0.0000
0.6336	0.7044	0.0000	0.0000
0.6346	0.7053	0.0000	0.0000
0.6356	0.7063	0.0000	0.0000
0.6366	0.7073	0.0000	0.0000
0.6376	0.7082	0.0000	0.0000
0.6386	0.7092	0.0000	0.0000
0.6396	0.7101	0.0000	0.0000
0.6406	0.7111	0.0000	0.0000
0.6416	0.7120	0.0000	0.0000
0.6426	0.7129	0.0000	0.0000
0.6436	0.7139	0.0000	0.0000
0.6446	0.7148	0.0000	0.0000
0.6456	0.7157	0.0000	0.0000
0.6466	0.7166	0.0000	0.0000
0.6476	0.7175	0.0000	0.0000
0.6486	0.7185	0.0000	0.0000
0.6496	0.7194	0.0000	0.0000
0.6507	0.7203	0.0000	0.0000
0.6517	0.7212	0.0000	0.0000
0.6527	0.7221	0.0000	0.0000
0.6537	0.7229	0.0000	0.0000
0.6547	0.7238	0.0000	0.0000
0.6557	0.7247	0.0000	0.0000
0.6567	0.7256	0.0000	0.0000
0.6577	0.7265	0.0000	0.0000
0.6587	0.7273	0.0000	0.0000
0.6597	0.7282	0.0000	0.0000
0.6607	0.7291	0.0000	0.0000
0.6617	0.7299	0.0000	0.0000
0.6627	0.7308	0.0000	0.0000
0.6637	0.7316	0.0000	0.0000
0.6647	0.7325	0.0000	0.0000
0.6657	0.7333	0.0000	0.0000
0.6667	0.7342	0.0000	0.0000
0.6677	0.7350	0.0000	0.0000
0.6687	0.7358	0.0000	0.0000
0.6697	0.7366	0.0000	0.0000
0.6707	0.7375	0.0000	0.0000
0.6717	0.7383	0.0000	0.0000
0.6727	0.7391	0.0000	0.0000
0.6737	0.7399	0.0000	0.0000
0.6747	0.7407	0.0000	0.0000
0.6757	0.7415	0.0000	0.0000
0.6767	0.7423	0.0000	0.0000
0.6777	0.7431	0.0000	0.0000
0.6787	0.7439	0.0000	0.0000
0.6797	0.7447	0.0000	0.0000
0.6807	0.7455	0.0000	0.0000
0.6817	0.7463	0.0000	0.0000
0.6827	0.7471	0.0000	0.0000
0.6837	0.7479	0.0000	0.0000
0.6847	0.7486	0.0000	0.0000
0.6857	0.7494	0.0000	0.0000
0.6867	0.7502	0.0000	0.0000
0.6877	0.7510	0.0000	0.0000
0.6887	0.7517	0.0000	0.0000
0.6897	0.7525	0.0000	0.0000
0.6907	0.7532	0.0000	0.0000
0.6917	0.7540	0.0000	0.0000
0.6927	0.7547	0.0000	0.0000
0.6937	0.7555	0.0000	0.0000
0.6947	0.7562	0.0000	0.0000
0.6957	0.7570	0.0000	0.0000
0.6967	0.7577	0.0000	0.0000
0.6977	0.7584	0.0000	0.0000
0.6987	0.7592	0.0000	0.0000
0.6997	0.7599	0.0000	0.0000
0.7007	0.7606	0.0000	0.0000
0.7017	0.7613	0.0000	0.0000
0.7027	0.7621	0.0000	0.0000
0.7037	0.7628	0.0000	0.0000
0.7047	0.7635	0.0000	0.0000
0.7057	0.7642	0.0000	0.0000
0.7067	0.7649	0.0000	0.0000
0.7077	0.7656	0.0000	0.0000
0.7087	0.7663	0.0000	0.0000
0.7097	0.7670	0.0000	0.0000
0.7107	0.7677	0.0000	0.0000
0.7117	0.7684	0.0000	0.0000
0.7127	0.7691	0.0000	0.0000
0.7137	0.7698	0.0000	0.0000
0.7147	0.7705	0.0000	0.0000
0.7157	0.7711	0.0000	0.0000
0.7167	0.7718	0.0000	0.0000
0.7177	0.7725	0.0000	0.0000
0.7187	0.7732	0.0000	0.0000
0.7197	0.7738	0.0000	0.0000
0.7207	0.7745	0.0000	0.0000
0.7217	0.7752	0.0000	0.0000
0.7227	0.7758	0.0000	0.0000
0.7237	0.7765	0.0000	0.0000
0.7247	0.7771	0.0000	0.0000
0.7257	0.7778	0.0000	0.0000
0.7267	0.7785	0.0000	0.0000
0.7277	0.7791	0.0000	0.0000
0.7287	0.7797	0.0000	0.0000
0.7297	0.7804	0.0000	0.0000
0.7307	0.7810	0.0000	0.0000
0.7317	0.7817	0.0000	0.0000
0.7327	0.7823	0.0000	0.0000
0.7337	0.7829	0.0000	0.0000
0.7347	0.7836	0.0000	0.0000
0.7357	0.7842	0.0000	0.0000
0.7367	0.7848	0.0000	0.0000
0.7377	0.7854	0.0000	0.0000
0.7387	0.7861	0.0000	0.0000
0.7397	0.7867	0.0000	0.0000
0.7407	0.7873	0.0000	0.0000
0.7417	0.7879	0.0000	0.0000
0.7427	0.7885	0.0000	0.0000
0.7437	0.7891	0.0000	0.0000
0.7447	0.7897	0.0000	0.0000
0.7457	0.7903	0.0000	0.0000
0.7467	0.7909	0.0000	0.0000
0.7477	0.7915	0.0000	0.0000
0.7487	0.7921	0.0000	0.0000
0.7497	0.7927	0.0000	0.0000
0.7508	0.7933	0.0000	0.0000
0.7518	0.7939	0.0000	0.0000
0.7528	0.7945	0.0000	0.0000
0.7538	0.7951	0.0000	0.0000
0.7548	0.7957	0.0000	0.0000
0.7558	0.7962	0.0000	0.0000
0.7568	0.7968	0.0000	0.0000
0.7578	0.7974	0.0000	0.0000
0.7588	0.7980	0.0000	0.0000
0.7598	0.7985	0.0000	0.0000
0.7608	0.7991	0.0000	0.0000
0.7618	0.7997	0.0000	0.0000
0.7628	0.8002	0.0000	0.0000
0.7638	0.8008	0.0000	0.0000
0.7648	0.8014	0.0000	0.0000
0.7658	0.8019	0.0000	0.0000
0.7668	0.8025	0.0000	0.0000
0.7678	0.8030	0.0000	0.0000
0.7688	0.8036	0.0000	0.0000
0.7698	0.8041	0.0000	0.0000
0.7708	0.8047	0.0000	0.0000
0.7718	0.8052	0.0000	0.0000
0.7728	0.8058	0.0000	0.0000
0.7738	0.8063	0.0000	0.0000
0.7748	0.8069	0.0000	0.0000
0.7758	0.8074	0.0000	0.0000
0.7768	0.8079	0.0000	0.0000
0.7778	0.8085	0.0000	0.0000
0.7788	0.8090	0.0000	0.0000
0.7798	0.8095	0.0000	0.0000
0.7808	0.8101	0.0000	0.0000
0.7818	0.8106	0.0000	0.0000
0.7828	0.8111	0.0000	0.0000
0.7838	0.8116	0.0000	0.0000
0.7848	0.8122	0.0000	0.0000
0.7858	0.8127	0.0000	0.0000
0.7868	0.8132	0.0000	0.0000
0.7878	0.8137	0.0000	0.0000
0.7888	0.8142	0.0000	0.0000
0.7898	0.8147	0.0000	0.0000
0.7908	0.8153	0.0000	0.0000
0.7918	0.8158	0.0000	0.0000
0.7928	0.8163	0.0000	0.0000
0.7938	0.8168	0.0000	0.0000
0.7948	0.8173	0.0000	0.0000
0.7958	0.8178	0.0000	0.0000
0.7968	0.8183	0.0000	0.0000
0.7978	0.8188	0.0000	0.0000
0.7988	0.8193	0.0000	0.0000
0.7998	0.8198	0.0000	0.0000
0.8008	0.8203	0.0000	0.0000
0.8018	0.8207	0.0000	0.0000
0.8028	0.8212	0.0000	0.0000
0.8038	0.8217	0.0000	0.0000
0.8048	0.8222	0.0000	0.0000
0.8058	0.8227	0.0000	0.0000
0.8068	0.8232	0.0000	0.0000
0.8078	0.8237	0.0000	0.0000
0.8088	0.8241	0.0000	0.0000
0.8098	0.8246	0.0000	0.0000
0.8108	0.8251	0.0000	0.0000
0.8118	0.8256	0.0000	0.0000
0.8128	0.8260	0.0000	0.0000
0.8138	0.8265	0.0000	0.0000
0.8148	0.8270	0.0000	0.0000
0.8158	0.8274	0.0000	0.0000
0.8168	0.8279	0.0000	0.0000
0.8178	0.8284	0.0000	0.0000
0.8188	0.8288	0.0000	0.0000
0.8198	0.8293	0.0000	0.0000
0.8208	0.8298	0.0000	0.0000
0.8218	0.8302	0.0000	0.0000
0.8228	0.8307	0.0000	0.0000
0.8238	0.8311	0.0000	0.0000
0.8248	0.8316	0.0000	0.0000
0.8258	0.8320	0.0000	0.0000
0.8268	0.8325	0.0000	0.0000
0.8278	0.8330	0.0000	0.0000
0.8288	0.8334	0.0000	0.0000
0.8298	0.8338	0.0000	0.0000
0.8308	0.8343	0.0000	0.0000
0.8318	0.8347	0.0000	0.0000
0.8328	0.8352	0.0000	0.0000
0.8338	0.8356	0.0000	0.0000
0.8348	0.8361	0.0000	0.0000
0.8358	0.8365	0.0000	0.0000
0.8368	0.8369	0.0000	0.0000
0.8378	0.8374	0.0000	0.0000
0.8388	0.8378	0.0000	0.0000
0.8398	0.8383	0.0000	0.0000
0.8408	0.8387	0.0000	0.0000
0.8418	0.8391	0.0000	0.0000
0.8428	0.8395	0.0000	0.0000
0.8438	0.8400	0.0000	0.0000
0.8448	0.8404	0.0000	0.0000
0.8458	0.8408	0.0000	0.0000
0.8468	0.8413	0.0000	0.0000
0.8478	0.8417	0.0000	0.0000
0.8488	0.8421	0.0000	0.0000
0.8498	0.8425	0.0000	0.0000
0.8509	0.8429	0.0000	0.0000
0.8519	0.8434	0.0000	0.0000
0.8529	0.8438	0.0000	0.0000
0.8539	0.8442	0.0000	0.0000
0.8549	0.8446	0.0000	0.0000
0.8559	0.8450	0.0000	0.0000
0.8569	0.8454	0.0000	0.0000
0.8579	0.8459	0.0000	0.0000
0.8589	0.8463	0.0000	0.0000
0.8599	0.8467	0.0000	0.0000
0.8609	0.8471	0.0000	0.0000
0.8619	0.8475	0.0000	0.0000
0.8629	0.8479	0.0000	0.0000
0.8639	0.8483	0.0000	0.0000
0.8649	0.8487	0.0000	0.0000
0.8659	0.8491	0.0000	0.0000
0.8669	0.8495	0.0000	0.0000
0.8679	0.8499	0.0000	0.0000
0.8689	0.8503	0.0000	0.0000
0.8699	0.8507	0.0000	0.0000
0.8709	0.8511	0.0000	0.0000
0.8719	0.8515	0.0000	0.0000
0.8729	0.8519	0.0000	0.0000
0.8739	0.8523	0.0000	0.0000
0.8749	0.8527	0.0000	0.0000
0.8759	0.8531	0.0000	0.0000
0.8769	0.8535	0.0000	0.0000
0.8779	0.8539	0.0000	0.0000
0.8789	0.8543	0.0000	0.0000
0.8799	0.8547	0.0000	0.0000
0.8809	0.8551	0.0000	0.0000
0.8819	0.8554	0.0000	0.0000
0.8829	0.8558	0.0000	0.0000
0.8839	0.8562	0.0000	0.0000
0.8849	0.8566	0.0000	0.0000
0.8859	0.8570	0.0000	0.0000
0.8869	0.8574	0.0000	0.0000
0.8879	0.8578	0.0000	0.0000
0.8889	0.8581	0.0000	0.0000
0.8899	0.8585	0.0000	0.0000
0.8909	0.8589	0.0000	0.0000
0.8919	0.8593	0.0000	0.0000
0.8929	0.8597	0.0000	0.0000
0.8939	0.8600	0.0000	0.0000
0.8949	0.8604	0.0000	0.0000
0.8959	0.8608	0.0000	0.0000
0.8969	0.8612	0.0000	0.0000
0.8979	0.8615	0.0000	0.0000
0.8989	0.8619	0.0000	0.0000
0.8999	0.8623	0.0000	0.0000
0.9009	0.8627	0.0000	0.0000
0.9019	0.8630	0.0000	0.0000
0.9029	0.8634	0.0000	0.0000
0.9039	0.8638	0.0000	0.0000
0.9049	0.8641	0.0000	0.0000
0.9059	0.8645	0.0000	0.0000
0.9069	0.8649	0.0000	0.0000
0.9079	0.8652	0.0000	0.0000
0.9089	0.8656	0.0000	0.0000
0.9099	0.8660	0.0000	0.0000
0.9109	0.8663	0.0000	0.0000
0.9119	0.8667	0.0000	0.0000
0.9129	0.8671	0.0000	0.0000
0.9139	0.8674	0.0000	0.0000
0.9149	0.8678	0.0000	0.0000
0.9159	0.8682	0.0000	0.0000
0.9169	0.8685	0.0000	0.0000
0.9179	0.8689	0.0000	0.0000
0.9189	0.8692	0.0000	0.0000
0.9199	0.8696	0.0000	0.0000
0.9209	0.8700	0.0000	0.0000
0.9219	0.8703	0.0000	0.0000
0.9229	0.8707	0.0000	0.0000
0.9239	0.8710	0.0000	0.0000
0.9249	0.8714	0.0000	0.0000
0.9259	0.8717	0.0000	0.0000
0.9269	0.8721	0.0000	0.0000
0.9279	0.8725	0.0000	0.0000
0.9289	0.8728	0.0000	0.0000
0.9299	0.8732	0.0000	0.0000
0.9309	0.8735	0.0000	0.0000
0.9319	0.8739	0.0000	0.0000
0.9329	0.8742	0.0000	0.0000
0.9339	0.8746	0.0000	0.0000
0.9349	0.8749	0.0000	0.0000
0.9359	0.8753	0.0000	0.0000
0.9369	0.8756	0.0000	0.0000
0.9379	0.8760	0.0000	0.0000
0.9389	0.8763	0.0000	0.0000
0.9399	0.8767	0.0000	0.0000
0.9409	0.8770	0.0000	0.0000
0.9419	0.8774	0.0000	0.0000
0.9429	0.8777	0.0000	0.0000
0.9439	0.8781	0.0000	0.0000
0.9449	0.8784	0.0000	0.0000
0.9459	0.8788	0.0000	0.0000
0.9469	0.8791	0.0000	0.0000
0.9479	0.8795	0.0000	0.0000
0.9489	0.8798	0.0000	0.0000
0.9499	0.8802	0.0000	0.0000
0.9510	0.8805	0.0000	0.0000
0.9520	0.8809	0.0000	0.0000
0.9530	0.8812	0.0000	0.0000
0.9540	0.8816	0.0000	0.0000
0.9550	0.8819	0.0000	0.0000
0.9560	0.8823	0.0000	0.0000
0.9570	0.8826	0.0000	0.0000
0.9580	0.8830	0.0000	0.0000
0.9590	0.8833	0.0000	0.0000
0.9600	0.8836	0.0000	0.0000
0.9610	0.8840	0.0000	0.0000
0.9620	0.8843	0.0000	0.0000
0.9630	0.8847	0.0000	0.0000
0.9640	0.8850	0.0000	0.0000
0.9650	0.8854	0.0000	0.0000
0.9660	0.8857	0.0000	0.0000
0.9670	0.8861	0.0000	0.0000
0.9680	0.8864	0.0000	0.0000
0.9690	0.8867	0.0000	0.0000
0.9700	0.8871	0.0000	0.0000
0.9710	0.8874	0.0000	0.0000
0.9720	0.8878	0.0000	0.0000
0.9730	0.8881	0.0000	0.0000
0.9740	0.8885	0.0000	0.0000
0.9750	0.8888	0.0000	0.0000
0.9760	0.8892	0.0000	0.0000
0.9770	0.8895	0.0000	0.0000
0.9780	0.8898	0.0000	0.0000
0.9790	0.8902	0.0000	0.0000
0.9800	0.8905	0.0000	0.0000
0.9810	0.8909	0.0000	0.0000
0.9820	0.8912	0.0000	0.0000
0.9830	0.8916	0.0000	0.0000
0.9840	0.8919	0.0000	0.0000
0.9850	0.8923	0.0000	0.0000
0.9860	0.8926	0.0000	0.0000
0.9870	0.8929	0.0000	0.0000
0.9880	0.8933	0.0000	0.0000
0.9890	0.8936	0.0000	0.0000
0.9900	0.8940	0.0000	0.0000
0.9910	0.8943	0.0000	0.0000
0.9920	0.8947	0.0000	0.0000
0.9930	0.8950	0.0000	0.0000
0.9940	0.8954	0.0000	0.0000
0.9950	0.8957	0.0000	0.0000
0.9960	0.8961	0.0000	0.0000
0.9970	0.8964	0.0000	0.0000
0.9980	0.8968	0.0000	0.0000
0.9990	0.8971	0.0000	0.0000
1.0000	0.8975	0.0000	0.0000
0.8378
