0.0000	0.1034	0.0000	0.0000
0.0010	0.1043	0.0000	0.0000
0.0020	0.1051	0.0000	0.0000
0.0030	0.1060	0.0000	0.0000
0.0040	0.1068	0.0000	0.0000
0.0050	0.1077	0.0000	0.0000
0.0060	0.1085	0.0000	0.0000
0.0070	0.1094	0.0000	0.0000
0.0080	0.1102	0.0000	0.0000
0.0090	0.1111	0.0000	0.0000
0.0100	0.1119	0.0000	0.0000
0.0110	0.1128	0.0000	0.0000
0.0120	0.1136	0.0000	0.0000
0.0130	0.1145	0.0000	0.0000
0.0140	0.1153	0.0000	0.0000
0.0150	0.1162	0.0000	0.0000
0.0160	0.1170	0.0000	0.0000
0.0170	0.1179	0.0000	0.0000
0.0180	0.1187	0.0000	0.0000
0.0190	0.1196	0.0000	0.0000
0.0200	0.1204	0.0000	0.0000
0.0210	0.1213	0.0000	0.0000
0.0220	0.1221	0.0000	0.0000
0.0230	0.1230	0.0000	0.0000
0.0240	0.1238	0.0000	0.0000
0.0250	0.1247	0.0000	0.0000
0.0260	0.1255	0.0000	0.0000
0.0270	0.1264	0.0000	0.0000
0.0280	0.1272	0.0000	0.0000
0.0290	0.1281	0.0000	0.0000
0.0300	0.1289	0.0000	0.0000
0.0310	0.1298	0.0000	0.0000
0.0320	0.1306	0.0000	0.0000
0.0330	0.1314	0.0000	0.0000
0.0340	0.1323	0.0000	0.0000
0.0350	0.1331	0.0000	0.0000
0.0360	0.1340	0.0000	0.0000
0.0370	0.1348	0.0000	0.0000
0.0380	0.1357	0.0000	0.0000
0.0390	0.1365	0.0000	0.0000
0.0400	0.1374	0.0000	0.0000
0.0410	0.1382	0.0000	0.0000
0.0420	0.1390	0.0000	0.0000
0.0430	0.1399	0.0000	0.0000
0.0440	0.1407	0.0000	0.0000
0.0450	0.1416	0.0000	0.0000
0.0460	0.1424	0.0000	0.0000
0.0470	0.1433	0.0000	0.0000
0.0480	0.1441	0.0000	0.0000
0.0490	0.1449	0.0000	0.0000
0.0501	0.1458	0.0000	0.0000
0.0511	0.1466	0.0000	0.0000
0.0521	0.1475	0.0000	0.0000
0.0531	0.1483	0.0000	0.0000
0.0541	0.1491	0.0000	0.0000
0.0551	0.1500	0.0000	0.0000
0.0561	0.1508	0.0000	0.0000
0.0571	0.1517	0.0000	0.0000
0.0581	0.1525	0.0000	0.0000
0.0591	0.1533	0.0000	0.0000
0.0601	0.1542	0.0000	0.0000
0.0611	0.1550	0.0000	0.0000
0.0621	0.1559	0.0000	0.0000
0.0631	0.1567	0.0000	0.0000
0.0641	0.1575	0.0000	0.0000
0.0651	0.1584	0.0000	0.0000
0.0661	0.1592	0.0000	0.0000
0.0671	0.1600	0.0000	0.0000
0.0681	0.1609	0.0000	0.0000
0.0691	0.1617	0.0000	0.0000
0.0701	0.1625	0.0000	0.0000
0.0711	0.1634	0.0000	0.0000
0.0721	0.1642	0.0000	0.0000
0.0731	0.1651	0.0000	0.0000
0.0741	0.1659	0.0000	0.0000
0.0751	0.1667	0.0000	0.0000
0.0761	0.1676	0.0000	0.0000
0.0771	0.1684	0.0000	0.0000
0.0781	0.1692	0.0000	0.0000
0.0791	0.1701	0.0000	0.0000
0.0801	0.1709	0.0000	0.0000
0.0811	0.1717	0.0000	0.0000
0.0821	0.1726	0.0000	0.0000
0.0831	0.1734	0.0000	0.0000
0.0841	0.1742	0.0000	0.0000
0.0851	0.1751	0.0000	0.0000
0.0861	0.1759	0.0000	0.0000
0.0871	0.1767	0.0000	0.0000
0.0881	0.1776	0.0000	0.0000
0.0891	0.1784	0.0000	0.0000
0.0901	0.1792	0.0000	0.0000
0.0911	0.1801	0.0000	0.0000
0.0921	0.1809	0.0000	0.0000
0.0931	0.1817	0.0000	0.0000
0.0941	0.1826	0.0000	0.0000
0.0951	0.1834	0.0000	0.0000
0.0961	0.1842	0.0000	0.0000
0.0971	0.1850	0.0000	0.0000
0.0981	0.1859	0.0000	0.0000
0.0991	0.1867	0.0000	0.0000
0.1001	0.1875	0.0000	0.0000
0.1011	0.1884	0.0000	0.0000
0.1021	0.1892	0.0000	0.0000
0.1031	0.1900	0.0000	0.0000
0.1041	0.1909	0.0000	0.0000
0.1051	0.1917	0.0000	0.0000
0.1061	0.1925	0.0000	0.0000
0.1071	0.1933	0.0000	0.0000
0.1081	0.1942	0.0000	0.0000
0.1091	0.1950	0.0000	0.0000
0.1101	0.1958	0.0000	0.0000
0.1111	0.1966	0.0000	0.0000
0.1121	0.1975	0.0000	0.0000
0.1131	0.1983	0.0000	0.0000
0.1141	0.1991	0.0000	0.0000
0.1151	0.2000	0.0000	0.0000
0.1161	0.2008	0.0000	0.0000
0.1171	0.2016	0.0000	0.0000
0.1181	0.2024	0.0000	0.0000
0.1191	0.2033	0.0000	0.0000
0.1201	0.2041	0.0000	0.0000
0.1211	0.2049	0.0000	0.0000
0.1221	0.2057	0.0000	0.0000
0.1231	0.2066	0.0000	0.0000
0.1241	0.2074	0.0000	0.0000
0.1251	0.2082	0.0000	0.0000
0.1261	0.2090	0.0000	0.0000
0.1271	0.2099	0.0000	0.0000
0.1281	0.2107	0.0000	0.0000
0.1291	0.2115	0.0000	0.0000
0.1301	0.2123	0.0000	0.0000
0.1311	0.2132	0.0000	0.0000
0.1321	0.2140	0.0000	0.0000
0.1331	0.2148	0.0000	0.0000
0.1341	0.2156	0.0000	0.0000
0.1351	0.2165	0.0000	0.0000
0.1361	0.2173	0.0000	0.0000
0.1371	0.2181	0.0000	0.0000
0.1381	0.2189	0.0000	0.0000
0.1391	0.2197	0.0000	0.0000
0.1401	0.2206	0.0000	0.0000
0.1411	0.2214	0.0000	0.0000
0.1421	0.2222	0.0000	0.0000
0.1431	0.2230	0.0000	0.0000
0.1441	0.2239	0.0000	0.0000
0.1451	0.2247	0.0000	0.0000
0.1461	0.2255	0.0000	0.0000
0.1471	0.2263	0.0000	0.0000
0.1481	0.2271	0.0000	0.0000
0.1491	0.2280	0.0000	0.0000
0.1502	0.2288	0.0000	0.0000
0.1512	0.2296	0.0000	0.0000
0.1522	0.2304	0.0000	0.0000
0.1532	0.2312	0.0000	0.0000
0.1542	0.2321	0.0000	0.0000
0.1552	0.2329	0.0000	0.0000
0.1562	0.2337	0.0000	0.0000
0.1572	0.2345	0.0000	0.0000
0.1582	0.2353	0.0000	0.0000
0.1592	0.2362	0.0000	0.0000
0.1602	0.2370	0.0000	0.0000
0.1612	0.2378	0.0000	0.0000
0.1622	0.2386	0.0000	0.0000
0.1632	0.2394	0.0000	0.0000
0.1642	0.2403	0.0000	0.0000
0.1652	0.2411	0.0000	0.0000
0.1662	0.2419	0.0000	0.0000
0.1672	0.2427	0.0000	0.0000
0.1682	0.2435	0.0000	0.0000
0.1692	0.2444	0.0000	0.0000
0.1702	0.2452	0.0000	0.0000
0.1712	0.2460	0.0000	0.0000
0.1722	0.2468	0.0000	0.0000
0.1732	0.2476	0.0000	0.0000
0.1742	0.2484	0.0000	0.0000
0.1752	0.2493	0.0000	0.0000
0.1762	0.2501	0.0000	0.0000
0.1772	0.2509	0.0000	0.0000
0.1782	0.2517	0.0000	0.0000
0.1792	0.2525	0.0000	0.0000
0.1802	0.2534	0.0000	0.0000
0.1812	0.2542	0.0000	0.0000
0.1822	0.2550	0.0000	0.0000
0.1832	0.2558	0.0000	0.0000
0.1842	0.2566	0.0000	0.0000
0.1852	0.2574	0.0000	0.0000
0.1862	0.2583	0.0000	0.0000
0.1872	0.2591	0.0000	0.0000
0.1882	0.2599	0.0000	0.0000
0.1892	0.2607	0.0000	0.0000
0.1902	0.2615	0.0000	0.0000
0.1912	0.2623	0.0000	0.0000
0.1922	0.2632	0.0000	0.0000
0.1932	0.2640	0.0000	0.0000
0.1942	0.2648	0.0000	0.0000
0.1952	0.2656	0.0000	0.0000
0.1962	0.2664	0.0000	0.0000
0.1972	0.2672	0.0000	0.0000
0.1982	0.2680	0.0000	0.0000
0.1992	0.2689	0.0000	0.0000
0.2002	0.2697	0.0000	0.0000
0.2012	0.2705	0.0000	0.0000
0.2022	0.2713	0.0000	0.0000
0.2032	0.2721	0.0000	0.0000
0.2042	0.2729	0.0000	0.0000
0.2052	0.2738	0.0000	0.0000
0.2062	0.2746	0.0000	0.0000
0.2072	0.2754	0.0000	0.0000
0.2082	0.2762	0.0000	0.0000
0.2092	0.2770	0.0000	0.0000
0.2102	0.2778	0.0000	0.0000
0.2112	0.2786	0.0000	0.0000
0.2122	0.2795	0.0000	0.0000
0.2132	0.2803	0.0000	0.0000
0.2142	0.2811	0.0000	0.0000
0.2152	0.2819	0.0000	0.0000
0.2162	0.2827	0.0000	0.0000
0.2172	0.2835	0.0000	0.0000
0.2182	0.2843	0.0000	0.0000
0.2192	0.2852	0.0000	0.0000
0.2202	0.2860	0.0000	0.0000
0.2212	0.2868	0.0000	0.0000
0.2222	0.2876	0.0000	0.0000
0.2232	0.2884	0.0000	0.0000
0.2242	0.2892	0.0000	0.0000
0.2252	0.2900	0.0000	0.0000
0.2262	0.2909	0.0000	0.0000
0.2272	0.2917	0.0000	0.0000
0.2282	0.2925	0.0000	0.0000
0.2292	0.2933	0.0000	0.0000
0.2302	0.2941	0.0000	0.0000
0.2312	0.2949	0.0000	0.0000
0.2322	0.2957	0.0000	0.0000
0.2332	0.2966	0.0000	0.0000
0.2342	0.2974	0.0000	0.0000
0.2352	0.2982	0.0000	0.0000
0.2362	0.2990	0.0000	0.0000
0.2372	0.2998	0.0000	0.0000
0.2382	0.3006	0.0000	0.0000
0.2392	0.3014	0.0000	0.0000
0.2402	0.3023	0.0000	0.0000
0.2412	0.3031	0.0000	0.0000
0.2422	0.3039	0.0000	0.0000
0.2432	0.3047	0.0000	0.0000
0.2442	0.3055	0.0000	0.0000
0.2452	0.3063	0.0000	0.0000
0.2462	0.3071	0.0000	0.0000
0.2472	0.3080	0.0000	0.0000
0.2482	0.3088	0.0000	0.0000
0.2492	0.3096	0.0000	0.0000
0.2503	0.3104	0.0000	0.0000
0.2513	0.3112	0.0000	0.0000
0.2523	0.3120	0.0000	0.0000
0.2533	0.3128	0.0000	0.0000
0.2543	0.3137	0.0000	0.0000
0.2553	0.3145	0.0000	0.0000
0.2563	0.3153	0.0000	0.0000
0.2573	0.3161	0.0000	0.0000
0.2583	0.3169	0.0000	0.0000
0.2593	0.3177	0.0000	0.0000
0.2603	0.3185	0.0000	0.0000
0.2613	0.3194	0.0000	0.0000
0.2623	0.3202	0.0000	0.0000
0.2633	0.3210	0.0000	0.0000
0.2643	0.3218	0.0000	0.0000
0.2653	0.3226	0.0000	0.0000
0.2663	0.3234	0.0000	0.0000
0.2673	0.3242	0.0000	0.0000
0.2683	0.3251	0.0000	0.0000
0.2693	0.3259	0.0000	0.0000
0.2703	0.3267	0.0000	0.0000
0.2713	0.3275	0.0000	0.0000
0.2723	0.3283	0.0000	0.0000
0.2733	0.3291	0.0000	0.0000
0.2743	0.3299	0.0000	0.0000
0.2753	0.3308	0.0000	0.0000
0.2763	0.3316	0.0000	0.0000
0.2773	0.3324	0.0000	0.0000
0.2783	0.3332	0.0000	0.0000
0.2793	0.3340	0.0000	0.0000
0.2803	0.3348	0.0000	0.0000
0.2813	0.3357	0.0000	0.0000
0.2823	0.3365	0.0000	0.0000
0.2833	0.3373	0.0000	0.0000
0.2843	0.3381	0.0000	0.0000
0.2853	0.3389	0.0000	0.0000
0.2863	0.3397	0.0000	0.0000
0.2873	0.3406	0.0000	0.0000
0.2883	0.3414	0.0000	0.0000
0.2893	0.3422	0.0000	0.0000
0.2903	0.3430	0.0000	0.0000
0.2913	0.3438	0.0000	0.0000
0.2923	0.3446	0.0000	0.0000
0.2933	0.3455	0.0000	0.0000
0.2943	0.3463	0.0000	0.0000
0.2953	0.3471	0.0000	0.0000
0.2963	0.3479	0.0000	0.0000
0.2973	0.3487	0.0000	0.0000
0.2983	0.3495	0.0000	0.0000
0.2993	0.3504	0.0000	0.0000
0.3003	0.3512	0.0000	0.0000
0.3013	0.3520	0.0000	0.0000
0.3023	0.3528	0.0000	0.0000
0.3033	0.3536	0.0000	0.0000
0.3043	0.3545	0.0000	0.0000
0.3053	0.3553	0.0000	0.0000
0.3063	0.3561	0.0000	0.0000
0.3073	0.3569	0.0000	0.0000
0.3083	0.3577	0.0000	0.0000
0.3093	0.3585	0.0000	0.0000
0.3103	0.3594	0.0000	0.0000
0.3113	0.3602	0.0000	0.0000
0.3123	0.3610	0.0000	0.0000
0.3133	0.3618	0.0000	0.0000
0.3143	0.3627	0.0000	0.0000
0.3153	0.3635	0.0000	0.0000
0.3163	0.3643	0.0000	0.0000
0.3173	0.3651	0.0000	0.0000
0.3183	0.3659	0.0000	0.0000
0.3193	0.3668	0.0000	0.0000
0.3203	0.3676	0.0000	0.0000
0.3213	0.3684	0.0000	0.0000
0.3223	0.3692	0.0000	0.0000
0.3233	0.3700	0.0000	0.0000
0.3243	0.3709	0.0000	0.0000
0.3253	0.3717	0.0000	0.0000
0.3263	0.3725	0.0000	0.0000
0.3273	0.3733	0.0000	0.0000
0.3283	0.3742	0.0000	0.0000
0.3293	0.3750	0.0000	0.0000
0.3303	0.3758	0.0000	0.0000
0.3313	0.3766	0.0000	0.0000
0.3323	0.3775	0.0000	0.0000
0.3333	0.3783	0.0000	0.0000
0.3343	0.3791	0.0000	0.0000
0.3353	0.3799	0.0000	0.0000
0.3363	0.3808	0.0000	0.0000
0.3373	0.3816	0.0000	0.0000
0.3383	0.3824	0.0000	0.0000
0.3393	0.3832	0.0000	0.0000
0.3403	0.3841	0.0000	0.0000
0.3413	0.3849	0.0000	0.0000
0.3423	0.3857	0.0000	0.0000
0.3433	0.3866	0.0000	0.0000
0.3443	0.3874	0.0000	0.0000
0.3453	0.3882	0.0000	0.0000
0.3463	0.3890	0.0000	0.0000
0.3473	0.3899	0.0000	0.0000
0.3483	0.3907	0.0000	0.0000
0.3493	0.3915	0.0000	0.0000
0.3504	0.3924	0.0000	0.0000
0.3514	0.3932	0.0000	0.0000
0.3524	0.3940	0.0000	0.0000
0.3534	0.3949	0.0000	0.0000
0.3544	0.3957	0.0000	0.0000
0.3554	0.3965	0.0000	0.0000
0.3564	0.3973	0.0000	0.0000
0.3574	0.3982	0.0000	0.0000
0.3584	0.3990	0.0000	0.0000
0.3594	0.3998	0.0000	0.0000
0.3604	0.4007	0.0000	0.0000
0.3614	0.4015	0.0000	0.0000
0.3624	0.4024	0.0000	0.0000
0.3634	0.4032	0.0000	0.0000
0.3644	0.4040	0.0000	0.0000
0.3654	0.4049	0.0000	0.0000
0.3664	0.4057	0.0000	0.0000
0.3674	0.4065	0.0000	0.0000
0.3684	0.4074	0.0000	0.0000
0.3694	0.4082	0.0000	0.0000
0.3704	0.4090	0.0000	0.0000
0.3714	0.4099	0.0000	0.0000
0.3724	0.4107	0.0000	0.0000
0.3734	0.4116	0.0000	0.0000
0.3744	0.4124	0.0000	0.0000
0.3754	0.4132	0.0000	0.0000
0.3764	0.4141	0.0000	0.0000
0.3774	0.4149	0.0000	0.0000
0.3784	0.4158	0.0000	0.0000
0.3794	0.4166	0.0000	0.0000
0.3804	0.4174	0.0000	0.0000
0.3814	0.4183	0.0000	0.0000
0.3824	0.4191	0.0000	0.0000
0.3834	0.4200	0.0000	0.0000
0.3844	0.4208	0.0000	0.0000
0.3854	0.4217	0.0000	0.0000
0.3864	0.4225	0.0000	0.0000
0.3874	0.4234	0.0000	0.0000
0.3884	0.4242	0.0000	0.0000
0.3894	0.4250	0.0000	0.0000
0.3904	0.4259	0.0000	0.0000
0.3914	0.4267	0.0000	0.0000
0.3924	0.4276	0.0000	0.0000
0.3934	0.4284	0.0000	0.0000
0.3944	0.4293	0.0000	0.0000
0.3954	0.4301	0.0000	0.0000
0.3964	0.4310	0.0000	0.0000
0.3974	0.4318	0.0000	0.0000
0.3984	0.4327	0.0000	0.0000
0.3994	0.4335	0.0000	0.0000
0.4004	0.4344	0.0000	0.0000
0.4014	0.4353	0.0000	0.0000
0.4024	0.4361	0.0000	0.0000
0.4034	0.4370	0.0000	0.0000
0.4044	0.4378	0.0000	0.0000
0.4054	0.4387	0.0000	0.0000
0.4064	0.4395	0.0000	0.0000
0.4074	0.4404	0.0000	0.0000
0.4084	0.4412	0.0000	0.0000
0.4094	0.4421	0.0000	0.0000
0.4104	0.4430	0.0000	0.0000
0.4114	0.4438	0.0000	0.0000
0.4124	0.4447	0.0000	0.0000
0.4134	0.4455	0.0000	0.0000
0.4144	0.4464	0.0000	0.0000
0.4154	0.4473	0.0000	0.0000
0.4164	0.4481	0.0000	0.0000
0.4174	0.4490	0.0000	0.0000
0.4184	0.4499	0.0000	0.0000
0.4194	0.4507	0.0000	0.0000
0.4204	0.4516	0.0000	0.0000
0.4214	0.4525	0.0000	0.0000
0.4224	0.4533	0.0000	0.0000
0.4234	0.4542	0.0000	0.0000
0.4244	0.4551	0.0000	0.0000
0.4254	0.4559	0.0000	0.0000
0.4264	0.4568	0.0000	0.0000
0.4274	0.4577	0.0000	0.0000
0.4284	0.4585	0.0000	0.0000
0.4294	0.4594	0.0000	0.0000
0.4304	0.4603	0.0000	0.0000
0.4314	0.4612	0.0000	0.0000
0.4324	0.4620	0.0000	0.0000
0.4334	0.4629	0.0000	0.0000
0.4344	0.4638	0.0000	0.0000
0.4354	0.4647	0.0000	0.0000
0.4364	0.4655	0.0000	0.0000
0.4374	0.4664	0.0000	0.0000
0.4384	0.4673	0.0000	0.0000
0.4394	0.4682	0.0000	0.0000
0.4404	0.4691	0.0000	0.0000
0.4414	0.4699	0.0000	0.0000
0.4424	0.4708	0.0000	0.0000
0.4434	0.4717	0.0000	0.0000
0.4444	0.4726	0.0000	0.0000
0.4454	0.4735	0.0000	0.0000
0.4464	0.4744	0.0000	0.0000
0.4474	0.4753	0.0000	0.0000
0.4484	0.4762	0.0000	0.0000
0.4494	0.4770	0.0000	0.0000
0.4505	0.4779	0.0000	0.0000
0.4515	0.4788	0.0000	0.0000
0.4525	0.4797	0.0000	0.0000
0.4535	0.4806	0.0000	0.0000
0.4545	0.4815	0.0000	0.0000
0.4555	0.4824	0.0000	0.0000
0.4565	0.4833	0.0000	0.0000
0.4575	0.4842	0.0000	0.0000
0.4585	0.4851	0.0000	0.0000
0.4595	0.4860	0.0000	0.0000
0.4605	0.4869	0.0000	0.0000
0.4615	0.4878	0.0000	0.0000
0.4625	0.4887	0.0000	0.0000
0.4635	0.4896	0.0000	0.0000
0.4645	0.4905	0.0000	0.0000
0.4655	0.4914	0.0000	0.0000
0.4665	0.4923	0.0000	0.0000
0.4675	0.4932	0.0000	0.0000
0.4685	0.4941	0.0000	0.0000
0.4695	0.4950	0.0000	0.0000
0.4705	0.4960	0.0000	0.0000
0.4715	0.4969	0.0000	0.0000
0.4725	0.4978	0.0000	0.0000
0.4735	0.4987	0.0000	0.0000
0.4745	0.4996	0.0000	0.0000
0.4755	0.5005	0.0000	0.0000
0.4765	0.5014	0.0000	0.0000
0.4775	0.5024	0.0000	0.0000
0.4785	0.5033	0.0000	0.0000
0.4795	0.5042	0.0000	0.0000
0.4805	0.5051	0.0000	0.0000
0.4815	0.5061	0.0000	0.0000
0.4825	0.5070	0.0000	0.0000
0.4835	0.5079	0.0000	0.0000
0.4845	0.5088	0.0000	0.0000
0.4855	0.5098	0.0000	0.0000
0.4865	0.5107	0.0000	0.0000
0.4875	0.5116	0.0000	0.0000
0.4885	0.5126	0.0000	0.0000
0.4895	0.5135	0.0000	0.0000
0.4905	0.5144	0.0000	0.0000
0.4915	0.5154	0.0000	0.0000
0.4925	0.5163	0.0000	0.0000
0.4935	0.5173	0.0000	0.0000
0.4945	0.5182	0.0000	0.0000
0.4955	0.5191	0.0000	0.0000
0.4965	0.5201	0.0000	0.0000
0.4975	0.5210	0.0000	0.0000
0.4985	0.5220	0.0000	0.0000
0.4995	0.5229	0.0000	0.0000
0.5005	0.5243	0.0000	0.0000
0.5015	0.5262	0.0000	0.0000
0.5025	0.5280	0.0000	0.0000
0.5035	0.5298	0.0000	0.0000
0.5045	0.5317	0.0000	0.0000
0.5055	0.5335	0.0000	0.0000
0.5065	0.5353	0.0000	0.0000
0.5075	0.5371	0.0000	0.0000
0.5085	0.5389	0.0000	0.0000
0.5095	0.5406	0.0000	0.0000
0.5105	0.5424	0.0000	0.0000
0.5115	0.5441	0.0000	0.0000
0.5125	0.5459	0.0000	0.0000
0.5135	0.5476	0.0000	0.0000
0.5145	0.5494	0.0000	0.0000
0.5155	0.5511	0.0000	0.0000
0.5165	0.5528	0.0000	0.0000
0.5175	0.5545	0.0000	0.0000
0.5185	0.5562	0.0000	0.0000
0.5195	0.5579	0.0000	0.0000
0.5205	0.5595	0.0000	0.0000
0.5215	0.5612	0.0000	0.0000
0.5225	0.5629	0.0000	0.0000
0.5235	0.5645	0.0000	0.0000
0.5245	0.5662	0.0000	0.0000
0.5255	0.5678	0.0000	0.0000
0.5265	0.5694	0.0000	0.0000
0.5275	0.5710	0.0000	0.0000
0.5285	0.5726	0.0000	0.0000
0.5295	0.5742	0.0000	0.0000
0.5305	0.5758	0.0000	0.0000
0.5315	0.5774	0.0000	0.0000
0.5325	0.5790	0.0000	0.0000
0.5335	0.5806	0.0000	0.0000
0.5345	0.5821	0.0000	0.0000
0.5355	0.5837	0.0000	0.0000
0.5365	0.5852	0.0000	0.0000
0.5375	0.5868	0.0000	0.0000
0.5385	0.5883	0.0000	0.0000
0.5395	0.5898	0.0000	0.0000
0.5405	0.5913	0.0000	0.0000
0.5415	0.5928	0.0000	0.0000
0.5425	0.5943	0.0000	0.0000
0.5435	0.5958	0.0000	0.0000
0.5445	0.5973	0.0000	0.0000
0.5455	0.5988	0.0000	0.0000
0.5465	0.6002	0.0000	0.0000
0.5475	0.6017	0.0000	0.0000
0.5485	0.6032	0.0000	0.0000
0.5495	0.6046	0.0000	0.0000
0.5506	0.6060	0.0000	0.0000
0.5516	0.6075	0.0000	0.0000
0.5526	0.6089	0.0000	0.0000
0.5536	0.6103	0.0000	0.0000
0.5546	0.6117	0.0000	0.0000
0.5556	0.6131	0.0000	0.0000
0.5566	0.6145	0.0000	0.0000
0.5576	0.6159	0.0000	0.0000
0.5586	0.6173	0.0000	0.0000
0.5596	0.6187	0.0000	0.0000
0.5606	0.6201	0.0000	0.0000
0.5616	0.6214	0.0000	0.0000
0.5626	0.6228	0.0000	0.0000
0.5636	0.6241	0.0000	0.0000
0.5646	0.6255	0.0000	0.0000
0.5656	0.6268	0.0000	0.0000
0.5666	0.6281	0.0000	0.0000
0.5676	0.6295	0.0000	0.0000
0.5686	0.6308	0.0000	0.0000
0.5696	0.6321	0.0000	0.0000
0.5706	0.6334	0.0000	0.0000
0.5716	0.6347	0.0000	0.0000
0.5726	0.6360	0.0000	0.0000
0.5736	0.6373	0.0000	0.0000
0.5746	0.6385	0.0000	0.0000
0.5756	0.6398	0.0000	0.0000
0.5766	0.6411	0.0000	0.0000
0.5776	0.6423	0.0000	0.0000
0.5786	0.6436	0.0000	0.0000
0.5796	0.6449	0.0000	0.0000
0.5806	0.6461	0.0000	0.0000
0.5816	0.6473	0.0000	0.0000
0.5826	0.6486	0.0000	0.0000
0.5836	0.6498	0.0000	0.0000
0.5846	0.6510	0.0000	0.0000
0.5856	0.6522	0.0000	0.0000
0.5866	0.6534	0.0000	0.0000
0.5876	0.6546	0.0000	0.0000
0.5886	0.6558	0.0000	0.0000
0.5896	0.6570	0.0000	0.0000
0.5906	0.6582	0.0000	0.0000
0.5916	0.6594	0.0000	0.0000
0.5926	0.6606	0.0000	0.0000
0.5936	0.6617	0.0000	0.0000
0.5946	0.6629	0.0000	0.0000
0.5956	0.6640	0.0000	0.0000
0.5966	0.6652	0.0000	0.0000
0.5976	0.6663	0.0000	0.0000
0.5986	0.6675	0.0000	0.0000
0.5996	0.6686	0.0000	0.0000
0.6006	0.6697	0.0000	0.0000
0.6016	0.6709	0.0000	0.0000
0.6026	0.6720	0.0000	0.0000
0.6036	0.6731	0.0000	0.0000
0.6046	0.6742	0.0000	0.0000
0.6056	0.6753	0.0000	0.0000
0.6066	0.6764	0.0000	0.0000
0.6076	0.6775	0.0000	0.0000
0.6086	0.6786	0.0000	0.0000
0.6096	0.6797	0.0000	0.0000
0.6106	0.6808	0.0000	0.0000
0.6116	0.6818	0.0000	0.0000
0.6126	0.6829	0.0000	0.0000
0.6136	0.6840	0.0000	0.0000
0.6146	0.6850	0.0000	0.0000
0.6156	0.6861	0.0000	0.0000
0.6166	0.6871	0.0000	0.0000
0.6176	0.6882	0.0000	0.0000
0.6186	0.6892	0.0000	0.0000
0.6196	0.6902	0.0000	0.0000
0.6206	0.6913	0.0000	0.0000
0.6216	0.6923	0.0000	0.0000
0.6226	0.6933	0.0000	0.0000
0.6236	0.6943	0.0000	0.0000
0.6246	0.6953	0.0000	0.0000
0.6256	0.6963	0.0000	0.0000
0.6266	0.6973	0.0000	0.0000
0.6276	0.6983	0.0000	0.0000
0.6286	0.6993	0.0000	0.0000
0.6296	0.7003	0.0000	0.0000
0.6306	0.7013	0.0000	0.0000
0.6316	0.7023	0.0000	0.0000
0.6326	0.7032	0.0000	0.0000
0.6336	0.7042	0.0000	0.0000
0.6346	0.7052	0.0000	0.0000
0.6356	0.7061	0.0000	0.0000
0.6366	0.7071	0.0000	0.0000
0.6376	0.7080	0.0000	0.0000
0.6386	0.7090	0.0000	0.0000
0.6396	0.7099	0.0000	0.0000
0.6406	0.7109	0.0000	0.0000
0.6416	0.7118	0.0000	0.0000
0.6426	0.7127	0.0000	0.0000
0.6436	0.7137	0.0000	0.0000
0.6446	0.7146	0.0000	0.0000
0.6456	0.7155	0.0000	0.0000
0.6466	0.7164	0.0000	0.0000
0.6476	0.7173	0.0000	0.0000
0.6486	0.7182	0.0000	0.0000
0.6496	0.7191	0.0000	0.0000
0.6507	0.7200	0.0000	0.0000
0.6517	0.7209	0.0000	0.0000
0.6527	0.7218	0.0000	0.0000
0.6537	0.7227	0.0000	0.0000
0.6547	0.7236	0.0000	0.0000
0.6557	0.7245	0.0000	0.0000
0.6567	0.7253	0.0000	0.0000
0.6577	0.7262	0.0000	0.0000
0.6587	0.7271	0.0000	0.0000
0.6597	0.7279	0.0000	0.0000
0.6607	0.7288	0.0000	0.0000
0.6617	0.7296	0.0000	0.0000
0.6627	0.7305	0.0000	0.0000
0.6637	0.7313	0.0000	0.0000
0.6647	0.7322	0.0000	0.0000
0.6657	0.7330	0.0000	0.0000
0.6667	0.7338	0.0000	0.0000
0.6677	0.7347	0.0000	0.0000
0.6687	0.7355	0.0000	0.0000
0.6697	0.7363	0.0000	0.0000
0.6707	0.7372	0.0000	0.0000
0.6717	0.7380	0.0000	0.0000
0.6727	0.7388	0.0000	0.0000
0.6737	0.7396	0.0000	0.0000
0.6747	0.7404	0.0000	0.0000
0.6757	0.7412	0.0000	0.0000
0.6767	0.7420	0.0000	0.0000
0.6777	0.7428	0.0000	0.0000
0.6787	0.7436	0.0000	0.0000
0.6797	0.7444	0.0000	0.0000
0.6807	0.7452	0.0000	0.0000
0.6817	0.7460	0.0000	0.0000
0.6827	0.7467	0.0000	0.0000
0.6837	0.7475	0.0000	0.0000
0.6847	0.7483	0.0000	0.0000
0.6857	0.7490	0.0000	0.0000
0.6867	0.7498	0.0000	0.0000
0.6877	0.7506	0.0000	0.0000
0.6887	0.7513	0.0000	0.0000
0.6897	0.7521	0.0000	0.0000
0.6907	0.7528	0.0000	0.0000
0.6917	0.7536	0.0000	0.0000
0.6927	0.7543	0.0000	0.0000
0.6937	0.7551	0.0000	0.0000
0.6947	0.7558	0.0000	0.0000
0.6957	0.7566	0.0000	0.0000
0.6967	0.7573	0.0000	0.0000
0.6977	0.7580	0.0000	0.0000
0.6987	0.7588	0.0000	0.0000
0.6997	0.7595	0.0000	0.0000
0.7007	0.7602	0.0000	0.0000
0.7017	0.7609	0.0000	0.0000
0.7027	0.7616	0.0000	0.0000
0.7037	0.7623	0.0000	0.0000
0.7047	0.7631	0.0000	0.0000
0.7057	0.7638	0.0000	0.0000
0.7067	0.7645	0.0000	0.0000
0.7077	0.7652	0.0000	0.0000
0.7087	0.7659	0.0000	0.0000
0.7097	0.7666	0.0000	0.0000
0.7107	0.7672	0.0000	0.0000
0.7117	0.7679	0.0000	0.0000
0.7127	0.7686	0.0000	0.0000
0.7137	0.7693	0.0000	0.0000
0.7147	0.7700	0.0000	0.0000
0.7157	0.7707	0.0000	0.0000
0.7167	0.7713	0.0000	0.0000
0.7177	0.7720	0.0000	0.0000
0.7187	0.7727	0.0000	0.0000
0.7197	0.7733	0.0000	0.0000
0.7207	0.7740	0.0000	0.0000
0.7217	0.7747	0.0000	0.0000
0.7227	0.7753	0.0000	0.0000
0.7237	0.7760	0.0000	0.0000
0.7247	0.7766	0.0000	0.0000
0.7257	0.7773	0.0000	0.0000
0.7267	0.7779	0.0000	0.0000
0.7277	0.7786	0.0000	0.0000
0.7287	0.7792	0.0000	0.0000
0.7297	0.7799	0.0000	0.0000
0.7307	0.7805	0.0000	0.0000
0.7317	0.7811	0.0000	0.0000
0.7327	0.7818	0.0000	0.0000
0.7337	0.7824	0.0000	0.0000
0.7347	0.7830	0.0000	0.0000
0.7357	0.7837	0.0000	0.0000
0.7367	0.7843	0.0000	0.0000
0.7377	0.7849	0.0000	0.0000
0.7387	0.7855	0.0000	0.0000
0.7397	0.7861	0.0000	0.0000
0.7407	0.7867	0.0000	0.0000
0.7417	0.7874	0.0000	0.0000
0.7427	0.7880	0.0000	0.0000
0.7437	0.7886	0.0000	0.0000
0.7447	0.7892	0.0000	0.0000
0.7457	0.7898	0.0000	0.0000
0.7467	0.7904	0.0000	0.0000
0.7477	0.7910	0.0000	0.0000
0.7487	0.7916	0.0000	0.0000
0.7497	0.7921	0.0000	0.0000
0.7508	0.7927	0.0000	0.0000
0.7518	0.7933	0.0000	0.0000
0.7528	0.7939	0.0000	0.0000
0.7538	0.7945	0.0000	0.0000
0.7548	0.7951	0.0000	0.0000
0.7558	0.7956	0.0000	0.0000
0.7568	0.7962	0.0000	0.0000
0.7578	0.7968	0.0000	0.0000
0.7588	0.7974	0.0000	0.0000
0.7598	0.7979	0.0000	0.0000
0.7608	0.7985	0.0000	0.0000
0.7618	0.7991	0.0000	0.0000
0.7628	0.7996	0.0000	0.0000
0.7638	0.8002	0.0000	0.0000
0.7648	0.8008	0.0000	0.0000
0.7658	0.8013	0.0000	0.0000
0.7668	0.8019	0.0000	0.0000
0.7678	0.8024	0.0000	0.0000
0.7688	0.8030	0.0000	0.0000
0.7698	0.8035	0.0000	0.0000
0.7708	0.8041	0.0000	0.0000
0.7718	0.8046	0.0000	0.0000
0.7728	0.8051	0.0000	0.0000
0.7738	0.8057	0.0000	0.0000
0.7748	0.8062	0.0000	0.0000
0.7758	0.8068	0.0000	0.0000
0.7768	0.8073	0.0000	0.0000
0.7778	0.8078	0.0000	0.0000
0.7788	0.8084	0.0000	0.0000
0.7798	0.8089	0.0000	0.0000
0.7808	0.8094	0.0000	0.0000
0.7818	0.8099	0.0000	0.0000
0.7828	0.8105	0.0000	0.0000
0.7838	0.8110	0.0000	0.0000
0.7848	0.8115	0.0000	0.0000
0.7858	0.8120	0.0000	0.0000
0.7868	0.8125	0.0000	0.0000
0.7878	0.8130	0.0000	0.0000
0.7888	0.8135	0.0000	0.0000
0.7898	0.8141	0.0000	0.0000
0.7908	0.8146	0.0000	0.0000
0.7918	0.8151	0.0000	0.0000
0.7928	0.8156	0.0000	0.0000
0.7938	0.8161	0.0000	0.0000
0.7948	0.8166	0.0000	0.0000
0.7958	0.8171	0.0000	0.0000
0.7968	0.8176	0.0000	0.0000
0.7978	0.8181	0.0000	0.0000
0.7988	0.8186	0.0000	0.0000
0.7998	0.8191	0.0000	0.0000
0.8008	0.8195	0.0000	0.0000
0.8018	0.8200	0.0000	0.0000
0.8028	0.8205	0.0000	0.0000
0.8038	0.8210	0.0000	0.0000
0.8048	0.8215	0.0000	0.0000
0.8058	0.8220	0.0000	0.0000
0.8068	0.8225	0.0000	0.0000
0.8078	0.8229	0.0000	0.0000
0.8088	0.8234	0.0000	0.0000
0.8098	0.8239	0.0000	0.0000
0.8108	0.8244	0.0000	0.0000
0.8118	0.8248	0.0000	0.0000
0.8128	0.8253	0.0000	0.0000
0.8138	0.8258	0.0000	0.0000
0.8148	0.8262	0.0000	0.0000
0.8158	0.8267	0.0000	0.0000
0.8168	0.8272	0.0000	0.0000
0.8178	0.8276	0.0000	0.0000
0.8188	0.8281	0.0000	0.0000
0.8198	0.8286	0.0000	0.0000
0.8208	0.8290	0.0000	0.0000
0.8218	0.8295	0.0000	0.0000
0.8228	0.8299	0.0000	0.0000
0.8238	0.8304	0.0000	0.0000
0.8248	0.8308	0.0000	0.0000
0.8258	0.8313	0.0000	0.0000
0.8268	0.8317	0.0000	0.0000
0.8278	0.8322	0.0000	0.0000
0.8288	0.8326	0.0000	0.0000
0.8298	0.8331	0.0000	0.0000
0.8308	0.8335	0.0000	0.0000
0.8318	0.8340	0.0000	0.0000
0.8328	0.8344	0.0000	0.0000
0.8338	0.8349	0.0000	0.0000
0.8348	0.8353	0.0000	0.0000
0.8358	0.8357	0.0000	0.0000
0.8368	0.8362	0.0000	0.0000
0.8378	0.8366	0.0000	0.0000
0.8388	0.8370	0.0000	0.0000
0.8398	0.8375	0.0000	0.0000
0.8408	0.8379	0.0000	0.0000
0.8418	0.8383	0.0000	0.0000
0.8428	0.8388	0.0000	0.0000
0.8438	0.8392	0.0000	0.0000
0.8448	0.8396	0.0000	0.0000
0.8458	0.8400	0.0000	0.0000
0.8468	0.8405	0.0000	0.0000
0.8478	0.8409	0.0000	0.0000
0.8488	0.8413	0.0000	0.0000
0.8498	0.8417	0.0000	0.0000
0.8509	0.8421	0.0000	0.0000
0.8519	0.8426	0.0000	0.0000
0.8529	0.8430	0.0000	0.0000
0.8539	0.8434	0.0000	0.0000
0.8549	0.8438	0.0000	0.0000
0.8559	0.8442	0.0000	0.0000
0.8569	0.8446	0.0000	0.0000
0.8579	0.8450	0.0000	0.0000
0.8589	0.8455	0.0000	0.0000
0.8599	0.8459	0.0000	0.0000
0.8609	0.8463	0.0000	0.0000
0.8619	0.8467	0.0000	0.0000
0.8629	0.8471	0.0000	0.0000
0.8639	0.8475	0.0000	0.0000
0.8649	0.8479	0.0000	0.0000
0.8659	0.8483	0.0000	0.0000
0.8669	0.8487	0.0000	0.0000
0.8679	0.8491	0.0000	0.0000
0.8689	0.8495	0.0000	0.0000
0.8699	0.8499	0.0000	0.0000
0.8709	0.8503	0.0000	0.0000
0.8719	0.8507	0.0000	0.0000
0.8729	0.8511	0.0000	0.0000
0.8739	0.8515	0.0000	0.0000
0.8749	0.8519	0.0000	0.0000
0.8759	0.8523	0.0000	0.0000
0.8769	0.8527	0.0000	0.0000
0.8779	0.8530	0.0000	0.0000
0.8789	0.8534	0.0000	0.0000
0.8799	0.8538	0.0000	0.0000
0.8809	0.8542	0.0000	0.0000
0.8819	0.8546	0.0000	0.0000
0.8829	0.8550	0.0000	0.0000
0.8839	0.8554	0.0000	0.0000
0.8849	0.8558	0.0000	0.0000
0.8859	0.8561	0.0000	0.0000
0.8869	0.8565	0.0000	0.0000
0.8879	0.8569	0.0000	0.0000
0.8889	0.8573	0.0000	0.0000
0.8899	0.8577	0.0000	0.0000
0.8909	0.8580	0.0000	0.0000
0.8919	0.8584	0.0000	0.0000
0.8929	0.8588	0.0000	0.0000
0.8939	0.8592	0.0000	0.0000
0.8949	0.8595	0.0000	0.0000
0.8959	0.8599	0.0000	0.0000
0.8969	0.8603	0.0000	0.0000
0.8979	0.8607	0.0000	0.0000
0.8989	0.8610	0.0000	0.0000
0.8999	0.8614	0.0000	0.0000
0.9009	0.8618	0.0000	0.0000
0.9019	0.8622	0.0000	0.0000
0.9029	0.8625	0.0000	0.0000
0.9039	0.8629	0.0000	0.0000
0.9049	0.8633	0.0000	0.0000
0.9059	0.8636	0.0000	0.0000
0.9069	0.8640	0.0000	0.0000
0.9079	0.8644	0.0000	0.0000
0.9089	0.8647	0.0000	0.0000
0.9099	0.8651	0.0000	0.0000
0.9109	0.8655	0.0000	0.0000
0.9119	0.8658	0.0000	0.0000
0.9129	0.8662	0.0000	0.0000
0.9139	0.8666	0.0000	0.0000
0.9149	0.8669	0.0000	0.0000
0.9159	0.8673	0.0000	0.0000
0.9169	0.8676	0.0000	0.0000
0.9179	0.8680	0.0000	0.0000
0.9189	0.8684	0.0000	0.0000
0.9199	0.8687	0.0000	0.0000
0.9209	0.8691	0.0000	0.0000
0.9219	0.8694	0.0000	0.0000
0.9229	0.8698	0.0000	0.0000
0.9239	0.8701	0.0000	0.0000
0.9249	0.8705	0.0000	0.0000
0.9259	0.8709	0.0000	0.0000
0.9269	0.8712	0.0000	0.0000
0.9279	0.8716	0.0000	0.0000
0.9289	0.8719	0.0000	0.0000
0.9299	0.8723	0.0000	0.0000
0.9309	0.8726	0.0000	0.0000
0.9319	0.8730	0.0000	0.0000
0.9329	0.8733	0.0000	0.0000
0.9339	0.8737	0.0000	0.0000
0.9349	0.8740	0.0000	0.0000
0.9359	0.8744	0.0000	0.0000
0.9369	0.8747	0.0000	0.0000
0.9379	0.8751	0.0000	0.0000
0.9389	0.8755	0.0000	0.0000
0.9399	0.8758	0.0000	0.0000
0.9409	0.8762	0.0000	0.0000
0.9419	0.8765	0.0000	0.0000
0.9429	0.8768	0.0000	0.0000
0.9439	0.8772	0.0000	0.0000
0.9449	0.8775	0.0000	0.0000
0.9459	0.8779	0.0000	0.0000
0.9469	0.8782	0.0000	0.0000
0.9479	0.8786	0.0000	0.0000
0.9489	0.8789	0.0000	0.0000
0.9499	0.8793	0.0000	0.0000
0.9510	0.8796	0.0000	0.0000
0.9520	0.8800	0.0000	0.0000
0.9530	0.8803	0.0000	0.0000
0.9540	0.8807	0.0000	0.0000
0.9550	0.8810	0.0000	0.0000
0.9560	0.8814	0.0000	0.0000
0.9570	0.8817	0.0000	0.0000
0.9580	0.8821	0.0000	0.0000
0.9590	0.8824	0.0000	0.0000
0.9600	0.8827	0.0000	0.0000
0.9610	0.8831	0.0000	0.0000
0.9620	0.8834	0.0000	0.0000
0.9630	0.8838	0.0000	0.0000
0.9640	0.8841	0.0000	0.0000
0.9650	0.8845	0.0000	0.0000
0.9660	0.8848	0.0000	0.0000
0.9670	0.8852	0.0000	0.0000
0.9680	0.8855	0.0000	0.0000
0.9690	0.8858	0.0000	0.0000
0.9700	0.8862	0.0000	0.0000
0.9710	0.8865	0.0000	0.0000
0.9720	0.8869	0.0000	0.0000
0.9730	0.8872	0.0000	0.0000
0.9740	0.8876	0.0000	0.0000
0.9750	0.8879	0.0000	0.0000
0.9760	0.8883	0.0000	0.0000
0.9770	0.8886	0.0000	0.0000
0.9780	0.8889	0.0000	0.0000
0.9790	0.8893	0.0000	0.0000
0.9800	0.8896	0.0000	0.0000
0.9810	0.8900	0.0000	0.0000
0.9820	0.8903	0.0000	0.0000
0.9830	0.8907	0.0000	0.0000
0.9840	0.8910	0.0000	0.0000
0.9850	0.8914	0.0000	0.0000
0.9860	0.8917	0.0000	0.0000
0.9870	0.8921	0.0000	0.0000
0.9880	0.8924	0.0000	0.0000
0.9890	0.8928	0.0000	0.0000
0.9900	0.8931	0.0000	0.0000
0.9910	0.8934	0.0000	0.0000
0.9920	0.8938	0.0000	0.0000
0.9930	0.8941	0.0000	0.0000
0.9940	0.8945	0.0000	0.0000
0.9950	0.8948	0.0000	0.0000
0.9960	0.8952	0.0000	0.0000
0.9970	0.8955	0.0000	0.0000
0.9980	0.8959	0.0000	0.0000
0.9990	0.8962	0.0000	0.0000
1.0000	0.8966	0.0000	0.0000
0.8358
