0.0000	0.0978	0.0000	0.0000
0.0010	0.0984	0.0000	0.0000
0.0020	0.0990	0.0000	0.0000
0.0030	0.0996	0.0000	0.0000
0.0040	0.1002	0.0000	0.0000
0.0050	0.1008	0.0000	0.0000
0.0060	0.1014	0.0000	0.0000
0.0070	0.1020	0.0000	0.0000
0.0080	0.1026	0.0000	0.0000
0.0090	0.1032	0.0000	0.0000
0.0100	0.1038	0.0000	0.0000
0.0110	0.1044	0.0000	0.0000
0.0120	0.1050	0.0000	0.0000
0.0130	0.1056	0.0000	0.0000
0.0140	0.1062	0.0000	0.0000
0.0150	0.1068	0.0000	0.0000
0.0160	0.1074	0.0000	0.0000
0.0170	0.1080	0.0000	0.0000
0.0180	0.1086	0.0000	0.0000
0.0190	0.1091	0.0000	0.0000
0.0200	0.1097	0.0000	0.0000
0.0210	0.1103	0.0000	0.0000
0.0220	0.1109	0.0000	0.0000
0.0230	0.1115	0.0000	0.0000
0.0240	0.1121	0.0000	0.0000
0.0250	0.1127	0.0000	0.0000
0.0260	0.1133	0.0000	0.0000
0.0270	0.1139	0.0000	0.0000
0.0280	0.1145	0.0000	0.0000
0.0290	0.1151	0.0000	0.0000
0.0300	0.1156	0.0000	0.0000
0.0310	0.1162	0.0000	0.0000
0.0320	0.1168	0.0000	0.0000
0.0330	0.1174	0.0000	0.0000
0.0340	0.1180	0.0000	0.0000
0.0350	0.1186	0.0000	0.0000
0.0360	0.1192	0.0000	0.0000
0.0370	0.1198	0.0000	0.0000
0.0380	0.1204	0.0000	0.0000
0.0390	0.1210	0.0000	0.0000
0.0400	0.1215	0.0000	0.0000
0.0410	0.1221	0.0000	0.0000
0.0420	0.1227	0.0000	0.0000
0.0430	0.1233	0.0000	0.0000
0.0440	0.1239	0.0000	0.0000
0.0450	0.1245	0.0000	0.0000
0.0460	0.1251	0.0000	0.0000
0.0470	0.1257	0.0000	0.0000
0.0480	0.1263	0.0000	0.0000
0.0490	0.1269	0.0000	0.0000
0.0501	0.1274	0.0000	0.0000
0.0511	0.1280	0.0000	0.0000
0.0521	0.1286	0.0000	0.0000
0.0531	0.1292	0.0000	0.0000
0.0541	0.1298	0.0000	0.0000
0.0551	0.1304	0.0000	0.0000
0.0561	0.1310	0.0000	0.0000
0.0571	0.1316	0.0000	0.0000
0.0581	0.1322	0.0000	0.0000
0.0591	0.1328	0.0000	0.0000
0.0601	0.1333	0.0000	0.0000
0.0611	0.1339	0.0000	0.0000
0.0621	0.1345	0.0000	0.0000
0.0631	0.1351	0.0000	0.0000
0.0641	0.1357	0.0000	0.0000
0.0651	0.1363	0.0000	0.0000
0.0661	0.1369	0.0000	0.0000
0.0671	0.1375	0.0000	0.0000
0.0681	0.1381	0.0000	0.0000
0.0691	0.1387	0.0000	0.0000
0.0701	0.1393	0.0000	0.0000
0.0711	0.1398	0.0000	0.0000
0.0721	0.1404	0.0000	0.0000
0.0731	0.1410	0.0000	0.0000
0.0741	0.1416	0.0000	0.0000
0.0751	0.1422	0.0000	0.0000
0.0761	0.1428	0.0000	0.0000
0.0771	0.1434	0.0000	0.0000
0.0781	0.1440	0.0000	0.0000
0.0791	0.1446	0.0000	0.0000
0.0801	0.1452	0.0000	0.0000
0.0811	0.1458	0.0000	0.0000
0.0821	0.1464	0.0000	0.0000
0.0831	0.1470	0.0000	0.0000
0.0841	0.1476	0.0000	0.0000
0.0851	0.1482	0.0000	0.0000
0.0861	0.1488	0.0000	0.0000
0.0871	0.1493	0.0000	0.0000
0.0881	0.1499	0.0000	0.0000
0.0891	0.1505	0.0000	0.0000
0.0901	0.1511	0.0000	0.0000
0.0911	0.1517	0.0000	0.0000
0.0921	0.1523	0.0000	0.0000
0.0931	0.1529	0.0000	0.0000
0.0941	0.1535	0.0000	0.0000
0.0951	0.1541	0.0000	0.0000
0.0961	0.1547	0.0000	0.0000
0.0971	0.1553	0.0000	0.0000
0.0981	0.1559	0.0000	0.0000
0.0991	0.1565	0.0000	0.0000
0.1001	0.1571	0.0000	0.0000
0.1011	0.1577	0.0000	0.0000
0.1021	0.1583	0.0000	0.0000
0.1031	0.1589	0.0000	0.0000
0.1041	0.1595	0.0000	0.0000
0.1051	0.1601	0.0000	0.0000
0.1061	0.1607	0.0000	0.0000
0.1071	0.1613	0.0000	0.0000
0.1081	0.1619	0.0000	0.0000
0.1091	0.1625	0.0000	0.0000
0.1101	0.1631	0.0000	0.0000
0.1111	0.1637	0.0000	0.0000
0.1121	0.1643	0.0000	0.0000
0.1131	0.1649	0.0000	0.0000
0.1141	0.1655	0.0000	0.0000
0.1151	0.1661	0.0000	0.0000
0.1161	0.1667	0.0000	0.0000
0.1171	0.1673	0.0000	0.0000
0.1181	0.1680	0.0000	0.0000
0.1191	0.1686	0.0000	0.0000
0.1201	0.1692	0.0000	0.0000
0.1211	0.1698	0.0000	0.0000
0.1221	0.1704	0.0000	0.0000
0.1231	0.1710	0.0000	0.0000
0.1241	0.1716	0.0000	0.0000
0.1251	0.1722	0.0000	0.0000
0.1261	0.1728	0.0000	0.0000
0.1271	0.1734	0.0000	0.0000
0.1281	0.1740	0.0000	0.0000
0.1291	0.1746	0.0000	0.0000
0.1301	0.1753	0.0000	0.0000
0.1311	0.1759	0.0000	0.0000
0.1321	0.1765	0.0000	0.0000
0.1331	0.1771	0.0000	0.0000
0.1341	0.1777	0.0000	0.0000
0.1351	0.1783	0.0000	0.0000
0.1361	0.1789	0.0000	0.0000
0.1371	0.1795	0.0000	0.0000
0.1381	0.1802	0.0000	0.0000
0.1391	0.1808	0.0000	0.0000
0.1401	0.1814	0.0000	0.0000
0.1411	0.1820	0.0000	0.0000
0.1421	0.1826	0.0000	0.0000
0.1431	0.1832	0.0000	0.0000
0.1441	0.1839	0.0000	0.0000
0.1451	0.1845	0.0000	0.0000
0.1461	0.1851	0.0000	0.0000
0.1471	0.1857	0.0000	0.0000
0.1481	0.1863	0.0000	0.0000
0.1491	0.1870	0.0000	0.0000
0.1502	0.1876	0.0000	0.0000
0.1512	0.1882	0.0000	0.0000
0.1522	0.1888	0.0000	0.0000
0.1532	0.1895	0.0000	0.0000
0.1542	0.1901	0.0000	0.0000
0.1552	0.1907	0.0000	0.0000
0.1562	0.1913	0.0000	0.0000
0.1572	0.1920	0.0000	0.0000
0.1582	0.1926	0.0000	0.0000
0.1592	0.1932	0.0000	0.0000
0.1602	0.1938	0.0000	0.0000
0.1612	0.1945	0.0000	0.0000
0.1622	0.1951	0.0000	0.0000
0.1632	0.1957	0.0000	0.0000
0.1642	0.1964	0.0000	0.0000
0.1652	0.1970	0.0000	0.0000
0.1662	0.1976	0.0000	0.0000
0.1672	0.1982	0.0000	0.0000
0.1682	0.1989	0.0000	0.0000
0.1692	0.1995	0.0000	0.0000
0.1702	0.2002	0.0000	0.0000
0.1712	0.2008	0.0000	0.0000
0.1722	0.2014	0.0000	0.0000
0.1732	0.2021	0.0000	0.0000
0.1742	0.2027	0.0000	0.0000
0.1752	0.2033	0.0000	0.0000
0.1762	0.2040	0.0000	0.0000
0.1772	0.2046	0.0000	0.0000
0.1782	0.2053	0.0000	0.0000
0.1792	0.2059	0.0000	0.0000
0.1802	0.2065	0.0000	0.0000
0.1812	0.2072	0.0000	0.0000
0.1822	0.2078	0.0000	0.0000
0.1832	0.2085	0.0000	0.0000
0.1842	0.2091	0.0000	0.0000
0.1852	0.2098	0.0000	0.0000
0.1862	0.2104	0.0000	0.0000
0.1872	0.2110	0.0000	0.0000
0.1882	0.2117	0.0000	0.0000
0.1892	0.2123	0.0000	0.0000
0.1902	0.2130	0.0000	0.0000
0.1912	0.2136	0.0000	0.0000
0.1922	0.2143	0.0000	0.0000
0.1932	0.2149	0.0000	0.0000
0.1942	0.2156	0.0000	0.0000
0.1952	0.2163	0.0000	0.0000
0.1962	0.2169	0.0000	0.0000
0.1972	0.2176	0.0000	0.0000
0.1982	0.2182	0.0000	0.0000
0.1992	0.2189	0.0000	0.0000
0.2002	0.2195	0.0000	0.0000
0.2012	0.2202	0.0000	0.0000
0.2022	0.2209	0.0000	0.0000
0.2032	0.2215	0.0000	0.0000
0.2042	0.2222	0.0000	0.0000
0.2052	0.2228	0.0000	0.0000
0.2062	0.2235	0.0000	0.0000
0.2072	0.2242	0.0000	0.0000
0.2082	0.2248	0.0000	0.0000
0.2092	0.2255	0.0000	0.0000
0.2102	0.2262	0.0000	0.0000
0.2112	0.2268	0.0000	0.0000
0.2122	0.2275	0.0000	0.0000
0.2132	0.2282	0.0000	0.0000
0.2142	0.2288	0.0000	0.0000
0.2152	0.2295	0.0000	0.0000
0.2162	0.2302	0.0000	0.0000
0.2172	0.2309	0.0000	0.0000
0.2182	0.2315	0.0000	0.0000
0.2192	0.2322	0.0000	0.0000
0.2202	0.2329	0.0000	0.0000
0.2212	0.2336	0.0000	0.0000
0.2222	0.2343	0.0000	0.0000
0.2232	0.2349	0.0000	0.0000
0.2242	0.2356	0.0000	0.0000
0.2252	0.2363	0.0000	0.0000
0.2262	0.2370	0.0000	0.0000
0.2272	0.2377	0.0000	0.0000
0.2282	0.2383	0.0000	0.0000
0.2292	0.2390	0.0000	0.0000
0.2302	0.2397	0.0000	0.0000
0.2312	0.2404	0.0000	0.0000
0.2322	0.2411	0.0000	0.0000
0.2332	0.2418	0.0000	0.0000
0.2342	0.2425	0.0000	0.0000
0.2352	0.2432	0.0000	0.0000
0.2362	0.2439	0.0000	0.0000
0.2372	0.2446	0.0000	0.0000
0.2382	0.2453	0.0000	0.0000
0.2392	0.2460	0.0000	0.0000
0.2402	0.2467	0.0000	0.0000
0.2412	0.2474	0.0000	0.0000
0.2422	0.2481	0.0000	0.0000
0.2432	0.2488	0.0000	0.0000
0.2442	0.2495	0.0000	0.0000
0.2452	0.2502	0.0000	0.0000
0.2462	0.2509	0.0000	0.0000
0.2472	0.2516	0.0000	0.0000
0.2482	0.2523	0.0000	0.0000
0.2492	0.2530	0.0000	0.0000
0.2503	0.2537	0.0000	0.0000
0.2513	0.2544	0.0000	0.0000
0.2523	0.2551	0.0000	0.0000
0.2533	0.2559	0.0000	0.0000
0.2543	0.2566	0.0000	0.0000
0.2553	0.2573	0.0000	0.0000
0.2563	0.2580	0.0000	0.0000
0.2573	0.2587	0.0000	0.0000
0.2583	0.2594	0.0000	0.0000
0.2593	0.2602	0.0000	0.0000
0.2603	0.2609	0.0000	0.0000
0.2613	0.2616	0.0000	0.0000
0.2623	0.2623	0.0000	0.0000
0.2633	0.2631	0.0000	0.0000
0.2643	0.2638	0.0000	0.0000
0.2653	0.2645	0.0000	0.0000
0.2663	0.2653	0.0000	0.0000
0.2673	0.2660	0.0000	0.0000
0.2683	0.2667	0.0000	0.0000
0.2693	0.2675	0.0000	0.0000
0.2703	0.2682	0.0000	0.0000
0.2713	0.2689	0.0000	0.0000
0.2723	0.2697	0.0000	0.0000
0.2733	0.2704	0.0000	0.0000
0.2743	0.2712	0.0000	0.0000
0.2753	0.2719	0.0000	0.0000
0.2763	0.2727	0.0000	0.0000
0.2773	0.2734	0.0000	0.0000
0.2783	0.2742	0.0000	0.0000
0.2793	0.2749	0.0000	0.0000
0.2803	0.2757	0.0000	0.0000
0.2813	0.2764	0.0000	0.0000
0.2823	0.2772	0.0000	0.0000
0.2833	0.2779	0.0000	0.0000
0.2843	0.2787	0.0000	0.0000
0.2853	0.2794	0.0000	0.0000
0.2863	0.2802	0.0000	0.0000
0.2873	0.2810	0.0000	0.0000
0.2883	0.2817	0.0000	0.0000
0.2893	0.2825	0.0000	0.0000
0.2903	0.2833	0.0000	0.0000
0.2913	0.2840	0.0000	0.0000
0.2923	0.2848	0.0000	0.0000
0.2933	0.2856	0.0000	0.0000
0.2943	0.2863	0.0000	0.0000
0.2953	0.2871	0.0000	0.0000
0.2963	0.2879	0.0000	0.0000
0.2973	0.2887	0.0000	0.0000
0.2983	0.2894	0.0000	0.0000
0.2993	0.2902	0.0000	0.0000
0.3003	0.2910	0.0000	0.0000
0.3013	0.2918	0.0000	0.0000
0.3023	0.2926	0.0000	0.0000
0.3033	0.2934	0.0000	0.0000
0.3043	0.2942	0.0000	0.0000
0.3053	0.2950	0.0000	0.0000
0.3063	0.2958	0.0000	0.0000
0.3073	0.2965	0.0000	0.0000
0.3083	0.2973	0.0000	0.0000
0.3093	0.2981	0.0000	0.0000
0.3103	0.2989	0.0000	0.0000
0.3113	0.2997	0.0000	0.0000
0.3123	0.3006	0.0000	0.0000
0.3133	0.3014	0.0000	0.0000
0.3143	0.3022	0.0000	0.0000
0.3153	0.3030	0.0000	0.0000
0.3163	0.3038	0.0000	0.0000
0.3173	0.3046	0.0000	0.0000
0.3183	0.3054	0.0000	0.0000
0.3193	0.3062	0.0000	0.0000
0.3203	0.3071	0.0000	0.0000
0.3213	0.3079	0.0000	0.0000
0.3223	0.3087	0.0000	0.0000
0.3233	0.3095	0.0000	0.0000
0.3243	0.3104	0.0000	0.0000
0.3253	0.3112	0.0000	0.0000
0.3263	0.3120	0.0000	0.0000
0.3273	0.3128	0.0000	0.0000
0.3283	0.3137	0.0000	0.0000
0.3293	0.3145	0.0000	0.0000
0.3303	0.3154	0.0000	0.0000
0.3313	0.3162	0.0000	0.0000
0.3323	0.3170	0.0000	0.0000
0.3333	0.3179	0.0000	0.0000
0.3343	0.3187	0.0000	0.0000
0.3353	0.3196	0.0000	0.0000
0.3363	0.3204	0.0000	0.0000
0.3373	0.3213	0.0000	0.0000
0.3383	0.3221	0.0000	0.0000
0.3393	0.3230	0.0000	0.0000
0.3403	0.3239	0.0000	0.0000
0.3413	0.3247	0.0000	0.0000
0.3423	0.3256	0.0000	0.0000
0.3433	0.3265	0.0000	0.0000
0.3443	0.3273	0.0000	0.0000
0.3453	0.3282	0.0000	0.0000
0.3463	0.3291	0.0000	0.0000
0.3473	0.3299	0.0000	0.0000
0.3483	0.3308	0.0000	0.0000
0.3493	0.3317	0.0000	0.0000
0.3504	0.3326	0.0000	0.0000
0.3514	0.3335	0.0000	0.0000
0.3524	0.3344	0.0000	0.0000
0.3534	0.3352	0.0000	0.0000
0.3544	0.3361	0.0000	0.0000
0.3554	0.3370	0.0000	0.0000
0.3564	0.3379	0.0000	0.0000
0.3574	0.3388	0.0000	0.0000
0.3584	0.3397	0.0000	0.0000
0.3594	0.3406	0.0000	0.0000
0.3604	0.3415	0.0000	0.0000
0.3614	0.3424	0.0000	0.0000
0.3624	0.3434	0.0000	0.0000
0.3634	0.3443	0.0000	0.0000
0.3644	0.3452	0.0000	0.0000
0.3654	0.3461	0.0000	0.0000
0.3664	0.3470	0.0000	0.0000
0.3674	0.3479	0.0000	0.0000
0.3684	0.3489	0.0000	0.0000
0.3694	0.3498	0.0000	0.0000
0.3704	0.3507	0.0000	0.0000
0.3714	0.3517	0.0000	0.0000
0.3724	0.3526	0.0000	0.0000
0.3734	0.3535	0.0000	0.0000
0.3744	0.3545	0.0000	0.0000
0.3754	0.3554	0.0000	0.0000
0.3764	0.3564	0.0000	0.0000
0.3774	0.3573	0.0000	0.0000
0.3784	0.3583	0.0000	0.0000
0.3794	0.3592	0.0000	0.0000
0.3804	0.3602	0.0000	0.0000
0.3814	0.3611	0.0000	0.0000
0.3824	0.3621	0.0000	0.0000
0.3834	0.3631	0.0000	0.0000
0.3844	0.3640	0.0000	0.0000
0.3854	0.3650	0.0000	0.0000
0.3864	0.3660	0.0000	0.0000
0.3874	0.3669	0.0000	0.0000
0.3884	0.3679	0.0000	0.0000
0.3894	0.3689	0.0000	0.0000
0.3904	0.3699	0.0000	0.0000
0.3914	0.3709	0.0000	0.0000
0.3924	0.3719	0.0000	0.0000
0.3934	0.3729	0.0000	0.0000
0.3944	0.3739	0.0000	0.0000
0.3954	0.3749	0.0000	0.0000
0.3964	0.3759	0.0000	0.0000
0.3974	0.3769	0.0000	0.0000
0.3984	0.3779	0.0000	0.0000
0.3994	0.3789	0.0000	0.0000
0.4004	0.3799	0.0000	0.0000
0.4014	0.3809	0.0000	0.0000
0.4024	0.3819	0.0000	0.0000
0.4034	0.3830	0.0000	0.0000
0.4044	0.3840	0.0000	0.0000
0.4054	0.3850	0.0000	0.0000
0.4064	0.3861	0.0000	0.0000
0.4074	0.3871	0.0000	0.0000
0.4084	0.3881	0.0000	0.0000
0.4094	0.3892	0.0000	0.0000
0.4104	0.3902	0.0000	0.0000
0.4114	0.3913	0.0000	0.0000
0.4124	0.3923	0.0000	0.0000
0.4134	0.3934	0.0000	0.0000
0.4144	0.3944	0.0000	0.0000
0.4154	0.3955	0.0000	0.0000
0.4164	0.3966	0.0000	0.0000
0.4174	0.3976	0.0000	0.0000
0.4184	0.3987	0.0000	0.0000
0.4194	0.3998	0.0000	0.0000
0.4204	0.4009	0.0000	0.0000
0.4214	0.4020	0.0000	0.0000
0.4224	0.4031	0.0000	0.0000
0.4234	0.4041	0.0000	0.0000
0.4244	0.4052	0.0000	0.0000
0.4254	0.4063	0.0000	0.0000
0.4264	0.4074	0.0000	0.0000
0.4274	0.4085	0.0000	0.0000
0.4284	0.4096	0.0000	0.0000
0.4294	0.4108	0.0000	0.0000
0.4304	0.4119	0.0000	0.0000
0.4314	0.4130	0.0000	0.0000
0.4324	0.4141	0.0000	0.0000
0.4334	0.4152	0.0000	0.0000
0.4344	0.4164	0.0000	0.0000
0.4354	0.4175	0.0000	0.0000
0.4364	0.4187	0.0000	0.0000
0.4374	0.4198	0.0000	0.0000
0.4384	0.4209	0.0000	0.0000
0.4394	0.4221	0.0000	0.0000
0.4404	0.4232	0.0000	0.0000
0.4414	0.4244	0.0000	0.0000
0.4424	0.4256	0.0000	0.0000
0.4434	0.4267	0.0000	0.0000
0.4444	0.4279	0.0000	0.0000
0.4454	0.4291	0.0000	0.0000
0.4464	0.4303	0.0000	0.0000
0.4474	0.4314	0.0000	0.0000
0.4484	0.4326	0.0000	0.0000
0.4494	0.4338	0.0000	0.0000
0.4505	0.4350	0.0000	0.0000
0.4515	0.4362	0.0000	0.0000
0.4525	0.4374	0.0000	0.0000
0.4535	0.4386	0.0000	0.0000
0.4545	0.4398	0.0000	0.0000
0.4555	0.4410	0.0000	0.0000
0.4565	0.4423	0.0000	0.0000
0.4575	0.4435	0.0000	0.0000
0.4585	0.4447	0.0000	0.0000
0.4595	0.4460	0.0000	0.0000
0.4605	0.4472	0.0000	0.0000
0.4615	0.4484	0.0000	0.0000
0.4625	0.4497	0.0000	0.0000
0.4635	0.4509	0.0000	0.0000
0.4645	0.4522	0.0000	0.0000
0.4655	0.4534	0.0000	0.0000
0.4665	0.4547	0.0000	0.0000
0.4675	0.4560	0.0000	0.0000
0.4685	0.4573	0.0000	0.0000
0.4695	0.4585	0.0000	0.0000
0.4705	0.4598	0.0000	0.0000
0.4715	0.4611	0.0000	0.0000
0.4725	0.4624	0.0000	0.0000
0.4735	0.4637	0.0000	0.0000
0.4745	0.4650	0.0000	0.0000
0.4755	0.4663	0.0000	0.0000
0.4765	0.4676	0.0000	0.0000
0.4775	0.4689	0.0000	0.0000
0.4785	0.4703	0.0000	0.0000
0.4795	0.4716	0.0000	0.0000
0.4805	0.4729	0.0000	0.0000
0.4815	0.4743	0.0000	0.0000
0.4825	0.4756	0.0000	0.0000
0.4835	0.4770	0.0000	0.0000
0.4845	0.4783	0.0000	0.0000
0.4855	0.4797	0.0000	0.0000
0.4865	0.4810	0.0000	0.0000
0.4875	0.4824	0.0000	0.0000
0.4885	0.4838	0.0000	0.0000
0.4895	0.4851	0.0000	0.0000
0.4905	0.4865	0.0000	0.0000
0.4915	0.4879	0.0000	0.0000
0.4925	0.4893	0.0000	0.0000
0.4935	0.4907	0.0000	0.0000
0.4945	0.4921	0.0000	0.0000
0.4955	0.4935	0.0000	0.0000
0.4965	0.4950	0.0000	0.0000
0.4975	0.4964	0.0000	0.0000
0.4985	0.4978	0.0000	0.0000
0.4995	0.4992	0.0000	0.0000
0.5005	0.5007	0.0000	0.0000
0.5015	0.5021	0.0000	0.0000
0.5025	0.5036	0.0000	0.0000
0.5035	0.5050	0.0000	0.0000
0.5045	0.5064	0.0000	0.0000
0.5055	0.5078	0.0000	0.0000
0.5065	0.5092	0.0000	0.0000
0.5075	0.5106	0.0000	0.0000
0.5085	0.5120	0.0000	0.0000
0.5095	0.5134	0.0000	0.0000
0.5105	0.5148	0.0000	0.0000
0.5115	0.5162	0.0000	0.0000
0.5125	0.5175	0.0000	0.0000
0.5135	0.5189	0.0000	0.0000
0.5145	0.5203	0.0000	0.0000
0.5155	0.5216	0.0000	0.0000
0.5165	0.5230	0.0000	0.0000
0.5175	0.5243	0.0000	0.0000
0.5185	0.5257	0.0000	0.0000
0.5195	0.5270	0.0000	0.0000
0.5205	0.5283	0.0000	0.0000
0.5215	0.5297	0.0000	0.0000
0.5225	0.5310	0.0000	0.0000
0.5235	0.5323	0.0000	0.0000
0.5245	0.5336	0.0000	0.0000
0.5255	0.5349	0.0000	0.0000
0.5265	0.5362	0.0000	0.0000
0.5275	0.5375	0.0000	0.0000
0.5285	0.5388	0.0000	0.0000
0.5295	0.5401	0.0000	0.0000
0.5305	0.5414	0.0000	0.0000
0.5315	0.5427	0.0000	0.0000
0.5325	0.5439	0.0000	0.0000
0.5335	0.5452	0.0000	0.0000
0.5345	0.5465	0.0000	0.0000
0.5355	0.5477	0.0000	0.0000
0.5365	0.5490	0.0000	0.0000
0.5375	0.5502	0.0000	0.0000
0.5385	0.5515	0.0000	0.0000
0.5395	0.5527	0.0000	0.0000
0.5405	0.5540	0.0000	0.0000
0.5415	0.5552	0.0000	0.0000
0.5425	0.5564	0.0000	0.0000
0.5435	0.5576	0.0000	0.0000
0.5445	0.5589	0.0000	0.0000
0.5455	0.5601	0.0000	0.0000
0.5465	0.5613	0.0000	0.0000
0.5475	0.5625	0.0000	0.0000
0.5485	0.5637	0.0000	0.0000
0.5495	0.5649	0.0000	0.0000
0.5506	0.5661	0.0000	0.0000
0.5516	0.5673	0.0000	0.0000
0.5526	0.5685	0.0000	0.0000
0.5536	0.5697	0.0000	0.0000
0.5546	0.5708	0.0000	0.0000
0.5556	0.5720	0.0000	0.0000
0.5566	0.5732	0.0000	0.0000
0.5576	0.5743	0.0000	0.0000
0.5586	0.5755	0.0000	0.0000
0.5596	0.5767	0.0000	0.0000
0.5606	0.5778	0.0000	0.0000
0.5616	0.5790	0.0000	0.0000
0.5626	0.5801	0.0000	0.0000
0.5636	0.5813	0.0000	0.0000
0.5646	0.5824	0.0000	0.0000
0.5656	0.5835	0.0000	0.0000
0.5666	0.5847	0.0000	0.0000
0.5676	0.5858	0.0000	0.0000
0.5686	0.5869	0.0000	0.0000
0.5696	0.5880	0.0000	0.0000
0.5706	0.5891	0.0000	0.0000
0.5716	0.5903	0.0000	0.0000
0.5726	0.5914	0.0000	0.0000
0.5736	0.5925	0.0000	0.0000
0.5746	0.5936	0.0000	0.0000
0.5756	0.5947	0.0000	0.0000
0.5766	0.5958	0.0000	0.0000
0.5776	0.5968	0.0000	0.0000
0.5786	0.5979	0.0000	0.0000
0.5796	0.5990	0.0000	0.0000
0.5806	0.6001	0.0000	0.0000
0.5816	0.6012	0.0000	0.0000
0.5826	0.6022	0.0000	0.0000
0.5836	0.6033	0.0000	0.0000
0.5846	0.6044	0.0000	0.0000
0.5856	0.6054	0.0000	0.0000
0.5866	0.6065	0.0000	0.0000
0.5876	0.6076	0.0000	0.0000
0.5886	0.6086	0.0000	0.0000
0.5896	0.6097	0.0000	0.0000
0.5906	0.6107	0.0000	0.0000
0.5916	0.6118	0.0000	0.0000
0.5926	0.6128	0.0000	0.0000
0.5936	0.6138	0.0000	0.0000
0.5946	0.6149	0.0000	0.0000
0.5956	0.6159	0.0000	0.0000
0.5966	0.6169	0.0000	0.0000
0.5976	0.6179	0.0000	0.0000
0.5986	0.6190	0.0000	0.0000
0.5996	0.6200	0.0000	0.0000
0.6006	0.6210	0.0000	0.0000
0.6016	0.6220	0.0000	0.0000
0.6026	0.6230	0.0000	0.0000
0.6036	0.6240	0.0000	0.0000
0.6046	0.6250	0.0000	0.0000
0.6056	0.6260	0.0000	0.0000
0.6066	0.6270	0.0000	0.0000
0.6076	0.6280	0.0000	0.0000
0.6086	0.6290	0.0000	0.0000
0.6096	0.6300	0.0000	0.0000
0.6106	0.6310	0.0000	0.0000
0.6116	0.6320	0.0000	0.0000
0.6126	0.6329	0.0000	0.0000
0.6136	0.6339	0.0000	0.0000
0.6146	0.6349	0.0000	0.0000
0.6156	0.6359	0.0000	0.0000
0.6166	0.6368	0.0000	0.0000
0.6176	0.6378	0.0000	0.0000
0.6186	0.6388	0.0000	0.0000
0.6196	0.6397	0.0000	0.0000
0.6206	0.6407	0.0000	0.0000
0.6216	0.6416	0.0000	0.0000
0.6226	0.6426	0.0000	0.0000
0.6236	0.6435	0.0000	0.0000
0.6246	0.6445	0.0000	0.0000
0.6256	0.6454	0.0000	0.0000
0.6266	0.6464	0.0000	0.0000
0.6276	0.6473	0.0000	0.0000
0.6286	0.6482	0.0000	0.0000
0.6296	0.6492	0.0000	0.0000
0.6306	0.6501	0.0000	0.0000
0.6316	0.6510	0.0000	0.0000
0.6326	0.6519	0.0000	0.0000
0.6336	0.6529	0.0000	0.0000
0.6346	0.6538	0.0000	0.0000
0.6356	0.6547	0.0000	0.0000
0.6366	0.6556	0.0000	0.0000
0.6376	0.6565	0.0000	0.0000
0.6386	0.6574	0.0000	0.0000
0.6396	0.6584	0.0000	0.0000
0.6406	0.6593	0.0000	0.0000
0.6416	0.6602	0.0000	0.0000
0.6426	0.6611	0.0000	0.0000
0.6436	0.6620	0.0000	0.0000
0.6446	0.6629	0.0000	0.0000
0.6456	0.6638	0.0000	0.0000
0.6466	0.6646	0.0000	0.0000
0.6476	0.6655	0.0000	0.0000
0.6486	0.6664	0.0000	0.0000
0.6496	0.6673	0.0000	0.0000
0.6507	0.6682	0.0000	0.0000
0.6517	0.6691	0.0000	0.0000
0.6527	0.6699	0.0000	0.0000
0.6537	0.6708	0.0000	0.0000
0.6547	0.6717	0.0000	0.0000
0.6557	0.6726	0.0000	0.0000
0.6567	0.6734	0.0000	0.0000
0.6577	0.6743	0.0000	0.0000
0.6587	0.6752	0.0000	0.0000
0.6597	0.6760	0.0000	0.0000
0.6607	0.6769	0.0000	0.0000
0.6617	0.6777	0.0000	0.0000
0.6627	0.6786	0.0000	0.0000
0.6637	0.6794	0.0000	0.0000
0.6647	0.6803	0.0000	0.0000
0.6657	0.6811	0.0000	0.0000
0.6667	0.6820	0.0000	0.0000
0.6677	0.6828	0.0000	0.0000
0.6687	0.6837	0.0000	0.0000
0.6697	0.6845	0.0000	0.0000
0.6707	0.6854	0.0000	0.0000
0.6717	0.6862	0.0000	0.0000
0.6727	0.6870	0.0000	0.0000
0.6737	0.6879	0.0000	0.0000
0.6747	0.6887	0.0000	0.0000
0.6757	0.6895	0.0000	0.0000
0.6767	0.6904	0.0000	0.0000
0.6777	0.6912	0.0000	0.0000
0.6787	0.6920	0.0000	0.0000
0.6797	0.6928	0.0000	0.0000
0.6807	0.6936	0.0000	0.0000
0.6817	0.6945	0.0000	0.0000
0.6827	0.6953	0.0000	0.0000
0.6837	0.6961	0.0000	0.0000
0.6847	0.6969	0.0000	0.0000
0.6857	0.6977	0.0000	0.0000
0.6867	0.6985	0.0000	0.0000
0.6877	0.6993	0.0000	0.0000
0.6887	0.7001	0.0000	0.0000
0.6897	0.7009	0.0000	0.0000
0.6907	0.7017	0.0000	0.0000
0.6917	0.7025	0.0000	0.0000
0.6927	0.7033	0.0000	0.0000
0.6937	0.7041	0.0000	0.0000
0.6947	0.7049	0.0000	0.0000
0.6957	0.7057	0.0000	0.0000
0.6967	0.7065	0.0000	0.0000
0.6977	0.7073	0.0000	0.0000
0.6987	0.7081	0.0000	0.0000
0.6997	0.7089	0.0000	0.0000
0.7007	0.7097	0.0000	0.0000
0.7017	0.7104	0.0000	0.0000
0.7027	0.7112	0.0000	0.0000
0.7037	0.7120	0.0000	0.0000
0.7047	0.7128	0.0000	0.0000
0.7057	0.7135	0.0000	0.0000
0.7067	0.7143	0.0000	0.0000
0.7077	0.7151	0.0000	0.0000
0.7087	0.7159	0.0000	0.0000
0.7097	0.7166	0.0000	0.0000
0.7107	0.7174	0.0000	0.0000
0.7117	0.7182	0.0000	0.0000
0.7127	0.7189	0.0000	0.0000
0.7137	0.7197	0.0000	0.0000
0.7147	0.7204	0.0000	0.0000
0.7157	0.7212	0.0000	0.0000
0.7167	0.7220	0.0000	0.0000
0.7177	0.7227	0.0000	0.0000
0.7187	0.7235	0.0000	0.0000
0.7197	0.7242	0.0000	0.0000
0.7207	0.7250	0.0000	0.0000
0.7217	0.7257	0.0000	0.0000
0.7227	0.7265	0.0000	0.0000
0.7237	0.7272	0.0000	0.0000
0.7247	0.7280	0.0000	0.0000
0.7257	0.7287	0.0000	0.0000
0.7267	0.7295	0.0000	0.0000
0.7277	0.7302	0.0000	0.0000
0.7287	0.7309	0.0000	0.0000
0.7297	0.7317	0.0000	0.0000
0.7307	0.7324	0.0000	0.0000
0.7317	0.7332	0.0000	0.0000
0.7327	0.7339	0.0000	0.0000
0.7337	0.7346	0.0000	0.0000
0.7347	0.7354	0.0000	0.0000
0.7357	0.7361	0.0000	0.0000
0.7367	0.7368	0.0000	0.0000
0.7377	0.7375	0.0000	0.0000
0.7387	0.7383	0.0000	0.0000
0.7397	0.7390	0.0000	0.0000
0.7407	0.7397	0.0000	0.0000
0.7417	0.7404	0.0000	0.0000
0.7427	0.7412	0.0000	0.0000
0.7437	0.7419	0.0000	0.0000
0.7447	0.7426	0.0000	0.0000
0.7457	0.7433	0.0000	0.0000
0.7467	0.7440	0.0000	0.0000
0.7477	0.7447	0.0000	0.0000
0.7487	0.7455	0.0000	0.0000
0.7497	0.7462	0.0000	0.0000
0.7508	0.7469	0.0000	0.0000
0.7518	0.7476	0.0000	0.0000
0.7528	0.7483	0.0000	0.0000
0.7538	0.7490	0.0000	0.0000
0.7548	0.7497	0.0000	0.0000
0.7558	0.7504	0.0000	0.0000
0.7568	0.7511	0.0000	0.0000
0.7578	0.7518	0.0000	0.0000
0.7588	0.7525	0.0000	0.0000
0.7598	0.7532	0.0000	0.0000
0.7608	0.7539	0.0000	0.0000
0.7618	0.7546	0.0000	0.0000
0.7628	0.7553	0.0000	0.0000
0.7638	0.7560	0.0000	0.0000
0.7648	0.7567	0.0000	0.0000
0.7658	0.7574	0.0000	0.0000
0.7668	0.7581	0.0000	0.0000
0.7678	0.7588	0.0000	0.0000
0.7688	0.7595	0.0000	0.0000
0.7698	0.7602	0.0000	0.0000
0.7708	0.7609	0.0000	0.0000
0.7718	0.7615	0.0000	0.0000
0.7728	0.7622	0.0000	0.0000
0.7738	0.7629	0.0000	0.0000
0.7748	0.7636	0.0000	0.0000
0.7758	0.7643	0.0000	0.0000
0.7768	0.7650	0.0000	0.0000
0.7778	0.7656	0.0000	0.0000
0.7788	0.7663	0.0000	0.0000
0.7798	0.7670	0.0000	0.0000
0.7808	0.7677	0.0000	0.0000
0.7818	0.7684	0.0000	0.0000
0.7828	0.7690	0.0000	0.0000
0.7838	0.7697	0.0000	0.0000
0.7848	0.7704	0.0000	0.0000
0.7858	0.7710	0.0000	0.0000
0.7868	0.7717	0.0000	0.0000
0.7878	0.7724	0.0000	0.0000
0.7888	0.7731	0.0000	0.0000
0.7898	0.7737	0.0000	0.0000
0.7908	0.7744	0.0000	0.0000
0.7918	0.7751	0.0000	0.0000
0.7928	0.7757	0.0000	0.0000
0.7938	0.7764	0.0000	0.0000
0.7948	0.7771	0.0000	0.0000
0.7958	0.7777	0.0000	0.0000
0.7968	0.7784	0.0000	0.0000
0.7978	0.7790	0.0000	0.0000
0.7988	0.7797	0.0000	0.0000
0.7998	0.7804	0.0000	0.0000
0.8008	0.7810	0.0000	0.0000
0.8018	0.7817	0.0000	0.0000
0.8028	0.7823	0.0000	0.0000
0.8038	0.7830	0.0000	0.0000
0.8048	0.7836	0.0000	0.0000
0.8058	0.7843	0.0000	0.0000
0.8068	0.7850	0.0000	0.0000
0.8078	0.7856	0.0000	0.0000
0.8088	0.7863	0.0000	0.0000
0.8098	0.7869	0.0000	0.0000
0.8108	0.7876	0.0000	0.0000
0.8118	0.7882	0.0000	0.0000
0.8128	0.7889	0.0000	0.0000
0.8138	0.7895	0.0000	0.0000
0.8148	0.7901	0.0000	0.0000
0.8158	0.7908	0.0000	0.0000
0.8168	0.7914	0.0000	0.0000
0.8178	0.7921	0.0000	0.0000
0.8188	0.7927	0.0000	0.0000
0.8198	0.7934	0.0000	0.0000
0.8208	0.7940	0.0000	0.0000
0.8218	0.7947	0.0000	0.0000
0.8228	0.7953	0.0000	0.0000
0.8238	0.7959	0.0000	0.0000
0.8248	0.7966	0.0000	0.0000
0.8258	0.7972	0.0000	0.0000
0.8268	0.7979	0.0000	0.0000
0.8278	0.7985	0.0000	0.0000
0.8288	0.7991	0.0000	0.0000
0.8298	0.7998	0.0000	0.0000
0.8308	0.8004	0.0000	0.0000
0.8318	0.8010	0.0000	0.0000
0.8328	0.8017	0.0000	0.0000
0.8338	0.8023	0.0000	0.0000
0.8348	0.8029	0.0000	0.0000
0.8358	0.8036	0.0000	0.0000
0.8368	0.8042	0.0000	0.0000
0.8378	0.8048	0.0000	0.0000
0.8388	0.8054	0.0000	0.0000
0.8398	0.8061	0.0000	0.0000
0.8408	0.8067	0.0000	0.0000
0.8418	0.8073	0.0000	0.0000
0.8428	0.8080	0.0000	0.0000
0.8438	0.8086	0.0000	0.0000
0.8448	0.8092	0.0000	0.0000
0.8458	0.8098	0.0000	0.0000
0.8468	0.8105	0.0000	0.0000
0.8478	0.8111	0.0000	0.0000
0.8488	0.8117	0.0000	0.0000
0.8498	0.8123	0.0000	0.0000
0.8509	0.8130	0.0000	0.0000
0.8519	0.8136	0.0000	0.0000
0.8529	0.8142	0.0000	0.0000
0.8539	0.8148	0.0000	0.0000
0.8549	0.8154	0.0000	0.0000
0.8559	0.8161	0.0000	0.0000
0.8569	0.8167	0.0000	0.0000
0.8579	0.8173	0.0000	0.0000
0.8589	0.8179	0.0000	0.0000
0.8599	0.8185	0.0000	0.0000
0.8609	0.8191	0.0000	0.0000
0.8619	0.8198	0.0000	0.0000
0.8629	0.8204	0.0000	0.0000
0.8639	0.8210	0.0000	0.0000
0.8649	0.8216	0.0000	0.0000
0.8659	0.8222	0.0000	0.0000
0.8669	0.8228	0.0000	0.0000
0.8679	0.8234	0.0000	0.0000
0.8689	0.8241	0.0000	0.0000
0.8699	0.8247	0.0000	0.0000
0.8709	0.8253	0.0000	0.0000
0.8719	0.8259	0.0000	0.0000
0.8729	0.8265	0.0000	0.0000
0.8739	0.8271	0.0000	0.0000
0.8749	0.8277	0.0000	0.0000
0.8759	0.8283	0.0000	0.0000
0.8769	0.8289	0.0000	0.0000
0.8779	0.8296	0.0000	0.0000
0.8789	0.8302	0.0000	0.0000
0.8799	0.8308	0.0000	0.0000
0.8809	0.8314	0.0000	0.0000
0.8819	0.8320	0.0000	0.0000
0.8829	0.8326	0.0000	0.0000
0.8839	0.8332	0.0000	0.0000
0.8849	0.8338	0.0000	0.0000
0.8859	0.8344	0.0000	0.0000
0.8869	0.8350	0.0000	0.0000
0.8879	0.8356	0.0000	0.0000
0.8889	0.8362	0.0000	0.0000
0.8899	0.8368	0.0000	0.0000
0.8909	0.8374	0.0000	0.0000
0.8919	0.8380	0.0000	0.0000
0.8929	0.8386	0.0000	0.0000
0.8939	0.8392	0.0000	0.0000
0.8949	0.8398	0.0000	0.0000
0.8959	0.8404	0.0000	0.0000
0.8969	0.8410	0.0000	0.0000
0.8979	0.8416	0.0000	0.0000
0.8989	0.8422	0.0000	0.0000
0.8999	0.8428	0.0000	0.0000
0.9009	0.8434	0.0000	0.0000
0.9019	0.8440	0.0000	0.0000
0.9029	0.8446	0.0000	0.0000
0.9039	0.8452	0.0000	0.0000
0.9049	0.8458	0.0000	0.0000
0.9059	0.8464	0.0000	0.0000
0.9069	0.8470	0.0000	0.0000
0.9079	0.8476	0.0000	0.0000
0.9089	0.8482	0.0000	0.0000
0.9099	0.8488	0.0000	0.0000
0.9109	0.8494	0.0000	0.0000
0.9119	0.8500	0.0000	0.0000
0.9129	0.8506	0.0000	0.0000
0.9139	0.8512	0.0000	0.0000
0.9149	0.8518	0.0000	0.0000
0.9159	0.8524	0.0000	0.0000
0.9169	0.8530	0.0000	0.0000
0.9179	0.8536	0.0000	0.0000
0.9189	0.8542	0.0000	0.0000
0.9199	0.8548	0.0000	0.0000
0.9209	0.8554	0.0000	0.0000
0.9219	0.8560	0.0000	0.0000
0.9229	0.8566	0.0000	0.0000
0.9239	0.8572	0.0000	0.0000
0.9249	0.8577	0.0000	0.0000
0.9259	0.8583	0.0000	0.0000
0.9269	0.8589	0.0000	0.0000
0.9279	0.8595	0.0000	0.0000
0.9289	0.8601	0.0000	0.0000
0.9299	0.8607	0.0000	0.0000
0.9309	0.8613	0.0000	0.0000
0.9319	0.8619	0.0000	0.0000
0.9329	0.8625	0.0000	0.0000
0.9339	0.8631	0.0000	0.0000
0.9349	0.8637	0.0000	0.0000
0.9359	0.8643	0.0000	0.0000
0.9369	0.8649	0.0000	0.0000
0.9379	0.8654	0.0000	0.0000
0.9389	0.8660	0.0000	0.0000
0.9399	0.8666	0.0000	0.0000
0.9409	0.8672	0.0000	0.0000
0.9419	0.8678	0.0000	0.0000
0.9429	0.8684	0.0000	0.0000
0.9439	0.8690	0.0000	0.0000
0.9449	0.8696	0.0000	0.0000
0.9459	0.8702	0.0000	0.0000
0.9469	0.8708	0.0000	0.0000
0.9479	0.8714	0.0000	0.0000
0.9489	0.8719	0.0000	0.0000
0.9499	0.8725	0.0000	0.0000
0.9510	0.8731	0.0000	0.0000
0.9520	0.8737	0.0000	0.0000
0.9530	0.8743	0.0000	0.0000
0.9540	0.8749	0.0000	0.0000
0.9550	0.8755	0.0000	0.0000
0.9560	0.8761	0.0000	0.0000
0.9570	0.8767	0.0000	0.0000
0.9580	0.8773	0.0000	0.0000
0.9590	0.8778	0.0000	0.0000
0.9600	0.8784	0.0000	0.0000
0.9610	0.8790	0.0000	0.0000
0.9620	0.8796	0.0000	0.0000
0.9630	0.8802	0.0000	0.0000
0.9640	0.8808	0.0000	0.0000
0.9650	0.8814	0.0000	0.0000
0.9660	0.8820	0.0000	0.0000
0.9670	0.8826	0.0000	0.0000
0.9680	0.8832	0.0000	0.0000
0.9690	0.8838	0.0000	0.0000
0.9700	0.8843	0.0000	0.0000
0.9710	0.8849	0.0000	0.0000
0.9720	0.8855	0.0000	0.0000
0.9730	0.8861	0.0000	0.0000
0.9740	0.8867	0.0000	0.0000
0.9750	0.8873	0.0000	0.0000
0.9760	0.8879	0.0000	0.0000
0.9770	0.8885	0.0000	0.0000
0.9780	0.8891	0.0000	0.0000
0.9790	0.8897	0.0000	0.0000
0.9800	0.8903	0.0000	0.0000
0.9810	0.8908	0.0000	0.0000
0.9820	0.8914	0.0000	0.0000
0.9830	0.8920	0.0000	0.0000
0.9840	0.8926	0.0000	0.0000
0.9850	0.8932	0.0000	0.0000
0.9860	0.8938	0.0000	0.0000
0.9870	0.8944	0.0000	0.0000
0.9880	0.8950	0.0000	0.0000
0.9890	0.8956	0.0000	0.0000
0.9900	0.8962	0.0000	0.0000
0.9910	0.8968	0.0000	0.0000
0.9920	0.8974	0.0000	0.0000
0.9930	0.8980	0.0000	0.0000
0.9940	0.8986	0.0000	0.0000
0.9950	0.8992	0.0000	0.0000
0.9960	0.8998	0.0000	0.0000
0.9970	0.9004	0.0000	0.0000
0.9980	0.9010	0.0000	0.0000
0.9990	0.9016	0.0000	0.0000
1.0000	0.9022	0.0000	0.0000
0.2633
0.5005
0.7377
