0.0000	0.1067	0.0000	0.0000
0.0010	0.1075	0.0000	0.0000
0.0020	0.1084	0.0000	0.0000
0.0030	0.1092	0.0000	0.0000
0.0040	0.1101	0.0000	0.0000
0.0050	0.1110	0.0000	0.0000
0.0060	0.1118	0.0000	0.0000
0.0070	0.1127	0.0000	0.0000
0.0080	0.1135	0.0000	0.0000
0.0090	0.1144	0.0000	0.0000
0.0100	0.1152	0.0000	0.0000
0.0110	0.1161	0.0000	0.0000
0.0120	0.1169	0.0000	0.0000
0.0130	0.1178	0.0000	0.0000
0.0140	0.1187	0.0000	0.0000
0.0150	0.1195	0.0000	0.0000
0.0160	0.1204	0.0000	0.0000
0.0170	0.1212	0.0000	0.0000
0.0180	0.1221	0.0000	0.0000
0.0190	0.1229	0.0000	0.0000
0.0200	0.1238	0.0000	0.0000
0.0210	0.1246	0.0000	0.0000
0.0220	0.1255	0.0000	0.0000
0.0230	0.1263	0.0000	0.0000
0.0240	0.1272	0.0000	0.0000
0.0250	0.1280	0.0000	0.0000
0.0260	0.1289	0.0000	0.0000
0.0270	0.1297	0.0000	0.0000
0.0280	0.1306	0.0000	0.0000
0.0290	0.1314	0.0000	0.0000
0.0300	0.1323	0.0000	0.0000
0.0310	0.1331	0.0000	0.0000
0.0320	0.1340	0.0000	0.0000
0.0330	0.1348	0.0000	0.0000
0.0340	0.1357	0.0000	0.0000
0.0350	0.1365	0.0000	0.0000
0.0360	0.1374	0.0000	0.0000
0.0370	0.1382	0.0000	0.0000
0.0380	0.1391	0.0000	0.0000
0.0390	0.1399	0.0000	0.0000
0.0400	0.1408	0.0000	0.0000
0.0410	0.1416	0.0000	0.0000
0.0420	0.1424	0.0000	0.0000
0.0430	0.1433	0.0000	0.0000
0.0440	0.1441	0.0000	0.0000
0.0450	0.1450	0.0000	0.0000
0.0460	0.1458	0.0000	0.0000
0.0470	0.1467	0.0000	0.0000
0.0480	0.1475	0.0000	0.0000
0.0490	0.1484	0.0000	0.0000
0.0501	0.1492	0.0000	0.0000
0.0511	0.1500	0.0000	0.0000
0.0521	0.1509	0.0000	0.0000
0.0531	0.1517	0.0000	0.0000
0.0541	0.1526	0.0000	0.0000
0.0551	0.1534	0.0000	0.0000
0.0561	0.1543	0.0000	0.0000
0.0571	0.1551	0.0000	0.0000
0.0581	0.1559	0.0000	0.0000
0.0591	0.1568	0.0000	0.0000
0.0601	0.1576	0.0000	0.0000
0.0611	0.1585	0.0000	0.0000
0.0621	0.1593	0.0000	0.0000
0.0631	0.1602	0.0000	0.0000
0.0641	0.1610	0.0000	0.0000
0.0651	0.1618	0.0000	0.0000
0.0661	0.1627	0.0000	0.0000
0.0671	0.1635	0.0000	0.0000
0.0681	0.1644	0.0000	0.0000
0.0691	0.1652	0.0000	0.0000
0.0701	0.1660	0.0000	0.0000
0.0711	0.1669	0.0000	0.0000
0.0721	0.1677	0.0000	0.0000
0.0731	0.1685	0.0000	0.0000
0.0741	0.1694	0.0000	0.0000
0.0751	0.1702	0.0000	0.0000
0.0761	0.1711	0.0000	0.0000
0.0771	0.1719	0.0000	0.0000
0.0781	0.1727	0.0000	0.0000
0.0791	0.1736	0.0000	0.0000
0.0801	0.1744	0.0000	0.0000
0.0811	0.1752	0.0000	0.0000
0.0821	0.1761	0.0000	0.0000
0.0831	0.1769	0.0000	0.0000
0.0841	0.1778	0.0000	0.0000
0.0851	0.1786	0.0000	0.0000
0.0861	0.1794	0.0000	0.0000
0.0871	0.1803	0.0000	0.0000
0.0881	0.1811	0.0000	0.0000
0.0891	0.1819	0.0000	0.0000
0.0901	0.1828	0.0000	0.0000
0.0911	0.1836	0.0000	0.0000
0.0921	0.1844	0.0000	0.0000
0.0931	0.1853	0.0000	0.0000
0.0941	0.1861	0.0000	0.0000
0.0951	0.1869	0.0000	0.0000
0.0961	0.1878	0.0000	0.0000
0.0971	0.1886	0.0000	0.0000
0.0981	0.1894	0.0000	0.0000
0.0991	0.1903	0.0000	0.0000
0.1001	0.1911	0.0000	0.0000
0.1011	0.1919	0.0000	0.0000
0.1021	0.1928	0.0000	0.0000
0.1031	0.1936	0.0000	0.0000
0.1041	0.1944	0.0000	0.0000
0.1051	0.1952	0.0000	0.0000
0.1061	0.1961	0.0000	0.0000
0.1071	0.1969	0.0000	0.0000
0.1081	0.1977	0.0000	0.0000
0.1091	0.1986	0.0000	0.0000
0.1101	0.1994	0.0000	0.0000
0.1111	0.2002	0.0000	0.0000
0.1121	0.2011	0.0000	0.0000
0.1131	0.2019	0.0000	0.0000
0.1141	0.2027	0.0000	0.0000
0.1151	0.2035	0.0000	0.0000
0.1161	0.2044	0.0000	0.0000
0.1171	0.2052	0.0000	0.0000
0.1181	0.2060	0.0000	0.0000
0.1191	0.2069	0.0000	0.0000
0.1201	0.2077	0.0000	0.0000
0.1211	0.2085	0.0000	0.0000
0.1221	0.2093	0.0000	0.0000
0.1231	0.2102	0.0000	0.0000
0.1241	0.2110	0.0000	0.0000
0.1251	0.2118	0.0000	0.0000
0.1261	0.2127	0.0000	0.0000
0.1271	0.2135	0.0000	0.0000
0.1281	0.2143	0.0000	0.0000
0.1291	0.2151	0.0000	0.0000
0.1301	0.2160	0.0000	0.0000
0.1311	0.2168	0.0000	0.0000
0.1321	0.2176	0.0000	0.0000
0.1331	0.2184	0.0000	0.0000
0.1341	0.2193	0.0000	0.0000
0.1351	0.2201	0.0000	0.0000
0.1361	0.2209	0.0000	0.0000
0.1371	0.2217	0.0000	0.0000
0.1381	0.2226	0.0000	0.0000
0.1391	0.2234	0.0000	0.0000
0.1401	0.2242	0.0000	0.0000
0.1411	0.2250	0.0000	0.0000
0.1421	0.2259	0.0000	0.0000
0.1431	0.2267	0.0000	0.0000
0.1441	0.2275	0.0000	0.0000
0.1451	0.2283	0.0000	0.0000
0.1461	0.2291	0.0000	0.0000
0.1471	0.2300	0.0000	0.0000
0.1481	0.2308	0.0000	0.0000
0.1491	0.2316	0.0000	0.0000
0.1502	0.2324	0.0000	0.0000
0.1512	0.2333	0.0000	0.0000
0.1522	0.2341	0.0000	0.0000
0.1532	0.2349	0.0000	0.0000
0.1542	0.2357	0.0000	0.0000
0.1552	0.2365	0.0000	0.0000
0.1562	0.2374	0.0000	0.0000
0.1572	0.2382	0.0000	0.0000
0.1582	0.2390	0.0000	0.0000
0.1592	0.2398	0.0000	0.0000
0.1602	0.2406	0.0000	0.0000
0.1612	0.2415	0.0000	0.0000
0.1622	0.2423	0.0000	0.0000
0.1632	0.2431	0.0000	0.0000
0.1642	0.2439	0.0000	0.0000
0.1652	0.2447	0.0000	0.0000
0.1662	0.2456	0.0000	0.0000
0.1672	0.2464	0.0000	0.0000
0.1682	0.2472	0.0000	0.0000
0.1692	0.2480	0.0000	0.0000
0.1702	0.2488	0.0000	0.0000
0.1712	0.2497	0.0000	0.0000
0.1722	0.2505	0.0000	0.0000
0.1732	0.2513	0.0000	0.0000
0.1742	0.2521	0.0000	0.0000
0.1752	0.2529	0.0000	0.0000
0.1762	0.2538	0.0000	0.0000
0.1772	0.2546	0.0000	0.0000
0.1782	0.2554	0.0000	0.0000
0.1792	0.2562	0.0000	0.0000
0.1802	0.2570	0.0000	0.0000
0.1812	0.2578	0.0000	0.0000
0.1822	0.2587	0.0000	0.0000
0.1832	0.2595	0.0000	0.0000
0.1842	0.2603	0.0000	0.0000
0.1852	0.2611	0.0000	0.0000
0.1862	0.2619	0.0000	0.0000
0.1872	0.2628	0.0000	0.0000
0.1882	0.2636	0.0000	0.0000
0.1892	0.2644	0.0000	0.0000
0.1902	0.2652	0.0000	0.0000
0.1912	0.2660	0.0000	0.0000
0.1922	0.2668	0.0000	0.0000
0.1932	0.2676	0.0000	0.0000
0.1942	0.2685	0.0000	0.0000
0.1952	0.2693	0.0000	0.0000
0.1962	0.2701	0.0000	0.0000
0.1972	0.2709	0.0000	0.0000
0.1982	0.2717	0.0000	0.0000
0.1992	0.2725	0.0000	0.0000
0.2002	0.2734	0.0000	0.0000
0.2012	0.2742	0.0000	0.0000
0.2022	0.2750	0.0000	0.0000
0.2032	0.2758	0.0000	0.0000
0.2042	0.2766	0.0000	0.0000
0.2052	0.2774	0.0000	0.0000
0.2062	0.2782	0.0000	0.0000
0.2072	0.2791	0.0000	0.0000
0.2082	0.2799	0.0000	0.0000
0.2092	0.2807	0.0000	0.0000
0.2102	0.2815	0.0000	0.0000
0.2112	0.2823	0.0000	0.0000
0.2122	0.2831	0.0000	0.0000
0.2132	0.2840	0.0000	0.0000
0.2142	0.2848	0.0000	0.0000
0.2152	0.2856	0.0000	0.0000
0.2162	0.2864	0.0000	0.0000
0.2172	0.2872	0.0000	0.0000
0.2182	0.2880	0.0000	0.0000
0.2192	0.2888	0.0000	0.0000
0.2202	0.2896	0.0000	0.0000
0.2212	0.2905	0.0000	0.0000
0.2222	0.2913	0.0000	0.0000
0.2232	0.2921	0.0000	0.0000
0.2242	0.2929	0.0000	0.0000
0.2252	0.2937	0.0000	0.0000
0.2262	0.2945	0.0000	0.0000
0.2272	0.2953	0.0000	0.0000
0.2282	0.2962	0.0000	0.0000
0.2292	0.2970	0.0000	0.0000
0.2302	0.2978	0.0000	0.0000
0.2312	0.2986	0.0000	0.0000
0.2322	0.2994	0.0000	0.0000
0.2332	0.3002	0.0000	0.0000
0.2342	0.3010	0.0000	0.0000
0.2352	0.3018	0.0000	0.0000
0.2362	0.3027	0.0000	0.0000
0.2372	0.3035	0.0000	0.0000
0.2382	0.3043	0.0000	0.0000
0.2392	0.3051	0.0000	0.0000
0.2402	0.3059	0.0000	0.0000
0.2412	0.3067	0.0000	0.0000
0.2422	0.3075	0.0000	0.0000
0.2432	0.3084	0.0000	0.0000
0.2442	0.3092	0.0000	0.0000
0.2452	0.3100	0.0000	0.0000
0.2462	0.3108	0.0000	0.0000
0.2472	0.3116	0.0000	0.0000
0.2482	0.3124	0.0000	0.0000
0.2492	0.3132	0.0000	0.0000
0.2503	0.3140	0.0000	0.0000
0.2513	0.3149	0.0000	0.0000
0.2523	0.3157	0.0000	0.0000
0.2533	0.3165	0.0000	0.0000
0.2543	0.3173	0.0000	0.0000
0.2553	0.3181	0.0000	0.0000
0.2563	0.3189	0.0000	0.0000
0.2573	0.3197	0.0000	0.0000
0.2583	0.3205	0.0000	0.0000
0.2593	0.3214	0.0000	0.0000
0.2603	0.3222	0.0000	0.0000
0.2613	0.3230	0.0000	0.0000
0.2623	0.3238	0.0000	0.0000
0.2633	0.3246	0.0000	0.0000
0.2643	0.3254	0.0000	0.0000
0.2653	0.3262	0.0000	0.0000
0.2663	0.3270	0.0000	0.0000
0.2673	0.3279	0.0000	0.0000
0.2683	0.3287	0.0000	0.0000
0.2693	0.3295	0.0000	0.0000
0.2703	0.3303	0.0000	0.0000
0.2713	0.3311	0.0000	0.0000
0.2723	0.3319	0.0000	0.0000
0.2733	0.3327	0.0000	0.0000
0.2743	0.3335	0.0000	0.0000
0.2753	0.3344	0.0000	0.0000
0.2763	0.3352	0.0000	0.0000
0.2773	0.3360	0.0000	0.0000
0.2783	0.3368	0.0000	0.0000
0.2793	0.3376	0.0000	0.0000
0.2803	0.3384	0.0000	0.0000
0.2813	0.3392	0.0000	0.0000
0.2823	0.3400	0.0000	0.0000
0.2833	0.3409	0.0000	0.0000
0.2843	0.3417	0.0000	0.0000
0.2853	0.3425	0.0000	0.0000
0.2863	0.3433	0.0000	0.0000
0.2873	0.3441	0.0000	0.0000
0.2883	0.3449	0.0000	0.0000
0.2893	0.3457	0.0000	0.0000
0.2903	0.3466	0.0000	0.0000
0.2913	0.3474	0.0000	0.0000
0.2923	0.3482	0.0000	0.0000
0.2933	0.3490	0.0000	0.0000
0.2943	0.3498	0.0000	0.0000
0.2953	0.3506	0.0000	0.0000
0.2963	0.3514	0.0000	0.0000
0.2973	0.3523	0.0000	0.0000
0.2983	0.3531	0.0000	0.0000
0.2993	0.3539	0.0000	0.0000
0.3003	0.3547	0.0000	0.0000
0.3013	0.3555	0.0000	0.0000
0.3023	0.3563	0.0000	0.0000
0.3033	0.3571	0.0000	0.0000
0.3043	0.3580	0.0000	0.0000
0.3053	0.3588	0.0000	0.0000
0.3063	0.3596	0.0000	0.0000
0.3073	0.3604	0.0000	0.0000
0.3083	0.3612	0.0000	0.0000
0.3093	0.3620	0.0000	0.0000
0.3103	0.3629	0.0000	0.0000
0.3113	0.3637	0.0000	0.0000
0.3123	0.3645	0.0000	0.0000
0.3133	0.3653	0.0000	0.0000
0.3143	0.3661	0.0000	0.0000
0.3153	0.3669	0.0000	0.0000
0.3163	0.3678	0.0000	0.0000
0.3173	0.3686	0.0000	0.0000
0.3183	0.3694	0.0000	0.0000
0.3193	0.3702	0.0000	0.0000
0.3203	0.3710	0.0000	0.0000
0.3213	0.3718	0.0000	0.0000
0.3223	0.3727	0.0000	0.0000
0.3233	0.3735	0.0000	0.0000
0.3243	0.3743	0.0000	0.0000
0.3253	0.3751	0.0000	0.0000
0.3263	0.3759	0.0000	0.0000
0.3273	0.3768	0.0000	0.0000
0.3283	0.3776	0.0000	0.0000
0.3293	0.3784	0.0000	0.0000
0.3303	0.3792	0.0000	0.0000
0.3313	0.3800	0.0000	0.0000
0.3323	0.3809	0.0000	0.0000
0.3333	0.3817	0.0000	0.0000
0.3343	0.3825	0.0000	0.0000
0.3353	0.3833	0.0000	0.0000
0.3363	0.3841	0.0000	0.0000
0.3373	0.3850	0.0000	0.0000
0.3383	0.3858	0.0000	0.0000
0.3393	0.3866	0.0000	0.0000
0.3403	0.3874	0.0000	0.0000
0.3413	0.3882	0.0000	0.0000
0.3423	0.3891	0.0000	0.0000
0.3433	0.3899	0.0000	0.0000
0.3443	0.3907	0.0000	0.0000
0.3453	0.3915	0.0000	0.0000
0.3463	0.3924	0.0000	0.0000
0.3473	0.3932	0.0000	0.0000
0.3483	0.3940	0.0000	0.0000
0.3493	0.3948	0.0000	0.0000
0.3504	0.3957	0.0000	0.0000
0.3514	0.3965	0.0000	0.0000
0.3524	0.3973	0.0000	0.0000
0.3534	0.3981	0.0000	0.0000
0.3544	0.3990	0.0000	0.0000
0.3554	0.3998	0.0000	0.0000
0.3564	0.4006	0.0000	0.0000
0.3574	0.4014	0.0000	0.0000
0.3584	0.4023	0.0000	0.0000
0.3594	0.4031	0.0000	0.0000
0.3604	0.4039	0.0000	0.0000
0.3614	0.4047	0.0000	0.0000
0.3624	0.4056	0.0000	0.0000
0.3634	0.4064	0.0000	0.0000
0.3644	0.4072	0.0000	0.0000
0.3654	0.4081	0.0000	0.0000
0.3664	0.4089	0.0000	0.0000
0.3674	0.4097	0.0000	0.0000
0.3684	0.4106	0.0000	0.0000
0.3694	0.4114	0.0000	0.0000
0.3704	0.4122	0.0000	0.0000
0.3714	0.4130	0.0000	0.0000
0.3724	0.4139	0.0000	0.0000
0.3734	0.4147	0.0000	0.0000
0.3744	0.4155	0.0000	0.0000
0.3754	0.4164	0.0000	0.0000
0.3764	0.4172	0.0000	0.0000
0.3774	0.4180	0.0000	0.0000
0.3784	0.4189	0.0000	0.0000
0.3794	0.4197	0.0000	0.0000
0.3804	0.4205	0.0000	0.0000
0.3814	0.4214	0.0000	0.0000
0.3824	0.4222	0.0000	0.0000
0.3834	0.4231	0.0000	0.0000
0.3844	0.4239	0.0000	0.0000
0.3854	0.4247	0.0000	0.0000
0.3864	0.4256	0.0000	0.0000
0.3874	0.4264	0.0000	0.0000
0.3884	0.4272	0.0000	0.0000
0.3894	0.4281	0.0000	0.0000
0.3904	0.4289	0.0000	0.0000
0.3914	0.4298	0.0000	0.0000
0.3924	0.4306	0.0000	0.0000
0.3934	0.4314	0.0000	0.0000
0.3944	0.4323	0.0000	0.0000
0.3954	0.4331	0.0000	0.0000
0.3964	0.4340	0.0000	0.0000
0.3974	0.4348	0.0000	0.0000
0.3984	0.4357	0.0000	0.0000
0.3994	0.4365	0.0000	0.0000
0.4004	0.4373	0.0000	0.0000
0.4014	0.4382	0.0000	0.0000
0.4024	0.4390	0.0000	0.0000
0.4034	0.4399	0.0000	0.0000
0.4044	0.4407	0.0000	0.0000
0.4054	0.4416	0.0000	0.0000
0.4064	0.4424	0.0000	0.0000
0.4074	0.4433	0.0000	0.0000
0.4084	0.4441	0.0000	0.0000
0.4094	0.4450	0.0000	0.0000
0.4104	0.4458	0.0000	0.0000
0.4114	0.4467	0.0000	0.0000
0.4124	0.4475	0.0000	0.0000
0.4134	0.4484	0.0000	0.0000
0.4144	0.4492	0.0000	0.0000
0.4154	0.4501	0.0000	0.0000
0.4164	0.4509	0.0000	0.0000
0.4174	0.4518	0.0000	0.0000
0.4184	0.4526	0.0000	0.0000
0.4194	0.4535	0.0000	0.0000
0.4204	0.4544	0.0000	0.0000
0.4214	0.4552	0.0000	0.0000
0.4224	0.4561	0.0000	0.0000
0.4234	0.4569	0.0000	0.0000
0.4244	0.4578	0.0000	0.0000
0.4254	0.4586	0.0000	0.0000
0.4264	0.4595	0.0000	0.0000
0.4274	0.4604	0.0000	0.0000
0.4284	0.4612	0.0000	0.0000
0.4294	0.4621	0.0000	0.0000
0.4304	0.4630	0.0000	0.0000
0.4314	0.4638	0.0000	0.0000
0.4324	0.4647	0.0000	0.0000
0.4334	0.4656	0.0000	0.0000
0.4344	0.4664	0.0000	0.0000
0.4354	0.4673	0.0000	0.0000
0.4364	0.4682	0.0000	0.0000
0.4374	0.4690	0.0000	0.0000
0.4384	0.4699	0.0000	0.0000
0.4394	0.4708	0.0000	0.0000
0.4404	0.4716	0.0000	0.0000
0.4414	0.4725	0.0000	0.0000
0.4424	0.4734	0.0000	0.0000
0.4434	0.4742	0.0000	0.0000
0.4444	0.4751	0.0000	0.0000
0.4454	0.4760	0.0000	0.0000
0.4464	0.4769	0.0000	0.0000
0.4474	0.4777	0.0000	0.0000
0.4484	0.4786	0.0000	0.0000
0.4494	0.4795	0.0000	0.0000
0.4505	0.4804	0.0000	0.0000
0.4515	0.4813	0.0000	0.0000
0.4525	0.4821	0.0000	0.0000
0.4535	0.4830	0.0000	0.0000
0.4545	0.4839	0.0000	0.0000
0.4555	0.4848	0.0000	0.0000
0.4565	0.4857	0.0000	0.0000
0.4575	0.4866	0.0000	0.0000
0.4585	0.4874	0.0000	0.0000
0.4595	0.4883	0.0000	0.0000
0.4605	0.4892	0.0000	0.0000
0.4615	0.4901	0.0000	0.0000
0.4625	0.4910	0.0000	0.0000
0.4635	0.4919	0.0000	0.0000
0.4645	0.4928	0.0000	0.0000
0.4655	0.4937	0.0000	0.0000
0.4665	0.4946	0.0000	0.0000
0.4675	0.4955	0.0000	0.0000
0.4685	0.4964	0.0000	0.0000
0.4695	0.4973	0.0000	0.0000
0.4705	0.4982	0.0000	0.0000
0.4715	0.4991	0.0000	0.0000
0.4725	0.5000	0.0000	0.0000
0.4735	0.5009	0.0000	0.0000
0.4745	0.5018	0.0000	0.0000
0.4755	0.5027	0.0000	0.0000
0.4765	0.5036	0.0000	0.0000
0.4775	0.5045	0.0000	0.0000
0.4785	0.5054	0.0000	0.0000
0.4795	0.5063	0.0000	0.0000
0.4805	0.5072	0.0000	0.0000
0.4815	0.5081	0.0000	0.0000
0.4825	0.5090	0.0000	0.0000
0.4835	0.5099	0.0000	0.0000
0.4845	0.5109	0.0000	0.0000
0.4855	0.5118	0.0000	0.0000
0.4865	0.5127	0.0000	0.0000
0.4875	0.5136	0.0000	0.0000
0.4885	0.5145	0.0000	0.0000
0.4895	0.5154	0.0000	0.0000
0.4905	0.5164	0.0000	0.0000
0.4915	0.5173	0.0000	0.0000
0.4925	0.5182	0.0000	0.0000
0.4935	0.5191	0.0000	0.0000
0.4945	0.5201	0.0000	0.0000
0.4955	0.5210	0.0000	0.0000
0.4965	0.5219	0.0000	0.0000
0.4975	0.5228	0.0000	0.0000
0.4985	0.5238	0.0000	0.0000
0.4995	0.5247	0.0000	0.0000
0.5005	0.5261	0.0000	0.0000
0.5015	0.5279	0.0000	0.0000
0.5025	0.5297	0.0000	0.0000
0.5035	0.5315	0.0000	0.0000
0.5045	0.5333	0.0000	0.0000
0.5055	0.5351	0.0000	0.0000
0.5065	0.5369	0.0000	0.0000
0.5075	0.5387	0.0000	0.0000
0.5085	0.5404	0.0000	0.0000
0.5095	0.5422	0.0000	0.0000
0.5105	0.5439	0.0000	0.0000
0.5115	0.5457	0.0000	0.0000
0.5125	0.5474	0.0000	0.0000
0.5135	0.5491	0.0000	0.0000
0.5145	0.5508	0.0000	0.0000
0.5155	0.5525	0.0000	0.0000
0.5165	0.5542	0.0000	0.0000
0.5175	0.5559	0.0000	0.0000
0.5185	0.5575	0.0000	0.0000
0.5195	0.5592	0.0000	0.0000
0.5205	0.5608	0.0000	0.0000
0.5215	0.5625	0.0000	0.0000
0.5225	0.5641	0.0000	0.0000
0.5235	0.5658	0.0000	0.0000
0.5245	0.5674	0.0000	0.0000
0.5255	0.5690	0.0000	0.0000
0.5265	0.5706	0.0000	0.0000
0.5275	0.5722	0.0000	0.0000
0.5285	0.5738	0.0000	0.0000
0.5295	0.5753	0.0000	0.0000
0.5305	0.5769	0.0000	0.0000
0.5315	0.5785	0.0000	0.0000
0.5325	0.5800	0.0000	0.0000
0.5335	0.5816	0.0000	0.0000
0.5345	0.5831	0.0000	0.0000
0.5355	0.5846	0.0000	0.0000
0.5365	0.5862	0.0000	0.0000
0.5375	0.5877	0.0000	0.0000
0.5385	0.5892	0.0000	0.0000
0.5395	0.5907	0.0000	0.0000
0.5405	0.5922	0.0000	0.0000
0.5415	0.5937	0.0000	0.0000
0.5425	0.5951	0.0000	0.0000
0.5435	0.5966	0.0000	0.0000
0.5445	0.5981	0.0000	0.0000
0.5455	0.5995	0.0000	0.0000
0.5465	0.6010	0.0000	0.0000
0.5475	0.6024	0.0000	0.0000
0.5485	0.6039	0.0000	0.0000
0.5495	0.6053	0.0000	0.0000
0.5506	0.6067	0.0000	0.0000
0.5516	0.6081	0.0000	0.0000
0.5526	0.6095	0.0000	0.0000
0.5536	0.6109	0.0000	0.0000
0.5546	0.6123	0.0000	0.0000
0.5556	0.6137	0.0000	0.0000
0.5566	0.6151	0.0000	0.0000
0.5576	0.6164	0.0000	0.0000
0.5586	0.6178	0.0000	0.0000
0.5596	0.6192	0.0000	0.0000
0.5606	0.6205	0.0000	0.0000
0.5616	0.6219	0.0000	0.0000
0.5626	0.6232	0.0000	0.0000
0.5636	0.6245	0.0000	0.0000
0.5646	0.6258	0.0000	0.0000
0.5656	0.6272	0.0000	0.0000
0.5666	0.6285	0.0000	0.0000
0.5676	0.6298	0.0000	0.0000
0.5686	0.6311	0.0000	0.0000
0.5696	0.6324	0.0000	0.0000
0.5706	0.6337	0.0000	0.0000
0.5716	0.6349	0.0000	0.0000
0.5726	0.6362	0.0000	0.0000
0.5736	0.6375	0.0000	0.0000
0.5746	0.6387	0.0000	0.0000
0.5756	0.6400	0.0000	0.0000
0.5766	0.6412	0.0000	0.0000
0.5776	0.6425	0.0000	0.0000
0.5786	0.6437	0.0000	0.0000
0.5796	0.6449	0.0000	0.0000
0.5806	0.6462	0.0000	0.0000
0.5816	0.6474	0.0000	0.0000
0.5826	0.6486	0.0000	0.0000
0.5836	0.6498	0.0000	0.0000
0.5846	0.6510	0.0000	0.0000
0.5856	0.6522	0.0000	0.0000
0.5866	0.6534	0.0000	0.0000
0.5876	0.6546	0.0000	0.0000
0.5886	0.6557	0.0000	0.0000
0.5896	0.6569	0.0000	0.0000
0.5906	0.6581	0.0000	0.0000
0.5916	0.6592	0.0000	0.0000
0.5926	0.6604	0.0000	0.0000
0.5936	0.6616	0.0000	0.0000
0.5946	0.6627	0.0000	0.0000
0.5956	0.6638	0.0000	0.0000
0.5966	0.6650	0.0000	0.0000
0.5976	0.6661	0.0000	0.0000
0.5986	0.6672	0.0000	0.0000
0.5996	0.6683	0.0000	0.0000
0.6006	0.6695	0.0000	0.0000
0.6016	0.6706	0.0000	0.0000
0.6026	0.6717	0.0000	0.0000
0.6036	0.6728	0.0000	0.0000
0.6046	0.6738	0.0000	0.0000
0.6056	0.6749	0.0000	0.0000
0.6066	0.6760	0.0000	0.0000
0.6076	0.6771	0.0000	0.0000
0.6086	0.6782	0.0000	0.0000
0.6096	0.6792	0.0000	0.0000
0.6106	0.6803	0.0000	0.0000
0.6116	0.6813	0.0000	0.0000
0.6126	0.6824	0.0000	0.0000
0.6136	0.6834	0.0000	0.0000
0.6146	0.6845	0.0000	0.0000
0.6156	0.6855	0.0000	0.0000
0.6166	0.6865	0.0000	0.0000
0.6176	0.6876	0.0000	0.0000
0.6186	0.6886	0.0000	0.0000
0.6196	0.6896	0.0000	0.0000
0.6206	0.6906	0.0000	0.0000
0.6216	0.6916	0.0000	0.0000
0.6226	0.6926	0.0000	0.0000
0.6236	0.6936	0.0000	0.0000
0.6246	0.6946	0.0000	0.0000
0.6256	0.6956	0.0000	0.0000
0.6266	0.6966	0.0000	0.0000
0.6276	0.6976	0.0000	0.0000
0.6286	0.6986	0.0000	0.0000
0.6296	0.6995	0.0000	0.0000
0.6306	0.7005	0.0000	0.0000
0.6316	0.7015	0.0000	0.0000
0.6326	0.7024	0.0000	0.0000
0.6336	0.7034	0.0000	0.0000
0.6346	0.7043	0.0000	0.0000
0.6356	0.7053	0.0000	0.0000
0.6366	0.7062	0.0000	0.0000
0.6376	0.7071	0.0000	0.0000
0.6386	0.7081	0.0000	0.0000
0.6396	0.7090	0.0000	0.0000
0.6406	0.7099	0.0000	0.0000
0.6416	0.7108	0.0000	0.0000
0.6426	0.7117	0.0000	0.0000
0.6436	0.7127	0.0000	0.0000
0.6446	0.7136	0.0000	0.0000
0.6456	0.7145	0.0000	0.0000
0.6466	0.7154	0.0000	0.0000
0.6476	0.7163	0.0000	0.0000
0.6486	0.7171	0.0000	0.0000
0.6496	0.7180	0.0000	0.0000
0.6507	0.7189	0.0000	0.0000
0.6517	0.7198	0.0000	0.0000
0.6527	0.7207	0.0000	0.0000
0.6537	0.7215	0.0000	0.0000
0.6547	0.7224	0.0000	0.0000
0.6557	0.7233	0.0000	0.0000
0.6567	0.7241	0.0000	0.0000
0.6577	0.7250	0.0000	0.0000
0.6587	0.7258	0.0000	0.0000
0.6597	0.7267	0.0000	0.0000
0.6607	0.7275	0.0000	0.0000
0.6617	0.7284	0.0000	0.0000
0.6627	0.7292	0.0000	0.0000
0.6637	0.7300	0.0000	0.0000
0.6647	0.7309	0.0000	0.0000
0.6657	0.7317	0.0000	0.0000
0.6667	0.7325	0.0000	0.0000
0.6677	0.7333	0.0000	0.0000
0.6687	0.7341	0.0000	0.0000
0.6697	0.7349	0.0000	0.0000
0.6707	0.7358	0.0000	0.0000
0.6717	0.7366	0.0000	0.0000
0.6727	0.7374	0.0000	0.0000
0.6737	0.7382	0.0000	0.0000
0.6747	0.7389	0.0000	0.0000
0.6757	0.7397	0.0000	0.0000
0.6767	0.7405	0.0000	0.0000
0.6777	0.7413	0.0000	0.0000
0.6787	0.7421	0.0000	0.0000
0.6797	0.7429	0.0000	0.0000
0.6807	0.7436	0.0000	0.0000
0.6817	0.7444	0.0000	0.0000
0.6827	0.7452	0.0000	0.0000
0.6837	0.7459	0.0000	0.0000
0.6847	0.7467	0.0000	0.0000
0.6857	0.7474	0.0000	0.0000
0.6867	0.7482	0.0000	0.0000
0.6877	0.7489	0.0000	0.0000
0.6887	0.7497	0.0000	0.0000
0.6897	0.7504	0.0000	0.0000
0.6907	0.7512	0.0000	0.0000
0.6917	0.7519	0.0000	0.0000
0.6927	0.7526	0.0000	0.0000
0.6937	0.7534	0.0000	0.0000
0.6947	0.7541	0.0000	0.0000
0.6957	0.7548	0.0000	0.0000
0.6967	0.7555	0.0000	0.0000
0.6977	0.7563	0.0000	0.0000
0.6987	0.7570	0.0000	0.0000
0.6997	0.7577	0.0000	0.0000
0.7007	0.7584	0.0000	0.0000
0.7017	0.7591	0.0000	0.0000
0.7027	0.7598	0.0000	0.0000
0.7037	0.7605	0.0000	0.0000
0.7047	0.7612	0.0000	0.0000
0.7057	0.7619	0.0000	0.0000
0.7067	0.7626	0.0000	0.0000
0.7077	0.7633	0.0000	0.0000
0.7087	0.7640	0.0000	0.0000
0.7097	0.7646	0.0000	0.0000
0.7107	0.7653	0.0000	0.0000
0.7117	0.7660	0.0000	0.0000
0.7127	0.7667	0.0000	0.0000
0.7137	0.7673	0.0000	0.0000
0.7147	0.7680	0.0000	0.0000
0.7157	0.7687	0.0000	0.0000
0.7167	0.7693	0.0000	0.0000
0.7177	0.7700	0.0000	0.0000
0.7187	0.7707	0.0000	0.0000
0.7197	0.7713	0.0000	0.0000
0.7207	0.7720	0.0000	0.0000
0.7217	0.7726	0.0000	0.0000
0.7227	0.7733	0.0000	0.0000
0.7237	0.7739	0.0000	0.0000
0.7247	0.7746	0.0000	0.0000
0.7257	0.7752	0.0000	0.0000
0.7267	0.7758	0.0000	0.0000
0.7277	0.7765	0.0000	0.0000
0.7287	0.7771	0.0000	0.0000
0.7297	0.7777	0.0000	0.0000
0.7307	0.7784	0.0000	0.0000
0.7317	0.7790	0.0000	0.0000
0.7327	0.7796	0.0000	0.0000
0.7337	0.7802	0.0000	0.0000
0.7347	0.7808	0.0000	0.0000
0.7357	0.7814	0.0000	0.0000
0.7367	0.7821	0.0000	0.0000
0.7377	0.7827	0.0000	0.0000
0.7387	0.7833	0.0000	0.0000
0.7397	0.7839	0.0000	0.0000
0.7407	0.7845	0.0000	0.0000
0.7417	0.7851	0.0000	0.0000
0.7427	0.7857	0.0000	0.0000
0.7437	0.7863	0.0000	0.0000
0.7447	0.7869	0.0000	0.0000
0.7457	0.7875	0.0000	0.0000
0.7467	0.7880	0.0000	0.0000
0.7477	0.7886	0.0000	0.0000
0.7487	0.7892	0.0000	0.0000
0.7497	0.7898	0.0000	0.0000
0.7508	0.7904	0.0000	0.0000
0.7518	0.7909	0.0000	0.0000
0.7528	0.7915	0.0000	0.0000
0.7538	0.7921	0.0000	0.0000
0.7548	0.7927	0.0000	0.0000
0.7558	0.7932	0.0000	0.0000
0.7568	0.7938	0.0000	0.0000
0.7578	0.7944	0.0000	0.0000
0.7588	0.7949	0.0000	0.0000
0.7598	0.7955	0.0000	0.0000
0.7608	0.7960	0.0000	0.0000
0.7618	0.7966	0.0000	0.0000
0.7628	0.7971	0.0000	0.0000
0.7638	0.7977	0.0000	0.0000
0.7648	0.7982	0.0000	0.0000
0.7658	0.7988	0.0000	0.0000
0.7668	0.7993	0.0000	0.0000
0.7678	0.7999	0.0000	0.0000
0.7688	0.8004	0.0000	0.0000
0.7698	0.8010	0.0000	0.0000
0.7708	0.8015	0.0000	0.0000
0.7718	0.8020	0.0000	0.0000
0.7728	0.8026	0.0000	0.0000
0.7738	0.8031	0.0000	0.0000
0.7748	0.8036	0.0000	0.0000
0.7758	0.8041	0.0000	0.0000
0.7768	0.8047	0.0000	0.0000
0.7778	0.8052	0.0000	0.0000
0.7788	0.8057	0.0000	0.0000
0.7798	0.8062	0.0000	0.0000
0.7808	0.8068	0.0000	0.0000
0.7818	0.8073	0.0000	0.0000
0.7828	0.8078	0.0000	0.0000
0.7838	0.8083	0.0000	0.0000
0.7848	0.8088	0.0000	0.0000
0.7858	0.8093	0.0000	0.0000
0.7868	0.8098	0.0000	0.0000
0.7878	0.8103	0.0000	0.0000
0.7888	0.8108	0.0000	0.0000
0.7898	0.8113	0.0000	0.0000
0.7908	0.8118	0.0000	0.0000
0.7918	0.8123	0.0000	0.0000
0.7928	0.8128	0.0000	0.0000
0.7938	0.8133	0.0000	0.0000
0.7948	0.8138	0.0000	0.0000
0.7958	0.8143	0.0000	0.0000
0.7968	0.8148	0.0000	0.0000
0.7978	0.8153	0.0000	0.0000
0.7988	0.8158	0.0000	0.0000
0.7998	0.8162	0.0000	0.0000
0.8008	0.8167	0.0000	0.0000
0.8018	0.8172	0.0000	0.0000
0.8028	0.8177	0.0000	0.0000
0.8038	0.8182	0.0000	0.0000
0.8048	0.8186	0.0000	0.0000
0.8058	0.8191	0.0000	0.0000
0.8068	0.8196	0.0000	0.0000
0.8078	0.8201	0.0000	0.0000
0.8088	0.8205	0.0000	0.0000
0.8098	0.8210	0.0000	0.0000
0.8108	0.8215	0.0000	0.0000
0.8118	0.8219	0.0000	0.0000
0.8128	0.8224	0.0000	0.0000
0.8138	0.8229	0.0000	0.0000
0.8148	0.8233	0.0000	0.0000
0.8158	0.8238	0.0000	0.0000
0.8168	0.8242	0.0000	0.0000
0.8178	0.8247	0.0000	0.0000
0.8188	0.8252	0.0000	0.0000
0.8198	0.8256	0.0000	0.0000
0.8208	0.8261	0.0000	0.0000
0.8218	0.8265	0.0000	0.0000
0.8228	0.8270	0.0000	0.0000
0.8238	0.8274	0.0000	0.0000
0.8248	0.8279	0.0000	0.0000
0.8258	0.8283	0.0000	0.0000
0.8268	0.8287	0.0000	0.0000
0.8278	0.8292	0.0000	0.0000
0.8288	0.8296	0.0000	0.0000
0.8298	0.8301	0.0000	0.0000
0.8308	0.8305	0.0000	0.0000
0.8318	0.8309	0.0000	0.0000
0.8328	0.8314	0.0000	0.0000
0.8338	0.8318	0.0000	0.0000
0.8348	0.8322	0.0000	0.0000
0.8358	0.8327	0.0000	0.0000
0.8368	0.8331	0.0000	0.0000
0.8378	0.8335	0.0000	0.0000
0.8388	0.8340	0.0000	0.0000
0.8398	0.8344	0.0000	0.0000
0.8408	0.8348	0.0000	0.0000
0.8418	0.8352	0.0000	0.0000
0.8428	0.8357	0.0000	0.0000
0.8438	0.8361	0.0000	0.0000
0.8448	0.8365	0.0000	0.0000
0.8458	0.8369	0.0000	0.0000
0.8468	0.8373	0.0000	0.0000
0.8478	0.8378	0.0000	0.0000
0.8488	0.8382	0.0000	0.0000
0.8498	0.8386	0.0000	0.0000
0.8509	0.8390	0.0000	0.0000
0.8519	0.8394	0.0000	0.0000
0.8529	0.8398	0.0000	0.0000
0.8539	0.8402	0.0000	0.0000
0.8549	0.8406	0.0000	0.0000
0.8559	0.8411	0.0000	0.0000
0.8569	0.8415	0.0000	0.0000
0.8579	0.8419	0.0000	0.0000
0.8589	0.8423	0.0000	0.0000
0.8599	0.8427	0.0000	0.0000
0.8609	0.8431	0.0000	0.0000
0.8619	0.8435	0.0000	0.0000
0.8629	0.8439	0.0000	0.0000
0.8639	0.8443	0.0000	0.0000
0.8649	0.8447	0.0000	0.0000
0.8659	0.8451	0.0000	0.0000
0.8669	0.8455	0.0000	0.0000
0.8679	0.8459	0.0000	0.0000
0.8689	0.8463	0.0000	0.0000
0.8699	0.8467	0.0000	0.0000
0.8709	0.8471	0.0000	0.0000
0.8719	0.8474	0.0000	0.0000
0.8729	0.8478	0.0000	0.0000
0.8739	0.8482	0.0000	0.0000
0.8749	0.8486	0.0000	0.0000
0.8759	0.8490	0.0000	0.0000
0.8769	0.8494	0.0000	0.0000
0.8779	0.8498	0.0000	0.0000
0.8789	0.8502	0.0000	0.0000
0.8799	0.8506	0.0000	0.0000
0.8809	0.8509	0.0000	0.0000
0.8819	0.8513	0.0000	0.0000
0.8829	0.8517	0.0000	0.0000
0.8839	0.8521	0.0000	0.0000
0.8849	0.8525	0.0000	0.0000
0.8859	0.8528	0.0000	0.0000
0.8869	0.8532	0.0000	0.0000
0.8879	0.8536	0.0000	0.0000
0.8889	0.8540	0.0000	0.0000
0.8899	0.8544	0.0000	0.0000
0.8909	0.8547	0.0000	0.0000
0.8919	0.8551	0.0000	0.0000
0.8929	0.8555	0.0000	0.0000
0.8939	0.8559	0.0000	0.0000
0.8949	0.8562	0.0000	0.0000
0.8959	0.8566	0.0000	0.0000
0.8969	0.8570	0.0000	0.0000
0.8979	0.8573	0.0000	0.0000
0.8989	0.8577	0.0000	0.0000
0.8999	0.8581	0.0000	0.0000
0.9009	0.8585	0.0000	0.0000
0.9019	0.8588	0.0000	0.0000
0.9029	0.8592	0.0000	0.0000
0.9039	0.8596	0.0000	0.0000
0.9049	0.8599	0.0000	0.0000
0.9059	0.8603	0.0000	0.0000
0.9069	0.8607	0.0000	0.0000
0.9079	0.8610	0.0000	0.0000
0.9089	0.8614	0.0000	0.0000
0.9099	0.8617	0.0000	0.0000
0.9109	0.8621	0.0000	0.0000
0.9119	0.8625	0.0000	0.0000
0.9129	0.8628	0.0000	0.0000
0.9139	0.8632	0.0000	0.0000
0.9149	0.8636	0.0000	0.0000
0.9159	0.8639	0.0000	0.0000
0.9169	0.8643	0.0000	0.0000
0.9179	0.8646	0.0000	0.0000
0.9189	0.8650	0.0000	0.0000
0.9199	0.8654	0.0000	0.0000
0.9209	0.8657	0.0000	0.0000
0.9219	0.8661	0.0000	0.0000
0.9229	0.8664	0.0000	0.0000
0.9239	0.8668	0.0000	0.0000
0.9249	0.8671	0.0000	0.0000
0.9259	0.8675	0.0000	0.0000
0.9269	0.8678	0.0000	0.0000
0.9279	0.8682	0.0000	0.0000
0.9289	0.8686	0.0000	0.0000
0.9299	0.8689	0.0000	0.0000
0.9309	0.8693	0.0000	0.0000
0.9319	0.8696	0.0000	0.0000
0.9329	0.8700	0.0000	0.0000
0.9339	0.8703	0.0000	0.0000
0.9349	0.8707	0.0000	0.0000
0.9359	0.8710	0.0000	0.0000
0.9369	0.8714	0.0000	0.0000
0.9379	0.8717	0.0000	0.0000
0.9389	0.8721	0.0000	0.0000
0.9399	0.8724	0.0000	0.0000
0.9409	0.8728	0.0000	0.0000
0.9419	0.8731	0.0000	0.0000
0.9429	0.8735	0.0000	0.0000
0.9439	0.8738	0.0000	0.0000
0.9449	0.8742	0.0000	0.0000
0.9459	0.8745	0.0000	0.0000
0.9469	0.8749	0.0000	0.0000
0.9479	0.8752	0.0000	0.0000
0.9489	0.8756	0.0000	0.0000
0.9499	0.8759	0.0000	0.0000
0.9510	0.8763	0.0000	0.0000
0.9520	0.8766	0.0000	0.0000
0.9530	0.8769	0.0000	0.0000
0.9540	0.8773	0.0000	0.0000
0.9550	0.8776	0.0000	0.0000
0.9560	0.8780	0.0000	0.0000
0.9570	0.8783	0.0000	0.0000
0.9580	0.8787	0.0000	0.0000
0.9590	0.8790	0.0000	0.0000
0.9600	0.8794	0.0000	0.0000
0.9610	0.8797	0.0000	0.0000
0.9620	0.8801	0.0000	0.0000
0.9630	0.8804	0.0000	0.0000
0.9640	0.8808	0.0000	0.0000
0.9650	0.8811	0.0000	0.0000
0.9660	0.8814	0.0000	0.0000
0.9670	0.8818	0.0000	0.0000
0.9680	0.8821	0.0000	0.0000
0.9690	0.8825	0.0000	0.0000
0.9700	0.8828	0.0000	0.0000
0.9710	0.8832	0.0000	0.0000
0.9720	0.8835	0.0000	0.0000
0.9730	0.8839	0.0000	0.0000
0.9740	0.8842	0.0000	0.0000
0.9750	0.8846	0.0000	0.0000
0.9760	0.8849	0.0000	0.0000
0.9770	0.8853	0.0000	0.0000
0.9780	0.8856	0.0000	0.0000
0.9790	0.8860	0.0000	0.0000
0.9800	0.8863	0.0000	0.0000
0.9810	0.8866	0.0000	0.0000
0.9820	0.8870	0.0000	0.0000
0.9830	0.8873	0.0000	0.0000
0.9840	0.8877	0.0000	0.0000
0.9850	0.8880	0.0000	0.0000
0.9860	0.8884	0.0000	0.0000
0.9870	0.8887	0.0000	0.0000
0.9880	0.8891	0.0000	0.0000
0.9890	0.8894	0.0000	0.0000
0.9900	0.8898	0.0000	0.0000
0.9910	0.8901	0.0000	0.0000
0.9920	0.8905	0.0000	0.0000
0.9930	0.8908	0.0000	0.0000
0.9940	0.8912	0.0000	0.0000
0.9950	0.8915	0.0000	0.0000
0.9960	0.8919	0.0000	0.0000
0.9970	0.8923	0.0000	0.0000
0.9980	0.8926	0.0000	0.0000
0.9990	0.8930	0.0000	0.0000
1.0000	0.8933	0.0000	0.0000
0.8308
