0.0000	0.1150	0.0000	0.0000
0.0010	0.1159	0.0000	0.0000
0.0020	0.1168	0.0000	0.0000
0.0030	0.1176	0.0000	0.0000
0.0040	0.1185	0.0000	0.0000
0.0050	0.1194	0.0000	0.0000
0.0060	0.1202	0.0000	0.0000
0.0070	0.1211	0.0000	0.0000
0.0080	0.1219	0.0000	0.0000
0.0090	0.1228	0.0000	0.0000
0.0100	0.1237	0.0000	0.0000
0.0110	0.1245	0.0000	0.0000
0.0120	0.1254	0.0000	0.0000
0.0130	0.1263	0.0000	0.0000
0.0140	0.1271	0.0000	0.0000
0.0150	0.1280	0.0000	0.0000
0.0160	0.1288	0.0000	0.0000
0.0170	0.1297	0.0000	0.0000
0.0180	0.1306	0.0000	0.0000
0.0190	0.1314	0.0000	0.0000
0.0200	0.1323	0.0000	0.0000
0.0210	0.1332	0.0000	0.0000
0.0220	0.1340	0.0000	0.0000
0.0230	0.1349	0.0000	0.0000
0.0240	0.1357	0.0000	0.0000
0.0250	0.1366	0.0000	0.0000
0.0260	0.1375	0.0000	0.0000
0.0270	0.1383	0.0000	0.0000
0.0280	0.1392	0.0000	0.0000
0.0290	0.1400	0.0000	0.0000
0.0300	0.1409	0.0000	0.0000
0.0310	0.1417	0.0000	0.0000
0.0320	0.1426	0.0000	0.0000
0.0330	0.1435	0.0000	0.0000
0.0340	0.1443	0.0000	0.0000
0.0350	0.1452	0.0000	0.0000
0.0360	0.1460	0.0000	0.0000
0.0370	0.1469	0.0000	0.0000
0.0380	0.1477	0.0000	0.0000
0.0390	0.1486	0.0000	0.0000
0.0400	0.1495	0.0000	0.0000
0.0410	0.1503	0.0000	0.0000
0.0420	0.1512	0.0000	0.0000
0.0430	0.1520	0.0000	0.0000
0.0440	0.1529	0.0000	0.0000
0.0450	0.1537	0.0000	0.0000
0.0460	0.1546	0.0000	0.0000
0.0470	0.1554	0.0000	0.0000
0.0480	0.1563	0.0000	0.0000
0.0490	0.1571	0.0000	0.0000
0.0501	0.1580	0.0000	0.0000
0.0511	0.1589	0.0000	0.0000
0.0521	0.1597	0.0000	0.0000
0.0531	0.1606	0.0000	0.0000
0.0541	0.1614	0.0000	0.0000
0.0551	0.1623	0.0000	0.0000
0.0561	0.1631	0.0000	0.0000
0.0571	0.1640	0.0000	0.0000
0.0581	0.1648	0.0000	0.0000
0.0591	0.1657	0.0000	0.0000
0.0601	0.1665	0.0000	0.0000
0.0611	0.1674	0.0000	0.0000
0.0621	0.1682	0.0000	0.0000
0.0631	0.1691	0.0000	0.0000
0.0641	0.1699	0.0000	0.0000
0.0651	0.1708	0.0000	0.0000
0.0661	0.1716	0.0000	0.0000
0.0671	0.1725	0.0000	0.0000
0.0681	0.1733	0.0000	0.0000
0.0691	0.1742	0.0000	0.0000
0.0701	0.1750	0.0000	0.0000
0.0711	0.1759	0.0000	0.0000
0.0721	0.1767	0.0000	0.0000
0.0731	0.1775	0.0000	0.0000
0.0741	0.1784	0.0000	0.0000
0.0751	0.1792	0.0000	0.0000
0.0761	0.1801	0.0000	0.0000
0.0771	0.1809	0.0000	0.0000
0.0781	0.1818	0.0000	0.0000
0.0791	0.1826	0.0000	0.0000
0.0801	0.1835	0.0000	0.0000
0.0811	0.1843	0.0000	0.0000
0.0821	0.1852	0.0000	0.0000
0.0831	0.1860	0.0000	0.0000
0.0841	0.1868	0.0000	0.0000
0.0851	0.1877	0.0000	0.0000
0.0861	0.1885	0.0000	0.0000
0.0871	0.1894	0.0000	0.0000
0.0881	0.1902	0.0000	0.0000
0.0891	0.1911	0.0000	0.0000
0.0901	0.1919	0.0000	0.0000
0.0911	0.1927	0.0000	0.0000
0.0921	0.1936	0.0000	0.0000
0.0931	0.1944	0.0000	0.0000
0.0941	0.1953	0.0000	0.0000
0.0951	0.1961	0.0000	0.0000
0.0961	0.1969	0.0000	0.0000
0.0971	0.1978	0.0000	0.0000
0.0981	0.1986	0.0000	0.0000
0.0991	0.1995	0.0000	0.0000
0.1001	0.2003	0.0000	0.0000
0.1011	0.2011	0.0000	0.0000
0.1021	0.2020	0.0000	0.0000
0.1031	0.2028	0.0000	0.0000
0.1041	0.2037	0.0000	0.0000
0.1051	0.2045	0.0000	0.0000
0.1061	0.2053	0.0000	0.0000
0.1071	0.2062	0.0000	0.0000
0.1081	0.2070	0.0000	0.0000
0.1091	0.2079	0.0000	0.0000
0.1101	0.2087	0.0000	0.0000
0.1111	0.2095	0.0000	0.0000
0.1121	0.2104	0.0000	0.0000
0.1131	0.2112	0.0000	0.0000
0.1141	0.2120	0.0000	0.0000
0.1151	0.2129	0.0000	0.0000
0.1161	0.2137	0.0000	0.0000
0.1171	0.2145	0.0000	0.0000
0.1181	0.2154	0.0000	0.0000
0.1191	0.2162	0.0000	0.0000
0.1201	0.2171	0.0000	0.0000
0.1211	0.2179	0.0000	0.0000
0.1221	0.2187	0.0000	0.0000
0.1231	0.2196	0.0000	0.0000
0.1241	0.2204	0.0000	0.0000
0.1251	0.2212	0.0000	0.0000
0.1261	0.2221	0.0000	0.0000
0.1271	0.2229	0.0000	0.0000
0.1281	0.2237	0.0000	0.0000
0.1291	0.2246	0.0000	0.0000
0.1301	0.2254	0.0000	0.0000
0.1311	0.2262	0.0000	0.0000
0.1321	0.2271	0.0000	0.0000
0.1331	0.2279	0.0000	0.0000
0.1341	0.2287	0.0000	0.0000
0.1351	0.2295	0.0000	0.0000
0.1361	0.2304	0.0000	0.0000
0.1371	0.2312	0.0000	0.0000
0.1381	0.2320	0.0000	0.0000
0.1391	0.2329	0.0000	0.0000
0.1401	0.2337	0.0000	0.0000
0.1411	0.2345	0.0000	0.0000
0.1421	0.2354	0.0000	0.0000
0.1431	0.2362	0.0000	0.0000
0.1441	0.2370	0.0000	0.0000
0.1451	0.2378	0.0000	0.0000
0.1461	0.2387	0.0000	0.0000
0.1471	0.2395	0.0000	0.0000
0.1481	0.2403	0.0000	0.0000
0.1491	0.2412	0.0000	0.0000
0.1502	0.2420	0.0000	0.0000
0.1512	0.2428	0.0000	0.0000
0.1522	0.2436	0.0000	0.0000
0.1532	0.2445	0.0000	0.0000
0.1542	0.2453	0.0000	0.0000
0.1552	0.2461	0.0000	0.0000
0.1562	0.2469	0.0000	0.0000
0.1572	0.2478	0.0000	0.0000
0.1582	0.2486	0.0000	0.0000
0.1592	0.2494	0.0000	0.0000
0.1602	0.2503	0.0000	0.0000
0.1612	0.2511	0.0000	0.0000
0.1622	0.2519	0.0000	0.0000
0.1632	0.2527	0.0000	0.0000
0.1642	0.2536	0.0000	0.0000
0.1652	0.2544	0.0000	0.0000
0.1662	0.2552	0.0000	0.0000
0.1672	0.2560	0.0000	0.0000
0.1682	0.2568	0.0000	0.0000
0.1692	0.2577	0.0000	0.0000
0.1702	0.2585	0.0000	0.0000
0.1712	0.2593	0.0000	0.0000
0.1722	0.2601	0.0000	0.0000
0.1732	0.2610	0.0000	0.0000
0.1742	0.2618	0.0000	0.0000
0.1752	0.2626	0.0000	0.0000
0.1762	0.2634	0.0000	0.0000
0.1772	0.2643	0.0000	0.0000
0.1782	0.2651	0.0000	0.0000
0.1792	0.2659	0.0000	0.0000
0.1802	0.2667	0.0000	0.0000
0.1812	0.2675	0.0000	0.0000
0.1822	0.2684	0.0000	0.0000
0.1832	0.2692	0.0000	0.0000
0.1842	0.2700	0.0000	0.0000
0.1852	0.2708	0.0000	0.0000
0.1862	0.2716	0.0000	0.0000
0.1872	0.2725	0.0000	0.0000
0.1882	0.2733	0.0000	0.0000
0.1892	0.2741	0.0000	0.0000
0.1902	0.2749	0.0000	0.0000
0.1912	0.2757	0.0000	0.0000
0.1922	0.2766	0.0000	0.0000
0.1932	0.2774	0.0000	0.0000
0.1942	0.2782	0.0000	0.0000
0.1952	0.2790	0.0000	0.0000
0.1962	0.2798	0.0000	0.0000
0.1972	0.2807	0.0000	0.0000
0.1982	0.2815	0.0000	0.0000
0.1992	0.2823	0.0000	0.0000
0.2002	0.2831	0.0000	0.0000
0.2012	0.2839	0.0000	0.0000
0.2022	0.2847	0.0000	0.0000
0.2032	0.2856	0.0000	0.0000
0.2042	0.2864	0.0000	0.0000
0.2052	0.2872	0.0000	0.0000
0.2062	0.2880	0.0000	0.0000
0.2072	0.2888	0.0000	0.0000
0.2082	0.2897	0.0000	0.0000
0.2092	0.2905	0.0000	0.0000
0.2102	0.2913	0.0000	0.0000
0.2112	0.2921	0.0000	0.0000
0.2122	0.2929	0.0000	0.0000
0.2132	0.2937	0.0000	0.0000
0.2142	0.2945	0.0000	0.0000
0.2152	0.2954	0.0000	0.0000
0.2162	0.2962	0.0000	0.0000
0.2172	0.2970	0.0000	0.0000
0.2182	0.2978	0.0000	0.0000
0.2192	0.2986	0.0000	0.0000
0.2202	0.2994	0.0000	0.0000
0.2212	0.3003	0.0000	0.0000
0.2222	0.3011	0.0000	0.0000
0.2232	0.3019	0.0000	0.0000
0.2242	0.3027	0.0000	0.0000
0.2252	0.3035	0.0000	0.0000
0.2262	0.3043	0.0000	0.0000
0.2272	0.3051	0.0000	0.0000
0.2282	0.3060	0.0000	0.0000
0.2292	0.3068	0.0000	0.0000
0.2302	0.3076	0.0000	0.0000
0.2312	0.3084	0.0000	0.0000
0.2322	0.3092	0.0000	0.0000
0.2332	0.3100	0.0000	0.0000
0.2342	0.3108	0.0000	0.0000
0.2352	0.3116	0.0000	0.0000
0.2362	0.3125	0.0000	0.0000
0.2372	0.3133	0.0000	0.0000
0.2382	0.3141	0.0000	0.0000
0.2392	0.3149	0.0000	0.0000
0.2402	0.3157	0.0000	0.0000
0.2412	0.3165	0.0000	0.0000
0.2422	0.3173	0.0000	0.0000
0.2432	0.3181	0.0000	0.0000
0.2442	0.3190	0.0000	0.0000
0.2452	0.3198	0.0000	0.0000
0.2462	0.3206	0.0000	0.0000
0.2472	0.3214	0.0000	0.0000
0.2482	0.3222	0.0000	0.0000
0.2492	0.3230	0.0000	0.0000
0.2503	0.3238	0.0000	0.0000
0.2513	0.3246	0.0000	0.0000
0.2523	0.3254	0.0000	0.0000
0.2533	0.3263	0.0000	0.0000
0.2543	0.3271	0.0000	0.0000
0.2553	0.3279	0.0000	0.0000
0.2563	0.3287	0.0000	0.0000
0.2573	0.3295	0.0000	0.0000
0.2583	0.3303	0.0000	0.0000
0.2593	0.3311	0.0000	0.0000
0.2603	0.3319	0.0000	0.0000
0.2613	0.3327	0.0000	0.0000
0.2623	0.3335	0.0000	0.0000
0.2633	0.3344	0.0000	0.0000
0.2643	0.3352	0.0000	0.0000
0.2653	0.3360	0.0000	0.0000
0.2663	0.3368	0.0000	0.0000
0.2673	0.3376	0.0000	0.0000
0.2683	0.3384	0.0000	0.0000
0.2693	0.3392	0.0000	0.0000
0.2703	0.3400	0.0000	0.0000
0.2713	0.3408	0.0000	0.0000
0.2723	0.3416	0.0000	0.0000
0.2733	0.3424	0.0000	0.0000
0.2743	0.3433	0.0000	0.0000
0.2753	0.3441	0.0000	0.0000
0.2763	0.3449	0.0000	0.0000
0.2773	0.3457	0.0000	0.0000
0.2783	0.3465	0.0000	0.0000
0.2793	0.3473	0.0000	0.0000
0.2803	0.3481	0.0000	0.0000
0.2813	0.3489	0.0000	0.0000
0.2823	0.3497	0.0000	0.0000
0.2833	0.3505	0.0000	0.0000
0.2843	0.3513	0.0000	0.0000
0.2853	0.3522	0.0000	0.0000
0.2863	0.3530	0.0000	0.0000
0.2873	0.3538	0.0000	0.0000
0.2883	0.3546	0.0000	0.0000
0.2893	0.3554	0.0000	0.0000
0.2903	0.3562	0.0000	0.0000
0.2913	0.3570	0.0000	0.0000
0.2923	0.3578	0.0000	0.0000
0.2933	0.3586	0.0000	0.0000
0.2943	0.3594	0.0000	0.0000
0.2953	0.3602	0.0000	0.0000
0.2963	0.3611	0.0000	0.0000
0.2973	0.3619	0.0000	0.0000
0.2983	0.3627	0.0000	0.0000
0.2993	0.3635	0.0000	0.0000
0.3003	0.3643	0.0000	0.0000
0.3013	0.3651	0.0000	0.0000
0.3023	0.3659	0.0000	0.0000
0.3033	0.3667	0.0000	0.0000
0.3043	0.3675	0.0000	0.0000
0.3053	0.3683	0.0000	0.0000
0.3063	0.3691	0.0000	0.0000
0.3073	0.3699	0.0000	0.0000
0.3083	0.3708	0.0000	0.0000
0.3093	0.3716	0.0000	0.0000
0.3103	0.3724	0.0000	0.0000
0.3113	0.3732	0.0000	0.0000
0.3123	0.3740	0.0000	0.0000
0.3133	0.3748	0.0000	0.0000
0.3143	0.3756	0.0000	0.0000
0.3153	0.3764	0.0000	0.0000
0.3163	0.3772	0.0000	0.0000
0.3173	0.3780	0.0000	0.0000
0.3183	0.3788	0.0000	0.0000
0.3193	0.3797	0.0000	0.0000
0.3203	0.3805	0.0000	0.0000
0.3213	0.3813	0.0000	0.0000
0.3223	0.3821	0.0000	0.0000
0.3233	0.3829	0.0000	0.0000
0.3243	0.3837	0.0000	0.0000
0.3253	0.3845	0.0000	0.0000
0.3263	0.3853	0.0000	0.0000
0.3273	0.3861	0.0000	0.0000
0.3283	0.3869	0.0000	0.0000
0.3293	0.3878	0.0000	0.0000
0.3303	0.3886	0.0000	0.0000
0.3313	0.3894	0.0000	0.0000
0.3323	0.3902	0.0000	0.0000
0.3333	0.3910	0.0000	0.0000
0.3343	0.3918	0.0000	0.0000
0.3353	0.3926	0.0000	0.0000
0.3363	0.3934	0.0000	0.0000
0.3373	0.3942	0.0000	0.0000
0.3383	0.3950	0.0000	0.0000
0.3393	0.3959	0.0000	0.0000
0.3403	0.3967	0.0000	0.0000
0.3413	0.3975	0.0000	0.0000
0.3423	0.3983	0.0000	0.0000
0.3433	0.3991	0.0000	0.0000
0.3443	0.3999	0.0000	0.0000
0.3453	0.4007	0.0000	0.0000
0.3463	0.4015	0.0000	0.0000
0.3473	0.4023	0.0000	0.0000
0.3483	0.4032	0.0000	0.0000
0.3493	0.4040	0.0000	0.0000
0.3504	0.4048	0.0000	0.0000
0.3514	0.4056	0.0000	0.0000
0.3524	0.4064	0.0000	0.0000
0.3534	0.4072	0.0000	0.0000
0.3544	0.4080	0.0000	0.0000
0.3554	0.4088	0.0000	0.0000
0.3564	0.4097	0.0000	0.0000
0.3574	0.4105	0.0000	0.0000
0.3584	0.4113	0.0000	0.0000
0.3594	0.4121	0.0000	0.0000
0.3604	0.4129	0.0000	0.0000
0.3614	0.4137	0.0000	0.0000
0.3624	0.4145	0.0000	0.0000
0.3634	0.4154	0.0000	0.0000
0.3644	0.4162	0.0000	0.0000
0.3654	0.4170	0.0000	0.0000
0.3664	0.4178	0.0000	0.0000
0.3674	0.4186	0.0000	0.0000
0.3684	0.4194	0.0000	0.0000
0.3694	0.4203	0.0000	0.0000
0.3704	0.4211	0.0000	0.0000
0.3714	0.4219	0.0000	0.0000
0.3724	0.4227	0.0000	0.0000
0.3734	0.4235	0.0000	0.0000
0.3744	0.4243	0.0000	0.0000
0.3754	0.4252	0.0000	0.0000
0.3764	0.4260	0.0000	0.0000
0.3774	0.4268	0.0000	0.0000
0.3784	0.4276	0.0000	0.0000
0.3794	0.4284	0.0000	0.0000
0.3804	0.4292	0.0000	0.0000
0.3814	0.4301	0.0000	0.0000
0.3824	0.4309	0.0000	0.0000
0.3834	0.4317	0.0000	0.0000
0.3844	0.4325	0.0000	0.0000
0.3854	0.4333	0.0000	0.0000
0.3864	0.4342	0.0000	0.0000
0.3874	0.4350	0.0000	0.0000
0.3884	0.4358	0.0000	0.0000
0.3894	0.4366	0.0000	0.0000
0.3904	0.4374	0.0000	0.0000
0.3914	0.4383	0.0000	0.0000
0.3924	0.4391	0.0000	0.0000
0.3934	0.4399	0.0000	0.0000
0.3944	0.4407	0.0000	0.0000
0.3954	0.4416	0.0000	0.0000
0.3964	0.4424	0.0000	0.0000
0.3974	0.4432	0.0000	0.0000
0.3984	0.4440	0.0000	0.0000
0.3994	0.4449	0.0000	0.0000
0.4004	0.4457	0.0000	0.0000
0.4014	0.4465	0.0000	0.0000
0.4024	0.4473	0.0000	0.0000
0.4034	0.4482	0.0000	0.0000
0.4044	0.4490	0.0000	0.0000
0.4054	0.4498	0.0000	0.0000
0.4064	0.4506	0.0000	0.0000
0.4074	0.4515	0.0000	0.0000
0.4084	0.4523	0.0000	0.0000
0.4094	0.4531	0.0000	0.0000
0.4104	0.4540	0.0000	0.0000
0.4114	0.4548	0.0000	0.0000
0.4124	0.4556	0.0000	0.0000
0.4134	0.4564	0.0000	0.0000
0.4144	0.4573	0.0000	0.0000
0.4154	0.4581	0.0000	0.0000
0.4164	0.4589	0.0000	0.0000
0.4174	0.4598	0.0000	0.0000
0.4184	0.4606	0.0000	0.0000
0.4194	0.4614	0.0000	0.0000
0.4204	0.4623	0.0000	0.0000
0.4214	0.4631	0.0000	0.0000
0.4224	0.4639	0.0000	0.0000
0.4234	0.4648	0.0000	0.0000
0.4244	0.4656	0.0000	0.0000
0.4254	0.4664	0.0000	0.0000
0.4264	0.4673	0.0000	0.0000
0.4274	0.4681	0.0000	0.0000
0.4284	0.4689	0.0000	0.0000
0.4294	0.4698	0.0000	0.0000
0.4304	0.4706	0.0000	0.0000
0.4314	0.4715	0.0000	0.0000
0.4324	0.4723	0.0000	0.0000
0.4334	0.4731	0.0000	0.0000
0.4344	0.4740	0.0000	0.0000
0.4354	0.4748	0.0000	0.0000
0.4364	0.4757	0.0000	0.0000
0.4374	0.4765	0.0000	0.0000
0.4384	0.4774	0.0000	0.0000
0.4394	0.4782	0.0000	0.0000
0.4404	0.4790	0.0000	0.0000
0.4414	0.4799	0.0000	0.0000
0.4424	0.4807	0.0000	0.0000
0.4434	0.4816	0.0000	0.0000
0.4444	0.4824	0.0000	0.0000
0.4454	0.4833	0.0000	0.0000
0.4464	0.4841	0.0000	0.0000
0.4474	0.4850	0.0000	0.0000
0.4484	0.4858	0.0000	0.0000
0.4494	0.4867	0.0000	0.0000
0.4505	0.4875	0.0000	0.0000
0.4515	0.4884	0.0000	0.0000
0.4525	0.4892	0.0000	0.0000
0.4535	0.4901	0.0000	0.0000
0.4545	0.4909	0.0000	0.0000
0.4555	0.4918	0.0000	0.0000
0.4565	0.4926	0.0000	0.0000
0.4575	0.4935	0.0000	0.0000
0.4585	0.4943	0.0000	0.0000
0.4595	0.4952	0.0000	0.0000
0.4605	0.4961	0.0000	0.0000
0.4615	0.4969	0.0000	0.0000
0.4625	0.4978	0.0000	0.0000
0.4635	0.4986	0.0000	0.0000
0.4645	0.4995	0.0000	0.0000
0.4655	0.5004	0.0000	0.0000
0.4665	0.5012	0.0000	0.0000
0.4675	0.5021	0.0000	0.0000
0.4685	0.5029	0.0000	0.0000
0.4695	0.5038	0.0000	0.0000
0.4705	0.5047	0.0000	0.0000
0.4715	0.5055	0.0000	0.0000
0.4725	0.5064	0.0000	0.0000
0.4735	0.5073	0.0000	0.0000
0.4745	0.5082	0.0000	0.0000
0.4755	0.5090	0.0000	0.0000
0.4765	0.5099	0.0000	0.0000
0.4775	0.5108	0.0000	0.0000
0.4785	0.5116	0.0000	0.0000
0.4795	0.5125	0.0000	0.0000
0.4805	0.5134	0.0000	0.0000
0.4815	0.5143	0.0000	0.0000
0.4825	0.5151	0.0000	0.0000
0.4835	0.5160	0.0000	0.0000
0.4845	0.5169	0.0000	0.0000
0.4855	0.5178	0.0000	0.0000
0.4865	0.5187	0.0000	0.0000
0.4875	0.5195	0.0000	0.0000
0.4885	0.5204	0.0000	0.0000
0.4895	0.5213	0.0000	0.0000
0.4905	0.5222	0.0000	0.0000
0.4915	0.5231	0.0000	0.0000
0.4925	0.5240	0.0000	0.0000
0.4935	0.5248	0.0000	0.0000
0.4945	0.5257	0.0000	0.0000
0.4955	0.5266	0.0000	0.0000
0.4965	0.5275	0.0000	0.0000
0.4975	0.5284	0.0000	0.0000
0.4985	0.5293	0.0000	0.0000
0.4995	0.5302	0.0000	0.0000
0.5005	0.5315	0.0000	0.0000
0.5015	0.5333	0.0000	0.0000
0.5025	0.5350	0.0000	0.0000
0.5035	0.5368	0.0000	0.0000
0.5045	0.5385	0.0000	0.0000
0.5055	0.5403	0.0000	0.0000
0.5065	0.5420	0.0000	0.0000
0.5075	0.5437	0.0000	0.0000
0.5085	0.5454	0.0000	0.0000
0.5095	0.5471	0.0000	0.0000
0.5105	0.5488	0.0000	0.0000
0.5115	0.5504	0.0000	0.0000
0.5125	0.5521	0.0000	0.0000
0.5135	0.5538	0.0000	0.0000
0.5145	0.5554	0.0000	0.0000
0.5155	0.5570	0.0000	0.0000
0.5165	0.5587	0.0000	0.0000
0.5175	0.5603	0.0000	0.0000
0.5185	0.5619	0.0000	0.0000
0.5195	0.5635	0.0000	0.0000
0.5205	0.5651	0.0000	0.0000
0.5215	0.5667	0.0000	0.0000
0.5225	0.5683	0.0000	0.0000
0.5235	0.5699	0.0000	0.0000
0.5245	0.5714	0.0000	0.0000
0.5255	0.5730	0.0000	0.0000
0.5265	0.5745	0.0000	0.0000
0.5275	0.5761	0.0000	0.0000
0.5285	0.5776	0.0000	0.0000
0.5295	0.5791	0.0000	0.0000
0.5305	0.5806	0.0000	0.0000
0.5315	0.5821	0.0000	0.0000
0.5325	0.5836	0.0000	0.0000
0.5335	0.5851	0.0000	0.0000
0.5345	0.5866	0.0000	0.0000
0.5355	0.5881	0.0000	0.0000
0.5365	0.5896	0.0000	0.0000
0.5375	0.5910	0.0000	0.0000
0.5385	0.5925	0.0000	0.0000
0.5395	0.5939	0.0000	0.0000
0.5405	0.5953	0.0000	0.0000
0.5415	0.5968	0.0000	0.0000
0.5425	0.5982	0.0000	0.0000
0.5435	0.5996	0.0000	0.0000
0.5445	0.6010	0.0000	0.0000
0.5455	0.6024	0.0000	0.0000
0.5465	0.6038	0.0000	0.0000
0.5475	0.6052	0.0000	0.0000
0.5485	0.6066	0.0000	0.0000
0.5495	0.6080	0.0000	0.0000
0.5506	0.6093	0.0000	0.0000
0.5516	0.6107	0.0000	0.0000
0.5526	0.6120	0.0000	0.0000
0.5536	0.6134	0.0000	0.0000
0.5546	0.6147	0.0000	0.0000
0.5556	0.6161	0.0000	0.0000
0.5566	0.6174	0.0000	0.0000
0.5576	0.6187	0.0000	0.0000
0.5586	0.6200	0.0000	0.0000
0.5596	0.6213	0.0000	0.0000
0.5606	0.6226	0.0000	0.0000
0.5616	0.6239	0.0000	0.0000
0.5626	0.6252	0.0000	0.0000
0.5636	0.6265	0.0000	0.0000
0.5646	0.6278	0.0000	0.0000
0.5656	0.6290	0.0000	0.0000
0.5666	0.6303	0.0000	0.0000
0.5676	0.6315	0.0000	0.0000
0.5686	0.6328	0.0000	0.0000
0.5696	0.6340	0.0000	0.0000
0.5706	0.6353	0.0000	0.0000
0.5716	0.6365	0.0000	0.0000
0.5726	0.6377	0.0000	0.0000
0.5736	0.6389	0.0000	0.0000
0.5746	0.6401	0.0000	0.0000
0.5756	0.6413	0.0000	0.0000
0.5766	0.6425	0.0000	0.0000
0.5776	0.6437	0.0000	0.0000
0.5786	0.6449	0.0000	0.0000
0.5796	0.6461	0.0000	0.0000
0.5806	0.6473	0.0000	0.0000
0.5816	0.6485	0.0000	0.0000
0.5826	0.6496	0.0000	0.0000
0.5836	0.6508	0.0000	0.0000
0.5846	0.6519	0.0000	0.0000
0.5856	0.6531	0.0000	0.0000
0.5866	0.6542	0.0000	0.0000
0.5876	0.6554	0.0000	0.0000
0.5886	0.6565	0.0000	0.0000
0.5896	0.6576	0.0000	0.0000
0.5906	0.6587	0.0000	0.0000
0.5916	0.6598	0.0000	0.0000
0.5926	0.6609	0.0000	0.0000
0.5936	0.6620	0.0000	0.0000
0.5946	0.6631	0.0000	0.0000
0.5956	0.6642	0.0000	0.0000
0.5966	0.6653	0.0000	0.0000
0.5976	0.6664	0.0000	0.0000
0.5986	0.6675	0.0000	0.0000
0.5996	0.6686	0.0000	0.0000
0.6006	0.6696	0.0000	0.0000
0.6016	0.6707	0.0000	0.0000
0.6026	0.6717	0.0000	0.0000
0.6036	0.6728	0.0000	0.0000
0.6046	0.6738	0.0000	0.0000
0.6056	0.6749	0.0000	0.0000
0.6066	0.6759	0.0000	0.0000
0.6076	0.6769	0.0000	0.0000
0.6086	0.6780	0.0000	0.0000
0.6096	0.6790	0.0000	0.0000
0.6106	0.6800	0.0000	0.0000
0.6116	0.6810	0.0000	0.0000
0.6126	0.6820	0.0000	0.0000
0.6136	0.6830	0.0000	0.0000
0.6146	0.6840	0.0000	0.0000
0.6156	0.6850	0.0000	0.0000
0.6166	0.6860	0.0000	0.0000
0.6176	0.6870	0.0000	0.0000
0.6186	0.6879	0.0000	0.0000
0.6196	0.6889	0.0000	0.0000
0.6206	0.6899	0.0000	0.0000
0.6216	0.6909	0.0000	0.0000
0.6226	0.6918	0.0000	0.0000
0.6236	0.6928	0.0000	0.0000
0.6246	0.6937	0.0000	0.0000
0.6256	0.6947	0.0000	0.0000
0.6266	0.6956	0.0000	0.0000
0.6276	0.6965	0.0000	0.0000
0.6286	0.6975	0.0000	0.0000
0.6296	0.6984	0.0000	0.0000
0.6306	0.6993	0.0000	0.0000
0.6316	0.7002	0.0000	0.0000
0.6326	0.7012	0.0000	0.0000
0.6336	0.7021	0.0000	0.0000
0.6346	0.7030	0.0000	0.0000
0.6356	0.7039	0.0000	0.0000
0.6366	0.7048	0.0000	0.0000
0.6376	0.7057	0.0000	0.0000
0.6386	0.7066	0.0000	0.0000
0.6396	0.7074	0.0000	0.0000
0.6406	0.7083	0.0000	0.0000
0.6416	0.7092	0.0000	0.0000
0.6426	0.7101	0.0000	0.0000
0.6436	0.7109	0.0000	0.0000
0.6446	0.7118	0.0000	0.0000
0.6456	0.7127	0.0000	0.0000
0.6466	0.7135	0.0000	0.0000
0.6476	0.7144	0.0000	0.0000
0.6486	0.7152	0.0000	0.0000
0.6496	0.7161	0.0000	0.0000
0.6507	0.7169	0.0000	0.0000
0.6517	0.7178	0.0000	0.0000
0.6527	0.7186	0.0000	0.0000
0.6537	0.7194	0.0000	0.0000
0.6547	0.7202	0.0000	0.0000
0.6557	0.7211	0.0000	0.0000
0.6567	0.7219	0.0000	0.0000
0.6577	0.7227	0.0000	0.0000
0.6587	0.7235	0.0000	0.0000
0.6597	0.7243	0.0000	0.0000
0.6607	0.7251	0.0000	0.0000
0.6617	0.7259	0.0000	0.0000
0.6627	0.7267	0.0000	0.0000
0.6637	0.7275	0.0000	0.0000
0.6647	0.7283	0.0000	0.0000
0.6657	0.7291	0.0000	0.0000
0.6667	0.7299	0.0000	0.0000
0.6677	0.7307	0.0000	0.0000
0.6687	0.7314	0.0000	0.0000
0.6697	0.7322	0.0000	0.0000
0.6707	0.7330	0.0000	0.0000
0.6717	0.7337	0.0000	0.0000
0.6727	0.7345	0.0000	0.0000
0.6737	0.7353	0.0000	0.0000
0.6747	0.7360	0.0000	0.0000
0.6757	0.7368	0.0000	0.0000
0.6767	0.7375	0.0000	0.0000
0.6777	0.7383	0.0000	0.0000
0.6787	0.7390	0.0000	0.0000
0.6797	0.7397	0.0000	0.0000
0.6807	0.7405	0.0000	0.0000
0.6817	0.7412	0.0000	0.0000
0.6827	0.7419	0.0000	0.0000
0.6837	0.7427	0.0000	0.0000
0.6847	0.7434	0.0000	0.0000
0.6857	0.7441	0.0000	0.0000
0.6867	0.7448	0.0000	0.0000
0.6877	0.7455	0.0000	0.0000
0.6887	0.7462	0.0000	0.0000
0.6897	0.7470	0.0000	0.0000
0.6907	0.7477	0.0000	0.0000
0.6917	0.7484	0.0000	0.0000
0.6927	0.7491	0.0000	0.0000
0.6937	0.7498	0.0000	0.0000
0.6947	0.7504	0.0000	0.0000
0.6957	0.7511	0.0000	0.0000
0.6967	0.7518	0.0000	0.0000
0.6977	0.7525	0.0000	0.0000
0.6987	0.7532	0.0000	0.0000
0.6997	0.7539	0.0000	0.0000
0.7007	0.7545	0.0000	0.0000
0.7017	0.7552	0.0000	0.0000
0.7027	0.7559	0.0000	0.0000
0.7037	0.7565	0.0000	0.0000
0.7047	0.7572	0.0000	0.0000
0.7057	0.7579	0.0000	0.0000
0.7067	0.7585	0.0000	0.0000
0.7077	0.7592	0.0000	0.0000
0.7087	0.7598	0.0000	0.0000
0.7097	0.7605	0.0000	0.0000
0.7107	0.7611	0.0000	0.0000
0.7117	0.7618	0.0000	0.0000
0.7127	0.7624	0.0000	0.0000
0.7137	0.7630	0.0000	0.0000
0.7147	0.7637	0.0000	0.0000
0.7157	0.7643	0.0000	0.0000
0.7167	0.7649	0.0000	0.0000
0.7177	0.7656	0.0000	0.0000
0.7187	0.7662	0.0000	0.0000
0.7197	0.7668	0.0000	0.0000
0.7207	0.7674	0.0000	0.0000
0.7217	0.7681	0.0000	0.0000
0.7227	0.7687	0.0000	0.0000
0.7237	0.7693	0.0000	0.0000
0.7247	0.7699	0.0000	0.0000
0.7257	0.7705	0.0000	0.0000
0.7267	0.7711	0.0000	0.0000
0.7277	0.7717	0.0000	0.0000
0.7287	0.7723	0.0000	0.0000
0.7297	0.7729	0.0000	0.0000
0.7307	0.7735	0.0000	0.0000
0.7317	0.7741	0.0000	0.0000
0.7327	0.7747	0.0000	0.0000
0.7337	0.7753	0.0000	0.0000
0.7347	0.7759	0.0000	0.0000
0.7357	0.7764	0.0000	0.0000
0.7367	0.7770	0.0000	0.0000
0.7377	0.7776	0.0000	0.0000
0.7387	0.7782	0.0000	0.0000
0.7397	0.7788	0.0000	0.0000
0.7407	0.7793	0.0000	0.0000
0.7417	0.7799	0.0000	0.0000
0.7427	0.7805	0.0000	0.0000
0.7437	0.7810	0.0000	0.0000
0.7447	0.7816	0.0000	0.0000
0.7457	0.7821	0.0000	0.0000
0.7467	0.7827	0.0000	0.0000
0.7477	0.7833	0.0000	0.0000
0.7487	0.7838	0.0000	0.0000
0.7497	0.7844	0.0000	0.0000
0.7508	0.7849	0.0000	0.0000
0.7518	0.7855	0.0000	0.0000
0.7528	0.7860	0.0000	0.0000
0.7538	0.7866	0.0000	0.0000
0.7548	0.7871	0.0000	0.0000
0.7558	0.7876	0.0000	0.0000
0.7568	0.7882	0.0000	0.0000
0.7578	0.7887	0.0000	0.0000
0.7588	0.7892	0.0000	0.0000
0.7598	0.7898	0.0000	0.0000
0.7608	0.7903	0.0000	0.0000
0.7618	0.7908	0.0000	0.0000
0.7628	0.7914	0.0000	0.0000
0.7638	0.7919	0.0000	0.0000
0.7648	0.7924	0.0000	0.0000
0.7658	0.7929	0.0000	0.0000
0.7668	0.7934	0.0000	0.0000
0.7678	0.7940	0.0000	0.0000
0.7688	0.7945	0.0000	0.0000
0.7698	0.7950	0.0000	0.0000
0.7708	0.7955	0.0000	0.0000
0.7718	0.7960	0.0000	0.0000
0.7728	0.7965	0.0000	0.0000
0.7738	0.7970	0.0000	0.0000
0.7748	0.7975	0.0000	0.0000
0.7758	0.7980	0.0000	0.0000
0.7768	0.7985	0.0000	0.0000
0.7778	0.7990	0.0000	0.0000
0.7788	0.7995	0.0000	0.0000
0.7798	0.8000	0.0000	0.0000
0.7808	0.8005	0.0000	0.0000
0.7818	0.8010	0.0000	0.0000
0.7828	0.8015	0.0000	0.0000
0.7838	0.8020	0.0000	0.0000
0.7848	0.8024	0.0000	0.0000
0.7858	0.8029	0.0000	0.0000
0.7868	0.8034	0.0000	0.0000
0.7878	0.8039	0.0000	0.0000
0.7888	0.8044	0.0000	0.0000
0.7898	0.8048	0.0000	0.0000
0.7908	0.8053	0.0000	0.0000
0.7918	0.8058	0.0000	0.0000
0.7928	0.8063	0.0000	0.0000
0.7938	0.8067	0.0000	0.0000
0.7948	0.8072	0.0000	0.0000
0.7958	0.8077	0.0000	0.0000
0.7968	0.8081	0.0000	0.0000
0.7978	0.8086	0.0000	0.0000
0.7988	0.8091	0.0000	0.0000
0.7998	0.8095	0.0000	0.0000
0.8008	0.8100	0.0000	0.0000
0.8018	0.8104	0.0000	0.0000
0.8028	0.8109	0.0000	0.0000
0.8038	0.8114	0.0000	0.0000
0.8048	0.8118	0.0000	0.0000
0.8058	0.8123	0.0000	0.0000
0.8068	0.8127	0.0000	0.0000
0.8078	0.8132	0.0000	0.0000
0.8088	0.8136	0.0000	0.0000
0.8098	0.8141	0.0000	0.0000
0.8108	0.8145	0.0000	0.0000
0.8118	0.8149	0.0000	0.0000
0.8128	0.8154	0.0000	0.0000
0.8138	0.8158	0.0000	0.0000
0.8148	0.8163	0.0000	0.0000
0.8158	0.8167	0.0000	0.0000
0.8168	0.8171	0.0000	0.0000
0.8178	0.8176	0.0000	0.0000
0.8188	0.8180	0.0000	0.0000
0.8198	0.8185	0.0000	0.0000
0.8208	0.8189	0.0000	0.0000
0.8218	0.8193	0.0000	0.0000
0.8228	0.8197	0.0000	0.0000
0.8238	0.8202	0.0000	0.0000
0.8248	0.8206	0.0000	0.0000
0.8258	0.8210	0.0000	0.0000
0.8268	0.8214	0.0000	0.0000
0.8278	0.8219	0.0000	0.0000
0.8288	0.8223	0.0000	0.0000
0.8298	0.8227	0.0000	0.0000
0.8308	0.8231	0.0000	0.0000
0.8318	0.8236	0.0000	0.0000
0.8328	0.8240	0.0000	0.0000
0.8338	0.8244	0.0000	0.0000
0.8348	0.8248	0.0000	0.0000
0.8358	0.8252	0.0000	0.0000
0.8368	0.8256	0.0000	0.0000
0.8378	0.8260	0.0000	0.0000
0.8388	0.8264	0.0000	0.0000
0.8398	0.8269	0.0000	0.0000
0.8408	0.8273	0.0000	0.0000
0.8418	0.8277	0.0000	0.0000
0.8428	0.8281	0.0000	0.0000
0.8438	0.8285	0.0000	0.0000
0.8448	0.8289	0.0000	0.0000
0.8458	0.8293	0.0000	0.0000
0.8468	0.8297	0.0000	0.0000
0.8478	0.8301	0.0000	0.0000
0.8488	0.8305	0.0000	0.0000
0.8498	0.8309	0.0000	0.0000
0.8509	0.8313	0.0000	0.0000
0.8519	0.8317	0.0000	0.0000
0.8529	0.8321	0.0000	0.0000
0.8539	0.8325	0.0000	0.0000
0.8549	0.8329	0.0000	0.0000
0.8559	0.8333	0.0000	0.0000
0.8569	0.8337	0.0000	0.0000
0.8579	0.8340	0.0000	0.0000
0.8589	0.8344	0.0000	0.0000
0.8599	0.8348	0.0000	0.0000
0.8609	0.8352	0.0000	0.0000
0.8619	0.8356	0.0000	0.0000
0.8629	0.8360	0.0000	0.0000
0.8639	0.8364	0.0000	0.0000
0.8649	0.8368	0.0000	0.0000
0.8659	0.8371	0.0000	0.0000
0.8669	0.8375	0.0000	0.0000
0.8679	0.8379	0.0000	0.0000
0.8689	0.8383	0.0000	0.0000
0.8699	0.8387	0.0000	0.0000
0.8709	0.8391	0.0000	0.0000
0.8719	0.8394	0.0000	0.0000
0.8729	0.8398	0.0000	0.0000
0.8739	0.8402	0.0000	0.0000
0.8749	0.8406	0.0000	0.0000
0.8759	0.8409	0.0000	0.0000
0.8769	0.8413	0.0000	0.0000
0.8779	0.8417	0.0000	0.0000
0.8789	0.8421	0.0000	0.0000
0.8799	0.8424	0.0000	0.0000
0.8809	0.8428	0.0000	0.0000
0.8819	0.8432	0.0000	0.0000
0.8829	0.8436	0.0000	0.0000
0.8839	0.8439	0.0000	0.0000
0.8849	0.8443	0.0000	0.0000
0.8859	0.8447	0.0000	0.0000
0.8869	0.8450	0.0000	0.0000
0.8879	0.8454	0.0000	0.0000
0.8889	0.8458	0.0000	0.0000
0.8899	0.8461	0.0000	0.0000
0.8909	0.8465	0.0000	0.0000
0.8919	0.8469	0.0000	0.0000
0.8929	0.8472	0.0000	0.0000
0.8939	0.8476	0.0000	0.0000
0.8949	0.8480	0.0000	0.0000
0.8959	0.8483	0.0000	0.0000
0.8969	0.8487	0.0000	0.0000
0.8979	0.8490	0.0000	0.0000
0.8989	0.8494	0.0000	0.0000
0.8999	0.8498	0.0000	0.0000
0.9009	0.8501	0.0000	0.0000
0.9019	0.8505	0.0000	0.0000
0.9029	0.8508	0.0000	0.0000
0.9039	0.8512	0.0000	0.0000
0.9049	0.8516	0.0000	0.0000
0.9059	0.8519	0.0000	0.0000
0.9069	0.8523	0.0000	0.0000
0.9079	0.8526	0.0000	0.0000
0.9089	0.8530	0.0000	0.0000
0.9099	0.8534	0.0000	0.0000
0.9109	0.8537	0.0000	0.0000
0.9119	0.8541	0.0000	0.0000
0.9129	0.8544	0.0000	0.0000
0.9139	0.8548	0.0000	0.0000
0.9149	0.8551	0.0000	0.0000
0.9159	0.8555	0.0000	0.0000
0.9169	0.8558	0.0000	0.0000
0.9179	0.8562	0.0000	0.0000
0.9189	0.8565	0.0000	0.0000
0.9199	0.8569	0.0000	0.0000
0.9209	0.8572	0.0000	0.0000
0.9219	0.8576	0.0000	0.0000
0.9229	0.8580	0.0000	0.0000
0.9239	0.8583	0.0000	0.0000
0.9249	0.8587	0.0000	0.0000
0.9259	0.8590	0.0000	0.0000
0.9269	0.8594	0.0000	0.0000
0.9279	0.8597	0.0000	0.0000
0.9289	0.8601	0.0000	0.0000
0.9299	0.8604	0.0000	0.0000
0.9309	0.8608	0.0000	0.0000
0.9319	0.8611	0.0000	0.0000
0.9329	0.8615	0.0000	0.0000
0.9339	0.8618	0.0000	0.0000
0.9349	0.8622	0.0000	0.0000
0.9359	0.8625	0.0000	0.0000
0.9369	0.8628	0.0000	0.0000
0.9379	0.8632	0.0000	0.0000
0.9389	0.8635	0.0000	0.0000
0.9399	0.8639	0.0000	0.0000
0.9409	0.8642	0.0000	0.0000
0.9419	0.8646	0.0000	0.0000
0.9429	0.8649	0.0000	0.0000
0.9439	0.8653	0.0000	0.0000
0.9449	0.8656	0.0000	0.0000
0.9459	0.8660	0.0000	0.0000
0.9469	0.8663	0.0000	0.0000
0.9479	0.8667	0.0000	0.0000
0.9489	0.8670	0.0000	0.0000
0.9499	0.8674	0.0000	0.0000
0.9510	0.8677	0.0000	0.0000
0.9520	0.8681	0.0000	0.0000
0.9530	0.8684	0.0000	0.0000
0.9540	0.8688	0.0000	0.0000
0.9550	0.8691	0.0000	0.0000
0.9560	0.8694	0.0000	0.0000
0.9570	0.8698	0.0000	0.0000
0.9580	0.8701	0.0000	0.0000
0.9590	0.8705	0.0000	0.0000
0.9600	0.8708	0.0000	0.0000
0.9610	0.8712	0.0000	0.0000
0.9620	0.8715	0.0000	0.0000
0.9630	0.8719	0.0000	0.0000
0.9640	0.8722	0.0000	0.0000
0.9650	0.8726	0.0000	0.0000
0.9660	0.8729	0.0000	0.0000
0.9670	0.8733	0.0000	0.0000
0.9680	0.8736	0.0000	0.0000
0.9690	0.8740	0.0000	0.0000
0.9700	0.8743	0.0000	0.0000
0.9710	0.8747	0.0000	0.0000
0.9720	0.8750	0.0000	0.0000
0.9730	0.8754	0.0000	0.0000
0.9740	0.8757	0.0000	0.0000
0.9750	0.8761	0.0000	0.0000
0.9760	0.8764	0.0000	0.0000
0.9770	0.8768	0.0000	0.0000
0.9780	0.8771	0.0000	0.0000
0.9790	0.8775	0.0000	0.0000
0.9800	0.8778	0.0000	0.0000
0.9810	0.8782	0.0000	0.0000
0.9820	0.8785	0.0000	0.0000
0.9830	0.8789	0.0000	0.0000
0.9840	0.8792	0.0000	0.0000
0.9850	0.8796	0.0000	0.0000
0.9860	0.8799	0.0000	0.0000
0.9870	0.8803	0.0000	0.0000
0.9880	0.8807	0.0000	0.0000
0.9890	0.8810	0.0000	0.0000
0.9900	0.8814	0.0000	0.0000
0.9910	0.8817	0.0000	0.0000
0.9920	0.8821	0.0000	0.0000
0.9930	0.8824	0.0000	0.0000
0.9940	0.8828	0.0000	0.0000
0.9950	0.8832	0.0000	0.0000
0.9960	0.8835	0.0000	0.0000
0.9970	0.8839	0.0000	0.0000
0.9980	0.8843	0.0000	0.0000
0.9990	0.8846	0.0000	0.0000
1.0000	0.8850	0.0000	0.0000
0.8178
