0.0000	0.1201	0.0000	0.0000
0.0010	0.1209	0.0000	0.0000
0.0020	0.1218	0.0000	0.0000
0.0030	0.1227	0.0000	0.0000
0.0040	0.1235	0.0000	0.0000
0.0050	0.1244	0.0000	0.0000
0.0060	0.1253	0.0000	0.0000
0.0070	0.1262	0.0000	0.0000
0.0080	0.1270	0.0000	0.0000
0.0090	0.1279	0.0000	0.0000
0.0100	0.1288	0.0000	0.0000
0.0110	0.1296	0.0000	0.0000
0.0120	0.1305	0.0000	0.0000
0.0130	0.1314	0.0000	0.0000
0.0140	0.1322	0.0000	0.0000
0.0150	0.1331	0.0000	0.0000
0.0160	0.1340	0.0000	0.0000
0.0170	0.1348	0.0000	0.0000
0.0180	0.1357	0.0000	0.0000
0.0190	0.1366	0.0000	0.0000
0.0200	0.1374	0.0000	0.0000
0.0210	0.1383	0.0000	0.0000
0.0220	0.1392	0.0000	0.0000
0.0230	0.1400	0.0000	0.0000
0.0240	0.1409	0.0000	0.0000
0.0250	0.1418	0.0000	0.0000
0.0260	0.1426	0.0000	0.0000
0.0270	0.1435	0.0000	0.0000
0.0280	0.1444	0.0000	0.0000
0.0290	0.1452	0.0000	0.0000
0.0300	0.1461	0.0000	0.0000
0.0310	0.1469	0.0000	0.0000
0.0320	0.1478	0.0000	0.0000
0.0330	0.1487	0.0000	0.0000
0.0340	0.1495	0.0000	0.0000
0.0350	0.1504	0.0000	0.0000
0.0360	0.1513	0.0000	0.0000
0.0370	0.1521	0.0000	0.0000
0.0380	0.1530	0.0000	0.0000
0.0390	0.1538	0.0000	0.0000
0.0400	0.1547	0.0000	0.0000
0.0410	0.1556	0.0000	0.0000
0.0420	0.1564	0.0000	0.0000
0.0430	0.1573	0.0000	0.0000
0.0440	0.1581	0.0000	0.0000
0.0450	0.1590	0.0000	0.0000
0.0460	0.1599	0.0000	0.0000
0.0470	0.1607	0.0000	0.0000
0.0480	0.1616	0.0000	0.0000
0.0490	0.1624	0.0000	0.0000
0.0501	0.1633	0.0000	0.0000
0.0511	0.1642	0.0000	0.0000
0.0521	0.1650	0.0000	0.0000
0.0531	0.1659	0.0000	0.0000
0.0541	0.1667	0.0000	0.0000
0.0551	0.1676	0.0000	0.0000
0.0561	0.1684	0.0000	0.0000
0.0571	0.1693	0.0000	0.0000
0.0581	0.1702	0.0000	0.0000
0.0591	0.1710	0.0000	0.0000
0.0601	0.1719	0.0000	0.0000
0.0611	0.1727	0.0000	0.0000
0.0621	0.1736	0.0000	0.0000
0.0631	0.1744	0.0000	0.0000
0.0641	0.1753	0.0000	0.0000
0.0651	0.1761	0.0000	0.0000
0.0661	0.1770	0.0000	0.0000
0.0671	0.1778	0.0000	0.0000
0.0681	0.1787	0.0000	0.0000
0.0691	0.1795	0.0000	0.0000
0.0701	0.1804	0.0000	0.0000
0.0711	0.1813	0.0000	0.0000
0.0721	0.1821	0.0000	0.0000
0.0731	0.1830	0.0000	0.0000
0.0741	0.1838	0.0000	0.0000
0.0751	0.1847	0.0000	0.0000
0.0761	0.1855	0.0000	0.0000
0.0771	0.1864	0.0000	0.0000
0.0781	0.1872	0.0000	0.0000
0.0791	0.1881	0.0000	0.0000
0.0801	0.1889	0.0000	0.0000
0.0811	0.1898	0.0000	0.0000
0.0821	0.1906	0.0000	0.0000
0.0831	0.1915	0.0000	0.0000
0.0841	0.1923	0.0000	0.0000
0.0851	0.1932	0.0000	0.0000
0.0861	0.1940	0.0000	0.0000
0.0871	0.1949	0.0000	0.0000
0.0881	0.1957	0.0000	0.0000
0.0891	0.1965	0.0000	0.0000
0.0901	0.1974	0.0000	0.0000
0.0911	0.1982	0.0000	0.0000
0.0921	0.1991	0.0000	0.0000
0.0931	0.1999	0.0000	0.0000
0.0941	0.2008	0.0000	0.0000
0.0951	0.2016	0.0000	0.0000
0.0961	0.2025	0.0000	0.0000
0.0971	0.2033	0.0000	0.0000
0.0981	0.2042	0.0000	0.0000
0.0991	0.2050	0.0000	0.0000
0.1001	0.2059	0.0000	0.0000
0.1011	0.2067	0.0000	0.0000
0.1021	0.2075	0.0000	0.0000
0.1031	0.2084	0.0000	0.0000
0.1041	0.2092	0.0000	0.0000
0.1051	0.2101	0.0000	0.0000
0.1061	0.2109	0.0000	0.0000
0.1071	0.2118	0.0000	0.0000
0.1081	0.2126	0.0000	0.0000
0.1091	0.2134	0.0000	0.0000
0.1101	0.2143	0.0000	0.0000
0.1111	0.2151	0.0000	0.0000
0.1121	0.2160	0.0000	0.0000
0.1131	0.2168	0.0000	0.0000
0.1141	0.2176	0.0000	0.0000
0.1151	0.2185	0.0000	0.0000
0.1161	0.2193	0.0000	0.0000
0.1171	0.2202	0.0000	0.0000
0.1181	0.2210	0.0000	0.0000
0.1191	0.2218	0.0000	0.0000
0.1201	0.2227	0.0000	0.0000
0.1211	0.2235	0.0000	0.0000
0.1221	0.2244	0.0000	0.0000
0.1231	0.2252	0.0000	0.0000
0.1241	0.2260	0.0000	0.0000
0.1251	0.2269	0.0000	0.0000
0.1261	0.2277	0.0000	0.0000
0.1271	0.2286	0.0000	0.0000
0.1281	0.2294	0.0000	0.0000
0.1291	0.2302	0.0000	0.0000
0.1301	0.2311	0.0000	0.0000
0.1311	0.2319	0.0000	0.0000
0.1321	0.2327	0.0000	0.0000
0.1331	0.2336	0.0000	0.0000
0.1341	0.2344	0.0000	0.0000
0.1351	0.2352	0.0000	0.0000
0.1361	0.2361	0.0000	0.0000
0.1371	0.2369	0.0000	0.0000
0.1381	0.2377	0.0000	0.0000
0.1391	0.2386	0.0000	0.0000
0.1401	0.2394	0.0000	0.0000
0.1411	0.2402	0.0000	0.0000
0.1421	0.2411	0.0000	0.0000
0.1431	0.2419	0.0000	0.0000
0.1441	0.2427	0.0000	0.0000
0.1451	0.2436	0.0000	0.0000
0.1461	0.2444	0.0000	0.0000
0.1471	0.2452	0.0000	0.0000
0.1481	0.2461	0.0000	0.0000
0.1491	0.2469	0.0000	0.0000
0.1502	0.2477	0.0000	0.0000
0.1512	0.2486	0.0000	0.0000
0.1522	0.2494	0.0000	0.0000
0.1532	0.2502	0.0000	0.0000
0.1542	0.2511	0.0000	0.0000
0.1552	0.2519	0.0000	0.0000
0.1562	0.2527	0.0000	0.0000
0.1572	0.2536	0.0000	0.0000
0.1582	0.2544	0.0000	0.0000
0.1592	0.2552	0.0000	0.0000
0.1602	0.2560	0.0000	0.0000
0.1612	0.2569	0.0000	0.0000
0.1622	0.2577	0.0000	0.0000
0.1632	0.2585	0.0000	0.0000
0.1642	0.2594	0.0000	0.0000
0.1652	0.2602	0.0000	0.0000
0.1662	0.2610	0.0000	0.0000
0.1672	0.2618	0.0000	0.0000
0.1682	0.2627	0.0000	0.0000
0.1692	0.2635	0.0000	0.0000
0.1702	0.2643	0.0000	0.0000
0.1712	0.2651	0.0000	0.0000
0.1722	0.2660	0.0000	0.0000
0.1732	0.2668	0.0000	0.0000
0.1742	0.2676	0.0000	0.0000
0.1752	0.2684	0.0000	0.0000
0.1762	0.2693	0.0000	0.0000
0.1772	0.2701	0.0000	0.0000
0.1782	0.2709	0.0000	0.0000
0.1792	0.2717	0.0000	0.0000
0.1802	0.2726	0.0000	0.0000
0.1812	0.2734	0.0000	0.0000
0.1822	0.2742	0.0000	0.0000
0.1832	0.2750	0.0000	0.0000
0.1842	0.2759	0.0000	0.0000
0.1852	0.2767	0.0000	0.0000
0.1862	0.2775	0.0000	0.0000
0.1872	0.2783	0.0000	0.0000
0.1882	0.2792	0.0000	0.0000
0.1892	0.2800	0.0000	0.0000
0.1902	0.2808	0.0000	0.0000
0.1912	0.2816	0.0000	0.0000
0.1922	0.2824	0.0000	0.0000
0.1932	0.2833	0.0000	0.0000
0.1942	0.2841	0.0000	0.0000
0.1952	0.2849	0.0000	0.0000
0.1962	0.2857	0.0000	0.0000
0.1972	0.2865	0.0000	0.0000
0.1982	0.2874	0.0000	0.0000
0.1992	0.2882	0.0000	0.0000
0.2002	0.2890	0.0000	0.0000
0.2012	0.2898	0.0000	0.0000
0.2022	0.2906	0.0000	0.0000
0.2032	0.2915	0.0000	0.0000
0.2042	0.2923	0.0000	0.0000
0.2052	0.2931	0.0000	0.0000
0.2062	0.2939	0.0000	0.0000
0.2072	0.2947	0.0000	0.0000
0.2082	0.2956	0.0000	0.0000
0.2092	0.2964	0.0000	0.0000
0.2102	0.2972	0.0000	0.0000
0.2112	0.2980	0.0000	0.0000
0.2122	0.2988	0.0000	0.0000
0.2132	0.2996	0.0000	0.0000
0.2142	0.3005	0.0000	0.0000
0.2152	0.3013	0.0000	0.0000
0.2162	0.3021	0.0000	0.0000
0.2172	0.3029	0.0000	0.0000
0.2182	0.3037	0.0000	0.0000
0.2192	0.3045	0.0000	0.0000
0.2202	0.3054	0.0000	0.0000
0.2212	0.3062	0.0000	0.0000
0.2222	0.3070	0.0000	0.0000
0.2232	0.3078	0.0000	0.0000
0.2242	0.3086	0.0000	0.0000
0.2252	0.3094	0.0000	0.0000
0.2262	0.3103	0.0000	0.0000
0.2272	0.3111	0.0000	0.0000
0.2282	0.3119	0.0000	0.0000
0.2292	0.3127	0.0000	0.0000
0.2302	0.3135	0.0000	0.0000
0.2312	0.3143	0.0000	0.0000
0.2322	0.3151	0.0000	0.0000
0.2332	0.3160	0.0000	0.0000
0.2342	0.3168	0.0000	0.0000
0.2352	0.3176	0.0000	0.0000
0.2362	0.3184	0.0000	0.0000
0.2372	0.3192	0.0000	0.0000
0.2382	0.3200	0.0000	0.0000
0.2392	0.3208	0.0000	0.0000
0.2402	0.3216	0.0000	0.0000
0.2412	0.3225	0.0000	0.0000
0.2422	0.3233	0.0000	0.0000
0.2432	0.3241	0.0000	0.0000
0.2442	0.3249	0.0000	0.0000
0.2452	0.3257	0.0000	0.0000
0.2462	0.3265	0.0000	0.0000
0.2472	0.3273	0.0000	0.0000
0.2482	0.3281	0.0000	0.0000
0.2492	0.3290	0.0000	0.0000
0.2503	0.3298	0.0000	0.0000
0.2513	0.3306	0.0000	0.0000
0.2523	0.3314	0.0000	0.0000
0.2533	0.3322	0.0000	0.0000
0.2543	0.3330	0.0000	0.0000
0.2553	0.3338	0.0000	0.0000
0.2563	0.3346	0.0000	0.0000
0.2573	0.3354	0.0000	0.0000
0.2583	0.3362	0.0000	0.0000
0.2593	0.3371	0.0000	0.0000
0.2603	0.3379	0.0000	0.0000
0.2613	0.3387	0.0000	0.0000
0.2623	0.3395	0.0000	0.0000
0.2633	0.3403	0.0000	0.0000
0.2643	0.3411	0.0000	0.0000
0.2653	0.3419	0.0000	0.0000
0.2663	0.3427	0.0000	0.0000
0.2673	0.3435	0.0000	0.0000
0.2683	0.3443	0.0000	0.0000
0.2693	0.3451	0.0000	0.0000
0.2703	0.3459	0.0000	0.0000
0.2713	0.3468	0.0000	0.0000
0.2723	0.3476	0.0000	0.0000
0.2733	0.3484	0.0000	0.0000
0.2743	0.3492	0.0000	0.0000
0.2753	0.3500	0.0000	0.0000
0.2763	0.3508	0.0000	0.0000
0.2773	0.3516	0.0000	0.0000
0.2783	0.3524	0.0000	0.0000
0.2793	0.3532	0.0000	0.0000
0.2803	0.3540	0.0000	0.0000
0.2813	0.3548	0.0000	0.0000
0.2823	0.3556	0.0000	0.0000
0.2833	0.3564	0.0000	0.0000
0.2843	0.3573	0.0000	0.0000
0.2853	0.3581	0.0000	0.0000
0.2863	0.3589	0.0000	0.0000
0.2873	0.3597	0.0000	0.0000
0.2883	0.3605	0.0000	0.0000
0.2893	0.3613	0.0000	0.0000
0.2903	0.3621	0.0000	0.0000
0.2913	0.3629	0.0000	0.0000
0.2923	0.3637	0.0000	0.0000
0.2933	0.3645	0.0000	0.0000
0.2943	0.3653	0.0000	0.0000
0.2953	0.3661	0.0000	0.0000
0.2963	0.3669	0.0000	0.0000
0.2973	0.3677	0.0000	0.0000
0.2983	0.3685	0.0000	0.0000
0.2993	0.3693	0.0000	0.0000
0.3003	0.3701	0.0000	0.0000
0.3013	0.3710	0.0000	0.0000
0.3023	0.3718	0.0000	0.0000
0.3033	0.3726	0.0000	0.0000
0.3043	0.3734	0.0000	0.0000
0.3053	0.3742	0.0000	0.0000
0.3063	0.3750	0.0000	0.0000
0.3073	0.3758	0.0000	0.0000
0.3083	0.3766	0.0000	0.0000
0.3093	0.3774	0.0000	0.0000
0.3103	0.3782	0.0000	0.0000
0.3113	0.3790	0.0000	0.0000
0.3123	0.3798	0.0000	0.0000
0.3133	0.3806	0.0000	0.0000
0.3143	0.3814	0.0000	0.0000
0.3153	0.3822	0.0000	0.0000
0.3163	0.3830	0.0000	0.0000
0.3173	0.3838	0.0000	0.0000
0.3183	0.3846	0.0000	0.0000
0.3193	0.3854	0.0000	0.0000
0.3203	0.3862	0.0000	0.0000
0.3213	0.3871	0.0000	0.0000
0.3223	0.3879	0.0000	0.0000
0.3233	0.3887	0.0000	0.0000
0.3243	0.3895	0.0000	0.0000
0.3253	0.3903	0.0000	0.0000
0.3263	0.3911	0.0000	0.0000
0.3273	0.3919	0.0000	0.0000
0.3283	0.3927	0.0000	0.0000
0.3293	0.3935	0.0000	0.0000
0.3303	0.3943	0.0000	0.0000
0.3313	0.3951	0.0000	0.0000
0.3323	0.3959	0.0000	0.0000
0.3333	0.3967	0.0000	0.0000
0.3343	0.3975	0.0000	0.0000
0.3353	0.3983	0.0000	0.0000
0.3363	0.3991	0.0000	0.0000
0.3373	0.3999	0.0000	0.0000
0.3383	0.4007	0.0000	0.0000
0.3393	0.4015	0.0000	0.0000
0.3403	0.4023	0.0000	0.0000
0.3413	0.4031	0.0000	0.0000
0.3423	0.4040	0.0000	0.0000
0.3433	0.4048	0.0000	0.0000
0.3443	0.4056	0.0000	0.0000
0.3453	0.4064	0.0000	0.0000
0.3463	0.4072	0.0000	0.0000
0.3473	0.4080	0.0000	0.0000
0.3483	0.4088	0.0000	0.0000
0.3493	0.4096	0.0000	0.0000
0.3504	0.4104	0.0000	0.0000
0.3514	0.4112	0.0000	0.0000
0.3524	0.4120	0.0000	0.0000
0.3534	0.4128	0.0000	0.0000
0.3544	0.4136	0.0000	0.0000
0.3554	0.4144	0.0000	0.0000
0.3564	0.4152	0.0000	0.0000
0.3574	0.4160	0.0000	0.0000
0.3584	0.4168	0.0000	0.0000
0.3594	0.4176	0.0000	0.0000
0.3604	0.4185	0.0000	0.0000
0.3614	0.4193	0.0000	0.0000
0.3624	0.4201	0.0000	0.0000
0.3634	0.4209	0.0000	0.0000
0.3644	0.4217	0.0000	0.0000
0.3654	0.4225	0.0000	0.0000
0.3664	0.4233	0.0000	0.0000
0.3674	0.4241	0.0000	0.0000
0.3684	0.4249	0.0000	0.0000
0.3694	0.4257	0.0000	0.0000
0.3704	0.4265	0.0000	0.0000
0.3714	0.4273	0.0000	0.0000
0.3724	0.4281	0.0000	0.0000
0.3734	0.4289	0.0000	0.0000
0.3744	0.4298	0.0000	0.0000
0.3754	0.4306	0.0000	0.0000
0.3764	0.4314	0.0000	0.0000
0.3774	0.4322	0.0000	0.0000
0.3784	0.4330	0.0000	0.0000
0.3794	0.4338	0.0000	0.0000
0.3804	0.4346	0.0000	0.0000
0.3814	0.4354	0.0000	0.0000
0.3824	0.4362	0.0000	0.0000
0.3834	0.4370	0.0000	0.0000
0.3844	0.4378	0.0000	0.0000
0.3854	0.4387	0.0000	0.0000
0.3864	0.4395	0.0000	0.0000
0.3874	0.4403	0.0000	0.0000
0.3884	0.4411	0.0000	0.0000
0.3894	0.4419	0.0000	0.0000
0.3904	0.4427	0.0000	0.0000
0.3914	0.4435	0.0000	0.0000
0.3924	0.4443	0.0000	0.0000
0.3934	0.4451	0.0000	0.0000
0.3944	0.4460	0.0000	0.0000
0.3954	0.4468	0.0000	0.0000
0.3964	0.4476	0.0000	0.0000
0.3974	0.4484	0.0000	0.0000
0.3984	0.4492	0.0000	0.0000
0.3994	0.4500	0.0000	0.0000
0.4004	0.4508	0.0000	0.0000
0.4014	0.4516	0.0000	0.0000
0.4024	0.4525	0.0000	0.0000
0.4034	0.4533	0.0000	0.0000
0.4044	0.4541	0.0000	0.0000
0.4054	0.4549	0.0000	0.0000
0.4064	0.4557	0.0000	0.0000
0.4074	0.4565	0.0000	0.0000
0.4084	0.4574	0.0000	0.0000
0.4094	0.4582	0.0000	0.0000
0.4104	0.4590	0.0000	0.0000
0.4114	0.4598	0.0000	0.0000
0.4124	0.4606	0.0000	0.0000
0.4134	0.4614	0.0000	0.0000
0.4144	0.4623	0.0000	0.0000
0.4154	0.4631	0.0000	0.0000
0.4164	0.4639	0.0000	0.0000
0.4174	0.4647	0.0000	0.0000
0.4184	0.4655	0.0000	0.0000
0.4194	0.4664	0.0000	0.0000
0.4204	0.4672	0.0000	0.0000
0.4214	0.4680	0.0000	0.0000
0.4224	0.4688	0.0000	0.0000
0.4234	0.4696	0.0000	0.0000
0.4244	0.4705	0.0000	0.0000
0.4254	0.4713	0.0000	0.0000
0.4264	0.4721	0.0000	0.0000
0.4274	0.4729	0.0000	0.0000
0.4284	0.4737	0.0000	0.0000
0.4294	0.4746	0.0000	0.0000
0.4304	0.4754	0.0000	0.0000
0.4314	0.4762	0.0000	0.0000
0.4324	0.4770	0.0000	0.0000
0.4334	0.4779	0.0000	0.0000
0.4344	0.4787	0.0000	0.0000
0.4354	0.4795	0.0000	0.0000
0.4364	0.4803	0.0000	0.0000
0.4374	0.4812	0.0000	0.0000
0.4384	0.4820	0.0000	0.0000
0.4394	0.4828	0.0000	0.0000
0.4404	0.4837	0.0000	0.0000
0.4414	0.4845	0.0000	0.0000
0.4424	0.4853	0.0000	0.0000
0.4434	0.4861	0.0000	0.0000
0.4444	0.4870	0.0000	0.0000
0.4454	0.4878	0.0000	0.0000
0.4464	0.4886	0.0000	0.0000
0.4474	0.4895	0.0000	0.0000
0.4484	0.4903	0.0000	0.0000
0.4494	0.4911	0.0000	0.0000
0.4505	0.4920	0.0000	0.0000
0.4515	0.4928	0.0000	0.0000
0.4525	0.4936	0.0000	0.0000
0.4535	0.4945	0.0000	0.0000
0.4545	0.4953	0.0000	0.0000
0.4555	0.4962	0.0000	0.0000
0.4565	0.4970	0.0000	0.0000
0.4575	0.4978	0.0000	0.0000
0.4585	0.4987	0.0000	0.0000
0.4595	0.4995	0.0000	0.0000
0.4605	0.5003	0.0000	0.0000
0.4615	0.5012	0.0000	0.0000
0.4625	0.5020	0.0000	0.0000
0.4635	0.5029	0.0000	0.0000
0.4645	0.5037	0.0000	0.0000
0.4655	0.5046	0.0000	0.0000
0.4665	0.5054	0.0000	0.0000
0.4675	0.5062	0.0000	0.0000
0.4685	0.5071	0.0000	0.0000
0.4695	0.5079	0.0000	0.0000
0.4705	0.5088	0.0000	0.0000
0.4715	0.5096	0.0000	0.0000
0.4725	0.5105	0.0000	0.0000
0.4735	0.5113	0.0000	0.0000
0.4745	0.5122	0.0000	0.0000
0.4755	0.5130	0.0000	0.0000
0.4765	0.5139	0.0000	0.0000
0.4775	0.5147	0.0000	0.0000
0.4785	0.5156	0.0000	0.0000
0.4795	0.5164	0.0000	0.0000
0.4805	0.5173	0.0000	0.0000
0.4815	0.5181	0.0000	0.0000
0.4825	0.5190	0.0000	0.0000
0.4835	0.5199	0.0000	0.0000
0.4845	0.5207	0.0000	0.0000
0.4855	0.5216	0.0000	0.0000
0.4865	0.5224	0.0000	0.0000
0.4875	0.5233	0.0000	0.0000
0.4885	0.5242	0.0000	0.0000
0.4895	0.5250	0.0000	0.0000
0.4905	0.5259	0.0000	0.0000
0.4915	0.5267	0.0000	0.0000
0.4925	0.5276	0.0000	0.0000
0.4935	0.5285	0.0000	0.0000
0.4945	0.5293	0.0000	0.0000
0.4955	0.5302	0.0000	0.0000
0.4965	0.5311	0.0000	0.0000
0.4975	0.5319	0.0000	0.0000
0.4985	0.5328	0.0000	0.0000
0.4995	0.5337	0.0000	0.0000
0.5005	0.5350	0.0000	0.0000
0.5015	0.5367	0.0000	0.0000
0.5025	0.5384	0.0000	0.0000
0.5035	0.5401	0.0000	0.0000
0.5045	0.5418	0.0000	0.0000
0.5055	0.5435	0.0000	0.0000
0.5065	0.5452	0.0000	0.0000
0.5075	0.5469	0.0000	0.0000
0.5085	0.5486	0.0000	0.0000
0.5095	0.5502	0.0000	0.0000
0.5105	0.5519	0.0000	0.0000
0.5115	0.5535	0.0000	0.0000
0.5125	0.5551	0.0000	0.0000
0.5135	0.5567	0.0000	0.0000
0.5145	0.5584	0.0000	0.0000
0.5155	0.5600	0.0000	0.0000
0.5165	0.5616	0.0000	0.0000
0.5175	0.5631	0.0000	0.0000
0.5185	0.5647	0.0000	0.0000
0.5195	0.5663	0.0000	0.0000
0.5205	0.5678	0.0000	0.0000
0.5215	0.5694	0.0000	0.0000
0.5225	0.5709	0.0000	0.0000
0.5235	0.5725	0.0000	0.0000
0.5245	0.5740	0.0000	0.0000
0.5255	0.5755	0.0000	0.0000
0.5265	0.5770	0.0000	0.0000
0.5275	0.5785	0.0000	0.0000
0.5285	0.5800	0.0000	0.0000
0.5295	0.5815	0.0000	0.0000
0.5305	0.5830	0.0000	0.0000
0.5315	0.5845	0.0000	0.0000
0.5325	0.5859	0.0000	0.0000
0.5335	0.5874	0.0000	0.0000
0.5345	0.5889	0.0000	0.0000
0.5355	0.5903	0.0000	0.0000
0.5365	0.5917	0.0000	0.0000
0.5375	0.5932	0.0000	0.0000
0.5385	0.5946	0.0000	0.0000
0.5395	0.5960	0.0000	0.0000
0.5405	0.5974	0.0000	0.0000
0.5415	0.5988	0.0000	0.0000
0.5425	0.6002	0.0000	0.0000
0.5435	0.6016	0.0000	0.0000
0.5445	0.6029	0.0000	0.0000
0.5455	0.6043	0.0000	0.0000
0.5465	0.6057	0.0000	0.0000
0.5475	0.6070	0.0000	0.0000
0.5485	0.6084	0.0000	0.0000
0.5495	0.6097	0.0000	0.0000
0.5506	0.6110	0.0000	0.0000
0.5516	0.6124	0.0000	0.0000
0.5526	0.6137	0.0000	0.0000
0.5536	0.6150	0.0000	0.0000
0.5546	0.6163	0.0000	0.0000
0.5556	0.6176	0.0000	0.0000
0.5566	0.6189	0.0000	0.0000
0.5576	0.6202	0.0000	0.0000
0.5586	0.6215	0.0000	0.0000
0.5596	0.6227	0.0000	0.0000
0.5606	0.6240	0.0000	0.0000
0.5616	0.6253	0.0000	0.0000
0.5626	0.6265	0.0000	0.0000
0.5636	0.6278	0.0000	0.0000
0.5646	0.6290	0.0000	0.0000
0.5656	0.6303	0.0000	0.0000
0.5666	0.6315	0.0000	0.0000
0.5676	0.6327	0.0000	0.0000
0.5686	0.6339	0.0000	0.0000
0.5696	0.6351	0.0000	0.0000
0.5706	0.6363	0.0000	0.0000
0.5716	0.6375	0.0000	0.0000
0.5726	0.6387	0.0000	0.0000
0.5736	0.6399	0.0000	0.0000
0.5746	0.6411	0.0000	0.0000
0.5756	0.6423	0.0000	0.0000
0.5766	0.6434	0.0000	0.0000
0.5776	0.6446	0.0000	0.0000
0.5786	0.6458	0.0000	0.0000
0.5796	0.6469	0.0000	0.0000
0.5806	0.6480	0.0000	0.0000
0.5816	0.6492	0.0000	0.0000
0.5826	0.6503	0.0000	0.0000
0.5836	0.6514	0.0000	0.0000
0.5846	0.6526	0.0000	0.0000
0.5856	0.6537	0.0000	0.0000
0.5866	0.6548	0.0000	0.0000
0.5876	0.6559	0.0000	0.0000
0.5886	0.6570	0.0000	0.0000
0.5896	0.6581	0.0000	0.0000
0.5906	0.6592	0.0000	0.0000
0.5916	0.6603	0.0000	0.0000
0.5926	0.6613	0.0000	0.0000
0.5936	0.6624	0.0000	0.0000
0.5946	0.6635	0.0000	0.0000
0.5956	0.6646	0.0000	0.0000
0.5966	0.6656	0.0000	0.0000
0.5976	0.6667	0.0000	0.0000
0.5986	0.6677	0.0000	0.0000
0.5996	0.6688	0.0000	0.0000
0.6006	0.6698	0.0000	0.0000
0.6016	0.6708	0.0000	0.0000
0.6026	0.6718	0.0000	0.0000
0.6036	0.6729	0.0000	0.0000
0.6046	0.6739	0.0000	0.0000
0.6056	0.6749	0.0000	0.0000
0.6066	0.6759	0.0000	0.0000
0.6076	0.6769	0.0000	0.0000
0.6086	0.6779	0.0000	0.0000
0.6096	0.6789	0.0000	0.0000
0.6106	0.6799	0.0000	0.0000
0.6116	0.6809	0.0000	0.0000
0.6126	0.6818	0.0000	0.0000
0.6136	0.6828	0.0000	0.0000
0.6146	0.6838	0.0000	0.0000
0.6156	0.6847	0.0000	0.0000
0.6166	0.6857	0.0000	0.0000
0.6176	0.6867	0.0000	0.0000
0.6186	0.6876	0.0000	0.0000
0.6196	0.6886	0.0000	0.0000
0.6206	0.6895	0.0000	0.0000
0.6216	0.6904	0.0000	0.0000
0.6226	0.6914	0.0000	0.0000
0.6236	0.6923	0.0000	0.0000
0.6246	0.6932	0.0000	0.0000
0.6256	0.6941	0.0000	0.0000
0.6266	0.6950	0.0000	0.0000
0.6276	0.6960	0.0000	0.0000
0.6286	0.6969	0.0000	0.0000
0.6296	0.6978	0.0000	0.0000
0.6306	0.6987	0.0000	0.0000
0.6316	0.6995	0.0000	0.0000
0.6326	0.7004	0.0000	0.0000
0.6336	0.7013	0.0000	0.0000
0.6346	0.7022	0.0000	0.0000
0.6356	0.7031	0.0000	0.0000
0.6366	0.7039	0.0000	0.0000
0.6376	0.7048	0.0000	0.0000
0.6386	0.7057	0.0000	0.0000
0.6396	0.7065	0.0000	0.0000
0.6406	0.7074	0.0000	0.0000
0.6416	0.7082	0.0000	0.0000
0.6426	0.7091	0.0000	0.0000
0.6436	0.7099	0.0000	0.0000
0.6446	0.7108	0.0000	0.0000
0.6456	0.7116	0.0000	0.0000
0.6466	0.7124	0.0000	0.0000
0.6476	0.7133	0.0000	0.0000
0.6486	0.7141	0.0000	0.0000
0.6496	0.7149	0.0000	0.0000
0.6507	0.7157	0.0000	0.0000
0.6517	0.7165	0.0000	0.0000
0.6527	0.7173	0.0000	0.0000
0.6537	0.7182	0.0000	0.0000
0.6547	0.7190	0.0000	0.0000
0.6557	0.7198	0.0000	0.0000
0.6567	0.7205	0.0000	0.0000
0.6577	0.7213	0.0000	0.0000
0.6587	0.7221	0.0000	0.0000
0.6597	0.7229	0.0000	0.0000
0.6607	0.7237	0.0000	0.0000
0.6617	0.7245	0.0000	0.0000
0.6627	0.7252	0.0000	0.0000
0.6637	0.7260	0.0000	0.0000
0.6647	0.7268	0.0000	0.0000
0.6657	0.7275	0.0000	0.0000
0.6667	0.7283	0.0000	0.0000
0.6677	0.7290	0.0000	0.0000
0.6687	0.7298	0.0000	0.0000
0.6697	0.7305	0.0000	0.0000
0.6707	0.7313	0.0000	0.0000
0.6717	0.7320	0.0000	0.0000
0.6727	0.7328	0.0000	0.0000
0.6737	0.7335	0.0000	0.0000
0.6747	0.7342	0.0000	0.0000
0.6757	0.7350	0.0000	0.0000
0.6767	0.7357	0.0000	0.0000
0.6777	0.7364	0.0000	0.0000
0.6787	0.7371	0.0000	0.0000
0.6797	0.7378	0.0000	0.0000
0.6807	0.7386	0.0000	0.0000
0.6817	0.7393	0.0000	0.0000
0.6827	0.7400	0.0000	0.0000
0.6837	0.7407	0.0000	0.0000
0.6847	0.7414	0.0000	0.0000
0.6857	0.7421	0.0000	0.0000
0.6867	0.7428	0.0000	0.0000
0.6877	0.7435	0.0000	0.0000
0.6887	0.7441	0.0000	0.0000
0.6897	0.7448	0.0000	0.0000
0.6907	0.7455	0.0000	0.0000
0.6917	0.7462	0.0000	0.0000
0.6927	0.7469	0.0000	0.0000
0.6937	0.7475	0.0000	0.0000
0.6947	0.7482	0.0000	0.0000
0.6957	0.7489	0.0000	0.0000
0.6967	0.7495	0.0000	0.0000
0.6977	0.7502	0.0000	0.0000
0.6987	0.7509	0.0000	0.0000
0.6997	0.7515	0.0000	0.0000
0.7007	0.7522	0.0000	0.0000
0.7017	0.7528	0.0000	0.0000
0.7027	0.7535	0.0000	0.0000
0.7037	0.7541	0.0000	0.0000
0.7047	0.7547	0.0000	0.0000
0.7057	0.7554	0.0000	0.0000
0.7067	0.7560	0.0000	0.0000
0.7077	0.7566	0.0000	0.0000
0.7087	0.7573	0.0000	0.0000
0.7097	0.7579	0.0000	0.0000
0.7107	0.7585	0.0000	0.0000
0.7117	0.7592	0.0000	0.0000
0.7127	0.7598	0.0000	0.0000
0.7137	0.7604	0.0000	0.0000
0.7147	0.7610	0.0000	0.0000
0.7157	0.7616	0.0000	0.0000
0.7167	0.7622	0.0000	0.0000
0.7177	0.7628	0.0000	0.0000
0.7187	0.7634	0.0000	0.0000
0.7197	0.7640	0.0000	0.0000
0.7207	0.7646	0.0000	0.0000
0.7217	0.7652	0.0000	0.0000
0.7227	0.7658	0.0000	0.0000
0.7237	0.7664	0.0000	0.0000
0.7247	0.7670	0.0000	0.0000
0.7257	0.7676	0.0000	0.0000
0.7267	0.7682	0.0000	0.0000
0.7277	0.7688	0.0000	0.0000
0.7287	0.7694	0.0000	0.0000
0.7297	0.7699	0.0000	0.0000
0.7307	0.7705	0.0000	0.0000
0.7317	0.7711	0.0000	0.0000
0.7327	0.7717	0.0000	0.0000
0.7337	0.7722	0.0000	0.0000
0.7347	0.7728	0.0000	0.0000
0.7357	0.7733	0.0000	0.0000
0.7367	0.7739	0.0000	0.0000
0.7377	0.7745	0.0000	0.0000
0.7387	0.7750	0.0000	0.0000
0.7397	0.7756	0.0000	0.0000
0.7407	0.7761	0.0000	0.0000
0.7417	0.7767	0.0000	0.0000
0.7427	0.7772	0.0000	0.0000
0.7437	0.7778	0.0000	0.0000
0.7447	0.7783	0.0000	0.0000
0.7457	0.7789	0.0000	0.0000
0.7467	0.7794	0.0000	0.0000
0.7477	0.7799	0.0000	0.0000
0.7487	0.7805	0.0000	0.0000
0.7497	0.7810	0.0000	0.0000
0.7508	0.7815	0.0000	0.0000
0.7518	0.7821	0.0000	0.0000
0.7528	0.7826	0.0000	0.0000
0.7538	0.7831	0.0000	0.0000
0.7548	0.7837	0.0000	0.0000
0.7558	0.7842	0.0000	0.0000
0.7568	0.7847	0.0000	0.0000
0.7578	0.7852	0.0000	0.0000
0.7588	0.7857	0.0000	0.0000
0.7598	0.7862	0.0000	0.0000
0.7608	0.7868	0.0000	0.0000
0.7618	0.7873	0.0000	0.0000
0.7628	0.7878	0.0000	0.0000
0.7638	0.7883	0.0000	0.0000
0.7648	0.7888	0.0000	0.0000
0.7658	0.7893	0.0000	0.0000
0.7668	0.7898	0.0000	0.0000
0.7678	0.7903	0.0000	0.0000
0.7688	0.7908	0.0000	0.0000
0.7698	0.7913	0.0000	0.0000
0.7708	0.7918	0.0000	0.0000
0.7718	0.7923	0.0000	0.0000
0.7728	0.7928	0.0000	0.0000
0.7738	0.7932	0.0000	0.0000
0.7748	0.7937	0.0000	0.0000
0.7758	0.7942	0.0000	0.0000
0.7768	0.7947	0.0000	0.0000
0.7778	0.7952	0.0000	0.0000
0.7788	0.7957	0.0000	0.0000
0.7798	0.7961	0.0000	0.0000
0.7808	0.7966	0.0000	0.0000
0.7818	0.7971	0.0000	0.0000
0.7828	0.7976	0.0000	0.0000
0.7838	0.7980	0.0000	0.0000
0.7848	0.7985	0.0000	0.0000
0.7858	0.7990	0.0000	0.0000
0.7868	0.7994	0.0000	0.0000
0.7878	0.7999	0.0000	0.0000
0.7888	0.8004	0.0000	0.0000
0.7898	0.8008	0.0000	0.0000
0.7908	0.8013	0.0000	0.0000
0.7918	0.8018	0.0000	0.0000
0.7928	0.8022	0.0000	0.0000
0.7938	0.8027	0.0000	0.0000
0.7948	0.8031	0.0000	0.0000
0.7958	0.8036	0.0000	0.0000
0.7968	0.8040	0.0000	0.0000
0.7978	0.8045	0.0000	0.0000
0.7988	0.8049	0.0000	0.0000
0.7998	0.8054	0.0000	0.0000
0.8008	0.8058	0.0000	0.0000
0.8018	0.8063	0.0000	0.0000
0.8028	0.8067	0.0000	0.0000
0.8038	0.8072	0.0000	0.0000
0.8048	0.8076	0.0000	0.0000
0.8058	0.8080	0.0000	0.0000
0.8068	0.8085	0.0000	0.0000
0.8078	0.8089	0.0000	0.0000
0.8088	0.8093	0.0000	0.0000
0.8098	0.8098	0.0000	0.0000
0.8108	0.8102	0.0000	0.0000
0.8118	0.8106	0.0000	0.0000
0.8128	0.8111	0.0000	0.0000
0.8138	0.8115	0.0000	0.0000
0.8148	0.8119	0.0000	0.0000
0.8158	0.8123	0.0000	0.0000
0.8168	0.8128	0.0000	0.0000
0.8178	0.8132	0.0000	0.0000
0.8188	0.8136	0.0000	0.0000
0.8198	0.8140	0.0000	0.0000
0.8208	0.8145	0.0000	0.0000
0.8218	0.8149	0.0000	0.0000
0.8228	0.8153	0.0000	0.0000
0.8238	0.8157	0.0000	0.0000
0.8248	0.8161	0.0000	0.0000
0.8258	0.8165	0.0000	0.0000
0.8268	0.8170	0.0000	0.0000
0.8278	0.8174	0.0000	0.0000
0.8288	0.8178	0.0000	0.0000
0.8298	0.8182	0.0000	0.0000
0.8308	0.8186	0.0000	0.0000
0.8318	0.8190	0.0000	0.0000
0.8328	0.8194	0.0000	0.0000
0.8338	0.8198	0.0000	0.0000
0.8348	0.8202	0.0000	0.0000
0.8358	0.8206	0.0000	0.0000
0.8368	0.8210	0.0000	0.0000
0.8378	0.8214	0.0000	0.0000
0.8388	0.8218	0.0000	0.0000
0.8398	0.8222	0.0000	0.0000
0.8408	0.8226	0.0000	0.0000
0.8418	0.8230	0.0000	0.0000
0.8428	0.8234	0.0000	0.0000
0.8438	0.8238	0.0000	0.0000
0.8448	0.8242	0.0000	0.0000
0.8458	0.8246	0.0000	0.0000
0.8468	0.8250	0.0000	0.0000
0.8478	0.8254	0.0000	0.0000
0.8488	0.8258	0.0000	0.0000
0.8498	0.8262	0.0000	0.0000
0.8509	0.8265	0.0000	0.0000
0.8519	0.8269	0.0000	0.0000
0.8529	0.8273	0.0000	0.0000
0.8539	0.8277	0.0000	0.0000
0.8549	0.8281	0.0000	0.0000
0.8559	0.8285	0.0000	0.0000
0.8569	0.8289	0.0000	0.0000
0.8579	0.8292	0.0000	0.0000
0.8589	0.8296	0.0000	0.0000
0.8599	0.8300	0.0000	0.0000
0.8609	0.8304	0.0000	0.0000
0.8619	0.8308	0.0000	0.0000
0.8629	0.8311	0.0000	0.0000
0.8639	0.8315	0.0000	0.0000
0.8649	0.8319	0.0000	0.0000
0.8659	0.8323	0.0000	0.0000
0.8669	0.8326	0.0000	0.0000
0.8679	0.8330	0.0000	0.0000
0.8689	0.8334	0.0000	0.0000
0.8699	0.8338	0.0000	0.0000
0.8709	0.8341	0.0000	0.0000
0.8719	0.8345	0.0000	0.0000
0.8729	0.8349	0.0000	0.0000
0.8739	0.8353	0.0000	0.0000
0.8749	0.8356	0.0000	0.0000
0.8759	0.8360	0.0000	0.0000
0.8769	0.8364	0.0000	0.0000
0.8779	0.8367	0.0000	0.0000
0.8789	0.8371	0.0000	0.0000
0.8799	0.8375	0.0000	0.0000
0.8809	0.8378	0.0000	0.0000
0.8819	0.8382	0.0000	0.0000
0.8829	0.8386	0.0000	0.0000
0.8839	0.8389	0.0000	0.0000
0.8849	0.8393	0.0000	0.0000
0.8859	0.8396	0.0000	0.0000
0.8869	0.8400	0.0000	0.0000
0.8879	0.8404	0.0000	0.0000
0.8889	0.8407	0.0000	0.0000
0.8899	0.8411	0.0000	0.0000
0.8909	0.8415	0.0000	0.0000
0.8919	0.8418	0.0000	0.0000
0.8929	0.8422	0.0000	0.0000
0.8939	0.8425	0.0000	0.0000
0.8949	0.8429	0.0000	0.0000
0.8959	0.8433	0.0000	0.0000
0.8969	0.8436	0.0000	0.0000
0.8979	0.8440	0.0000	0.0000
0.8989	0.8443	0.0000	0.0000
0.8999	0.8447	0.0000	0.0000
0.9009	0.8450	0.0000	0.0000
0.9019	0.8454	0.0000	0.0000
0.9029	0.8457	0.0000	0.0000
0.9039	0.8461	0.0000	0.0000
0.9049	0.8465	0.0000	0.0000
0.9059	0.8468	0.0000	0.0000
0.9069	0.8472	0.0000	0.0000
0.9079	0.8475	0.0000	0.0000
0.9089	0.8479	0.0000	0.0000
0.9099	0.8482	0.0000	0.0000
0.9109	0.8486	0.0000	0.0000
0.9119	0.8489	0.0000	0.0000
0.9129	0.8493	0.0000	0.0000
0.9139	0.8496	0.0000	0.0000
0.9149	0.8500	0.0000	0.0000
0.9159	0.8503	0.0000	0.0000
0.9169	0.8507	0.0000	0.0000
0.9179	0.8510	0.0000	0.0000
0.9189	0.8514	0.0000	0.0000
0.9199	0.8517	0.0000	0.0000
0.9209	0.8521	0.0000	0.0000
0.9219	0.8524	0.0000	0.0000
0.9229	0.8528	0.0000	0.0000
0.9239	0.8531	0.0000	0.0000
0.9249	0.8535	0.0000	0.0000
0.9259	0.8538	0.0000	0.0000
0.9269	0.8542	0.0000	0.0000
0.9279	0.8545	0.0000	0.0000
0.9289	0.8549	0.0000	0.0000
0.9299	0.8552	0.0000	0.0000
0.9309	0.8556	0.0000	0.0000
0.9319	0.8559	0.0000	0.0000
0.9329	0.8563	0.0000	0.0000
0.9339	0.8566	0.0000	0.0000
0.9349	0.8570	0.0000	0.0000
0.9359	0.8573	0.0000	0.0000
0.9369	0.8577	0.0000	0.0000
0.9379	0.8580	0.0000	0.0000
0.9389	0.8584	0.0000	0.0000
0.9399	0.8587	0.0000	0.0000
0.9409	0.8590	0.0000	0.0000
0.9419	0.8594	0.0000	0.0000
0.9429	0.8597	0.0000	0.0000
0.9439	0.8601	0.0000	0.0000
0.9449	0.8604	0.0000	0.0000
0.9459	0.8608	0.0000	0.0000
0.9469	0.8611	0.0000	0.0000
0.9479	0.8615	0.0000	0.0000
0.9489	0.8618	0.0000	0.0000
0.9499	0.8622	0.0000	0.0000
0.9510	0.8625	0.0000	0.0000
0.9520	0.8629	0.0000	0.0000
0.9530	0.8632	0.0000	0.0000
0.9540	0.8636	0.0000	0.0000
0.9550	0.8639	0.0000	0.0000
0.9560	0.8643	0.0000	0.0000
0.9570	0.8646	0.0000	0.0000
0.9580	0.8650	0.0000	0.0000
0.9590	0.8653	0.0000	0.0000
0.9600	0.8657	0.0000	0.0000
0.9610	0.8660	0.0000	0.0000
0.9620	0.8664	0.0000	0.0000
0.9630	0.8667	0.0000	0.0000
0.9640	0.8671	0.0000	0.0000
0.9650	0.8674	0.0000	0.0000
0.9660	0.8678	0.0000	0.0000
0.9670	0.8681	0.0000	0.0000
0.9680	0.8685	0.0000	0.0000
0.9690	0.8688	0.0000	0.0000
0.9700	0.8692	0.0000	0.0000
0.9710	0.8695	0.0000	0.0000
0.9720	0.8699	0.0000	0.0000
0.9730	0.8702	0.0000	0.0000
0.9740	0.8706	0.0000	0.0000
0.9750	0.8709	0.0000	0.0000
0.9760	0.8713	0.0000	0.0000
0.9770	0.8716	0.0000	0.0000
0.9780	0.8720	0.0000	0.0000
0.9790	0.8723	0.0000	0.0000
0.9800	0.8727	0.0000	0.0000
0.9810	0.8731	0.0000	0.0000
0.9820	0.8734	0.0000	0.0000
0.9830	0.8738	0.0000	0.0000
0.9840	0.8741	0.0000	0.0000
0.9850	0.8745	0.0000	0.0000
0.9860	0.8748	0.0000	0.0000
0.9870	0.8752	0.0000	0.0000
0.9880	0.8756	0.0000	0.0000
0.9890	0.8759	0.0000	0.0000
0.9900	0.8763	0.0000	0.0000
0.9910	0.8766	0.0000	0.0000
0.9920	0.8770	0.0000	0.0000
0.9930	0.8774	0.0000	0.0000
0.9940	0.8777	0.0000	0.0000
0.9950	0.8781	0.0000	0.0000
0.9960	0.8785	0.0000	0.0000
0.9970	0.8788	0.0000	0.0000
0.9980	0.8792	0.0000	0.0000
0.9990	0.8796	0.0000	0.0000
1.0000	0.8799	0.0000	0.0000
0.8098
