0.0000	0.1217	0.0000	0.0000
0.0010	0.1226	0.0000	0.0000
0.0020	0.1235	0.0000	0.0000
0.0030	0.1243	0.0000	0.0000
0.0040	0.1252	0.0000	0.0000
0.0050	0.1261	0.0000	0.0000
0.0060	0.1270	0.0000	0.0000
0.0070	0.1278	0.0000	0.0000
0.0080	0.1287	0.0000	0.0000
0.0090	0.1296	0.0000	0.0000
0.0100	0.1304	0.0000	0.0000
0.0110	0.1313	0.0000	0.0000
0.0120	0.1322	0.0000	0.0000
0.0130	0.1331	0.0000	0.0000
0.0140	0.1339	0.0000	0.0000
0.0150	0.1348	0.0000	0.0000
0.0160	0.1357	0.0000	0.0000
0.0170	0.1365	0.0000	0.0000
0.0180	0.1374	0.0000	0.0000
0.0190	0.1383	0.0000	0.0000
0.0200	0.1391	0.0000	0.0000
0.0210	0.1400	0.0000	0.0000
0.0220	0.1409	0.0000	0.0000
0.0230	0.1417	0.0000	0.0000
0.0240	0.1426	0.0000	0.0000
0.0250	0.1435	0.0000	0.0000
0.0260	0.1443	0.0000	0.0000
0.0270	0.1452	0.0000	0.0000
0.0280	0.1461	0.0000	0.0000
0.0290	0.1469	0.0000	0.0000
0.0300	0.1478	0.0000	0.0000
0.0310	0.1487	0.0000	0.0000
0.0320	0.1495	0.0000	0.0000
0.0330	0.1504	0.0000	0.0000
0.0340	0.1513	0.0000	0.0000
0.0350	0.1521	0.0000	0.0000
0.0360	0.1530	0.0000	0.0000
0.0370	0.1539	0.0000	0.0000
0.0380	0.1547	0.0000	0.0000
0.0390	0.1556	0.0000	0.0000
0.0400	0.1564	0.0000	0.0000
0.0410	0.1573	0.0000	0.0000
0.0420	0.1582	0.0000	0.0000
0.0430	0.1590	0.0000	0.0000
0.0440	0.1599	0.0000	0.0000
0.0450	0.1608	0.0000	0.0000
0.0460	0.1616	0.0000	0.0000
0.0470	0.1625	0.0000	0.0000
0.0480	0.1633	0.0000	0.0000
0.0490	0.1642	0.0000	0.0000
0.0501	0.1651	0.0000	0.0000
0.0511	0.1659	0.0000	0.0000
0.0521	0.1668	0.0000	0.0000
0.0531	0.1676	0.0000	0.0000
0.0541	0.1685	0.0000	0.0000
0.0551	0.1693	0.0000	0.0000
0.0561	0.1702	0.0000	0.0000
0.0571	0.1711	0.0000	0.0000
0.0581	0.1719	0.0000	0.0000
0.0591	0.1728	0.0000	0.0000
0.0601	0.1736	0.0000	0.0000
0.0611	0.1745	0.0000	0.0000
0.0621	0.1754	0.0000	0.0000
0.0631	0.1762	0.0000	0.0000
0.0641	0.1771	0.0000	0.0000
0.0651	0.1779	0.0000	0.0000
0.0661	0.1788	0.0000	0.0000
0.0671	0.1796	0.0000	0.0000
0.0681	0.1805	0.0000	0.0000
0.0691	0.1813	0.0000	0.0000
0.0701	0.1822	0.0000	0.0000
0.0711	0.1831	0.0000	0.0000
0.0721	0.1839	0.0000	0.0000
0.0731	0.1848	0.0000	0.0000
0.0741	0.1856	0.0000	0.0000
0.0751	0.1865	0.0000	0.0000
0.0761	0.1873	0.0000	0.0000
0.0771	0.1882	0.0000	0.0000
0.0781	0.1890	0.0000	0.0000
0.0791	0.1899	0.0000	0.0000
0.0801	0.1907	0.0000	0.0000
0.0811	0.1916	0.0000	0.0000
0.0821	0.1924	0.0000	0.0000
0.0831	0.1933	0.0000	0.0000
0.0841	0.1941	0.0000	0.0000
0.0851	0.1950	0.0000	0.0000
0.0861	0.1958	0.0000	0.0000
0.0871	0.1967	0.0000	0.0000
0.0881	0.1975	0.0000	0.0000
0.0891	0.1984	0.0000	0.0000
0.0901	0.1992	0.0000	0.0000
0.0911	0.2001	0.0000	0.0000
0.0921	0.2009	0.0000	0.0000
0.0931	0.2018	0.0000	0.0000
0.0941	0.2026	0.0000	0.0000
0.0951	0.2035	0.0000	0.0000
0.0961	0.2043	0.0000	0.0000
0.0971	0.2052	0.0000	0.0000
0.0981	0.2060	0.0000	0.0000
0.0991	0.2069	0.0000	0.0000
0.1001	0.2077	0.0000	0.0000
0.1011	0.2086	0.0000	0.0000
0.1021	0.2094	0.0000	0.0000
0.1031	0.2102	0.0000	0.0000
0.1041	0.2111	0.0000	0.0000
0.1051	0.2119	0.0000	0.0000
0.1061	0.2128	0.0000	0.0000
0.1071	0.2136	0.0000	0.0000
0.1081	0.2145	0.0000	0.0000
0.1091	0.2153	0.0000	0.0000
0.1101	0.2162	0.0000	0.0000
0.1111	0.2170	0.0000	0.0000
0.1121	0.2178	0.0000	0.0000
0.1131	0.2187	0.0000	0.0000
0.1141	0.2195	0.0000	0.0000
0.1151	0.2204	0.0000	0.0000
0.1161	0.2212	0.0000	0.0000
0.1171	0.2221	0.0000	0.0000
0.1181	0.2229	0.0000	0.0000
0.1191	0.2237	0.0000	0.0000
0.1201	0.2246	0.0000	0.0000
0.1211	0.2254	0.0000	0.0000
0.1221	0.2263	0.0000	0.0000
0.1231	0.2271	0.0000	0.0000
0.1241	0.2279	0.0000	0.0000
0.1251	0.2288	0.0000	0.0000
0.1261	0.2296	0.0000	0.0000
0.1271	0.2305	0.0000	0.0000
0.1281	0.2313	0.0000	0.0000
0.1291	0.2321	0.0000	0.0000
0.1301	0.2330	0.0000	0.0000
0.1311	0.2338	0.0000	0.0000
0.1321	0.2346	0.0000	0.0000
0.1331	0.2355	0.0000	0.0000
0.1341	0.2363	0.0000	0.0000
0.1351	0.2372	0.0000	0.0000
0.1361	0.2380	0.0000	0.0000
0.1371	0.2388	0.0000	0.0000
0.1381	0.2397	0.0000	0.0000
0.1391	0.2405	0.0000	0.0000
0.1401	0.2413	0.0000	0.0000
0.1411	0.2422	0.0000	0.0000
0.1421	0.2430	0.0000	0.0000
0.1431	0.2438	0.0000	0.0000
0.1441	0.2447	0.0000	0.0000
0.1451	0.2455	0.0000	0.0000
0.1461	0.2463	0.0000	0.0000
0.1471	0.2472	0.0000	0.0000
0.1481	0.2480	0.0000	0.0000
0.1491	0.2488	0.0000	0.0000
0.1502	0.2497	0.0000	0.0000
0.1512	0.2505	0.0000	0.0000
0.1522	0.2513	0.0000	0.0000
0.1532	0.2522	0.0000	0.0000
0.1542	0.2530	0.0000	0.0000
0.1552	0.2538	0.0000	0.0000
0.1562	0.2547	0.0000	0.0000
0.1572	0.2555	0.0000	0.0000
0.1582	0.2563	0.0000	0.0000
0.1592	0.2572	0.0000	0.0000
0.1602	0.2580	0.0000	0.0000
0.1612	0.2588	0.0000	0.0000
0.1622	0.2597	0.0000	0.0000
0.1632	0.2605	0.0000	0.0000
0.1642	0.2613	0.0000	0.0000
0.1652	0.2621	0.0000	0.0000
0.1662	0.2630	0.0000	0.0000
0.1672	0.2638	0.0000	0.0000
0.1682	0.2646	0.0000	0.0000
0.1692	0.2655	0.0000	0.0000
0.1702	0.2663	0.0000	0.0000
0.1712	0.2671	0.0000	0.0000
0.1722	0.2679	0.0000	0.0000
0.1732	0.2688	0.0000	0.0000
0.1742	0.2696	0.0000	0.0000
0.1752	0.2704	0.0000	0.0000
0.1762	0.2712	0.0000	0.0000
0.1772	0.2721	0.0000	0.0000
0.1782	0.2729	0.0000	0.0000
0.1792	0.2737	0.0000	0.0000
0.1802	0.2746	0.0000	0.0000
0.1812	0.2754	0.0000	0.0000
0.1822	0.2762	0.0000	0.0000
0.1832	0.2770	0.0000	0.0000
0.1842	0.2779	0.0000	0.0000
0.1852	0.2787	0.0000	0.0000
0.1862	0.2795	0.0000	0.0000
0.1872	0.2803	0.0000	0.0000
0.1882	0.2811	0.0000	0.0000
0.1892	0.2820	0.0000	0.0000
0.1902	0.2828	0.0000	0.0000
0.1912	0.2836	0.0000	0.0000
0.1922	0.2844	0.0000	0.0000
0.1932	0.2853	0.0000	0.0000
0.1942	0.2861	0.0000	0.0000
0.1952	0.2869	0.0000	0.0000
0.1962	0.2877	0.0000	0.0000
0.1972	0.2886	0.0000	0.0000
0.1982	0.2894	0.0000	0.0000
0.1992	0.2902	0.0000	0.0000
0.2002	0.2910	0.0000	0.0000
0.2012	0.2918	0.0000	0.0000
0.2022	0.2927	0.0000	0.0000
0.2032	0.2935	0.0000	0.0000
0.2042	0.2943	0.0000	0.0000
0.2052	0.2951	0.0000	0.0000
0.2062	0.2959	0.0000	0.0000
0.2072	0.2968	0.0000	0.0000
0.2082	0.2976	0.0000	0.0000
0.2092	0.2984	0.0000	0.0000
0.2102	0.2992	0.0000	0.0000
0.2112	0.3000	0.0000	0.0000
0.2122	0.3008	0.0000	0.0000
0.2132	0.3017	0.0000	0.0000
0.2142	0.3025	0.0000	0.0000
0.2152	0.3033	0.0000	0.0000
0.2162	0.3041	0.0000	0.0000
0.2172	0.3049	0.0000	0.0000
0.2182	0.3058	0.0000	0.0000
0.2192	0.3066	0.0000	0.0000
0.2202	0.3074	0.0000	0.0000
0.2212	0.3082	0.0000	0.0000
0.2222	0.3090	0.0000	0.0000
0.2232	0.3098	0.0000	0.0000
0.2242	0.3107	0.0000	0.0000
0.2252	0.3115	0.0000	0.0000
0.2262	0.3123	0.0000	0.0000
0.2272	0.3131	0.0000	0.0000
0.2282	0.3139	0.0000	0.0000
0.2292	0.3147	0.0000	0.0000
0.2302	0.3155	0.0000	0.0000
0.2312	0.3164	0.0000	0.0000
0.2322	0.3172	0.0000	0.0000
0.2332	0.3180	0.0000	0.0000
0.2342	0.3188	0.0000	0.0000
0.2352	0.3196	0.0000	0.0000
0.2362	0.3204	0.0000	0.0000
0.2372	0.3212	0.0000	0.0000
0.2382	0.3221	0.0000	0.0000
0.2392	0.3229	0.0000	0.0000
0.2402	0.3237	0.0000	0.0000
0.2412	0.3245	0.0000	0.0000
0.2422	0.3253	0.0000	0.0000
0.2432	0.3261	0.0000	0.0000
0.2442	0.3269	0.0000	0.0000
0.2452	0.3277	0.0000	0.0000
0.2462	0.3286	0.0000	0.0000
0.2472	0.3294	0.0000	0.0000
0.2482	0.3302	0.0000	0.0000
0.2492	0.3310	0.0000	0.0000
0.2503	0.3318	0.0000	0.0000
0.2513	0.3326	0.0000	0.0000
0.2523	0.3334	0.0000	0.0000
0.2533	0.3342	0.0000	0.0000
0.2543	0.3350	0.0000	0.0000
0.2553	0.3358	0.0000	0.0000
0.2563	0.3367	0.0000	0.0000
0.2573	0.3375	0.0000	0.0000
0.2583	0.3383	0.0000	0.0000
0.2593	0.3391	0.0000	0.0000
0.2603	0.3399	0.0000	0.0000
0.2613	0.3407	0.0000	0.0000
0.2623	0.3415	0.0000	0.0000
0.2633	0.3423	0.0000	0.0000
0.2643	0.3431	0.0000	0.0000
0.2653	0.3439	0.0000	0.0000
0.2663	0.3447	0.0000	0.0000
0.2673	0.3456	0.0000	0.0000
0.2683	0.3464	0.0000	0.0000
0.2693	0.3472	0.0000	0.0000
0.2703	0.3480	0.0000	0.0000
0.2713	0.3488	0.0000	0.0000
0.2723	0.3496	0.0000	0.0000
0.2733	0.3504	0.0000	0.0000
0.2743	0.3512	0.0000	0.0000
0.2753	0.3520	0.0000	0.0000
0.2763	0.3528	0.0000	0.0000
0.2773	0.3536	0.0000	0.0000
0.2783	0.3544	0.0000	0.0000
0.2793	0.3552	0.0000	0.0000
0.2803	0.3561	0.0000	0.0000
0.2813	0.3569	0.0000	0.0000
0.2823	0.3577	0.0000	0.0000
0.2833	0.3585	0.0000	0.0000
0.2843	0.3593	0.0000	0.0000
0.2853	0.3601	0.0000	0.0000
0.2863	0.3609	0.0000	0.0000
0.2873	0.3617	0.0000	0.0000
0.2883	0.3625	0.0000	0.0000
0.2893	0.3633	0.0000	0.0000
0.2903	0.3641	0.0000	0.0000
0.2913	0.3649	0.0000	0.0000
0.2923	0.3657	0.0000	0.0000
0.2933	0.3665	0.0000	0.0000
0.2943	0.3673	0.0000	0.0000
0.2953	0.3681	0.0000	0.0000
0.2963	0.3689	0.0000	0.0000
0.2973	0.3697	0.0000	0.0000
0.2983	0.3706	0.0000	0.0000
0.2993	0.3714	0.0000	0.0000
0.3003	0.3722	0.0000	0.0000
0.3013	0.3730	0.0000	0.0000
0.3023	0.3738	0.0000	0.0000
0.3033	0.3746	0.0000	0.0000
0.3043	0.3754	0.0000	0.0000
0.3053	0.3762	0.0000	0.0000
0.3063	0.3770	0.0000	0.0000
0.3073	0.3778	0.0000	0.0000
0.3083	0.3786	0.0000	0.0000
0.3093	0.3794	0.0000	0.0000
0.3103	0.3802	0.0000	0.0000
0.3113	0.3810	0.0000	0.0000
0.3123	0.3818	0.0000	0.0000
0.3133	0.3826	0.0000	0.0000
0.3143	0.3834	0.0000	0.0000
0.3153	0.3842	0.0000	0.0000
0.3163	0.3850	0.0000	0.0000
0.3173	0.3858	0.0000	0.0000
0.3183	0.3866	0.0000	0.0000
0.3193	0.3874	0.0000	0.0000
0.3203	0.3882	0.0000	0.0000
0.3213	0.3890	0.0000	0.0000
0.3223	0.3898	0.0000	0.0000
0.3233	0.3906	0.0000	0.0000
0.3243	0.3915	0.0000	0.0000
0.3253	0.3923	0.0000	0.0000
0.3263	0.3931	0.0000	0.0000
0.3273	0.3939	0.0000	0.0000
0.3283	0.3947	0.0000	0.0000
0.3293	0.3955	0.0000	0.0000
0.3303	0.3963	0.0000	0.0000
0.3313	0.3971	0.0000	0.0000
0.3323	0.3979	0.0000	0.0000
0.3333	0.3987	0.0000	0.0000
0.3343	0.3995	0.0000	0.0000
0.3353	0.4003	0.0000	0.0000
0.3363	0.4011	0.0000	0.0000
0.3373	0.4019	0.0000	0.0000
0.3383	0.4027	0.0000	0.0000
0.3393	0.4035	0.0000	0.0000
0.3403	0.4043	0.0000	0.0000
0.3413	0.4051	0.0000	0.0000
0.3423	0.4059	0.0000	0.0000
0.3433	0.4067	0.0000	0.0000
0.3443	0.4075	0.0000	0.0000
0.3453	0.4083	0.0000	0.0000
0.3463	0.4091	0.0000	0.0000
0.3473	0.4099	0.0000	0.0000
0.3483	0.4107	0.0000	0.0000
0.3493	0.4115	0.0000	0.0000
0.3504	0.4123	0.0000	0.0000
0.3514	0.4131	0.0000	0.0000
0.3524	0.4139	0.0000	0.0000
0.3534	0.4147	0.0000	0.0000
0.3544	0.4155	0.0000	0.0000
0.3554	0.4164	0.0000	0.0000
0.3564	0.4172	0.0000	0.0000
0.3574	0.4180	0.0000	0.0000
0.3584	0.4188	0.0000	0.0000
0.3594	0.4196	0.0000	0.0000
0.3604	0.4204	0.0000	0.0000
0.3614	0.4212	0.0000	0.0000
0.3624	0.4220	0.0000	0.0000
0.3634	0.4228	0.0000	0.0000
0.3644	0.4236	0.0000	0.0000
0.3654	0.4244	0.0000	0.0000
0.3664	0.4252	0.0000	0.0000
0.3674	0.4260	0.0000	0.0000
0.3684	0.4268	0.0000	0.0000
0.3694	0.4276	0.0000	0.0000
0.3704	0.4284	0.0000	0.0000
0.3714	0.4292	0.0000	0.0000
0.3724	0.4300	0.0000	0.0000
0.3734	0.4308	0.0000	0.0000
0.3744	0.4316	0.0000	0.0000
0.3754	0.4324	0.0000	0.0000
0.3764	0.4333	0.0000	0.0000
0.3774	0.4341	0.0000	0.0000
0.3784	0.4349	0.0000	0.0000
0.3794	0.4357	0.0000	0.0000
0.3804	0.4365	0.0000	0.0000
0.3814	0.4373	0.0000	0.0000
0.3824	0.4381	0.0000	0.0000
0.3834	0.4389	0.0000	0.0000
0.3844	0.4397	0.0000	0.0000
0.3854	0.4405	0.0000	0.0000
0.3864	0.4413	0.0000	0.0000
0.3874	0.4421	0.0000	0.0000
0.3884	0.4429	0.0000	0.0000
0.3894	0.4437	0.0000	0.0000
0.3904	0.4445	0.0000	0.0000
0.3914	0.4454	0.0000	0.0000
0.3924	0.4462	0.0000	0.0000
0.3934	0.4470	0.0000	0.0000
0.3944	0.4478	0.0000	0.0000
0.3954	0.4486	0.0000	0.0000
0.3964	0.4494	0.0000	0.0000
0.3974	0.4502	0.0000	0.0000
0.3984	0.4510	0.0000	0.0000
0.3994	0.4518	0.0000	0.0000
0.4004	0.4526	0.0000	0.0000
0.4014	0.4534	0.0000	0.0000
0.4024	0.4543	0.0000	0.0000
0.4034	0.4551	0.0000	0.0000
0.4044	0.4559	0.0000	0.0000
0.4054	0.4567	0.0000	0.0000
0.4064	0.4575	0.0000	0.0000
0.4074	0.4583	0.0000	0.0000
0.4084	0.4591	0.0000	0.0000
0.4094	0.4599	0.0000	0.0000
0.4104	0.4608	0.0000	0.0000
0.4114	0.4616	0.0000	0.0000
0.4124	0.4624	0.0000	0.0000
0.4134	0.4632	0.0000	0.0000
0.4144	0.4640	0.0000	0.0000
0.4154	0.4648	0.0000	0.0000
0.4164	0.4656	0.0000	0.0000
0.4174	0.4665	0.0000	0.0000
0.4184	0.4673	0.0000	0.0000
0.4194	0.4681	0.0000	0.0000
0.4204	0.4689	0.0000	0.0000
0.4214	0.4697	0.0000	0.0000
0.4224	0.4705	0.0000	0.0000
0.4234	0.4713	0.0000	0.0000
0.4244	0.4722	0.0000	0.0000
0.4254	0.4730	0.0000	0.0000
0.4264	0.4738	0.0000	0.0000
0.4274	0.4746	0.0000	0.0000
0.4284	0.4754	0.0000	0.0000
0.4294	0.4763	0.0000	0.0000
0.4304	0.4771	0.0000	0.0000
0.4314	0.4779	0.0000	0.0000
0.4324	0.4787	0.0000	0.0000
0.4334	0.4795	0.0000	0.0000
0.4344	0.4804	0.0000	0.0000
0.4354	0.4812	0.0000	0.0000
0.4364	0.4820	0.0000	0.0000
0.4374	0.4828	0.0000	0.0000
0.4384	0.4836	0.0000	0.0000
0.4394	0.4845	0.0000	0.0000
0.4404	0.4853	0.0000	0.0000
0.4414	0.4861	0.0000	0.0000
0.4424	0.4869	0.0000	0.0000
0.4434	0.4878	0.0000	0.0000
0.4444	0.4886	0.0000	0.0000
0.4454	0.4894	0.0000	0.0000
0.4464	0.4902	0.0000	0.0000
0.4474	0.4911	0.0000	0.0000
0.4484	0.4919	0.0000	0.0000
0.4494	0.4927	0.0000	0.0000
0.4505	0.4936	0.0000	0.0000
0.4515	0.4944	0.0000	0.0000
0.4525	0.4952	0.0000	0.0000
0.4535	0.4960	0.0000	0.0000
0.4545	0.4969	0.0000	0.0000
0.4555	0.4977	0.0000	0.0000
0.4565	0.4985	0.0000	0.0000
0.4575	0.4994	0.0000	0.0000
0.4585	0.5002	0.0000	0.0000
0.4595	0.5010	0.0000	0.0000
0.4605	0.5019	0.0000	0.0000
0.4615	0.5027	0.0000	0.0000
0.4625	0.5035	0.0000	0.0000
0.4635	0.5044	0.0000	0.0000
0.4645	0.5052	0.0000	0.0000
0.4655	0.5060	0.0000	0.0000
0.4665	0.5069	0.0000	0.0000
0.4675	0.5077	0.0000	0.0000
0.4685	0.5086	0.0000	0.0000
0.4695	0.5094	0.0000	0.0000
0.4705	0.5102	0.0000	0.0000
0.4715	0.5111	0.0000	0.0000
0.4725	0.5119	0.0000	0.0000
0.4735	0.5128	0.0000	0.0000
0.4745	0.5136	0.0000	0.0000
0.4755	0.5145	0.0000	0.0000
0.4765	0.5153	0.0000	0.0000
0.4775	0.5161	0.0000	0.0000
0.4785	0.5170	0.0000	0.0000
0.4795	0.5178	0.0000	0.0000
0.4805	0.5187	0.0000	0.0000
0.4815	0.5195	0.0000	0.0000
0.4825	0.5204	0.0000	0.0000
0.4835	0.5212	0.0000	0.0000
0.4845	0.5221	0.0000	0.0000
0.4855	0.5229	0.0000	0.0000
0.4865	0.5238	0.0000	0.0000
0.4875	0.5246	0.0000	0.0000
0.4885	0.5255	0.0000	0.0000
0.4895	0.5263	0.0000	0.0000
0.4905	0.5272	0.0000	0.0000
0.4915	0.5281	0.0000	0.0000
0.4925	0.5289	0.0000	0.0000
0.4935	0.5298	0.0000	0.0000
0.4945	0.5306	0.0000	0.0000
0.4955	0.5315	0.0000	0.0000
0.4965	0.5324	0.0000	0.0000
0.4975	0.5332	0.0000	0.0000
0.4985	0.5341	0.0000	0.0000
0.4995	0.5349	0.0000	0.0000
0.5005	0.5362	0.0000	0.0000
0.5015	0.5380	0.0000	0.0000
0.5025	0.5397	0.0000	0.0000
0.5035	0.5414	0.0000	0.0000
0.5045	0.5430	0.0000	0.0000
0.5055	0.5447	0.0000	0.0000
0.5065	0.5464	0.0000	0.0000
0.5075	0.5481	0.0000	0.0000
0.5085	0.5497	0.0000	0.0000
0.5095	0.5514	0.0000	0.0000
0.5105	0.5530	0.0000	0.0000
0.5115	0.5546	0.0000	0.0000
0.5125	0.5562	0.0000	0.0000
0.5135	0.5578	0.0000	0.0000
0.5145	0.5594	0.0000	0.0000
0.5155	0.5610	0.0000	0.0000
0.5165	0.5626	0.0000	0.0000
0.5175	0.5642	0.0000	0.0000
0.5185	0.5658	0.0000	0.0000
0.5195	0.5673	0.0000	0.0000
0.5205	0.5689	0.0000	0.0000
0.5215	0.5704	0.0000	0.0000
0.5225	0.5719	0.0000	0.0000
0.5235	0.5735	0.0000	0.0000
0.5245	0.5750	0.0000	0.0000
0.5255	0.5765	0.0000	0.0000
0.5265	0.5780	0.0000	0.0000
0.5275	0.5795	0.0000	0.0000
0.5285	0.5810	0.0000	0.0000
0.5295	0.5824	0.0000	0.0000
0.5305	0.5839	0.0000	0.0000
0.5315	0.5854	0.0000	0.0000
0.5325	0.5868	0.0000	0.0000
0.5335	0.5883	0.0000	0.0000
0.5345	0.5897	0.0000	0.0000
0.5355	0.5911	0.0000	0.0000
0.5365	0.5926	0.0000	0.0000
0.5375	0.5940	0.0000	0.0000
0.5385	0.5954	0.0000	0.0000
0.5395	0.5968	0.0000	0.0000
0.5405	0.5982	0.0000	0.0000
0.5415	0.5996	0.0000	0.0000
0.5425	0.6010	0.0000	0.0000
0.5435	0.6023	0.0000	0.0000
0.5445	0.6037	0.0000	0.0000
0.5455	0.6050	0.0000	0.0000
0.5465	0.6064	0.0000	0.0000
0.5475	0.6077	0.0000	0.0000
0.5485	0.6091	0.0000	0.0000
0.5495	0.6104	0.0000	0.0000
0.5506	0.6117	0.0000	0.0000
0.5516	0.6131	0.0000	0.0000
0.5526	0.6144	0.0000	0.0000
0.5536	0.6157	0.0000	0.0000
0.5546	0.6170	0.0000	0.0000
0.5556	0.6182	0.0000	0.0000
0.5566	0.6195	0.0000	0.0000
0.5576	0.6208	0.0000	0.0000
0.5586	0.6221	0.0000	0.0000
0.5596	0.6233	0.0000	0.0000
0.5606	0.6246	0.0000	0.0000
0.5616	0.6258	0.0000	0.0000
0.5626	0.6271	0.0000	0.0000
0.5636	0.6283	0.0000	0.0000
0.5646	0.6296	0.0000	0.0000
0.5656	0.6308	0.0000	0.0000
0.5666	0.6320	0.0000	0.0000
0.5676	0.6332	0.0000	0.0000
0.5686	0.6344	0.0000	0.0000
0.5696	0.6356	0.0000	0.0000
0.5706	0.6368	0.0000	0.0000
0.5716	0.6380	0.0000	0.0000
0.5726	0.6392	0.0000	0.0000
0.5736	0.6404	0.0000	0.0000
0.5746	0.6415	0.0000	0.0000
0.5756	0.6427	0.0000	0.0000
0.5766	0.6438	0.0000	0.0000
0.5776	0.6450	0.0000	0.0000
0.5786	0.6461	0.0000	0.0000
0.5796	0.6473	0.0000	0.0000
0.5806	0.6484	0.0000	0.0000
0.5816	0.6496	0.0000	0.0000
0.5826	0.6507	0.0000	0.0000
0.5836	0.6518	0.0000	0.0000
0.5846	0.6529	0.0000	0.0000
0.5856	0.6540	0.0000	0.0000
0.5866	0.6551	0.0000	0.0000
0.5876	0.6562	0.0000	0.0000
0.5886	0.6573	0.0000	0.0000
0.5896	0.6584	0.0000	0.0000
0.5906	0.6595	0.0000	0.0000
0.5916	0.6605	0.0000	0.0000
0.5926	0.6616	0.0000	0.0000
0.5936	0.6627	0.0000	0.0000
0.5946	0.6637	0.0000	0.0000
0.5956	0.6648	0.0000	0.0000
0.5966	0.6658	0.0000	0.0000
0.5976	0.6669	0.0000	0.0000
0.5986	0.6679	0.0000	0.0000
0.5996	0.6689	0.0000	0.0000
0.6006	0.6700	0.0000	0.0000
0.6016	0.6710	0.0000	0.0000
0.6026	0.6720	0.0000	0.0000
0.6036	0.6730	0.0000	0.0000
0.6046	0.6740	0.0000	0.0000
0.6056	0.6750	0.0000	0.0000
0.6066	0.6760	0.0000	0.0000
0.6076	0.6770	0.0000	0.0000
0.6086	0.6780	0.0000	0.0000
0.6096	0.6790	0.0000	0.0000
0.6106	0.6800	0.0000	0.0000
0.6116	0.6809	0.0000	0.0000
0.6126	0.6819	0.0000	0.0000
0.6136	0.6829	0.0000	0.0000
0.6146	0.6838	0.0000	0.0000
0.6156	0.6848	0.0000	0.0000
0.6166	0.6857	0.0000	0.0000
0.6176	0.6867	0.0000	0.0000
0.6186	0.6876	0.0000	0.0000
0.6196	0.6886	0.0000	0.0000
0.6206	0.6895	0.0000	0.0000
0.6216	0.6904	0.0000	0.0000
0.6226	0.6913	0.0000	0.0000
0.6236	0.6923	0.0000	0.0000
0.6246	0.6932	0.0000	0.0000
0.6256	0.6941	0.0000	0.0000
0.6266	0.6950	0.0000	0.0000
0.6276	0.6959	0.0000	0.0000
0.6286	0.6968	0.0000	0.0000
0.6296	0.6977	0.0000	0.0000
0.6306	0.6986	0.0000	0.0000
0.6316	0.6994	0.0000	0.0000
0.6326	0.7003	0.0000	0.0000
0.6336	0.7012	0.0000	0.0000
0.6346	0.7021	0.0000	0.0000
0.6356	0.7029	0.0000	0.0000
0.6366	0.7038	0.0000	0.0000
0.6376	0.7047	0.0000	0.0000
0.6386	0.7055	0.0000	0.0000
0.6396	0.7064	0.0000	0.0000
0.6406	0.7072	0.0000	0.0000
0.6416	0.7081	0.0000	0.0000
0.6426	0.7089	0.0000	0.0000
0.6436	0.7097	0.0000	0.0000
0.6446	0.7106	0.0000	0.0000
0.6456	0.7114	0.0000	0.0000
0.6466	0.7122	0.0000	0.0000
0.6476	0.7130	0.0000	0.0000
0.6486	0.7138	0.0000	0.0000
0.6496	0.7147	0.0000	0.0000
0.6507	0.7155	0.0000	0.0000
0.6517	0.7163	0.0000	0.0000
0.6527	0.7171	0.0000	0.0000
0.6537	0.7179	0.0000	0.0000
0.6547	0.7187	0.0000	0.0000
0.6557	0.7194	0.0000	0.0000
0.6567	0.7202	0.0000	0.0000
0.6577	0.7210	0.0000	0.0000
0.6587	0.7218	0.0000	0.0000
0.6597	0.7226	0.0000	0.0000
0.6607	0.7233	0.0000	0.0000
0.6617	0.7241	0.0000	0.0000
0.6627	0.7249	0.0000	0.0000
0.6637	0.7256	0.0000	0.0000
0.6647	0.7264	0.0000	0.0000
0.6657	0.7271	0.0000	0.0000
0.6667	0.7279	0.0000	0.0000
0.6677	0.7286	0.0000	0.0000
0.6687	0.7294	0.0000	0.0000
0.6697	0.7301	0.0000	0.0000
0.6707	0.7309	0.0000	0.0000
0.6717	0.7316	0.0000	0.0000
0.6727	0.7323	0.0000	0.0000
0.6737	0.7330	0.0000	0.0000
0.6747	0.7338	0.0000	0.0000
0.6757	0.7345	0.0000	0.0000
0.6767	0.7352	0.0000	0.0000
0.6777	0.7359	0.0000	0.0000
0.6787	0.7366	0.0000	0.0000
0.6797	0.7373	0.0000	0.0000
0.6807	0.7380	0.0000	0.0000
0.6817	0.7387	0.0000	0.0000
0.6827	0.7394	0.0000	0.0000
0.6837	0.7401	0.0000	0.0000
0.6847	0.7408	0.0000	0.0000
0.6857	0.7415	0.0000	0.0000
0.6867	0.7422	0.0000	0.0000
0.6877	0.7429	0.0000	0.0000
0.6887	0.7436	0.0000	0.0000
0.6897	0.7442	0.0000	0.0000
0.6907	0.7449	0.0000	0.0000
0.6917	0.7456	0.0000	0.0000
0.6927	0.7463	0.0000	0.0000
0.6937	0.7469	0.0000	0.0000
0.6947	0.7476	0.0000	0.0000
0.6957	0.7482	0.0000	0.0000
0.6967	0.7489	0.0000	0.0000
0.6977	0.7495	0.0000	0.0000
0.6987	0.7502	0.0000	0.0000
0.6997	0.7508	0.0000	0.0000
0.7007	0.7515	0.0000	0.0000
0.7017	0.7521	0.0000	0.0000
0.7027	0.7528	0.0000	0.0000
0.7037	0.7534	0.0000	0.0000
0.7047	0.7540	0.0000	0.0000
0.7057	0.7547	0.0000	0.0000
0.7067	0.7553	0.0000	0.0000
0.7077	0.7559	0.0000	0.0000
0.7087	0.7566	0.0000	0.0000
0.7097	0.7572	0.0000	0.0000
0.7107	0.7578	0.0000	0.0000
0.7117	0.7584	0.0000	0.0000
0.7127	0.7590	0.0000	0.0000
0.7137	0.7596	0.0000	0.0000
0.7147	0.7602	0.0000	0.0000
0.7157	0.7608	0.0000	0.0000
0.7167	0.7614	0.0000	0.0000
0.7177	0.7620	0.0000	0.0000
0.7187	0.7626	0.0000	0.0000
0.7197	0.7632	0.0000	0.0000
0.7207	0.7638	0.0000	0.0000
0.7217	0.7644	0.0000	0.0000
0.7227	0.7650	0.0000	0.0000
0.7237	0.7656	0.0000	0.0000
0.7247	0.7662	0.0000	0.0000
0.7257	0.7668	0.0000	0.0000
0.7267	0.7673	0.0000	0.0000
0.7277	0.7679	0.0000	0.0000
0.7287	0.7685	0.0000	0.0000
0.7297	0.7691	0.0000	0.0000
0.7307	0.7696	0.0000	0.0000
0.7317	0.7702	0.0000	0.0000
0.7327	0.7708	0.0000	0.0000
0.7337	0.7713	0.0000	0.0000
0.7347	0.7719	0.0000	0.0000
0.7357	0.7724	0.0000	0.0000
0.7367	0.7730	0.0000	0.0000
0.7377	0.7735	0.0000	0.0000
0.7387	0.7741	0.0000	0.0000
0.7397	0.7746	0.0000	0.0000
0.7407	0.7752	0.0000	0.0000
0.7417	0.7757	0.0000	0.0000
0.7427	0.7763	0.0000	0.0000
0.7437	0.7768	0.0000	0.0000
0.7447	0.7774	0.0000	0.0000
0.7457	0.7779	0.0000	0.0000
0.7467	0.7784	0.0000	0.0000
0.7477	0.7790	0.0000	0.0000
0.7487	0.7795	0.0000	0.0000
0.7497	0.7800	0.0000	0.0000
0.7508	0.7805	0.0000	0.0000
0.7518	0.7811	0.0000	0.0000
0.7528	0.7816	0.0000	0.0000
0.7538	0.7821	0.0000	0.0000
0.7548	0.7826	0.0000	0.0000
0.7558	0.7831	0.0000	0.0000
0.7568	0.7836	0.0000	0.0000
0.7578	0.7842	0.0000	0.0000
0.7588	0.7847	0.0000	0.0000
0.7598	0.7852	0.0000	0.0000
0.7608	0.7857	0.0000	0.0000
0.7618	0.7862	0.0000	0.0000
0.7628	0.7867	0.0000	0.0000
0.7638	0.7872	0.0000	0.0000
0.7648	0.7877	0.0000	0.0000
0.7658	0.7882	0.0000	0.0000
0.7668	0.7887	0.0000	0.0000
0.7678	0.7892	0.0000	0.0000
0.7688	0.7897	0.0000	0.0000
0.7698	0.7902	0.0000	0.0000
0.7708	0.7906	0.0000	0.0000
0.7718	0.7911	0.0000	0.0000
0.7728	0.7916	0.0000	0.0000
0.7738	0.7921	0.0000	0.0000
0.7748	0.7926	0.0000	0.0000
0.7758	0.7931	0.0000	0.0000
0.7768	0.7935	0.0000	0.0000
0.7778	0.7940	0.0000	0.0000
0.7788	0.7945	0.0000	0.0000
0.7798	0.7950	0.0000	0.0000
0.7808	0.7954	0.0000	0.0000
0.7818	0.7959	0.0000	0.0000
0.7828	0.7964	0.0000	0.0000
0.7838	0.7968	0.0000	0.0000
0.7848	0.7973	0.0000	0.0000
0.7858	0.7978	0.0000	0.0000
0.7868	0.7982	0.0000	0.0000
0.7878	0.7987	0.0000	0.0000
0.7888	0.7991	0.0000	0.0000
0.7898	0.7996	0.0000	0.0000
0.7908	0.8001	0.0000	0.0000
0.7918	0.8005	0.0000	0.0000
0.7928	0.8010	0.0000	0.0000
0.7938	0.8014	0.0000	0.0000
0.7948	0.8019	0.0000	0.0000
0.7958	0.8023	0.0000	0.0000
0.7968	0.8028	0.0000	0.0000
0.7978	0.8032	0.0000	0.0000
0.7988	0.8036	0.0000	0.0000
0.7998	0.8041	0.0000	0.0000
0.8008	0.8045	0.0000	0.0000
0.8018	0.8050	0.0000	0.0000
0.8028	0.8054	0.0000	0.0000
0.8038	0.8058	0.0000	0.0000
0.8048	0.8063	0.0000	0.0000
0.8058	0.8067	0.0000	0.0000
0.8068	0.8071	0.0000	0.0000
0.8078	0.8076	0.0000	0.0000
0.8088	0.8080	0.0000	0.0000
0.8098	0.8084	0.0000	0.0000
0.8108	0.8089	0.0000	0.0000
0.8118	0.8093	0.0000	0.0000
0.8128	0.8097	0.0000	0.0000
0.8138	0.8101	0.0000	0.0000
0.8148	0.8106	0.0000	0.0000
0.8158	0.8110	0.0000	0.0000
0.8168	0.8114	0.0000	0.0000
0.8178	0.8118	0.0000	0.0000
0.8188	0.8122	0.0000	0.0000
0.8198	0.8127	0.0000	0.0000
0.8208	0.8131	0.0000	0.0000
0.8218	0.8135	0.0000	0.0000
0.8228	0.8139	0.0000	0.0000
0.8238	0.8143	0.0000	0.0000
0.8248	0.8147	0.0000	0.0000
0.8258	0.8151	0.0000	0.0000
0.8268	0.8155	0.0000	0.0000
0.8278	0.8159	0.0000	0.0000
0.8288	0.8163	0.0000	0.0000
0.8298	0.8168	0.0000	0.0000
0.8308	0.8172	0.0000	0.0000
0.8318	0.8176	0.0000	0.0000
0.8328	0.8180	0.0000	0.0000
0.8338	0.8184	0.0000	0.0000
0.8348	0.8188	0.0000	0.0000
0.8358	0.8192	0.0000	0.0000
0.8368	0.8196	0.0000	0.0000
0.8378	0.8200	0.0000	0.0000
0.8388	0.8204	0.0000	0.0000
0.8398	0.8207	0.0000	0.0000
0.8408	0.8211	0.0000	0.0000
0.8418	0.8215	0.0000	0.0000
0.8428	0.8219	0.0000	0.0000
0.8438	0.8223	0.0000	0.0000
0.8448	0.8227	0.0000	0.0000
0.8458	0.8231	0.0000	0.0000
0.8468	0.8235	0.0000	0.0000
0.8478	0.8239	0.0000	0.0000
0.8488	0.8243	0.0000	0.0000
0.8498	0.8246	0.0000	0.0000
0.8509	0.8250	0.0000	0.0000
0.8519	0.8254	0.0000	0.0000
0.8529	0.8258	0.0000	0.0000
0.8539	0.8262	0.0000	0.0000
0.8549	0.8266	0.0000	0.0000
0.8559	0.8269	0.0000	0.0000
0.8569	0.8273	0.0000	0.0000
0.8579	0.8277	0.0000	0.0000
0.8589	0.8281	0.0000	0.0000
0.8599	0.8285	0.0000	0.0000
0.8609	0.8288	0.0000	0.0000
0.8619	0.8292	0.0000	0.0000
0.8629	0.8296	0.0000	0.0000
0.8639	0.8300	0.0000	0.0000
0.8649	0.8303	0.0000	0.0000
0.8659	0.8307	0.0000	0.0000
0.8669	0.8311	0.0000	0.0000
0.8679	0.8315	0.0000	0.0000
0.8689	0.8318	0.0000	0.0000
0.8699	0.8322	0.0000	0.0000
0.8709	0.8326	0.0000	0.0000
0.8719	0.8329	0.0000	0.0000
0.8729	0.8333	0.0000	0.0000
0.8739	0.8337	0.0000	0.0000
0.8749	0.8340	0.0000	0.0000
0.8759	0.8344	0.0000	0.0000
0.8769	0.8348	0.0000	0.0000
0.8779	0.8351	0.0000	0.0000
0.8789	0.8355	0.0000	0.0000
0.8799	0.8359	0.0000	0.0000
0.8809	0.8362	0.0000	0.0000
0.8819	0.8366	0.0000	0.0000
0.8829	0.8370	0.0000	0.0000
0.8839	0.8373	0.0000	0.0000
0.8849	0.8377	0.0000	0.0000
0.8859	0.8380	0.0000	0.0000
0.8869	0.8384	0.0000	0.0000
0.8879	0.8388	0.0000	0.0000
0.8889	0.8391	0.0000	0.0000
0.8899	0.8395	0.0000	0.0000
0.8909	0.8398	0.0000	0.0000
0.8919	0.8402	0.0000	0.0000
0.8929	0.8405	0.0000	0.0000
0.8939	0.8409	0.0000	0.0000
0.8949	0.8413	0.0000	0.0000
0.8959	0.8416	0.0000	0.0000
0.8969	0.8420	0.0000	0.0000
0.8979	0.8423	0.0000	0.0000
0.8989	0.8427	0.0000	0.0000
0.8999	0.8430	0.0000	0.0000
0.9009	0.8434	0.0000	0.0000
0.9019	0.8437	0.0000	0.0000
0.9029	0.8441	0.0000	0.0000
0.9039	0.8445	0.0000	0.0000
0.9049	0.8448	0.0000	0.0000
0.9059	0.8452	0.0000	0.0000
0.9069	0.8455	0.0000	0.0000
0.9079	0.8459	0.0000	0.0000
0.9089	0.8462	0.0000	0.0000
0.9099	0.8466	0.0000	0.0000
0.9109	0.8469	0.0000	0.0000
0.9119	0.8473	0.0000	0.0000
0.9129	0.8476	0.0000	0.0000
0.9139	0.8480	0.0000	0.0000
0.9149	0.8483	0.0000	0.0000
0.9159	0.8487	0.0000	0.0000
0.9169	0.8490	0.0000	0.0000
0.9179	0.8494	0.0000	0.0000
0.9189	0.8497	0.0000	0.0000
0.9199	0.8501	0.0000	0.0000
0.9209	0.8504	0.0000	0.0000
0.9219	0.8508	0.0000	0.0000
0.9229	0.8511	0.0000	0.0000
0.9239	0.8515	0.0000	0.0000
0.9249	0.8518	0.0000	0.0000
0.9259	0.8521	0.0000	0.0000
0.9269	0.8525	0.0000	0.0000
0.9279	0.8528	0.0000	0.0000
0.9289	0.8532	0.0000	0.0000
0.9299	0.8535	0.0000	0.0000
0.9309	0.8539	0.0000	0.0000
0.9319	0.8542	0.0000	0.0000
0.9329	0.8546	0.0000	0.0000
0.9339	0.8549	0.0000	0.0000
0.9349	0.8553	0.0000	0.0000
0.9359	0.8556	0.0000	0.0000
0.9369	0.8560	0.0000	0.0000
0.9379	0.8563	0.0000	0.0000
0.9389	0.8567	0.0000	0.0000
0.9399	0.8570	0.0000	0.0000
0.9409	0.8574	0.0000	0.0000
0.9419	0.8577	0.0000	0.0000
0.9429	0.8580	0.0000	0.0000
0.9439	0.8584	0.0000	0.0000
0.9449	0.8587	0.0000	0.0000
0.9459	0.8591	0.0000	0.0000
0.9469	0.8594	0.0000	0.0000
0.9479	0.8598	0.0000	0.0000
0.9489	0.8601	0.0000	0.0000
0.9499	0.8605	0.0000	0.0000
0.9510	0.8608	0.0000	0.0000
0.9520	0.8612	0.0000	0.0000
0.9530	0.8615	0.0000	0.0000
0.9540	0.8619	0.0000	0.0000
0.9550	0.8622	0.0000	0.0000
0.9560	0.8626	0.0000	0.0000
0.9570	0.8629	0.0000	0.0000
0.9580	0.8633	0.0000	0.0000
0.9590	0.8636	0.0000	0.0000
0.9600	0.8640	0.0000	0.0000
0.9610	0.8643	0.0000	0.0000
0.9620	0.8647	0.0000	0.0000
0.9630	0.8650	0.0000	0.0000
0.9640	0.8654	0.0000	0.0000
0.9650	0.8657	0.0000	0.0000
0.9660	0.8661	0.0000	0.0000
0.9670	0.8664	0.0000	0.0000
0.9680	0.8668	0.0000	0.0000
0.9690	0.8671	0.0000	0.0000
0.9700	0.8675	0.0000	0.0000
0.9710	0.8678	0.0000	0.0000
0.9720	0.8682	0.0000	0.0000
0.9730	0.8685	0.0000	0.0000
0.9740	0.8689	0.0000	0.0000
0.9750	0.8692	0.0000	0.0000
0.9760	0.8696	0.0000	0.0000
0.9770	0.8699	0.0000	0.0000
0.9780	0.8703	0.0000	0.0000
0.9790	0.8707	0.0000	0.0000
0.9800	0.8710	0.0000	0.0000
0.9810	0.8714	0.0000	0.0000
0.9820	0.8717	0.0000	0.0000
0.9830	0.8721	0.0000	0.0000
0.9840	0.8724	0.0000	0.0000
0.9850	0.8728	0.0000	0.0000
0.9860	0.8732	0.0000	0.0000
0.9870	0.8735	0.0000	0.0000
0.9880	0.8739	0.0000	0.0000
0.9890	0.8742	0.0000	0.0000
0.9900	0.8746	0.0000	0.0000
0.9910	0.8750	0.0000	0.0000
0.9920	0.8753	0.0000	0.0000
0.9930	0.8757	0.0000	0.0000
0.9940	0.8761	0.0000	0.0000
0.9950	0.8764	0.0000	0.0000
0.9960	0.8768	0.0000	0.0000
0.9970	0.8772	0.0000	0.0000
0.9980	0.8775	0.0000	0.0000
0.9990	0.8779	0.0000	0.0000
1.0000	0.8783	0.0000	0.0000
0.8078
