0.0000	0.1242	0.0000	0.0000
0.0010	0.1251	0.0000	0.0000
0.0020	0.1260	0.0000	0.0000
0.0030	0.1269	0.0000	0.0000
0.0040	0.1277	0.0000	0.0000
0.0050	0.1286	0.0000	0.0000
0.0060	0.1295	0.0000	0.0000
0.0070	0.1304	0.0000	0.0000
0.0080	0.1312	0.0000	0.0000
0.0090	0.1321	0.0000	0.0000
0.0100	0.1330	0.0000	0.0000
0.0110	0.1339	0.0000	0.0000
0.0120	0.1347	0.0000	0.0000
0.0130	0.1356	0.0000	0.0000
0.0140	0.1365	0.0000	0.0000
0.0150	0.1373	0.0000	0.0000
0.0160	0.1382	0.0000	0.0000
0.0170	0.1391	0.0000	0.0000
0.0180	0.1400	0.0000	0.0000
0.0190	0.1408	0.0000	0.0000
0.0200	0.1417	0.0000	0.0000
0.0210	0.1426	0.0000	0.0000
0.0220	0.1434	0.0000	0.0000
0.0230	0.1443	0.0000	0.0000
0.0240	0.1452	0.0000	0.0000
0.0250	0.1461	0.0000	0.0000
0.0260	0.1469	0.0000	0.0000
0.0270	0.1478	0.0000	0.0000
0.0280	0.1487	0.0000	0.0000
0.0290	0.1495	0.0000	0.0000
0.0300	0.1504	0.0000	0.0000
0.0310	0.1513	0.0000	0.0000
0.0320	0.1521	0.0000	0.0000
0.0330	0.1530	0.0000	0.0000
0.0340	0.1539	0.0000	0.0000
0.0350	0.1547	0.0000	0.0000
0.0360	0.1556	0.0000	0.0000
0.0370	0.1565	0.0000	0.0000
0.0380	0.1573	0.0000	0.0000
0.0390	0.1582	0.0000	0.0000
0.0400	0.1591	0.0000	0.0000
0.0410	0.1599	0.0000	0.0000
0.0420	0.1608	0.0000	0.0000
0.0430	0.1617	0.0000	0.0000
0.0440	0.1625	0.0000	0.0000
0.0450	0.1634	0.0000	0.0000
0.0460	0.1643	0.0000	0.0000
0.0470	0.1651	0.0000	0.0000
0.0480	0.1660	0.0000	0.0000
0.0490	0.1668	0.0000	0.0000
0.0501	0.1677	0.0000	0.0000
0.0511	0.1686	0.0000	0.0000
0.0521	0.1694	0.0000	0.0000
0.0531	0.1703	0.0000	0.0000
0.0541	0.1712	0.0000	0.0000
0.0551	0.1720	0.0000	0.0000
0.0561	0.1729	0.0000	0.0000
0.0571	0.1737	0.0000	0.0000
0.0581	0.1746	0.0000	0.0000
0.0591	0.1755	0.0000	0.0000
0.0601	0.1763	0.0000	0.0000
0.0611	0.1772	0.0000	0.0000
0.0621	0.1780	0.0000	0.0000
0.0631	0.1789	0.0000	0.0000
0.0641	0.1798	0.0000	0.0000
0.0651	0.1806	0.0000	0.0000
0.0661	0.1815	0.0000	0.0000
0.0671	0.1823	0.0000	0.0000
0.0681	0.1832	0.0000	0.0000
0.0691	0.1841	0.0000	0.0000
0.0701	0.1849	0.0000	0.0000
0.0711	0.1858	0.0000	0.0000
0.0721	0.1866	0.0000	0.0000
0.0731	0.1875	0.0000	0.0000
0.0741	0.1883	0.0000	0.0000
0.0751	0.1892	0.0000	0.0000
0.0761	0.1900	0.0000	0.0000
0.0771	0.1909	0.0000	0.0000
0.0781	0.1918	0.0000	0.0000
0.0791	0.1926	0.0000	0.0000
0.0801	0.1935	0.0000	0.0000
0.0811	0.1943	0.0000	0.0000
0.0821	0.1952	0.0000	0.0000
0.0831	0.1960	0.0000	0.0000
0.0841	0.1969	0.0000	0.0000
0.0851	0.1977	0.0000	0.0000
0.0861	0.1986	0.0000	0.0000
0.0871	0.1994	0.0000	0.0000
0.0881	0.2003	0.0000	0.0000
0.0891	0.2011	0.0000	0.0000
0.0901	0.2020	0.0000	0.0000
0.0911	0.2028	0.0000	0.0000
0.0921	0.2037	0.0000	0.0000
0.0931	0.2046	0.0000	0.0000
0.0941	0.2054	0.0000	0.0000
0.0951	0.2063	0.0000	0.0000
0.0961	0.2071	0.0000	0.0000
0.0971	0.2080	0.0000	0.0000
0.0981	0.2088	0.0000	0.0000
0.0991	0.2097	0.0000	0.0000
0.1001	0.2105	0.0000	0.0000
0.1011	0.2113	0.0000	0.0000
0.1021	0.2122	0.0000	0.0000
0.1031	0.2130	0.0000	0.0000
0.1041	0.2139	0.0000	0.0000
0.1051	0.2147	0.0000	0.0000
0.1061	0.2156	0.0000	0.0000
0.1071	0.2164	0.0000	0.0000
0.1081	0.2173	0.0000	0.0000
0.1091	0.2181	0.0000	0.0000
0.1101	0.2190	0.0000	0.0000
0.1111	0.2198	0.0000	0.0000
0.1121	0.2207	0.0000	0.0000
0.1131	0.2215	0.0000	0.0000
0.1141	0.2224	0.0000	0.0000
0.1151	0.2232	0.0000	0.0000
0.1161	0.2240	0.0000	0.0000
0.1171	0.2249	0.0000	0.0000
0.1181	0.2257	0.0000	0.0000
0.1191	0.2266	0.0000	0.0000
0.1201	0.2274	0.0000	0.0000
0.1211	0.2283	0.0000	0.0000
0.1221	0.2291	0.0000	0.0000
0.1231	0.2300	0.0000	0.0000
0.1241	0.2308	0.0000	0.0000
0.1251	0.2316	0.0000	0.0000
0.1261	0.2325	0.0000	0.0000
0.1271	0.2333	0.0000	0.0000
0.1281	0.2342	0.0000	0.0000
0.1291	0.2350	0.0000	0.0000
0.1301	0.2358	0.0000	0.0000
0.1311	0.2367	0.0000	0.0000
0.1321	0.2375	0.0000	0.0000
0.1331	0.2384	0.0000	0.0000
0.1341	0.2392	0.0000	0.0000
0.1351	0.2400	0.0000	0.0000
0.1361	0.2409	0.0000	0.0000
0.1371	0.2417	0.0000	0.0000
0.1381	0.2426	0.0000	0.0000
0.1391	0.2434	0.0000	0.0000
0.1401	0.2442	0.0000	0.0000
0.1411	0.2451	0.0000	0.0000
0.1421	0.2459	0.0000	0.0000
0.1431	0.2468	0.0000	0.0000
0.1441	0.2476	0.0000	0.0000
0.1451	0.2484	0.0000	0.0000
0.1461	0.2493	0.0000	0.0000
0.1471	0.2501	0.0000	0.0000
0.1481	0.2509	0.0000	0.0000
0.1491	0.2518	0.0000	0.0000
0.1502	0.2526	0.0000	0.0000
0.1512	0.2534	0.0000	0.0000
0.1522	0.2543	0.0000	0.0000
0.1532	0.2551	0.0000	0.0000
0.1542	0.2559	0.0000	0.0000
0.1552	0.2568	0.0000	0.0000
0.1562	0.2576	0.0000	0.0000
0.1572	0.2584	0.0000	0.0000
0.1582	0.2593	0.0000	0.0000
0.1592	0.2601	0.0000	0.0000
0.1602	0.2609	0.0000	0.0000
0.1612	0.2618	0.0000	0.0000
0.1622	0.2626	0.0000	0.0000
0.1632	0.2634	0.0000	0.0000
0.1642	0.2643	0.0000	0.0000
0.1652	0.2651	0.0000	0.0000
0.1662	0.2659	0.0000	0.0000
0.1672	0.2668	0.0000	0.0000
0.1682	0.2676	0.0000	0.0000
0.1692	0.2684	0.0000	0.0000
0.1702	0.2693	0.0000	0.0000
0.1712	0.2701	0.0000	0.0000
0.1722	0.2709	0.0000	0.0000
0.1732	0.2717	0.0000	0.0000
0.1742	0.2726	0.0000	0.0000
0.1752	0.2734	0.0000	0.0000
0.1762	0.2742	0.0000	0.0000
0.1772	0.2751	0.0000	0.0000
0.1782	0.2759	0.0000	0.0000
0.1792	0.2767	0.0000	0.0000
0.1802	0.2775	0.0000	0.0000
0.1812	0.2784	0.0000	0.0000
0.1822	0.2792	0.0000	0.0000
0.1832	0.2800	0.0000	0.0000
0.1842	0.2809	0.0000	0.0000
0.1852	0.2817	0.0000	0.0000
0.1862	0.2825	0.0000	0.0000
0.1872	0.2833	0.0000	0.0000
0.1882	0.2842	0.0000	0.0000
0.1892	0.2850	0.0000	0.0000
0.1902	0.2858	0.0000	0.0000
0.1912	0.2866	0.0000	0.0000
0.1922	0.2875	0.0000	0.0000
0.1932	0.2883	0.0000	0.0000
0.1942	0.2891	0.0000	0.0000
0.1952	0.2899	0.0000	0.0000
0.1962	0.2908	0.0000	0.0000
0.1972	0.2916	0.0000	0.0000
0.1982	0.2924	0.0000	0.0000
0.1992	0.2932	0.0000	0.0000
0.2002	0.2940	0.0000	0.0000
0.2012	0.2949	0.0000	0.0000
0.2022	0.2957	0.0000	0.0000
0.2032	0.2965	0.0000	0.0000
0.2042	0.2973	0.0000	0.0000
0.2052	0.2982	0.0000	0.0000
0.2062	0.2990	0.0000	0.0000
0.2072	0.2998	0.0000	0.0000
0.2082	0.3006	0.0000	0.0000
0.2092	0.3014	0.0000	0.0000
0.2102	0.3023	0.0000	0.0000
0.2112	0.3031	0.0000	0.0000
0.2122	0.3039	0.0000	0.0000
0.2132	0.3047	0.0000	0.0000
0.2142	0.3055	0.0000	0.0000
0.2152	0.3064	0.0000	0.0000
0.2162	0.3072	0.0000	0.0000
0.2172	0.3080	0.0000	0.0000
0.2182	0.3088	0.0000	0.0000
0.2192	0.3096	0.0000	0.0000
0.2202	0.3104	0.0000	0.0000
0.2212	0.3113	0.0000	0.0000
0.2222	0.3121	0.0000	0.0000
0.2232	0.3129	0.0000	0.0000
0.2242	0.3137	0.0000	0.0000
0.2252	0.3145	0.0000	0.0000
0.2262	0.3153	0.0000	0.0000
0.2272	0.3162	0.0000	0.0000
0.2282	0.3170	0.0000	0.0000
0.2292	0.3178	0.0000	0.0000
0.2302	0.3186	0.0000	0.0000
0.2312	0.3194	0.0000	0.0000
0.2322	0.3202	0.0000	0.0000
0.2332	0.3211	0.0000	0.0000
0.2342	0.3219	0.0000	0.0000
0.2352	0.3227	0.0000	0.0000
0.2362	0.3235	0.0000	0.0000
0.2372	0.3243	0.0000	0.0000
0.2382	0.3251	0.0000	0.0000
0.2392	0.3259	0.0000	0.0000
0.2402	0.3268	0.0000	0.0000
0.2412	0.3276	0.0000	0.0000
0.2422	0.3284	0.0000	0.0000
0.2432	0.3292	0.0000	0.0000
0.2442	0.3300	0.0000	0.0000
0.2452	0.3308	0.0000	0.0000
0.2462	0.3316	0.0000	0.0000
0.2472	0.3324	0.0000	0.0000
0.2482	0.3333	0.0000	0.0000
0.2492	0.3341	0.0000	0.0000
0.2503	0.3349	0.0000	0.0000
0.2513	0.3357	0.0000	0.0000
0.2523	0.3365	0.0000	0.0000
0.2533	0.3373	0.0000	0.0000
0.2543	0.3381	0.0000	0.0000
0.2553	0.3389	0.0000	0.0000
0.2563	0.3397	0.0000	0.0000
0.2573	0.3406	0.0000	0.0000
0.2583	0.3414	0.0000	0.0000
0.2593	0.3422	0.0000	0.0000
0.2603	0.3430	0.0000	0.0000
0.2613	0.3438	0.0000	0.0000
0.2623	0.3446	0.0000	0.0000
0.2633	0.3454	0.0000	0.0000
0.2643	0.3462	0.0000	0.0000
0.2653	0.3470	0.0000	0.0000
0.2663	0.3478	0.0000	0.0000
0.2673	0.3486	0.0000	0.0000
0.2683	0.3495	0.0000	0.0000
0.2693	0.3503	0.0000	0.0000
0.2703	0.3511	0.0000	0.0000
0.2713	0.3519	0.0000	0.0000
0.2723	0.3527	0.0000	0.0000
0.2733	0.3535	0.0000	0.0000
0.2743	0.3543	0.0000	0.0000
0.2753	0.3551	0.0000	0.0000
0.2763	0.3559	0.0000	0.0000
0.2773	0.3567	0.0000	0.0000
0.2783	0.3575	0.0000	0.0000
0.2793	0.3583	0.0000	0.0000
0.2803	0.3591	0.0000	0.0000
0.2813	0.3600	0.0000	0.0000
0.2823	0.3608	0.0000	0.0000
0.2833	0.3616	0.0000	0.0000
0.2843	0.3624	0.0000	0.0000
0.2853	0.3632	0.0000	0.0000
0.2863	0.3640	0.0000	0.0000
0.2873	0.3648	0.0000	0.0000
0.2883	0.3656	0.0000	0.0000
0.2893	0.3664	0.0000	0.0000
0.2903	0.3672	0.0000	0.0000
0.2913	0.3680	0.0000	0.0000
0.2923	0.3688	0.0000	0.0000
0.2933	0.3696	0.0000	0.0000
0.2943	0.3704	0.0000	0.0000
0.2953	0.3712	0.0000	0.0000
0.2963	0.3720	0.0000	0.0000
0.2973	0.3728	0.0000	0.0000
0.2983	0.3736	0.0000	0.0000
0.2993	0.3744	0.0000	0.0000
0.3003	0.3752	0.0000	0.0000
0.3013	0.3760	0.0000	0.0000
0.3023	0.3768	0.0000	0.0000
0.3033	0.3777	0.0000	0.0000
0.3043	0.3785	0.0000	0.0000
0.3053	0.3793	0.0000	0.0000
0.3063	0.3801	0.0000	0.0000
0.3073	0.3809	0.0000	0.0000
0.3083	0.3817	0.0000	0.0000
0.3093	0.3825	0.0000	0.0000
0.3103	0.3833	0.0000	0.0000
0.3113	0.3841	0.0000	0.0000
0.3123	0.3849	0.0000	0.0000
0.3133	0.3857	0.0000	0.0000
0.3143	0.3865	0.0000	0.0000
0.3153	0.3873	0.0000	0.0000
0.3163	0.3881	0.0000	0.0000
0.3173	0.3889	0.0000	0.0000
0.3183	0.3897	0.0000	0.0000
0.3193	0.3905	0.0000	0.0000
0.3203	0.3913	0.0000	0.0000
0.3213	0.3921	0.0000	0.0000
0.3223	0.3929	0.0000	0.0000
0.3233	0.3937	0.0000	0.0000
0.3243	0.3945	0.0000	0.0000
0.3253	0.3953	0.0000	0.0000
0.3263	0.3961	0.0000	0.0000
0.3273	0.3969	0.0000	0.0000
0.3283	0.3977	0.0000	0.0000
0.3293	0.3985	0.0000	0.0000
0.3303	0.3993	0.0000	0.0000
0.3313	0.4001	0.0000	0.0000
0.3323	0.4009	0.0000	0.0000
0.3333	0.4017	0.0000	0.0000
0.3343	0.4025	0.0000	0.0000
0.3353	0.4033	0.0000	0.0000
0.3363	0.4041	0.0000	0.0000
0.3373	0.4049	0.0000	0.0000
0.3383	0.4057	0.0000	0.0000
0.3393	0.4065	0.0000	0.0000
0.3403	0.4073	0.0000	0.0000
0.3413	0.4081	0.0000	0.0000
0.3423	0.4089	0.0000	0.0000
0.3433	0.4097	0.0000	0.0000
0.3443	0.4105	0.0000	0.0000
0.3453	0.4113	0.0000	0.0000
0.3463	0.4121	0.0000	0.0000
0.3473	0.4129	0.0000	0.0000
0.3483	0.4137	0.0000	0.0000
0.3493	0.4145	0.0000	0.0000
0.3504	0.4153	0.0000	0.0000
0.3514	0.4161	0.0000	0.0000
0.3524	0.4169	0.0000	0.0000
0.3534	0.4177	0.0000	0.0000
0.3544	0.4185	0.0000	0.0000
0.3554	0.4193	0.0000	0.0000
0.3564	0.4201	0.0000	0.0000
0.3574	0.4209	0.0000	0.0000
0.3584	0.4217	0.0000	0.0000
0.3594	0.4225	0.0000	0.0000
0.3604	0.4233	0.0000	0.0000
0.3614	0.4241	0.0000	0.0000
0.3624	0.4249	0.0000	0.0000
0.3634	0.4257	0.0000	0.0000
0.3644	0.4265	0.0000	0.0000
0.3654	0.4273	0.0000	0.0000
0.3664	0.4281	0.0000	0.0000
0.3674	0.4289	0.0000	0.0000
0.3684	0.4297	0.0000	0.0000
0.3694	0.4305	0.0000	0.0000
0.3704	0.4313	0.0000	0.0000
0.3714	0.4321	0.0000	0.0000
0.3724	0.4329	0.0000	0.0000
0.3734	0.4337	0.0000	0.0000
0.3744	0.4345	0.0000	0.0000
0.3754	0.4353	0.0000	0.0000
0.3764	0.4361	0.0000	0.0000
0.3774	0.4370	0.0000	0.0000
0.3784	0.4378	0.0000	0.0000
0.3794	0.4386	0.0000	0.0000
0.3804	0.4394	0.0000	0.0000
0.3814	0.4402	0.0000	0.0000
0.3824	0.4410	0.0000	0.0000
0.3834	0.4418	0.0000	0.0000
0.3844	0.4426	0.0000	0.0000
0.3854	0.4434	0.0000	0.0000
0.3864	0.4442	0.0000	0.0000
0.3874	0.4450	0.0000	0.0000
0.3884	0.4458	0.0000	0.0000
0.3894	0.4466	0.0000	0.0000
0.3904	0.4474	0.0000	0.0000
0.3914	0.4482	0.0000	0.0000
0.3924	0.4490	0.0000	0.0000
0.3934	0.4498	0.0000	0.0000
0.3944	0.4506	0.0000	0.0000
0.3954	0.4514	0.0000	0.0000
0.3964	0.4522	0.0000	0.0000
0.3974	0.4530	0.0000	0.0000
0.3984	0.4538	0.0000	0.0000
0.3994	0.4546	0.0000	0.0000
0.4004	0.4554	0.0000	0.0000
0.4014	0.4562	0.0000	0.0000
0.4024	0.4570	0.0000	0.0000
0.4034	0.4578	0.0000	0.0000
0.4044	0.4586	0.0000	0.0000
0.4054	0.4595	0.0000	0.0000
0.4064	0.4603	0.0000	0.0000
0.4074	0.4611	0.0000	0.0000
0.4084	0.4619	0.0000	0.0000
0.4094	0.4627	0.0000	0.0000
0.4104	0.4635	0.0000	0.0000
0.4114	0.4643	0.0000	0.0000
0.4124	0.4651	0.0000	0.0000
0.4134	0.4659	0.0000	0.0000
0.4144	0.4667	0.0000	0.0000
0.4154	0.4675	0.0000	0.0000
0.4164	0.4683	0.0000	0.0000
0.4174	0.4691	0.0000	0.0000
0.4184	0.4700	0.0000	0.0000
0.4194	0.4708	0.0000	0.0000
0.4204	0.4716	0.0000	0.0000
0.4214	0.4724	0.0000	0.0000
0.4224	0.4732	0.0000	0.0000
0.4234	0.4740	0.0000	0.0000
0.4244	0.4748	0.0000	0.0000
0.4254	0.4756	0.0000	0.0000
0.4264	0.4764	0.0000	0.0000
0.4274	0.4772	0.0000	0.0000
0.4284	0.4781	0.0000	0.0000
0.4294	0.4789	0.0000	0.0000
0.4304	0.4797	0.0000	0.0000
0.4314	0.4805	0.0000	0.0000
0.4324	0.4813	0.0000	0.0000
0.4334	0.4821	0.0000	0.0000
0.4344	0.4829	0.0000	0.0000
0.4354	0.4837	0.0000	0.0000
0.4364	0.4846	0.0000	0.0000
0.4374	0.4854	0.0000	0.0000
0.4384	0.4862	0.0000	0.0000
0.4394	0.4870	0.0000	0.0000
0.4404	0.4878	0.0000	0.0000
0.4414	0.4886	0.0000	0.0000
0.4424	0.4895	0.0000	0.0000
0.4434	0.4903	0.0000	0.0000
0.4444	0.4911	0.0000	0.0000
0.4454	0.4919	0.0000	0.0000
0.4464	0.4927	0.0000	0.0000
0.4474	0.4936	0.0000	0.0000
0.4484	0.4944	0.0000	0.0000
0.4494	0.4952	0.0000	0.0000
0.4505	0.4960	0.0000	0.0000
0.4515	0.4968	0.0000	0.0000
0.4525	0.4977	0.0000	0.0000
0.4535	0.4985	0.0000	0.0000
0.4545	0.4993	0.0000	0.0000
0.4555	0.5001	0.0000	0.0000
0.4565	0.5009	0.0000	0.0000
0.4575	0.5018	0.0000	0.0000
0.4585	0.5026	0.0000	0.0000
0.4595	0.5034	0.0000	0.0000
0.4605	0.5042	0.0000	0.0000
0.4615	0.5051	0.0000	0.0000
0.4625	0.5059	0.0000	0.0000
0.4635	0.5067	0.0000	0.0000
0.4645	0.5075	0.0000	0.0000
0.4655	0.5084	0.0000	0.0000
0.4665	0.5092	0.0000	0.0000
0.4675	0.5100	0.0000	0.0000
0.4685	0.5109	0.0000	0.0000
0.4695	0.5117	0.0000	0.0000
0.4705	0.5125	0.0000	0.0000
0.4715	0.5134	0.0000	0.0000
0.4725	0.5142	0.0000	0.0000
0.4735	0.5150	0.0000	0.0000
0.4745	0.5159	0.0000	0.0000
0.4755	0.5167	0.0000	0.0000
0.4765	0.5175	0.0000	0.0000
0.4775	0.5184	0.0000	0.0000
0.4785	0.5192	0.0000	0.0000
0.4795	0.5200	0.0000	0.0000
0.4805	0.5209	0.0000	0.0000
0.4815	0.5217	0.0000	0.0000
0.4825	0.5225	0.0000	0.0000
0.4835	0.5234	0.0000	0.0000
0.4845	0.5242	0.0000	0.0000
0.4855	0.5251	0.0000	0.0000
0.4865	0.5259	0.0000	0.0000
0.4875	0.5267	0.0000	0.0000
0.4885	0.5276	0.0000	0.0000
0.4895	0.5284	0.0000	0.0000
0.4905	0.5293	0.0000	0.0000
0.4915	0.5301	0.0000	0.0000
0.4925	0.5310	0.0000	0.0000
0.4935	0.5318	0.0000	0.0000
0.4945	0.5327	0.0000	0.0000
0.4955	0.5335	0.0000	0.0000
0.4965	0.5344	0.0000	0.0000
0.4975	0.5352	0.0000	0.0000
0.4985	0.5361	0.0000	0.0000
0.4995	0.5369	0.0000	0.0000
0.5005	0.5382	0.0000	0.0000
0.5015	0.5399	0.0000	0.0000
0.5025	0.5416	0.0000	0.0000
0.5035	0.5433	0.0000	0.0000
0.5045	0.5449	0.0000	0.0000
0.5055	0.5466	0.0000	0.0000
0.5065	0.5482	0.0000	0.0000
0.5075	0.5499	0.0000	0.0000
0.5085	0.5515	0.0000	0.0000
0.5095	0.5531	0.0000	0.0000
0.5105	0.5548	0.0000	0.0000
0.5115	0.5564	0.0000	0.0000
0.5125	0.5580	0.0000	0.0000
0.5135	0.5596	0.0000	0.0000
0.5145	0.5611	0.0000	0.0000
0.5155	0.5627	0.0000	0.0000
0.5165	0.5643	0.0000	0.0000
0.5175	0.5658	0.0000	0.0000
0.5185	0.5674	0.0000	0.0000
0.5195	0.5689	0.0000	0.0000
0.5205	0.5705	0.0000	0.0000
0.5215	0.5720	0.0000	0.0000
0.5225	0.5735	0.0000	0.0000
0.5235	0.5750	0.0000	0.0000
0.5245	0.5765	0.0000	0.0000
0.5255	0.5780	0.0000	0.0000
0.5265	0.5795	0.0000	0.0000
0.5275	0.5809	0.0000	0.0000
0.5285	0.5824	0.0000	0.0000
0.5295	0.5839	0.0000	0.0000
0.5305	0.5853	0.0000	0.0000
0.5315	0.5868	0.0000	0.0000
0.5325	0.5882	0.0000	0.0000
0.5335	0.5896	0.0000	0.0000
0.5345	0.5911	0.0000	0.0000
0.5355	0.5925	0.0000	0.0000
0.5365	0.5939	0.0000	0.0000
0.5375	0.5953	0.0000	0.0000
0.5385	0.5967	0.0000	0.0000
0.5395	0.5980	0.0000	0.0000
0.5405	0.5994	0.0000	0.0000
0.5415	0.6008	0.0000	0.0000
0.5425	0.6022	0.0000	0.0000
0.5435	0.6035	0.0000	0.0000
0.5445	0.6049	0.0000	0.0000
0.5455	0.6062	0.0000	0.0000
0.5465	0.6075	0.0000	0.0000
0.5475	0.6089	0.0000	0.0000
0.5485	0.6102	0.0000	0.0000
0.5495	0.6115	0.0000	0.0000
0.5506	0.6128	0.0000	0.0000
0.5516	0.6141	0.0000	0.0000
0.5526	0.6154	0.0000	0.0000
0.5536	0.6167	0.0000	0.0000
0.5546	0.6180	0.0000	0.0000
0.5556	0.6192	0.0000	0.0000
0.5566	0.6205	0.0000	0.0000
0.5576	0.6217	0.0000	0.0000
0.5586	0.6230	0.0000	0.0000
0.5596	0.6242	0.0000	0.0000
0.5606	0.6255	0.0000	0.0000
0.5616	0.6267	0.0000	0.0000
0.5626	0.6279	0.0000	0.0000
0.5636	0.6292	0.0000	0.0000
0.5646	0.6304	0.0000	0.0000
0.5656	0.6316	0.0000	0.0000
0.5666	0.6328	0.0000	0.0000
0.5676	0.6340	0.0000	0.0000
0.5686	0.6352	0.0000	0.0000
0.5696	0.6364	0.0000	0.0000
0.5706	0.6375	0.0000	0.0000
0.5716	0.6387	0.0000	0.0000
0.5726	0.6399	0.0000	0.0000
0.5736	0.6410	0.0000	0.0000
0.5746	0.6422	0.0000	0.0000
0.5756	0.6433	0.0000	0.0000
0.5766	0.6445	0.0000	0.0000
0.5776	0.6456	0.0000	0.0000
0.5786	0.6467	0.0000	0.0000
0.5796	0.6479	0.0000	0.0000
0.5806	0.6490	0.0000	0.0000
0.5816	0.6501	0.0000	0.0000
0.5826	0.6512	0.0000	0.0000
0.5836	0.6523	0.0000	0.0000
0.5846	0.6534	0.0000	0.0000
0.5856	0.6545	0.0000	0.0000
0.5866	0.6556	0.0000	0.0000
0.5876	0.6567	0.0000	0.0000
0.5886	0.6577	0.0000	0.0000
0.5896	0.6588	0.0000	0.0000
0.5906	0.6599	0.0000	0.0000
0.5916	0.6609	0.0000	0.0000
0.5926	0.6620	0.0000	0.0000
0.5936	0.6630	0.0000	0.0000
0.5946	0.6641	0.0000	0.0000
0.5956	0.6651	0.0000	0.0000
0.5966	0.6661	0.0000	0.0000
0.5976	0.6672	0.0000	0.0000
0.5986	0.6682	0.0000	0.0000
0.5996	0.6692	0.0000	0.0000
0.6006	0.6702	0.0000	0.0000
0.6016	0.6712	0.0000	0.0000
0.6026	0.6722	0.0000	0.0000
0.6036	0.6732	0.0000	0.0000
0.6046	0.6742	0.0000	0.0000
0.6056	0.6752	0.0000	0.0000
0.6066	0.6762	0.0000	0.0000
0.6076	0.6772	0.0000	0.0000
0.6086	0.6781	0.0000	0.0000
0.6096	0.6791	0.0000	0.0000
0.6106	0.6801	0.0000	0.0000
0.6116	0.6810	0.0000	0.0000
0.6126	0.6820	0.0000	0.0000
0.6136	0.6829	0.0000	0.0000
0.6146	0.6839	0.0000	0.0000
0.6156	0.6848	0.0000	0.0000
0.6166	0.6858	0.0000	0.0000
0.6176	0.6867	0.0000	0.0000
0.6186	0.6876	0.0000	0.0000
0.6196	0.6885	0.0000	0.0000
0.6206	0.6895	0.0000	0.0000
0.6216	0.6904	0.0000	0.0000
0.6226	0.6913	0.0000	0.0000
0.6236	0.6922	0.0000	0.0000
0.6246	0.6931	0.0000	0.0000
0.6256	0.6940	0.0000	0.0000
0.6266	0.6949	0.0000	0.0000
0.6276	0.6957	0.0000	0.0000
0.6286	0.6966	0.0000	0.0000
0.6296	0.6975	0.0000	0.0000
0.6306	0.6984	0.0000	0.0000
0.6316	0.6993	0.0000	0.0000
0.6326	0.7001	0.0000	0.0000
0.6336	0.7010	0.0000	0.0000
0.6346	0.7018	0.0000	0.0000
0.6356	0.7027	0.0000	0.0000
0.6366	0.7035	0.0000	0.0000
0.6376	0.7044	0.0000	0.0000
0.6386	0.7052	0.0000	0.0000
0.6396	0.7061	0.0000	0.0000
0.6406	0.7069	0.0000	0.0000
0.6416	0.7077	0.0000	0.0000
0.6426	0.7085	0.0000	0.0000
0.6436	0.7094	0.0000	0.0000
0.6446	0.7102	0.0000	0.0000
0.6456	0.7110	0.0000	0.0000
0.6466	0.7118	0.0000	0.0000
0.6476	0.7126	0.0000	0.0000
0.6486	0.7134	0.0000	0.0000
0.6496	0.7142	0.0000	0.0000
0.6507	0.7150	0.0000	0.0000
0.6517	0.7158	0.0000	0.0000
0.6527	0.7166	0.0000	0.0000
0.6537	0.7174	0.0000	0.0000
0.6547	0.7181	0.0000	0.0000
0.6557	0.7189	0.0000	0.0000
0.6567	0.7197	0.0000	0.0000
0.6577	0.7205	0.0000	0.0000
0.6587	0.7212	0.0000	0.0000
0.6597	0.7220	0.0000	0.0000
0.6607	0.7228	0.0000	0.0000
0.6617	0.7235	0.0000	0.0000
0.6627	0.7243	0.0000	0.0000
0.6637	0.7250	0.0000	0.0000
0.6647	0.7257	0.0000	0.0000
0.6657	0.7265	0.0000	0.0000
0.6667	0.7272	0.0000	0.0000
0.6677	0.7280	0.0000	0.0000
0.6687	0.7287	0.0000	0.0000
0.6697	0.7294	0.0000	0.0000
0.6707	0.7301	0.0000	0.0000
0.6717	0.7309	0.0000	0.0000
0.6727	0.7316	0.0000	0.0000
0.6737	0.7323	0.0000	0.0000
0.6747	0.7330	0.0000	0.0000
0.6757	0.7337	0.0000	0.0000
0.6767	0.7344	0.0000	0.0000
0.6777	0.7351	0.0000	0.0000
0.6787	0.7358	0.0000	0.0000
0.6797	0.7365	0.0000	0.0000
0.6807	0.7372	0.0000	0.0000
0.6817	0.7379	0.0000	0.0000
0.6827	0.7386	0.0000	0.0000
0.6837	0.7393	0.0000	0.0000
0.6847	0.7399	0.0000	0.0000
0.6857	0.7406	0.0000	0.0000
0.6867	0.7413	0.0000	0.0000
0.6877	0.7420	0.0000	0.0000
0.6887	0.7426	0.0000	0.0000
0.6897	0.7433	0.0000	0.0000
0.6907	0.7440	0.0000	0.0000
0.6917	0.7446	0.0000	0.0000
0.6927	0.7453	0.0000	0.0000
0.6937	0.7459	0.0000	0.0000
0.6947	0.7466	0.0000	0.0000
0.6957	0.7472	0.0000	0.0000
0.6967	0.7479	0.0000	0.0000
0.6977	0.7485	0.0000	0.0000
0.6987	0.7492	0.0000	0.0000
0.6997	0.7498	0.0000	0.0000
0.7007	0.7504	0.0000	0.0000
0.7017	0.7511	0.0000	0.0000
0.7027	0.7517	0.0000	0.0000
0.7037	0.7523	0.0000	0.0000
0.7047	0.7529	0.0000	0.0000
0.7057	0.7535	0.0000	0.0000
0.7067	0.7542	0.0000	0.0000
0.7077	0.7548	0.0000	0.0000
0.7087	0.7554	0.0000	0.0000
0.7097	0.7560	0.0000	0.0000
0.7107	0.7566	0.0000	0.0000
0.7117	0.7572	0.0000	0.0000
0.7127	0.7578	0.0000	0.0000
0.7137	0.7584	0.0000	0.0000
0.7147	0.7590	0.0000	0.0000
0.7157	0.7596	0.0000	0.0000
0.7167	0.7602	0.0000	0.0000
0.7177	0.7608	0.0000	0.0000
0.7187	0.7614	0.0000	0.0000
0.7197	0.7620	0.0000	0.0000
0.7207	0.7625	0.0000	0.0000
0.7217	0.7631	0.0000	0.0000
0.7227	0.7637	0.0000	0.0000
0.7237	0.7643	0.0000	0.0000
0.7247	0.7648	0.0000	0.0000
0.7257	0.7654	0.0000	0.0000
0.7267	0.7660	0.0000	0.0000
0.7277	0.7665	0.0000	0.0000
0.7287	0.7671	0.0000	0.0000
0.7297	0.7677	0.0000	0.0000
0.7307	0.7682	0.0000	0.0000
0.7317	0.7688	0.0000	0.0000
0.7327	0.7693	0.0000	0.0000
0.7337	0.7699	0.0000	0.0000
0.7347	0.7704	0.0000	0.0000
0.7357	0.7710	0.0000	0.0000
0.7367	0.7715	0.0000	0.0000
0.7377	0.7721	0.0000	0.0000
0.7387	0.7726	0.0000	0.0000
0.7397	0.7732	0.0000	0.0000
0.7407	0.7737	0.0000	0.0000
0.7417	0.7742	0.0000	0.0000
0.7427	0.7748	0.0000	0.0000
0.7437	0.7753	0.0000	0.0000
0.7447	0.7758	0.0000	0.0000
0.7457	0.7763	0.0000	0.0000
0.7467	0.7769	0.0000	0.0000
0.7477	0.7774	0.0000	0.0000
0.7487	0.7779	0.0000	0.0000
0.7497	0.7784	0.0000	0.0000
0.7508	0.7789	0.0000	0.0000
0.7518	0.7795	0.0000	0.0000
0.7528	0.7800	0.0000	0.0000
0.7538	0.7805	0.0000	0.0000
0.7548	0.7810	0.0000	0.0000
0.7558	0.7815	0.0000	0.0000
0.7568	0.7820	0.0000	0.0000
0.7578	0.7825	0.0000	0.0000
0.7588	0.7830	0.0000	0.0000
0.7598	0.7835	0.0000	0.0000
0.7608	0.7840	0.0000	0.0000
0.7618	0.7845	0.0000	0.0000
0.7628	0.7850	0.0000	0.0000
0.7638	0.7855	0.0000	0.0000
0.7648	0.7860	0.0000	0.0000
0.7658	0.7865	0.0000	0.0000
0.7668	0.7869	0.0000	0.0000
0.7678	0.7874	0.0000	0.0000
0.7688	0.7879	0.0000	0.0000
0.7698	0.7884	0.0000	0.0000
0.7708	0.7889	0.0000	0.0000
0.7718	0.7894	0.0000	0.0000
0.7728	0.7898	0.0000	0.0000
0.7738	0.7903	0.0000	0.0000
0.7748	0.7908	0.0000	0.0000
0.7758	0.7912	0.0000	0.0000
0.7768	0.7917	0.0000	0.0000
0.7778	0.7922	0.0000	0.0000
0.7788	0.7927	0.0000	0.0000
0.7798	0.7931	0.0000	0.0000
0.7808	0.7936	0.0000	0.0000
0.7818	0.7940	0.0000	0.0000
0.7828	0.7945	0.0000	0.0000
0.7838	0.7950	0.0000	0.0000
0.7848	0.7954	0.0000	0.0000
0.7858	0.7959	0.0000	0.0000
0.7868	0.7963	0.0000	0.0000
0.7878	0.7968	0.0000	0.0000
0.7888	0.7972	0.0000	0.0000
0.7898	0.7977	0.0000	0.0000
0.7908	0.7981	0.0000	0.0000
0.7918	0.7986	0.0000	0.0000
0.7928	0.7990	0.0000	0.0000
0.7938	0.7995	0.0000	0.0000
0.7948	0.7999	0.0000	0.0000
0.7958	0.8003	0.0000	0.0000
0.7968	0.8008	0.0000	0.0000
0.7978	0.8012	0.0000	0.0000
0.7988	0.8017	0.0000	0.0000
0.7998	0.8021	0.0000	0.0000
0.8008	0.8025	0.0000	0.0000
0.8018	0.8030	0.0000	0.0000
0.8028	0.8034	0.0000	0.0000
0.8038	0.8038	0.0000	0.0000
0.8048	0.8042	0.0000	0.0000
0.8058	0.8047	0.0000	0.0000
0.8068	0.8051	0.0000	0.0000
0.8078	0.8055	0.0000	0.0000
0.8088	0.8059	0.0000	0.0000
0.8098	0.8064	0.0000	0.0000
0.8108	0.8068	0.0000	0.0000
0.8118	0.8072	0.0000	0.0000
0.8128	0.8076	0.0000	0.0000
0.8138	0.8080	0.0000	0.0000
0.8148	0.8085	0.0000	0.0000
0.8158	0.8089	0.0000	0.0000
0.8168	0.8093	0.0000	0.0000
0.8178	0.8097	0.0000	0.0000
0.8188	0.8101	0.0000	0.0000
0.8198	0.8105	0.0000	0.0000
0.8208	0.8109	0.0000	0.0000
0.8218	0.8113	0.0000	0.0000
0.8228	0.8117	0.0000	0.0000
0.8238	0.8121	0.0000	0.0000
0.8248	0.8125	0.0000	0.0000
0.8258	0.8130	0.0000	0.0000
0.8268	0.8134	0.0000	0.0000
0.8278	0.8138	0.0000	0.0000
0.8288	0.8142	0.0000	0.0000
0.8298	0.8146	0.0000	0.0000
0.8308	0.8150	0.0000	0.0000
0.8318	0.8153	0.0000	0.0000
0.8328	0.8157	0.0000	0.0000
0.8338	0.8161	0.0000	0.0000
0.8348	0.8165	0.0000	0.0000
0.8358	0.8169	0.0000	0.0000
0.8368	0.8173	0.0000	0.0000
0.8378	0.8177	0.0000	0.0000
0.8388	0.8181	0.0000	0.0000
0.8398	0.8185	0.0000	0.0000
0.8408	0.8189	0.0000	0.0000
0.8418	0.8193	0.0000	0.0000
0.8428	0.8197	0.0000	0.0000
0.8438	0.8200	0.0000	0.0000
0.8448	0.8204	0.0000	0.0000
0.8458	0.8208	0.0000	0.0000
0.8468	0.8212	0.0000	0.0000
0.8478	0.8216	0.0000	0.0000
0.8488	0.8220	0.0000	0.0000
0.8498	0.8223	0.0000	0.0000
0.8509	0.8227	0.0000	0.0000
0.8519	0.8231	0.0000	0.0000
0.8529	0.8235	0.0000	0.0000
0.8539	0.8239	0.0000	0.0000
0.8549	0.8242	0.0000	0.0000
0.8559	0.8246	0.0000	0.0000
0.8569	0.8250	0.0000	0.0000
0.8579	0.8254	0.0000	0.0000
0.8589	0.8257	0.0000	0.0000
0.8599	0.8261	0.0000	0.0000
0.8609	0.8265	0.0000	0.0000
0.8619	0.8268	0.0000	0.0000
0.8629	0.8272	0.0000	0.0000
0.8639	0.8276	0.0000	0.0000
0.8649	0.8280	0.0000	0.0000
0.8659	0.8283	0.0000	0.0000
0.8669	0.8287	0.0000	0.0000
0.8679	0.8291	0.0000	0.0000
0.8689	0.8294	0.0000	0.0000
0.8699	0.8298	0.0000	0.0000
0.8709	0.8302	0.0000	0.0000
0.8719	0.8305	0.0000	0.0000
0.8729	0.8309	0.0000	0.0000
0.8739	0.8312	0.0000	0.0000
0.8749	0.8316	0.0000	0.0000
0.8759	0.8320	0.0000	0.0000
0.8769	0.8323	0.0000	0.0000
0.8779	0.8327	0.0000	0.0000
0.8789	0.8331	0.0000	0.0000
0.8799	0.8334	0.0000	0.0000
0.8809	0.8338	0.0000	0.0000
0.8819	0.8341	0.0000	0.0000
0.8829	0.8345	0.0000	0.0000
0.8839	0.8349	0.0000	0.0000
0.8849	0.8352	0.0000	0.0000
0.8859	0.8356	0.0000	0.0000
0.8869	0.8359	0.0000	0.0000
0.8879	0.8363	0.0000	0.0000
0.8889	0.8366	0.0000	0.0000
0.8899	0.8370	0.0000	0.0000
0.8909	0.8374	0.0000	0.0000
0.8919	0.8377	0.0000	0.0000
0.8929	0.8381	0.0000	0.0000
0.8939	0.8384	0.0000	0.0000
0.8949	0.8388	0.0000	0.0000
0.8959	0.8391	0.0000	0.0000
0.8969	0.8395	0.0000	0.0000
0.8979	0.8398	0.0000	0.0000
0.8989	0.8402	0.0000	0.0000
0.8999	0.8405	0.0000	0.0000
0.9009	0.8409	0.0000	0.0000
0.9019	0.8412	0.0000	0.0000
0.9029	0.8416	0.0000	0.0000
0.9039	0.8419	0.0000	0.0000
0.9049	0.8423	0.0000	0.0000
0.9059	0.8426	0.0000	0.0000
0.9069	0.8430	0.0000	0.0000
0.9079	0.8433	0.0000	0.0000
0.9089	0.8437	0.0000	0.0000
0.9099	0.8440	0.0000	0.0000
0.9109	0.8444	0.0000	0.0000
0.9119	0.8447	0.0000	0.0000
0.9129	0.8451	0.0000	0.0000
0.9139	0.8454	0.0000	0.0000
0.9149	0.8458	0.0000	0.0000
0.9159	0.8461	0.0000	0.0000
0.9169	0.8465	0.0000	0.0000
0.9179	0.8468	0.0000	0.0000
0.9189	0.8472	0.0000	0.0000
0.9199	0.8475	0.0000	0.0000
0.9209	0.8479	0.0000	0.0000
0.9219	0.8482	0.0000	0.0000
0.9229	0.8486	0.0000	0.0000
0.9239	0.8489	0.0000	0.0000
0.9249	0.8492	0.0000	0.0000
0.9259	0.8496	0.0000	0.0000
0.9269	0.8499	0.0000	0.0000
0.9279	0.8503	0.0000	0.0000
0.9289	0.8506	0.0000	0.0000
0.9299	0.8510	0.0000	0.0000
0.9309	0.8513	0.0000	0.0000
0.9319	0.8517	0.0000	0.0000
0.9329	0.8520	0.0000	0.0000
0.9339	0.8524	0.0000	0.0000
0.9349	0.8527	0.0000	0.0000
0.9359	0.8531	0.0000	0.0000
0.9369	0.8534	0.0000	0.0000
0.9379	0.8537	0.0000	0.0000
0.9389	0.8541	0.0000	0.0000
0.9399	0.8544	0.0000	0.0000
0.9409	0.8548	0.0000	0.0000
0.9419	0.8551	0.0000	0.0000
0.9429	0.8555	0.0000	0.0000
0.9439	0.8558	0.0000	0.0000
0.9449	0.8562	0.0000	0.0000
0.9459	0.8565	0.0000	0.0000
0.9469	0.8569	0.0000	0.0000
0.9479	0.8572	0.0000	0.0000
0.9489	0.8576	0.0000	0.0000
0.9499	0.8579	0.0000	0.0000
0.9510	0.8583	0.0000	0.0000
0.9520	0.8586	0.0000	0.0000
0.9530	0.8589	0.0000	0.0000
0.9540	0.8593	0.0000	0.0000
0.9550	0.8596	0.0000	0.0000
0.9560	0.8600	0.0000	0.0000
0.9570	0.8603	0.0000	0.0000
0.9580	0.8607	0.0000	0.0000
0.9590	0.8610	0.0000	0.0000
0.9600	0.8614	0.0000	0.0000
0.9610	0.8617	0.0000	0.0000
0.9620	0.8621	0.0000	0.0000
0.9630	0.8624	0.0000	0.0000
0.9640	0.8628	0.0000	0.0000
0.9650	0.8631	0.0000	0.0000
0.9660	0.8635	0.0000	0.0000
0.9670	0.8638	0.0000	0.0000
0.9680	0.8642	0.0000	0.0000
0.9690	0.8645	0.0000	0.0000
0.9700	0.8649	0.0000	0.0000
0.9710	0.8653	0.0000	0.0000
0.9720	0.8656	0.0000	0.0000
0.9730	0.8660	0.0000	0.0000
0.9740	0.8663	0.0000	0.0000
0.9750	0.8667	0.0000	0.0000
0.9760	0.8670	0.0000	0.0000
0.9770	0.8674	0.0000	0.0000
0.9780	0.8677	0.0000	0.0000
0.9790	0.8681	0.0000	0.0000
0.9800	0.8685	0.0000	0.0000
0.9810	0.8688	0.0000	0.0000
0.9820	0.8692	0.0000	0.0000
0.9830	0.8695	0.0000	0.0000
0.9840	0.8699	0.0000	0.0000
0.9850	0.8703	0.0000	0.0000
0.9860	0.8706	0.0000	0.0000
0.9870	0.8710	0.0000	0.0000
0.9880	0.8713	0.0000	0.0000
0.9890	0.8717	0.0000	0.0000
0.9900	0.8721	0.0000	0.0000
0.9910	0.8724	0.0000	0.0000
0.9920	0.8728	0.0000	0.0000
0.9930	0.8732	0.0000	0.0000
0.9940	0.8735	0.0000	0.0000
0.9950	0.8739	0.0000	0.0000
0.9960	0.8743	0.0000	0.0000
0.9970	0.8746	0.0000	0.0000
0.9980	0.8750	0.0000	0.0000
0.9990	0.8754	0.0000	0.0000
1.0000	0.8758	0.0000	0.0000
0.8048
