0.0000	0.1249	0.0000	0.0000
0.0010	0.1258	0.0000	0.0000
0.0020	0.1267	0.0000	0.0000
0.0030	0.1276	0.0000	0.0000
0.0040	0.1284	0.0000	0.0000
0.0050	0.1293	0.0000	0.0000
0.0060	0.1302	0.0000	0.0000
0.0070	0.1311	0.0000	0.0000
0.0080	0.1319	0.0000	0.0000
0.0090	0.1328	0.0000	0.0000
0.0100	0.1337	0.0000	0.0000
0.0110	0.1346	0.0000	0.0000
0.0120	0.1354	0.0000	0.0000
0.0130	0.1363	0.0000	0.0000
0.0140	0.1372	0.0000	0.0000
0.0150	0.1381	0.0000	0.0000
0.0160	0.1389	0.0000	0.0000
0.0170	0.1398	0.0000	0.0000
0.0180	0.1407	0.0000	0.0000
0.0190	0.1415	0.0000	0.0000
0.0200	0.1424	0.0000	0.0000
0.0210	0.1433	0.0000	0.0000
0.0220	0.1442	0.0000	0.0000
0.0230	0.1450	0.0000	0.0000
0.0240	0.1459	0.0000	0.0000
0.0250	0.1468	0.0000	0.0000
0.0260	0.1476	0.0000	0.0000
0.0270	0.1485	0.0000	0.0000
0.0280	0.1494	0.0000	0.0000
0.0290	0.1502	0.0000	0.0000
0.0300	0.1511	0.0000	0.0000
0.0310	0.1520	0.0000	0.0000
0.0320	0.1528	0.0000	0.0000
0.0330	0.1537	0.0000	0.0000
0.0340	0.1546	0.0000	0.0000
0.0350	0.1554	0.0000	0.0000
0.0360	0.1563	0.0000	0.0000
0.0370	0.1572	0.0000	0.0000
0.0380	0.1580	0.0000	0.0000
0.0390	0.1589	0.0000	0.0000
0.0400	0.1598	0.0000	0.0000
0.0410	0.1606	0.0000	0.0000
0.0420	0.1615	0.0000	0.0000
0.0430	0.1624	0.0000	0.0000
0.0440	0.1632	0.0000	0.0000
0.0450	0.1641	0.0000	0.0000
0.0460	0.1650	0.0000	0.0000
0.0470	0.1658	0.0000	0.0000
0.0480	0.1667	0.0000	0.0000
0.0490	0.1676	0.0000	0.0000
0.0501	0.1684	0.0000	0.0000
0.0511	0.1693	0.0000	0.0000
0.0521	0.1701	0.0000	0.0000
0.0531	0.1710	0.0000	0.0000
0.0541	0.1719	0.0000	0.0000
0.0551	0.1727	0.0000	0.0000
0.0561	0.1736	0.0000	0.0000
0.0571	0.1745	0.0000	0.0000
0.0581	0.1753	0.0000	0.0000
0.0591	0.1762	0.0000	0.0000
0.0601	0.1770	0.0000	0.0000
0.0611	0.1779	0.0000	0.0000
0.0621	0.1788	0.0000	0.0000
0.0631	0.1796	0.0000	0.0000
0.0641	0.1805	0.0000	0.0000
0.0651	0.1813	0.0000	0.0000
0.0661	0.1822	0.0000	0.0000
0.0671	0.1830	0.0000	0.0000
0.0681	0.1839	0.0000	0.0000
0.0691	0.1848	0.0000	0.0000
0.0701	0.1856	0.0000	0.0000
0.0711	0.1865	0.0000	0.0000
0.0721	0.1873	0.0000	0.0000
0.0731	0.1882	0.0000	0.0000
0.0741	0.1891	0.0000	0.0000
0.0751	0.1899	0.0000	0.0000
0.0761	0.1908	0.0000	0.0000
0.0771	0.1916	0.0000	0.0000
0.0781	0.1925	0.0000	0.0000
0.0791	0.1933	0.0000	0.0000
0.0801	0.1942	0.0000	0.0000
0.0811	0.1950	0.0000	0.0000
0.0821	0.1959	0.0000	0.0000
0.0831	0.1967	0.0000	0.0000
0.0841	0.1976	0.0000	0.0000
0.0851	0.1985	0.0000	0.0000
0.0861	0.1993	0.0000	0.0000
0.0871	0.2002	0.0000	0.0000
0.0881	0.2010	0.0000	0.0000
0.0891	0.2019	0.0000	0.0000
0.0901	0.2027	0.0000	0.0000
0.0911	0.2036	0.0000	0.0000
0.0921	0.2044	0.0000	0.0000
0.0931	0.2053	0.0000	0.0000
0.0941	0.2061	0.0000	0.0000
0.0951	0.2070	0.0000	0.0000
0.0961	0.2078	0.0000	0.0000
0.0971	0.2087	0.0000	0.0000
0.0981	0.2095	0.0000	0.0000
0.0991	0.2104	0.0000	0.0000
0.1001	0.2112	0.0000	0.0000
0.1011	0.2121	0.0000	0.0000
0.1021	0.2129	0.0000	0.0000
0.1031	0.2138	0.0000	0.0000
0.1041	0.2146	0.0000	0.0000
0.1051	0.2155	0.0000	0.0000
0.1061	0.2163	0.0000	0.0000
0.1071	0.2172	0.0000	0.0000
0.1081	0.2180	0.0000	0.0000
0.1091	0.2189	0.0000	0.0000
0.1101	0.2197	0.0000	0.0000
0.1111	0.2205	0.0000	0.0000
0.1121	0.2214	0.0000	0.0000
0.1131	0.2222	0.0000	0.0000
0.1141	0.2231	0.0000	0.0000
0.1151	0.2239	0.0000	0.0000
0.1161	0.2248	0.0000	0.0000
0.1171	0.2256	0.0000	0.0000
0.1181	0.2265	0.0000	0.0000
0.1191	0.2273	0.0000	0.0000
0.1201	0.2281	0.0000	0.0000
0.1211	0.2290	0.0000	0.0000
0.1221	0.2298	0.0000	0.0000
0.1231	0.2307	0.0000	0.0000
0.1241	0.2315	0.0000	0.0000
0.1251	0.2324	0.0000	0.0000
0.1261	0.2332	0.0000	0.0000
0.1271	0.2340	0.0000	0.0000
0.1281	0.2349	0.0000	0.0000
0.1291	0.2357	0.0000	0.0000
0.1301	0.2366	0.0000	0.0000
0.1311	0.2374	0.0000	0.0000
0.1321	0.2383	0.0000	0.0000
0.1331	0.2391	0.0000	0.0000
0.1341	0.2399	0.0000	0.0000
0.1351	0.2408	0.0000	0.0000
0.1361	0.2416	0.0000	0.0000
0.1371	0.2424	0.0000	0.0000
0.1381	0.2433	0.0000	0.0000
0.1391	0.2441	0.0000	0.0000
0.1401	0.2450	0.0000	0.0000
0.1411	0.2458	0.0000	0.0000
0.1421	0.2466	0.0000	0.0000
0.1431	0.2475	0.0000	0.0000
0.1441	0.2483	0.0000	0.0000
0.1451	0.2492	0.0000	0.0000
0.1461	0.2500	0.0000	0.0000
0.1471	0.2508	0.0000	0.0000
0.1481	0.2517	0.0000	0.0000
0.1491	0.2525	0.0000	0.0000
0.1502	0.2533	0.0000	0.0000
0.1512	0.2542	0.0000	0.0000
0.1522	0.2550	0.0000	0.0000
0.1532	0.2558	0.0000	0.0000
0.1542	0.2567	0.0000	0.0000
0.1552	0.2575	0.0000	0.0000
0.1562	0.2583	0.0000	0.0000
0.1572	0.2592	0.0000	0.0000
0.1582	0.2600	0.0000	0.0000
0.1592	0.2608	0.0000	0.0000
0.1602	0.2617	0.0000	0.0000
0.1612	0.2625	0.0000	0.0000
0.1622	0.2633	0.0000	0.0000
0.1632	0.2642	0.0000	0.0000
0.1642	0.2650	0.0000	0.0000
0.1652	0.2658	0.0000	0.0000
0.1662	0.2667	0.0000	0.0000
0.1672	0.2675	0.0000	0.0000
0.1682	0.2683	0.0000	0.0000
0.1692	0.2692	0.0000	0.0000
0.1702	0.2700	0.0000	0.0000
0.1712	0.2708	0.0000	0.0000
0.1722	0.2716	0.0000	0.0000
0.1732	0.2725	0.0000	0.0000
0.1742	0.2733	0.0000	0.0000
0.1752	0.2741	0.0000	0.0000
0.1762	0.2750	0.0000	0.0000
0.1772	0.2758	0.0000	0.0000
0.1782	0.2766	0.0000	0.0000
0.1792	0.2774	0.0000	0.0000
0.1802	0.2783	0.0000	0.0000
0.1812	0.2791	0.0000	0.0000
0.1822	0.2799	0.0000	0.0000
0.1832	0.2808	0.0000	0.0000
0.1842	0.2816	0.0000	0.0000
0.1852	0.2824	0.0000	0.0000
0.1862	0.2832	0.0000	0.0000
0.1872	0.2841	0.0000	0.0000
0.1882	0.2849	0.0000	0.0000
0.1892	0.2857	0.0000	0.0000
0.1902	0.2865	0.0000	0.0000
0.1912	0.2874	0.0000	0.0000
0.1922	0.2882	0.0000	0.0000
0.1932	0.2890	0.0000	0.0000
0.1942	0.2898	0.0000	0.0000
0.1952	0.2907	0.0000	0.0000
0.1962	0.2915	0.0000	0.0000
0.1972	0.2923	0.0000	0.0000
0.1982	0.2931	0.0000	0.0000
0.1992	0.2939	0.0000	0.0000
0.2002	0.2948	0.0000	0.0000
0.2012	0.2956	0.0000	0.0000
0.2022	0.2964	0.0000	0.0000
0.2032	0.2972	0.0000	0.0000
0.2042	0.2981	0.0000	0.0000
0.2052	0.2989	0.0000	0.0000
0.2062	0.2997	0.0000	0.0000
0.2072	0.3005	0.0000	0.0000
0.2082	0.3013	0.0000	0.0000
0.2092	0.3022	0.0000	0.0000
0.2102	0.3030	0.0000	0.0000
0.2112	0.3038	0.0000	0.0000
0.2122	0.3046	0.0000	0.0000
0.2132	0.3054	0.0000	0.0000
0.2142	0.3063	0.0000	0.0000
0.2152	0.3071	0.0000	0.0000
0.2162	0.3079	0.0000	0.0000
0.2172	0.3087	0.0000	0.0000
0.2182	0.3095	0.0000	0.0000
0.2192	0.3103	0.0000	0.0000
0.2202	0.3112	0.0000	0.0000
0.2212	0.3120	0.0000	0.0000
0.2222	0.3128	0.0000	0.0000
0.2232	0.3136	0.0000	0.0000
0.2242	0.3144	0.0000	0.0000
0.2252	0.3152	0.0000	0.0000
0.2262	0.3161	0.0000	0.0000
0.2272	0.3169	0.0000	0.0000
0.2282	0.3177	0.0000	0.0000
0.2292	0.3185	0.0000	0.0000
0.2302	0.3193	0.0000	0.0000
0.2312	0.3201	0.0000	0.0000
0.2322	0.3210	0.0000	0.0000
0.2332	0.3218	0.0000	0.0000
0.2342	0.3226	0.0000	0.0000
0.2352	0.3234	0.0000	0.0000
0.2362	0.3242	0.0000	0.0000
0.2372	0.3250	0.0000	0.0000
0.2382	0.3258	0.0000	0.0000
0.2392	0.3267	0.0000	0.0000
0.2402	0.3275	0.0000	0.0000
0.2412	0.3283	0.0000	0.0000
0.2422	0.3291	0.0000	0.0000
0.2432	0.3299	0.0000	0.0000
0.2442	0.3307	0.0000	0.0000
0.2452	0.3315	0.0000	0.0000
0.2462	0.3323	0.0000	0.0000
0.2472	0.3332	0.0000	0.0000
0.2482	0.3340	0.0000	0.0000
0.2492	0.3348	0.0000	0.0000
0.2503	0.3356	0.0000	0.0000
0.2513	0.3364	0.0000	0.0000
0.2523	0.3372	0.0000	0.0000
0.2533	0.3380	0.0000	0.0000
0.2543	0.3388	0.0000	0.0000
0.2553	0.3396	0.0000	0.0000
0.2563	0.3405	0.0000	0.0000
0.2573	0.3413	0.0000	0.0000
0.2583	0.3421	0.0000	0.0000
0.2593	0.3429	0.0000	0.0000
0.2603	0.3437	0.0000	0.0000
0.2613	0.3445	0.0000	0.0000
0.2623	0.3453	0.0000	0.0000
0.2633	0.3461	0.0000	0.0000
0.2643	0.3469	0.0000	0.0000
0.2653	0.3477	0.0000	0.0000
0.2663	0.3485	0.0000	0.0000
0.2673	0.3494	0.0000	0.0000
0.2683	0.3502	0.0000	0.0000
0.2693	0.3510	0.0000	0.0000
0.2703	0.3518	0.0000	0.0000
0.2713	0.3526	0.0000	0.0000
0.2723	0.3534	0.0000	0.0000
0.2733	0.3542	0.0000	0.0000
0.2743	0.3550	0.0000	0.0000
0.2753	0.3558	0.0000	0.0000
0.2763	0.3566	0.0000	0.0000
0.2773	0.3574	0.0000	0.0000
0.2783	0.3582	0.0000	0.0000
0.2793	0.3590	0.0000	0.0000
0.2803	0.3598	0.0000	0.0000
0.2813	0.3606	0.0000	0.0000
0.2823	0.3615	0.0000	0.0000
0.2833	0.3623	0.0000	0.0000
0.2843	0.3631	0.0000	0.0000
0.2853	0.3639	0.0000	0.0000
0.2863	0.3647	0.0000	0.0000
0.2873	0.3655	0.0000	0.0000
0.2883	0.3663	0.0000	0.0000
0.2893	0.3671	0.0000	0.0000
0.2903	0.3679	0.0000	0.0000
0.2913	0.3687	0.0000	0.0000
0.2923	0.3695	0.0000	0.0000
0.2933	0.3703	0.0000	0.0000
0.2943	0.3711	0.0000	0.0000
0.2953	0.3719	0.0000	0.0000
0.2963	0.3727	0.0000	0.0000
0.2973	0.3735	0.0000	0.0000
0.2983	0.3743	0.0000	0.0000
0.2993	0.3751	0.0000	0.0000
0.3003	0.3759	0.0000	0.0000
0.3013	0.3767	0.0000	0.0000
0.3023	0.3775	0.0000	0.0000
0.3033	0.3783	0.0000	0.0000
0.3043	0.3791	0.0000	0.0000
0.3053	0.3799	0.0000	0.0000
0.3063	0.3807	0.0000	0.0000
0.3073	0.3815	0.0000	0.0000
0.3083	0.3823	0.0000	0.0000
0.3093	0.3831	0.0000	0.0000
0.3103	0.3839	0.0000	0.0000
0.3113	0.3848	0.0000	0.0000
0.3123	0.3856	0.0000	0.0000
0.3133	0.3864	0.0000	0.0000
0.3143	0.3872	0.0000	0.0000
0.3153	0.3880	0.0000	0.0000
0.3163	0.3888	0.0000	0.0000
0.3173	0.3896	0.0000	0.0000
0.3183	0.3904	0.0000	0.0000
0.3193	0.3912	0.0000	0.0000
0.3203	0.3920	0.0000	0.0000
0.3213	0.3928	0.0000	0.0000
0.3223	0.3936	0.0000	0.0000
0.3233	0.3944	0.0000	0.0000
0.3243	0.3952	0.0000	0.0000
0.3253	0.3960	0.0000	0.0000
0.3263	0.3968	0.0000	0.0000
0.3273	0.3976	0.0000	0.0000
0.3283	0.3984	0.0000	0.0000
0.3293	0.3992	0.0000	0.0000
0.3303	0.4000	0.0000	0.0000
0.3313	0.4008	0.0000	0.0000
0.3323	0.4016	0.0000	0.0000
0.3333	0.4024	0.0000	0.0000
0.3343	0.4032	0.0000	0.0000
0.3353	0.4040	0.0000	0.0000
0.3363	0.4048	0.0000	0.0000
0.3373	0.4056	0.0000	0.0000
0.3383	0.4064	0.0000	0.0000
0.3393	0.4072	0.0000	0.0000
0.3403	0.4080	0.0000	0.0000
0.3413	0.4088	0.0000	0.0000
0.3423	0.4096	0.0000	0.0000
0.3433	0.4104	0.0000	0.0000
0.3443	0.4112	0.0000	0.0000
0.3453	0.4120	0.0000	0.0000
0.3463	0.4128	0.0000	0.0000
0.3473	0.4136	0.0000	0.0000
0.3483	0.4144	0.0000	0.0000
0.3493	0.4152	0.0000	0.0000
0.3504	0.4160	0.0000	0.0000
0.3514	0.4168	0.0000	0.0000
0.3524	0.4176	0.0000	0.0000
0.3534	0.4184	0.0000	0.0000
0.3544	0.4192	0.0000	0.0000
0.3554	0.4200	0.0000	0.0000
0.3564	0.4208	0.0000	0.0000
0.3574	0.4216	0.0000	0.0000
0.3584	0.4224	0.0000	0.0000
0.3594	0.4232	0.0000	0.0000
0.3604	0.4240	0.0000	0.0000
0.3614	0.4248	0.0000	0.0000
0.3624	0.4256	0.0000	0.0000
0.3634	0.4264	0.0000	0.0000
0.3644	0.4272	0.0000	0.0000
0.3654	0.4280	0.0000	0.0000
0.3664	0.4288	0.0000	0.0000
0.3674	0.4296	0.0000	0.0000
0.3684	0.4304	0.0000	0.0000
0.3694	0.4312	0.0000	0.0000
0.3704	0.4320	0.0000	0.0000
0.3714	0.4328	0.0000	0.0000
0.3724	0.4336	0.0000	0.0000
0.3734	0.4344	0.0000	0.0000
0.3744	0.4352	0.0000	0.0000
0.3754	0.4360	0.0000	0.0000
0.3764	0.4368	0.0000	0.0000
0.3774	0.4376	0.0000	0.0000
0.3784	0.4384	0.0000	0.0000
0.3794	0.4392	0.0000	0.0000
0.3804	0.4400	0.0000	0.0000
0.3814	0.4408	0.0000	0.0000
0.3824	0.4416	0.0000	0.0000
0.3834	0.4424	0.0000	0.0000
0.3844	0.4432	0.0000	0.0000
0.3854	0.4440	0.0000	0.0000
0.3864	0.4448	0.0000	0.0000
0.3874	0.4456	0.0000	0.0000
0.3884	0.4464	0.0000	0.0000
0.3894	0.4472	0.0000	0.0000
0.3904	0.4480	0.0000	0.0000
0.3914	0.4488	0.0000	0.0000
0.3924	0.4496	0.0000	0.0000
0.3934	0.4504	0.0000	0.0000
0.3944	0.4512	0.0000	0.0000
0.3954	0.4520	0.0000	0.0000
0.3964	0.4528	0.0000	0.0000
0.3974	0.4536	0.0000	0.0000
0.3984	0.4544	0.0000	0.0000
0.3994	0.4552	0.0000	0.0000
0.4004	0.4560	0.0000	0.0000
0.4014	0.4568	0.0000	0.0000
0.4024	0.4576	0.0000	0.0000
0.4034	0.4584	0.0000	0.0000
0.4044	0.4592	0.0000	0.0000
0.4054	0.4600	0.0000	0.0000
0.4064	0.4608	0.0000	0.0000
0.4074	0.4616	0.0000	0.0000
0.4084	0.4624	0.0000	0.0000
0.4094	0.4632	0.0000	0.0000
0.4104	0.4640	0.0000	0.0000
0.4114	0.4649	0.0000	0.0000
0.4124	0.4657	0.0000	0.0000
0.4134	0.4665	0.0000	0.0000
0.4144	0.4673	0.0000	0.0000
0.4154	0.4681	0.0000	0.0000
0.4164	0.4689	0.0000	0.0000
0.4174	0.4697	0.0000	0.0000
0.4184	0.4705	0.0000	0.0000
0.4194	0.4713	0.0000	0.0000
0.4204	0.4721	0.0000	0.0000
0.4214	0.4729	0.0000	0.0000
0.4224	0.4737	0.0000	0.0000
0.4234	0.4745	0.0000	0.0000
0.4244	0.4753	0.0000	0.0000
0.4254	0.4762	0.0000	0.0000
0.4264	0.4770	0.0000	0.0000
0.4274	0.4778	0.0000	0.0000
0.4284	0.4786	0.0000	0.0000
0.4294	0.4794	0.0000	0.0000
0.4304	0.4802	0.0000	0.0000
0.4314	0.4810	0.0000	0.0000
0.4324	0.4818	0.0000	0.0000
0.4334	0.4826	0.0000	0.0000
0.4344	0.4835	0.0000	0.0000
0.4354	0.4843	0.0000	0.0000
0.4364	0.4851	0.0000	0.0000
0.4374	0.4859	0.0000	0.0000
0.4384	0.4867	0.0000	0.0000
0.4394	0.4875	0.0000	0.0000
0.4404	0.4883	0.0000	0.0000
0.4414	0.4891	0.0000	0.0000
0.4424	0.4900	0.0000	0.0000
0.4434	0.4908	0.0000	0.0000
0.4444	0.4916	0.0000	0.0000
0.4454	0.4924	0.0000	0.0000
0.4464	0.4932	0.0000	0.0000
0.4474	0.4940	0.0000	0.0000
0.4484	0.4949	0.0000	0.0000
0.4494	0.4957	0.0000	0.0000
0.4505	0.4965	0.0000	0.0000
0.4515	0.4973	0.0000	0.0000
0.4525	0.4981	0.0000	0.0000
0.4535	0.4990	0.0000	0.0000
0.4545	0.4998	0.0000	0.0000
0.4555	0.5006	0.0000	0.0000
0.4565	0.5014	0.0000	0.0000
0.4575	0.5022	0.0000	0.0000
0.4585	0.5031	0.0000	0.0000
0.4595	0.5039	0.0000	0.0000
0.4605	0.5047	0.0000	0.0000
0.4615	0.5055	0.0000	0.0000
0.4625	0.5063	0.0000	0.0000
0.4635	0.5072	0.0000	0.0000
0.4645	0.5080	0.0000	0.0000
0.4655	0.5088	0.0000	0.0000
0.4665	0.5097	0.0000	0.0000
0.4675	0.5105	0.0000	0.0000
0.4685	0.5113	0.0000	0.0000
0.4695	0.5121	0.0000	0.0000
0.4705	0.5130	0.0000	0.0000
0.4715	0.5138	0.0000	0.0000
0.4725	0.5146	0.0000	0.0000
0.4735	0.5155	0.0000	0.0000
0.4745	0.5163	0.0000	0.0000
0.4755	0.5171	0.0000	0.0000
0.4765	0.5179	0.0000	0.0000
0.4775	0.5188	0.0000	0.0000
0.4785	0.5196	0.0000	0.0000
0.4795	0.5204	0.0000	0.0000
0.4805	0.5213	0.0000	0.0000
0.4815	0.5221	0.0000	0.0000
0.4825	0.5230	0.0000	0.0000
0.4835	0.5238	0.0000	0.0000
0.4845	0.5246	0.0000	0.0000
0.4855	0.5255	0.0000	0.0000
0.4865	0.5263	0.0000	0.0000
0.4875	0.5271	0.0000	0.0000
0.4885	0.5280	0.0000	0.0000
0.4895	0.5288	0.0000	0.0000
0.4905	0.5297	0.0000	0.0000
0.4915	0.5305	0.0000	0.0000
0.4925	0.5314	0.0000	0.0000
0.4935	0.5322	0.0000	0.0000
0.4945	0.5330	0.0000	0.0000
0.4955	0.5339	0.0000	0.0000
0.4965	0.5347	0.0000	0.0000
0.4975	0.5356	0.0000	0.0000
0.4985	0.5364	0.0000	0.0000
0.4995	0.5373	0.0000	0.0000
0.5005	0.5386	0.0000	0.0000
0.5015	0.5402	0.0000	0.0000
0.5025	0.5419	0.0000	0.0000
0.5035	0.5436	0.0000	0.0000
0.5045	0.5453	0.0000	0.0000
0.5055	0.5469	0.0000	0.0000
0.5065	0.5486	0.0000	0.0000
0.5075	0.5502	0.0000	0.0000
0.5085	0.5518	0.0000	0.0000
0.5095	0.5535	0.0000	0.0000
0.5105	0.5551	0.0000	0.0000
0.5115	0.5567	0.0000	0.0000
0.5125	0.5583	0.0000	0.0000
0.5135	0.5598	0.0000	0.0000
0.5145	0.5614	0.0000	0.0000
0.5155	0.5630	0.0000	0.0000
0.5165	0.5645	0.0000	0.0000
0.5175	0.5661	0.0000	0.0000
0.5185	0.5676	0.0000	0.0000
0.5195	0.5692	0.0000	0.0000
0.5205	0.5707	0.0000	0.0000
0.5215	0.5722	0.0000	0.0000
0.5225	0.5737	0.0000	0.0000
0.5235	0.5752	0.0000	0.0000
0.5245	0.5767	0.0000	0.0000
0.5255	0.5782	0.0000	0.0000
0.5265	0.5797	0.0000	0.0000
0.5275	0.5811	0.0000	0.0000
0.5285	0.5826	0.0000	0.0000
0.5295	0.5841	0.0000	0.0000
0.5305	0.5855	0.0000	0.0000
0.5315	0.5869	0.0000	0.0000
0.5325	0.5884	0.0000	0.0000
0.5335	0.5898	0.0000	0.0000
0.5345	0.5912	0.0000	0.0000
0.5355	0.5926	0.0000	0.0000
0.5365	0.5940	0.0000	0.0000
0.5375	0.5954	0.0000	0.0000
0.5385	0.5968	0.0000	0.0000
0.5395	0.5982	0.0000	0.0000
0.5405	0.5996	0.0000	0.0000
0.5415	0.6009	0.0000	0.0000
0.5425	0.6023	0.0000	0.0000
0.5435	0.6036	0.0000	0.0000
0.5445	0.6050	0.0000	0.0000
0.5455	0.6063	0.0000	0.0000
0.5465	0.6076	0.0000	0.0000
0.5475	0.6089	0.0000	0.0000
0.5485	0.6103	0.0000	0.0000
0.5495	0.6116	0.0000	0.0000
0.5506	0.6129	0.0000	0.0000
0.5516	0.6142	0.0000	0.0000
0.5526	0.6155	0.0000	0.0000
0.5536	0.6167	0.0000	0.0000
0.5546	0.6180	0.0000	0.0000
0.5556	0.6193	0.0000	0.0000
0.5566	0.6205	0.0000	0.0000
0.5576	0.6218	0.0000	0.0000
0.5586	0.6230	0.0000	0.0000
0.5596	0.6243	0.0000	0.0000
0.5606	0.6255	0.0000	0.0000
0.5616	0.6267	0.0000	0.0000
0.5626	0.6280	0.0000	0.0000
0.5636	0.6292	0.0000	0.0000
0.5646	0.6304	0.0000	0.0000
0.5656	0.6316	0.0000	0.0000
0.5666	0.6328	0.0000	0.0000
0.5676	0.6340	0.0000	0.0000
0.5686	0.6352	0.0000	0.0000
0.5696	0.6363	0.0000	0.0000
0.5706	0.6375	0.0000	0.0000
0.5716	0.6387	0.0000	0.0000
0.5726	0.6398	0.0000	0.0000
0.5736	0.6410	0.0000	0.0000
0.5746	0.6421	0.0000	0.0000
0.5756	0.6433	0.0000	0.0000
0.5766	0.6444	0.0000	0.0000
0.5776	0.6456	0.0000	0.0000
0.5786	0.6467	0.0000	0.0000
0.5796	0.6478	0.0000	0.0000
0.5806	0.6489	0.0000	0.0000
0.5816	0.6500	0.0000	0.0000
0.5826	0.6511	0.0000	0.0000
0.5836	0.6522	0.0000	0.0000
0.5846	0.6533	0.0000	0.0000
0.5856	0.6544	0.0000	0.0000
0.5866	0.6555	0.0000	0.0000
0.5876	0.6566	0.0000	0.0000
0.5886	0.6576	0.0000	0.0000
0.5896	0.6587	0.0000	0.0000
0.5906	0.6598	0.0000	0.0000
0.5916	0.6608	0.0000	0.0000
0.5926	0.6619	0.0000	0.0000
0.5936	0.6629	0.0000	0.0000
0.5946	0.6639	0.0000	0.0000
0.5956	0.6650	0.0000	0.0000
0.5966	0.6660	0.0000	0.0000
0.5976	0.6670	0.0000	0.0000
0.5986	0.6680	0.0000	0.0000
0.5996	0.6691	0.0000	0.0000
0.6006	0.6701	0.0000	0.0000
0.6016	0.6711	0.0000	0.0000
0.6026	0.6721	0.0000	0.0000
0.6036	0.6731	0.0000	0.0000
0.6046	0.6740	0.0000	0.0000
0.6056	0.6750	0.0000	0.0000
0.6066	0.6760	0.0000	0.0000
0.6076	0.6770	0.0000	0.0000
0.6086	0.6779	0.0000	0.0000
0.6096	0.6789	0.0000	0.0000
0.6106	0.6799	0.0000	0.0000
0.6116	0.6808	0.0000	0.0000
0.6126	0.6818	0.0000	0.0000
0.6136	0.6827	0.0000	0.0000
0.6146	0.6837	0.0000	0.0000
0.6156	0.6846	0.0000	0.0000
0.6166	0.6855	0.0000	0.0000
0.6176	0.6865	0.0000	0.0000
0.6186	0.6874	0.0000	0.0000
0.6196	0.6883	0.0000	0.0000
0.6206	0.6892	0.0000	0.0000
0.6216	0.6901	0.0000	0.0000
0.6226	0.6910	0.0000	0.0000
0.6236	0.6919	0.0000	0.0000
0.6246	0.6928	0.0000	0.0000
0.6256	0.6937	0.0000	0.0000
0.6266	0.6946	0.0000	0.0000
0.6276	0.6955	0.0000	0.0000
0.6286	0.6964	0.0000	0.0000
0.6296	0.6972	0.0000	0.0000
0.6306	0.6981	0.0000	0.0000
0.6316	0.6990	0.0000	0.0000
0.6326	0.6998	0.0000	0.0000
0.6336	0.7007	0.0000	0.0000
0.6346	0.7015	0.0000	0.0000
0.6356	0.7024	0.0000	0.0000
0.6366	0.7032	0.0000	0.0000
0.6376	0.7041	0.0000	0.0000
0.6386	0.7049	0.0000	0.0000
0.6396	0.7057	0.0000	0.0000
0.6406	0.7066	0.0000	0.0000
0.6416	0.7074	0.0000	0.0000
0.6426	0.7082	0.0000	0.0000
0.6436	0.7090	0.0000	0.0000
0.6446	0.7098	0.0000	0.0000
0.6456	0.7107	0.0000	0.0000
0.6466	0.7115	0.0000	0.0000
0.6476	0.7123	0.0000	0.0000
0.6486	0.7131	0.0000	0.0000
0.6496	0.7139	0.0000	0.0000
0.6507	0.7147	0.0000	0.0000
0.6517	0.7154	0.0000	0.0000
0.6527	0.7162	0.0000	0.0000
0.6537	0.7170	0.0000	0.0000
0.6547	0.7178	0.0000	0.0000
0.6557	0.7186	0.0000	0.0000
0.6567	0.7193	0.0000	0.0000
0.6577	0.7201	0.0000	0.0000
0.6587	0.7208	0.0000	0.0000
0.6597	0.7216	0.0000	0.0000
0.6607	0.7224	0.0000	0.0000
0.6617	0.7231	0.0000	0.0000
0.6627	0.7239	0.0000	0.0000
0.6637	0.7246	0.0000	0.0000
0.6647	0.7253	0.0000	0.0000
0.6657	0.7261	0.0000	0.0000
0.6667	0.7268	0.0000	0.0000
0.6677	0.7275	0.0000	0.0000
0.6687	0.7283	0.0000	0.0000
0.6697	0.7290	0.0000	0.0000
0.6707	0.7297	0.0000	0.0000
0.6717	0.7304	0.0000	0.0000
0.6727	0.7312	0.0000	0.0000
0.6737	0.7319	0.0000	0.0000
0.6747	0.7326	0.0000	0.0000
0.6757	0.7333	0.0000	0.0000
0.6767	0.7340	0.0000	0.0000
0.6777	0.7347	0.0000	0.0000
0.6787	0.7354	0.0000	0.0000
0.6797	0.7361	0.0000	0.0000
0.6807	0.7368	0.0000	0.0000
0.6817	0.7374	0.0000	0.0000
0.6827	0.7381	0.0000	0.0000
0.6837	0.7388	0.0000	0.0000
0.6847	0.7395	0.0000	0.0000
0.6857	0.7402	0.0000	0.0000
0.6867	0.7408	0.0000	0.0000
0.6877	0.7415	0.0000	0.0000
0.6887	0.7422	0.0000	0.0000
0.6897	0.7428	0.0000	0.0000
0.6907	0.7435	0.0000	0.0000
0.6917	0.7441	0.0000	0.0000
0.6927	0.7448	0.0000	0.0000
0.6937	0.7454	0.0000	0.0000
0.6947	0.7461	0.0000	0.0000
0.6957	0.7467	0.0000	0.0000
0.6967	0.7474	0.0000	0.0000
0.6977	0.7480	0.0000	0.0000
0.6987	0.7486	0.0000	0.0000
0.6997	0.7493	0.0000	0.0000
0.7007	0.7499	0.0000	0.0000
0.7017	0.7505	0.0000	0.0000
0.7027	0.7512	0.0000	0.0000
0.7037	0.7518	0.0000	0.0000
0.7047	0.7524	0.0000	0.0000
0.7057	0.7530	0.0000	0.0000
0.7067	0.7536	0.0000	0.0000
0.7077	0.7543	0.0000	0.0000
0.7087	0.7549	0.0000	0.0000
0.7097	0.7555	0.0000	0.0000
0.7107	0.7561	0.0000	0.0000
0.7117	0.7567	0.0000	0.0000
0.7127	0.7573	0.0000	0.0000
0.7137	0.7579	0.0000	0.0000
0.7147	0.7585	0.0000	0.0000
0.7157	0.7591	0.0000	0.0000
0.7167	0.7596	0.0000	0.0000
0.7177	0.7602	0.0000	0.0000
0.7187	0.7608	0.0000	0.0000
0.7197	0.7614	0.0000	0.0000
0.7207	0.7620	0.0000	0.0000
0.7217	0.7626	0.0000	0.0000
0.7227	0.7631	0.0000	0.0000
0.7237	0.7637	0.0000	0.0000
0.7247	0.7643	0.0000	0.0000
0.7257	0.7648	0.0000	0.0000
0.7267	0.7654	0.0000	0.0000
0.7277	0.7660	0.0000	0.0000
0.7287	0.7665	0.0000	0.0000
0.7297	0.7671	0.0000	0.0000
0.7307	0.7676	0.0000	0.0000
0.7317	0.7682	0.0000	0.0000
0.7327	0.7688	0.0000	0.0000
0.7337	0.7693	0.0000	0.0000
0.7347	0.7699	0.0000	0.0000
0.7357	0.7704	0.0000	0.0000
0.7367	0.7709	0.0000	0.0000
0.7377	0.7715	0.0000	0.0000
0.7387	0.7720	0.0000	0.0000
0.7397	0.7726	0.0000	0.0000
0.7407	0.7731	0.0000	0.0000
0.7417	0.7736	0.0000	0.0000
0.7427	0.7742	0.0000	0.0000
0.7437	0.7747	0.0000	0.0000
0.7447	0.7752	0.0000	0.0000
0.7457	0.7757	0.0000	0.0000
0.7467	0.7763	0.0000	0.0000
0.7477	0.7768	0.0000	0.0000
0.7487	0.7773	0.0000	0.0000
0.7497	0.7778	0.0000	0.0000
0.7508	0.7783	0.0000	0.0000
0.7518	0.7788	0.0000	0.0000
0.7528	0.7793	0.0000	0.0000
0.7538	0.7799	0.0000	0.0000
0.7548	0.7804	0.0000	0.0000
0.7558	0.7809	0.0000	0.0000
0.7568	0.7814	0.0000	0.0000
0.7578	0.7819	0.0000	0.0000
0.7588	0.7824	0.0000	0.0000
0.7598	0.7829	0.0000	0.0000
0.7608	0.7834	0.0000	0.0000
0.7618	0.7839	0.0000	0.0000
0.7628	0.7843	0.0000	0.0000
0.7638	0.7848	0.0000	0.0000
0.7648	0.7853	0.0000	0.0000
0.7658	0.7858	0.0000	0.0000
0.7668	0.7863	0.0000	0.0000
0.7678	0.7868	0.0000	0.0000
0.7688	0.7873	0.0000	0.0000
0.7698	0.7877	0.0000	0.0000
0.7708	0.7882	0.0000	0.0000
0.7718	0.7887	0.0000	0.0000
0.7728	0.7892	0.0000	0.0000
0.7738	0.7896	0.0000	0.0000
0.7748	0.7901	0.0000	0.0000
0.7758	0.7906	0.0000	0.0000
0.7768	0.7910	0.0000	0.0000
0.7778	0.7915	0.0000	0.0000
0.7788	0.7920	0.0000	0.0000
0.7798	0.7924	0.0000	0.0000
0.7808	0.7929	0.0000	0.0000
0.7818	0.7934	0.0000	0.0000
0.7828	0.7938	0.0000	0.0000
0.7838	0.7943	0.0000	0.0000
0.7848	0.7947	0.0000	0.0000
0.7858	0.7952	0.0000	0.0000
0.7868	0.7956	0.0000	0.0000
0.7878	0.7961	0.0000	0.0000
0.7888	0.7965	0.0000	0.0000
0.7898	0.7970	0.0000	0.0000
0.7908	0.7974	0.0000	0.0000
0.7918	0.7979	0.0000	0.0000
0.7928	0.7983	0.0000	0.0000
0.7938	0.7988	0.0000	0.0000
0.7948	0.7992	0.0000	0.0000
0.7958	0.7996	0.0000	0.0000
0.7968	0.8001	0.0000	0.0000
0.7978	0.8005	0.0000	0.0000
0.7988	0.8009	0.0000	0.0000
0.7998	0.8014	0.0000	0.0000
0.8008	0.8018	0.0000	0.0000
0.8018	0.8022	0.0000	0.0000
0.8028	0.8027	0.0000	0.0000
0.8038	0.8031	0.0000	0.0000
0.8048	0.8035	0.0000	0.0000
0.8058	0.8040	0.0000	0.0000
0.8068	0.8044	0.0000	0.0000
0.8078	0.8048	0.0000	0.0000
0.8088	0.8052	0.0000	0.0000
0.8098	0.8056	0.0000	0.0000
0.8108	0.8061	0.0000	0.0000
0.8118	0.8065	0.0000	0.0000
0.8128	0.8069	0.0000	0.0000
0.8138	0.8073	0.0000	0.0000
0.8148	0.8077	0.0000	0.0000
0.8158	0.8081	0.0000	0.0000
0.8168	0.8086	0.0000	0.0000
0.8178	0.8090	0.0000	0.0000
0.8188	0.8094	0.0000	0.0000
0.8198	0.8098	0.0000	0.0000
0.8208	0.8102	0.0000	0.0000
0.8218	0.8106	0.0000	0.0000
0.8228	0.8110	0.0000	0.0000
0.8238	0.8114	0.0000	0.0000
0.8248	0.8118	0.0000	0.0000
0.8258	0.8122	0.0000	0.0000
0.8268	0.8126	0.0000	0.0000
0.8278	0.8130	0.0000	0.0000
0.8288	0.8134	0.0000	0.0000
0.8298	0.8138	0.0000	0.0000
0.8308	0.8142	0.0000	0.0000
0.8318	0.8146	0.0000	0.0000
0.8328	0.8150	0.0000	0.0000
0.8338	0.8154	0.0000	0.0000
0.8348	0.8158	0.0000	0.0000
0.8358	0.8162	0.0000	0.0000
0.8368	0.8166	0.0000	0.0000
0.8378	0.8170	0.0000	0.0000
0.8388	0.8174	0.0000	0.0000
0.8398	0.8177	0.0000	0.0000
0.8408	0.8181	0.0000	0.0000
0.8418	0.8185	0.0000	0.0000
0.8428	0.8189	0.0000	0.0000
0.8438	0.8193	0.0000	0.0000
0.8448	0.8197	0.0000	0.0000
0.8458	0.8201	0.0000	0.0000
0.8468	0.8204	0.0000	0.0000
0.8478	0.8208	0.0000	0.0000
0.8488	0.8212	0.0000	0.0000
0.8498	0.8216	0.0000	0.0000
0.8509	0.8220	0.0000	0.0000
0.8519	0.8223	0.0000	0.0000
0.8529	0.8227	0.0000	0.0000
0.8539	0.8231	0.0000	0.0000
0.8549	0.8235	0.0000	0.0000
0.8559	0.8238	0.0000	0.0000
0.8569	0.8242	0.0000	0.0000
0.8579	0.8246	0.0000	0.0000
0.8589	0.8250	0.0000	0.0000
0.8599	0.8253	0.0000	0.0000
0.8609	0.8257	0.0000	0.0000
0.8619	0.8261	0.0000	0.0000
0.8629	0.8265	0.0000	0.0000
0.8639	0.8268	0.0000	0.0000
0.8649	0.8272	0.0000	0.0000
0.8659	0.8276	0.0000	0.0000
0.8669	0.8279	0.0000	0.0000
0.8679	0.8283	0.0000	0.0000
0.8689	0.8287	0.0000	0.0000
0.8699	0.8290	0.0000	0.0000
0.8709	0.8294	0.0000	0.0000
0.8719	0.8298	0.0000	0.0000
0.8729	0.8301	0.0000	0.0000
0.8739	0.8305	0.0000	0.0000
0.8749	0.8308	0.0000	0.0000
0.8759	0.8312	0.0000	0.0000
0.8769	0.8316	0.0000	0.0000
0.8779	0.8319	0.0000	0.0000
0.8789	0.8323	0.0000	0.0000
0.8799	0.8327	0.0000	0.0000
0.8809	0.8330	0.0000	0.0000
0.8819	0.8334	0.0000	0.0000
0.8829	0.8337	0.0000	0.0000
0.8839	0.8341	0.0000	0.0000
0.8849	0.8344	0.0000	0.0000
0.8859	0.8348	0.0000	0.0000
0.8869	0.8352	0.0000	0.0000
0.8879	0.8355	0.0000	0.0000
0.8889	0.8359	0.0000	0.0000
0.8899	0.8362	0.0000	0.0000
0.8909	0.8366	0.0000	0.0000
0.8919	0.8369	0.0000	0.0000
0.8929	0.8373	0.0000	0.0000
0.8939	0.8376	0.0000	0.0000
0.8949	0.8380	0.0000	0.0000
0.8959	0.8384	0.0000	0.0000
0.8969	0.8387	0.0000	0.0000
0.8979	0.8391	0.0000	0.0000
0.8989	0.8394	0.0000	0.0000
0.8999	0.8398	0.0000	0.0000
0.9009	0.8401	0.0000	0.0000
0.9019	0.8405	0.0000	0.0000
0.9029	0.8408	0.0000	0.0000
0.9039	0.8412	0.0000	0.0000
0.9049	0.8415	0.0000	0.0000
0.9059	0.8419	0.0000	0.0000
0.9069	0.8422	0.0000	0.0000
0.9079	0.8426	0.0000	0.0000
0.9089	0.8429	0.0000	0.0000
0.9099	0.8433	0.0000	0.0000
0.9109	0.8436	0.0000	0.0000
0.9119	0.8440	0.0000	0.0000
0.9129	0.8443	0.0000	0.0000
0.9139	0.8447	0.0000	0.0000
0.9149	0.8450	0.0000	0.0000
0.9159	0.8454	0.0000	0.0000
0.9169	0.8457	0.0000	0.0000
0.9179	0.8461	0.0000	0.0000
0.9189	0.8464	0.0000	0.0000
0.9199	0.8467	0.0000	0.0000
0.9209	0.8471	0.0000	0.0000
0.9219	0.8474	0.0000	0.0000
0.9229	0.8478	0.0000	0.0000
0.9239	0.8481	0.0000	0.0000
0.9249	0.8485	0.0000	0.0000
0.9259	0.8488	0.0000	0.0000
0.9269	0.8492	0.0000	0.0000
0.9279	0.8495	0.0000	0.0000
0.9289	0.8499	0.0000	0.0000
0.9299	0.8502	0.0000	0.0000
0.9309	0.8506	0.0000	0.0000
0.9319	0.8509	0.0000	0.0000
0.9329	0.8513	0.0000	0.0000
0.9339	0.8516	0.0000	0.0000
0.9349	0.8519	0.0000	0.0000
0.9359	0.8523	0.0000	0.0000
0.9369	0.8526	0.0000	0.0000
0.9379	0.8530	0.0000	0.0000
0.9389	0.8533	0.0000	0.0000
0.9399	0.8537	0.0000	0.0000
0.9409	0.8540	0.0000	0.0000
0.9419	0.8544	0.0000	0.0000
0.9429	0.8547	0.0000	0.0000
0.9439	0.8551	0.0000	0.0000
0.9449	0.8554	0.0000	0.0000
0.9459	0.8558	0.0000	0.0000
0.9469	0.8561	0.0000	0.0000
0.9479	0.8565	0.0000	0.0000
0.9489	0.8568	0.0000	0.0000
0.9499	0.8572	0.0000	0.0000
0.9510	0.8575	0.0000	0.0000
0.9520	0.8579	0.0000	0.0000
0.9530	0.8582	0.0000	0.0000
0.9540	0.8585	0.0000	0.0000
0.9550	0.8589	0.0000	0.0000
0.9560	0.8592	0.0000	0.0000
0.9570	0.8596	0.0000	0.0000
0.9580	0.8599	0.0000	0.0000
0.9590	0.8603	0.0000	0.0000
0.9600	0.8606	0.0000	0.0000
0.9610	0.8610	0.0000	0.0000
0.9620	0.8613	0.0000	0.0000
0.9630	0.8617	0.0000	0.0000
0.9640	0.8621	0.0000	0.0000
0.9650	0.8624	0.0000	0.0000
0.9660	0.8628	0.0000	0.0000
0.9670	0.8631	0.0000	0.0000
0.9680	0.8635	0.0000	0.0000
0.9690	0.8638	0.0000	0.0000
0.9700	0.8642	0.0000	0.0000
0.9710	0.8645	0.0000	0.0000
0.9720	0.8649	0.0000	0.0000
0.9730	0.8652	0.0000	0.0000
0.9740	0.8656	0.0000	0.0000
0.9750	0.8659	0.0000	0.0000
0.9760	0.8663	0.0000	0.0000
0.9770	0.8667	0.0000	0.0000
0.9780	0.8670	0.0000	0.0000
0.9790	0.8674	0.0000	0.0000
0.9800	0.8677	0.0000	0.0000
0.9810	0.8681	0.0000	0.0000
0.9820	0.8685	0.0000	0.0000
0.9830	0.8688	0.0000	0.0000
0.9840	0.8692	0.0000	0.0000
0.9850	0.8695	0.0000	0.0000
0.9860	0.8699	0.0000	0.0000
0.9870	0.8703	0.0000	0.0000
0.9880	0.8706	0.0000	0.0000
0.9890	0.8710	0.0000	0.0000
0.9900	0.8714	0.0000	0.0000
0.9910	0.8717	0.0000	0.0000
0.9920	0.8721	0.0000	0.0000
0.9930	0.8725	0.0000	0.0000
0.9940	0.8728	0.0000	0.0000
0.9950	0.8732	0.0000	0.0000
0.9960	0.8736	0.0000	0.0000
0.9970	0.8739	0.0000	0.0000
0.9980	0.8743	0.0000	0.0000
0.9990	0.8747	0.0000	0.0000
1.0000	0.8751	0.0000	0.0000
0.8028
