0.0000	0.1270	0.0000	0.0000
0.0010	0.1278	0.0000	0.0000
0.0020	0.1287	0.0000	0.0000
0.0030	0.1296	0.0000	0.0000
0.0040	0.1305	0.0000	0.0000
0.0050	0.1313	0.0000	0.0000
0.0060	0.1322	0.0000	0.0000
0.0070	0.1331	0.0000	0.0000
0.0080	0.1340	0.0000	0.0000
0.0090	0.1348	0.0000	0.0000
0.0100	0.1357	0.0000	0.0000
0.0110	0.1366	0.0000	0.0000
0.0120	0.1375	0.0000	0.0000
0.0130	0.1383	0.0000	0.0000
0.0140	0.1392	0.0000	0.0000
0.0150	0.1401	0.0000	0.0000
0.0160	0.1410	0.0000	0.0000
0.0170	0.1418	0.0000	0.0000
0.0180	0.1427	0.0000	0.0000
0.0190	0.1436	0.0000	0.0000
0.0200	0.1445	0.0000	0.0000
0.0210	0.1453	0.0000	0.0000
0.0220	0.1462	0.0000	0.0000
0.0230	0.1471	0.0000	0.0000
0.0240	0.1479	0.0000	0.0000
0.0250	0.1488	0.0000	0.0000
0.0260	0.1497	0.0000	0.0000
0.0270	0.1506	0.0000	0.0000
0.0280	0.1514	0.0000	0.0000
0.0290	0.1523	0.0000	0.0000
0.0300	0.1532	0.0000	0.0000
0.0310	0.1540	0.0000	0.0000
0.0320	0.1549	0.0000	0.0000
0.0330	0.1558	0.0000	0.0000
0.0340	0.1567	0.0000	0.0000
0.0350	0.1575	0.0000	0.0000
0.0360	0.1584	0.0000	0.0000
0.0370	0.1593	0.0000	0.0000
0.0380	0.1601	0.0000	0.0000
0.0390	0.1610	0.0000	0.0000
0.0400	0.1619	0.0000	0.0000
0.0410	0.1627	0.0000	0.0000
0.0420	0.1636	0.0000	0.0000
0.0430	0.1645	0.0000	0.0000
0.0440	0.1653	0.0000	0.0000
0.0450	0.1662	0.0000	0.0000
0.0460	0.1671	0.0000	0.0000
0.0470	0.1679	0.0000	0.0000
0.0480	0.1688	0.0000	0.0000
0.0490	0.1697	0.0000	0.0000
0.0501	0.1705	0.0000	0.0000
0.0511	0.1714	0.0000	0.0000
0.0521	0.1722	0.0000	0.0000
0.0531	0.1731	0.0000	0.0000
0.0541	0.1740	0.0000	0.0000
0.0551	0.1748	0.0000	0.0000
0.0561	0.1757	0.0000	0.0000
0.0571	0.1766	0.0000	0.0000
0.0581	0.1774	0.0000	0.0000
0.0591	0.1783	0.0000	0.0000
0.0601	0.1791	0.0000	0.0000
0.0611	0.1800	0.0000	0.0000
0.0621	0.1809	0.0000	0.0000
0.0631	0.1817	0.0000	0.0000
0.0641	0.1826	0.0000	0.0000
0.0651	0.1835	0.0000	0.0000
0.0661	0.1843	0.0000	0.0000
0.0671	0.1852	0.0000	0.0000
0.0681	0.1860	0.0000	0.0000
0.0691	0.1869	0.0000	0.0000
0.0701	0.1878	0.0000	0.0000
0.0711	0.1886	0.0000	0.0000
0.0721	0.1895	0.0000	0.0000
0.0731	0.1903	0.0000	0.0000
0.0741	0.1912	0.0000	0.0000
0.0751	0.1920	0.0000	0.0000
0.0761	0.1929	0.0000	0.0000
0.0771	0.1938	0.0000	0.0000
0.0781	0.1946	0.0000	0.0000
0.0791	0.1955	0.0000	0.0000
0.0801	0.1963	0.0000	0.0000
0.0811	0.1972	0.0000	0.0000
0.0821	0.1980	0.0000	0.0000
0.0831	0.1989	0.0000	0.0000
0.0841	0.1998	0.0000	0.0000
0.0851	0.2006	0.0000	0.0000
0.0861	0.2015	0.0000	0.0000
0.0871	0.2023	0.0000	0.0000
0.0881	0.2032	0.0000	0.0000
0.0891	0.2040	0.0000	0.0000
0.0901	0.2049	0.0000	0.0000
0.0911	0.2057	0.0000	0.0000
0.0921	0.2066	0.0000	0.0000
0.0931	0.2074	0.0000	0.0000
0.0941	0.2083	0.0000	0.0000
0.0951	0.2091	0.0000	0.0000
0.0961	0.2100	0.0000	0.0000
0.0971	0.2108	0.0000	0.0000
0.0981	0.2117	0.0000	0.0000
0.0991	0.2125	0.0000	0.0000
0.1001	0.2134	0.0000	0.0000
0.1011	0.2142	0.0000	0.0000
0.1021	0.2151	0.0000	0.0000
0.1031	0.2159	0.0000	0.0000
0.1041	0.2168	0.0000	0.0000
0.1051	0.2176	0.0000	0.0000
0.1061	0.2185	0.0000	0.0000
0.1071	0.2193	0.0000	0.0000
0.1081	0.2202	0.0000	0.0000
0.1091	0.2210	0.0000	0.0000
0.1101	0.2219	0.0000	0.0000
0.1111	0.2227	0.0000	0.0000
0.1121	0.2236	0.0000	0.0000
0.1131	0.2244	0.0000	0.0000
0.1141	0.2253	0.0000	0.0000
0.1151	0.2261	0.0000	0.0000
0.1161	0.2270	0.0000	0.0000
0.1171	0.2278	0.0000	0.0000
0.1181	0.2287	0.0000	0.0000
0.1191	0.2295	0.0000	0.0000
0.1201	0.2304	0.0000	0.0000
0.1211	0.2312	0.0000	0.0000
0.1221	0.2320	0.0000	0.0000
0.1231	0.2329	0.0000	0.0000
0.1241	0.2337	0.0000	0.0000
0.1251	0.2346	0.0000	0.0000
0.1261	0.2354	0.0000	0.0000
0.1271	0.2363	0.0000	0.0000
0.1281	0.2371	0.0000	0.0000
0.1291	0.2379	0.0000	0.0000
0.1301	0.2388	0.0000	0.0000
0.1311	0.2396	0.0000	0.0000
0.1321	0.2405	0.0000	0.0000
0.1331	0.2413	0.0000	0.0000
0.1341	0.2422	0.0000	0.0000
0.1351	0.2430	0.0000	0.0000
0.1361	0.2438	0.0000	0.0000
0.1371	0.2447	0.0000	0.0000
0.1381	0.2455	0.0000	0.0000
0.1391	0.2464	0.0000	0.0000
0.1401	0.2472	0.0000	0.0000
0.1411	0.2480	0.0000	0.0000
0.1421	0.2489	0.0000	0.0000
0.1431	0.2497	0.0000	0.0000
0.1441	0.2506	0.0000	0.0000
0.1451	0.2514	0.0000	0.0000
0.1461	0.2522	0.0000	0.0000
0.1471	0.2531	0.0000	0.0000
0.1481	0.2539	0.0000	0.0000
0.1491	0.2547	0.0000	0.0000
0.1502	0.2556	0.0000	0.0000
0.1512	0.2564	0.0000	0.0000
0.1522	0.2572	0.0000	0.0000
0.1532	0.2581	0.0000	0.0000
0.1542	0.2589	0.0000	0.0000
0.1552	0.2598	0.0000	0.0000
0.1562	0.2606	0.0000	0.0000
0.1572	0.2614	0.0000	0.0000
0.1582	0.2623	0.0000	0.0000
0.1592	0.2631	0.0000	0.0000
0.1602	0.2639	0.0000	0.0000
0.1612	0.2648	0.0000	0.0000
0.1622	0.2656	0.0000	0.0000
0.1632	0.2664	0.0000	0.0000
0.1642	0.2673	0.0000	0.0000
0.1652	0.2681	0.0000	0.0000
0.1662	0.2689	0.0000	0.0000
0.1672	0.2698	0.0000	0.0000
0.1682	0.2706	0.0000	0.0000
0.1692	0.2714	0.0000	0.0000
0.1702	0.2723	0.0000	0.0000
0.1712	0.2731	0.0000	0.0000
0.1722	0.2739	0.0000	0.0000
0.1732	0.2747	0.0000	0.0000
0.1742	0.2756	0.0000	0.0000
0.1752	0.2764	0.0000	0.0000
0.1762	0.2772	0.0000	0.0000
0.1772	0.2781	0.0000	0.0000
0.1782	0.2789	0.0000	0.0000
0.1792	0.2797	0.0000	0.0000
0.1802	0.2805	0.0000	0.0000
0.1812	0.2814	0.0000	0.0000
0.1822	0.2822	0.0000	0.0000
0.1832	0.2830	0.0000	0.0000
0.1842	0.2839	0.0000	0.0000
0.1852	0.2847	0.0000	0.0000
0.1862	0.2855	0.0000	0.0000
0.1872	0.2863	0.0000	0.0000
0.1882	0.2872	0.0000	0.0000
0.1892	0.2880	0.0000	0.0000
0.1902	0.2888	0.0000	0.0000
0.1912	0.2896	0.0000	0.0000
0.1922	0.2905	0.0000	0.0000
0.1932	0.2913	0.0000	0.0000
0.1942	0.2921	0.0000	0.0000
0.1952	0.2929	0.0000	0.0000
0.1962	0.2938	0.0000	0.0000
0.1972	0.2946	0.0000	0.0000
0.1982	0.2954	0.0000	0.0000
0.1992	0.2962	0.0000	0.0000
0.2002	0.2971	0.0000	0.0000
0.2012	0.2979	0.0000	0.0000
0.2022	0.2987	0.0000	0.0000
0.2032	0.2995	0.0000	0.0000
0.2042	0.3004	0.0000	0.0000
0.2052	0.3012	0.0000	0.0000
0.2062	0.3020	0.0000	0.0000
0.2072	0.3028	0.0000	0.0000
0.2082	0.3036	0.0000	0.0000
0.2092	0.3045	0.0000	0.0000
0.2102	0.3053	0.0000	0.0000
0.2112	0.3061	0.0000	0.0000
0.2122	0.3069	0.0000	0.0000
0.2132	0.3077	0.0000	0.0000
0.2142	0.3086	0.0000	0.0000
0.2152	0.3094	0.0000	0.0000
0.2162	0.3102	0.0000	0.0000
0.2172	0.3110	0.0000	0.0000
0.2182	0.3118	0.0000	0.0000
0.2192	0.3127	0.0000	0.0000
0.2202	0.3135	0.0000	0.0000
0.2212	0.3143	0.0000	0.0000
0.2222	0.3151	0.0000	0.0000
0.2232	0.3159	0.0000	0.0000
0.2242	0.3167	0.0000	0.0000
0.2252	0.3176	0.0000	0.0000
0.2262	0.3184	0.0000	0.0000
0.2272	0.3192	0.0000	0.0000
0.2282	0.3200	0.0000	0.0000
0.2292	0.3208	0.0000	0.0000
0.2302	0.3216	0.0000	0.0000
0.2312	0.3225	0.0000	0.0000
0.2322	0.3233	0.0000	0.0000
0.2332	0.3241	0.0000	0.0000
0.2342	0.3249	0.0000	0.0000
0.2352	0.3257	0.0000	0.0000
0.2362	0.3265	0.0000	0.0000
0.2372	0.3273	0.0000	0.0000
0.2382	0.3282	0.0000	0.0000
0.2392	0.3290	0.0000	0.0000
0.2402	0.3298	0.0000	0.0000
0.2412	0.3306	0.0000	0.0000
0.2422	0.3314	0.0000	0.0000
0.2432	0.3322	0.0000	0.0000
0.2442	0.3330	0.0000	0.0000
0.2452	0.3339	0.0000	0.0000
0.2462	0.3347	0.0000	0.0000
0.2472	0.3355	0.0000	0.0000
0.2482	0.3363	0.0000	0.0000
0.2492	0.3371	0.0000	0.0000
0.2503	0.3379	0.0000	0.0000
0.2513	0.3387	0.0000	0.0000
0.2523	0.3395	0.0000	0.0000
0.2533	0.3403	0.0000	0.0000
0.2543	0.3412	0.0000	0.0000
0.2553	0.3420	0.0000	0.0000
0.2563	0.3428	0.0000	0.0000
0.2573	0.3436	0.0000	0.0000
0.2583	0.3444	0.0000	0.0000
0.2593	0.3452	0.0000	0.0000
0.2603	0.3460	0.0000	0.0000
0.2613	0.3468	0.0000	0.0000
0.2623	0.3476	0.0000	0.0000
0.2633	0.3484	0.0000	0.0000
0.2643	0.3492	0.0000	0.0000
0.2653	0.3501	0.0000	0.0000
0.2663	0.3509	0.0000	0.0000
0.2673	0.3517	0.0000	0.0000
0.2683	0.3525	0.0000	0.0000
0.2693	0.3533	0.0000	0.0000
0.2703	0.3541	0.0000	0.0000
0.2713	0.3549	0.0000	0.0000
0.2723	0.3557	0.0000	0.0000
0.2733	0.3565	0.0000	0.0000
0.2743	0.3573	0.0000	0.0000
0.2753	0.3581	0.0000	0.0000
0.2763	0.3589	0.0000	0.0000
0.2773	0.3597	0.0000	0.0000
0.2783	0.3605	0.0000	0.0000
0.2793	0.3614	0.0000	0.0000
0.2803	0.3622	0.0000	0.0000
0.2813	0.3630	0.0000	0.0000
0.2823	0.3638	0.0000	0.0000
0.2833	0.3646	0.0000	0.0000
0.2843	0.3654	0.0000	0.0000
0.2853	0.3662	0.0000	0.0000
0.2863	0.3670	0.0000	0.0000
0.2873	0.3678	0.0000	0.0000
0.2883	0.3686	0.0000	0.0000
0.2893	0.3694	0.0000	0.0000
0.2903	0.3702	0.0000	0.0000
0.2913	0.3710	0.0000	0.0000
0.2923	0.3718	0.0000	0.0000
0.2933	0.3726	0.0000	0.0000
0.2943	0.3734	0.0000	0.0000
0.2953	0.3742	0.0000	0.0000
0.2963	0.3750	0.0000	0.0000
0.2973	0.3758	0.0000	0.0000
0.2983	0.3766	0.0000	0.0000
0.2993	0.3774	0.0000	0.0000
0.3003	0.3782	0.0000	0.0000
0.3013	0.3790	0.0000	0.0000
0.3023	0.3798	0.0000	0.0000
0.3033	0.3806	0.0000	0.0000
0.3043	0.3814	0.0000	0.0000
0.3053	0.3822	0.0000	0.0000
0.3063	0.3830	0.0000	0.0000
0.3073	0.3838	0.0000	0.0000
0.3083	0.3846	0.0000	0.0000
0.3093	0.3854	0.0000	0.0000
0.3103	0.3862	0.0000	0.0000
0.3113	0.3870	0.0000	0.0000
0.3123	0.3878	0.0000	0.0000
0.3133	0.3886	0.0000	0.0000
0.3143	0.3894	0.0000	0.0000
0.3153	0.3902	0.0000	0.0000
0.3163	0.3910	0.0000	0.0000
0.3173	0.3918	0.0000	0.0000
0.3183	0.3926	0.0000	0.0000
0.3193	0.3934	0.0000	0.0000
0.3203	0.3942	0.0000	0.0000
0.3213	0.3950	0.0000	0.0000
0.3223	0.3958	0.0000	0.0000
0.3233	0.3966	0.0000	0.0000
0.3243	0.3974	0.0000	0.0000
0.3253	0.3982	0.0000	0.0000
0.3263	0.3990	0.0000	0.0000
0.3273	0.3998	0.0000	0.0000
0.3283	0.4006	0.0000	0.0000
0.3293	0.4014	0.0000	0.0000
0.3303	0.4022	0.0000	0.0000
0.3313	0.4030	0.0000	0.0000
0.3323	0.4038	0.0000	0.0000
0.3333	0.4046	0.0000	0.0000
0.3343	0.4054	0.0000	0.0000
0.3353	0.4062	0.0000	0.0000
0.3363	0.4070	0.0000	0.0000
0.3373	0.4078	0.0000	0.0000
0.3383	0.4086	0.0000	0.0000
0.3393	0.4094	0.0000	0.0000
0.3403	0.4102	0.0000	0.0000
0.3413	0.4110	0.0000	0.0000
0.3423	0.4118	0.0000	0.0000
0.3433	0.4126	0.0000	0.0000
0.3443	0.4134	0.0000	0.0000
0.3453	0.4142	0.0000	0.0000
0.3463	0.4150	0.0000	0.0000
0.3473	0.4158	0.0000	0.0000
0.3483	0.4166	0.0000	0.0000
0.3493	0.4174	0.0000	0.0000
0.3504	0.4182	0.0000	0.0000
0.3514	0.4190	0.0000	0.0000
0.3524	0.4198	0.0000	0.0000
0.3534	0.4206	0.0000	0.0000
0.3544	0.4214	0.0000	0.0000
0.3554	0.4222	0.0000	0.0000
0.3564	0.4230	0.0000	0.0000
0.3574	0.4238	0.0000	0.0000
0.3584	0.4246	0.0000	0.0000
0.3594	0.4254	0.0000	0.0000
0.3604	0.4262	0.0000	0.0000
0.3614	0.4270	0.0000	0.0000
0.3624	0.4278	0.0000	0.0000
0.3634	0.4286	0.0000	0.0000
0.3644	0.4294	0.0000	0.0000
0.3654	0.4302	0.0000	0.0000
0.3664	0.4310	0.0000	0.0000
0.3674	0.4318	0.0000	0.0000
0.3684	0.4326	0.0000	0.0000
0.3694	0.4334	0.0000	0.0000
0.3704	0.4341	0.0000	0.0000
0.3714	0.4349	0.0000	0.0000
0.3724	0.4357	0.0000	0.0000
0.3734	0.4365	0.0000	0.0000
0.3744	0.4373	0.0000	0.0000
0.3754	0.4381	0.0000	0.0000
0.3764	0.4389	0.0000	0.0000
0.3774	0.4397	0.0000	0.0000
0.3784	0.4405	0.0000	0.0000
0.3794	0.4413	0.0000	0.0000
0.3804	0.4421	0.0000	0.0000
0.3814	0.4429	0.0000	0.0000
0.3824	0.4437	0.0000	0.0000
0.3834	0.4445	0.0000	0.0000
0.3844	0.4453	0.0000	0.0000
0.3854	0.4461	0.0000	0.0000
0.3864	0.4469	0.0000	0.0000
0.3874	0.4477	0.0000	0.0000
0.3884	0.4485	0.0000	0.0000
0.3894	0.4493	0.0000	0.0000
0.3904	0.4501	0.0000	0.0000
0.3914	0.4509	0.0000	0.0000
0.3924	0.4517	0.0000	0.0000
0.3934	0.4525	0.0000	0.0000
0.3944	0.4533	0.0000	0.0000
0.3954	0.4541	0.0000	0.0000
0.3964	0.4549	0.0000	0.0000
0.3974	0.4557	0.0000	0.0000
0.3984	0.4565	0.0000	0.0000
0.3994	0.4573	0.0000	0.0000
0.4004	0.4581	0.0000	0.0000
0.4014	0.4589	0.0000	0.0000
0.4024	0.4597	0.0000	0.0000
0.4034	0.4605	0.0000	0.0000
0.4044	0.4613	0.0000	0.0000
0.4054	0.4621	0.0000	0.0000
0.4064	0.4629	0.0000	0.0000
0.4074	0.4637	0.0000	0.0000
0.4084	0.4645	0.0000	0.0000
0.4094	0.4653	0.0000	0.0000
0.4104	0.4661	0.0000	0.0000
0.4114	0.4669	0.0000	0.0000
0.4124	0.4677	0.0000	0.0000
0.4134	0.4685	0.0000	0.0000
0.4144	0.4693	0.0000	0.0000
0.4154	0.4701	0.0000	0.0000
0.4164	0.4709	0.0000	0.0000
0.4174	0.4717	0.0000	0.0000
0.4184	0.4725	0.0000	0.0000
0.4194	0.4733	0.0000	0.0000
0.4204	0.4741	0.0000	0.0000
0.4214	0.4749	0.0000	0.0000
0.4224	0.4757	0.0000	0.0000
0.4234	0.4765	0.0000	0.0000
0.4244	0.4773	0.0000	0.0000
0.4254	0.4781	0.0000	0.0000
0.4264	0.4790	0.0000	0.0000
0.4274	0.4798	0.0000	0.0000
0.4284	0.4806	0.0000	0.0000
0.4294	0.4814	0.0000	0.0000
0.4304	0.4822	0.0000	0.0000
0.4314	0.4830	0.0000	0.0000
0.4324	0.4838	0.0000	0.0000
0.4334	0.4846	0.0000	0.0000
0.4344	0.4854	0.0000	0.0000
0.4354	0.4862	0.0000	0.0000
0.4364	0.4870	0.0000	0.0000
0.4374	0.4878	0.0000	0.0000
0.4384	0.4886	0.0000	0.0000
0.4394	0.4894	0.0000	0.0000
0.4404	0.4902	0.0000	0.0000
0.4414	0.4911	0.0000	0.0000
0.4424	0.4919	0.0000	0.0000
0.4434	0.4927	0.0000	0.0000
0.4444	0.4935	0.0000	0.0000
0.4454	0.4943	0.0000	0.0000
0.4464	0.4951	0.0000	0.0000
0.4474	0.4959	0.0000	0.0000
0.4484	0.4967	0.0000	0.0000
0.4494	0.4975	0.0000	0.0000
0.4505	0.4984	0.0000	0.0000
0.4515	0.4992	0.0000	0.0000
0.4525	0.5000	0.0000	0.0000
0.4535	0.5008	0.0000	0.0000
0.4545	0.5016	0.0000	0.0000
0.4555	0.5024	0.0000	0.0000
0.4565	0.5032	0.0000	0.0000
0.4575	0.5041	0.0000	0.0000
0.4585	0.5049	0.0000	0.0000
0.4595	0.5057	0.0000	0.0000
0.4605	0.5065	0.0000	0.0000
0.4615	0.5073	0.0000	0.0000
0.4625	0.5081	0.0000	0.0000
0.4635	0.5090	0.0000	0.0000
0.4645	0.5098	0.0000	0.0000
0.4655	0.5106	0.0000	0.0000
0.4665	0.5114	0.0000	0.0000
0.4675	0.5122	0.0000	0.0000
0.4685	0.5131	0.0000	0.0000
0.4695	0.5139	0.0000	0.0000
0.4705	0.5147	0.0000	0.0000
0.4715	0.5155	0.0000	0.0000
0.4725	0.5163	0.0000	0.0000
0.4735	0.5172	0.0000	0.0000
0.4745	0.5180	0.0000	0.0000
0.4755	0.5188	0.0000	0.0000
0.4765	0.5196	0.0000	0.0000
0.4775	0.5205	0.0000	0.0000
0.4785	0.5213	0.0000	0.0000
0.4795	0.5221	0.0000	0.0000
0.4805	0.5229	0.0000	0.0000
0.4815	0.5238	0.0000	0.0000
0.4825	0.5246	0.0000	0.0000
0.4835	0.5254	0.0000	0.0000
0.4845	0.5263	0.0000	0.0000
0.4855	0.5271	0.0000	0.0000
0.4865	0.5279	0.0000	0.0000
0.4875	0.5288	0.0000	0.0000
0.4885	0.5296	0.0000	0.0000
0.4895	0.5304	0.0000	0.0000
0.4905	0.5313	0.0000	0.0000
0.4915	0.5321	0.0000	0.0000
0.4925	0.5329	0.0000	0.0000
0.4935	0.5338	0.0000	0.0000
0.4945	0.5346	0.0000	0.0000
0.4955	0.5354	0.0000	0.0000
0.4965	0.5363	0.0000	0.0000
0.4975	0.5371	0.0000	0.0000
0.4985	0.5380	0.0000	0.0000
0.4995	0.5388	0.0000	0.0000
0.5005	0.5401	0.0000	0.0000
0.5015	0.5417	0.0000	0.0000
0.5025	0.5434	0.0000	0.0000
0.5035	0.5451	0.0000	0.0000
0.5045	0.5467	0.0000	0.0000
0.5055	0.5483	0.0000	0.0000
0.5065	0.5500	0.0000	0.0000
0.5075	0.5516	0.0000	0.0000
0.5085	0.5532	0.0000	0.0000
0.5095	0.5548	0.0000	0.0000
0.5105	0.5564	0.0000	0.0000
0.5115	0.5580	0.0000	0.0000
0.5125	0.5596	0.0000	0.0000
0.5135	0.5611	0.0000	0.0000
0.5145	0.5627	0.0000	0.0000
0.5155	0.5642	0.0000	0.0000
0.5165	0.5658	0.0000	0.0000
0.5175	0.5673	0.0000	0.0000
0.5185	0.5689	0.0000	0.0000
0.5195	0.5704	0.0000	0.0000
0.5205	0.5719	0.0000	0.0000
0.5215	0.5734	0.0000	0.0000
0.5225	0.5749	0.0000	0.0000
0.5235	0.5764	0.0000	0.0000
0.5245	0.5778	0.0000	0.0000
0.5255	0.5793	0.0000	0.0000
0.5265	0.5808	0.0000	0.0000
0.5275	0.5822	0.0000	0.0000
0.5285	0.5837	0.0000	0.0000
0.5295	0.5851	0.0000	0.0000
0.5305	0.5865	0.0000	0.0000
0.5315	0.5880	0.0000	0.0000
0.5325	0.5894	0.0000	0.0000
0.5335	0.5908	0.0000	0.0000
0.5345	0.5922	0.0000	0.0000
0.5355	0.5936	0.0000	0.0000
0.5365	0.5950	0.0000	0.0000
0.5375	0.5963	0.0000	0.0000
0.5385	0.5977	0.0000	0.0000
0.5395	0.5991	0.0000	0.0000
0.5405	0.6004	0.0000	0.0000
0.5415	0.6018	0.0000	0.0000
0.5425	0.6031	0.0000	0.0000
0.5435	0.6045	0.0000	0.0000
0.5445	0.6058	0.0000	0.0000
0.5455	0.6071	0.0000	0.0000
0.5465	0.6084	0.0000	0.0000
0.5475	0.6097	0.0000	0.0000
0.5485	0.6110	0.0000	0.0000
0.5495	0.6123	0.0000	0.0000
0.5506	0.6136	0.0000	0.0000
0.5516	0.6149	0.0000	0.0000
0.5526	0.6162	0.0000	0.0000
0.5536	0.6174	0.0000	0.0000
0.5546	0.6187	0.0000	0.0000
0.5556	0.6199	0.0000	0.0000
0.5566	0.6212	0.0000	0.0000
0.5576	0.6224	0.0000	0.0000
0.5586	0.6237	0.0000	0.0000
0.5596	0.6249	0.0000	0.0000
0.5606	0.6261	0.0000	0.0000
0.5616	0.6273	0.0000	0.0000
0.5626	0.6285	0.0000	0.0000
0.5636	0.6297	0.0000	0.0000
0.5646	0.6309	0.0000	0.0000
0.5656	0.6321	0.0000	0.0000
0.5666	0.6333	0.0000	0.0000
0.5676	0.6345	0.0000	0.0000
0.5686	0.6356	0.0000	0.0000
0.5696	0.6368	0.0000	0.0000
0.5706	0.6380	0.0000	0.0000
0.5716	0.6391	0.0000	0.0000
0.5726	0.6403	0.0000	0.0000
0.5736	0.6414	0.0000	0.0000
0.5746	0.6425	0.0000	0.0000
0.5756	0.6437	0.0000	0.0000
0.5766	0.6448	0.0000	0.0000
0.5776	0.6459	0.0000	0.0000
0.5786	0.6470	0.0000	0.0000
0.5796	0.6481	0.0000	0.0000
0.5806	0.6492	0.0000	0.0000
0.5816	0.6503	0.0000	0.0000
0.5826	0.6514	0.0000	0.0000
0.5836	0.6525	0.0000	0.0000
0.5846	0.6536	0.0000	0.0000
0.5856	0.6546	0.0000	0.0000
0.5866	0.6557	0.0000	0.0000
0.5876	0.6568	0.0000	0.0000
0.5886	0.6578	0.0000	0.0000
0.5896	0.6589	0.0000	0.0000
0.5906	0.6599	0.0000	0.0000
0.5916	0.6610	0.0000	0.0000
0.5926	0.6620	0.0000	0.0000
0.5936	0.6630	0.0000	0.0000
0.5946	0.6641	0.0000	0.0000
0.5956	0.6651	0.0000	0.0000
0.5966	0.6661	0.0000	0.0000
0.5976	0.6671	0.0000	0.0000
0.5986	0.6681	0.0000	0.0000
0.5996	0.6691	0.0000	0.0000
0.6006	0.6701	0.0000	0.0000
0.6016	0.6711	0.0000	0.0000
0.6026	0.6721	0.0000	0.0000
0.6036	0.6731	0.0000	0.0000
0.6046	0.6740	0.0000	0.0000
0.6056	0.6750	0.0000	0.0000
0.6066	0.6760	0.0000	0.0000
0.6076	0.6769	0.0000	0.0000
0.6086	0.6779	0.0000	0.0000
0.6096	0.6788	0.0000	0.0000
0.6106	0.6798	0.0000	0.0000
0.6116	0.6807	0.0000	0.0000
0.6126	0.6817	0.0000	0.0000
0.6136	0.6826	0.0000	0.0000
0.6146	0.6835	0.0000	0.0000
0.6156	0.6845	0.0000	0.0000
0.6166	0.6854	0.0000	0.0000
0.6176	0.6863	0.0000	0.0000
0.6186	0.6872	0.0000	0.0000
0.6196	0.6881	0.0000	0.0000
0.6206	0.6890	0.0000	0.0000
0.6216	0.6899	0.0000	0.0000
0.6226	0.6908	0.0000	0.0000
0.6236	0.6917	0.0000	0.0000
0.6246	0.6926	0.0000	0.0000
0.6256	0.6934	0.0000	0.0000
0.6266	0.6943	0.0000	0.0000
0.6276	0.6952	0.0000	0.0000
0.6286	0.6961	0.0000	0.0000
0.6296	0.6969	0.0000	0.0000
0.6306	0.6978	0.0000	0.0000
0.6316	0.6986	0.0000	0.0000
0.6326	0.6995	0.0000	0.0000
0.6336	0.7003	0.0000	0.0000
0.6346	0.7012	0.0000	0.0000
0.6356	0.7020	0.0000	0.0000
0.6366	0.7028	0.0000	0.0000
0.6376	0.7037	0.0000	0.0000
0.6386	0.7045	0.0000	0.0000
0.6396	0.7053	0.0000	0.0000
0.6406	0.7061	0.0000	0.0000
0.6416	0.7069	0.0000	0.0000
0.6426	0.7078	0.0000	0.0000
0.6436	0.7086	0.0000	0.0000
0.6446	0.7094	0.0000	0.0000
0.6456	0.7102	0.0000	0.0000
0.6466	0.7110	0.0000	0.0000
0.6476	0.7118	0.0000	0.0000
0.6486	0.7125	0.0000	0.0000
0.6496	0.7133	0.0000	0.0000
0.6507	0.7141	0.0000	0.0000
0.6517	0.7149	0.0000	0.0000
0.6527	0.7157	0.0000	0.0000
0.6537	0.7164	0.0000	0.0000
0.6547	0.7172	0.0000	0.0000
0.6557	0.7179	0.0000	0.0000
0.6567	0.7187	0.0000	0.0000
0.6577	0.7195	0.0000	0.0000
0.6587	0.7202	0.0000	0.0000
0.6597	0.7210	0.0000	0.0000
0.6607	0.7217	0.0000	0.0000
0.6617	0.7224	0.0000	0.0000
0.6627	0.7232	0.0000	0.0000
0.6637	0.7239	0.0000	0.0000
0.6647	0.7246	0.0000	0.0000
0.6657	0.7254	0.0000	0.0000
0.6667	0.7261	0.0000	0.0000
0.6677	0.7268	0.0000	0.0000
0.6687	0.7275	0.0000	0.0000
0.6697	0.7282	0.0000	0.0000
0.6707	0.7290	0.0000	0.0000
0.6717	0.7297	0.0000	0.0000
0.6727	0.7304	0.0000	0.0000
0.6737	0.7311	0.0000	0.0000
0.6747	0.7318	0.0000	0.0000
0.6757	0.7325	0.0000	0.0000
0.6767	0.7332	0.0000	0.0000
0.6777	0.7338	0.0000	0.0000
0.6787	0.7345	0.0000	0.0000
0.6797	0.7352	0.0000	0.0000
0.6807	0.7359	0.0000	0.0000
0.6817	0.7366	0.0000	0.0000
0.6827	0.7372	0.0000	0.0000
0.6837	0.7379	0.0000	0.0000
0.6847	0.7386	0.0000	0.0000
0.6857	0.7392	0.0000	0.0000
0.6867	0.7399	0.0000	0.0000
0.6877	0.7406	0.0000	0.0000
0.6887	0.7412	0.0000	0.0000
0.6897	0.7419	0.0000	0.0000
0.6907	0.7425	0.0000	0.0000
0.6917	0.7432	0.0000	0.0000
0.6927	0.7438	0.0000	0.0000
0.6937	0.7444	0.0000	0.0000
0.6947	0.7451	0.0000	0.0000
0.6957	0.7457	0.0000	0.0000
0.6967	0.7464	0.0000	0.0000
0.6977	0.7470	0.0000	0.0000
0.6987	0.7476	0.0000	0.0000
0.6997	0.7482	0.0000	0.0000
0.7007	0.7489	0.0000	0.0000
0.7017	0.7495	0.0000	0.0000
0.7027	0.7501	0.0000	0.0000
0.7037	0.7507	0.0000	0.0000
0.7047	0.7513	0.0000	0.0000
0.7057	0.7519	0.0000	0.0000
0.7067	0.7525	0.0000	0.0000
0.7077	0.7531	0.0000	0.0000
0.7087	0.7537	0.0000	0.0000
0.7097	0.7543	0.0000	0.0000
0.7107	0.7549	0.0000	0.0000
0.7117	0.7555	0.0000	0.0000
0.7127	0.7561	0.0000	0.0000
0.7137	0.7567	0.0000	0.0000
0.7147	0.7573	0.0000	0.0000
0.7157	0.7579	0.0000	0.0000
0.7167	0.7585	0.0000	0.0000
0.7177	0.7590	0.0000	0.0000
0.7187	0.7596	0.0000	0.0000
0.7197	0.7602	0.0000	0.0000
0.7207	0.7608	0.0000	0.0000
0.7217	0.7613	0.0000	0.0000
0.7227	0.7619	0.0000	0.0000
0.7237	0.7625	0.0000	0.0000
0.7247	0.7630	0.0000	0.0000
0.7257	0.7636	0.0000	0.0000
0.7267	0.7641	0.0000	0.0000
0.7277	0.7647	0.0000	0.0000
0.7287	0.7652	0.0000	0.0000
0.7297	0.7658	0.0000	0.0000
0.7307	0.7663	0.0000	0.0000
0.7317	0.7669	0.0000	0.0000
0.7327	0.7674	0.0000	0.0000
0.7337	0.7680	0.0000	0.0000
0.7347	0.7685	0.0000	0.0000
0.7357	0.7690	0.0000	0.0000
0.7367	0.7696	0.0000	0.0000
0.7377	0.7701	0.0000	0.0000
0.7387	0.7706	0.0000	0.0000
0.7397	0.7712	0.0000	0.0000
0.7407	0.7717	0.0000	0.0000
0.7417	0.7722	0.0000	0.0000
0.7427	0.7727	0.0000	0.0000
0.7437	0.7733	0.0000	0.0000
0.7447	0.7738	0.0000	0.0000
0.7457	0.7743	0.0000	0.0000
0.7467	0.7748	0.0000	0.0000
0.7477	0.7753	0.0000	0.0000
0.7487	0.7758	0.0000	0.0000
0.7497	0.7764	0.0000	0.0000
0.7508	0.7769	0.0000	0.0000
0.7518	0.7774	0.0000	0.0000
0.7528	0.7779	0.0000	0.0000
0.7538	0.7784	0.0000	0.0000
0.7548	0.7789	0.0000	0.0000
0.7558	0.7794	0.0000	0.0000
0.7568	0.7799	0.0000	0.0000
0.7578	0.7804	0.0000	0.0000
0.7588	0.7808	0.0000	0.0000
0.7598	0.7813	0.0000	0.0000
0.7608	0.7818	0.0000	0.0000
0.7618	0.7823	0.0000	0.0000
0.7628	0.7828	0.0000	0.0000
0.7638	0.7833	0.0000	0.0000
0.7648	0.7838	0.0000	0.0000
0.7658	0.7842	0.0000	0.0000
0.7668	0.7847	0.0000	0.0000
0.7678	0.7852	0.0000	0.0000
0.7688	0.7857	0.0000	0.0000
0.7698	0.7861	0.0000	0.0000
0.7708	0.7866	0.0000	0.0000
0.7718	0.7871	0.0000	0.0000
0.7728	0.7876	0.0000	0.0000
0.7738	0.7880	0.0000	0.0000
0.7748	0.7885	0.0000	0.0000
0.7758	0.7889	0.0000	0.0000
0.7768	0.7894	0.0000	0.0000
0.7778	0.7899	0.0000	0.0000
0.7788	0.7903	0.0000	0.0000
0.7798	0.7908	0.0000	0.0000
0.7808	0.7912	0.0000	0.0000
0.7818	0.7917	0.0000	0.0000
0.7828	0.7921	0.0000	0.0000
0.7838	0.7926	0.0000	0.0000
0.7848	0.7930	0.0000	0.0000
0.7858	0.7935	0.0000	0.0000
0.7868	0.7939	0.0000	0.0000
0.7878	0.7944	0.0000	0.0000
0.7888	0.7948	0.0000	0.0000
0.7898	0.7953	0.0000	0.0000
0.7908	0.7957	0.0000	0.0000
0.7918	0.7961	0.0000	0.0000
0.7928	0.7966	0.0000	0.0000
0.7938	0.7970	0.0000	0.0000
0.7948	0.7975	0.0000	0.0000
0.7958	0.7979	0.0000	0.0000
0.7968	0.7983	0.0000	0.0000
0.7978	0.7988	0.0000	0.0000
0.7988	0.7992	0.0000	0.0000
0.7998	0.7996	0.0000	0.0000
0.8008	0.8000	0.0000	0.0000
0.8018	0.8005	0.0000	0.0000
0.8028	0.8009	0.0000	0.0000
0.8038	0.8013	0.0000	0.0000
0.8048	0.8017	0.0000	0.0000
0.8058	0.8022	0.0000	0.0000
0.8068	0.8026	0.0000	0.0000
0.8078	0.8030	0.0000	0.0000
0.8088	0.8034	0.0000	0.0000
0.8098	0.8038	0.0000	0.0000
0.8108	0.8042	0.0000	0.0000
0.8118	0.8047	0.0000	0.0000
0.8128	0.8051	0.0000	0.0000
0.8138	0.8055	0.0000	0.0000
0.8148	0.8059	0.0000	0.0000
0.8158	0.8063	0.0000	0.0000
0.8168	0.8067	0.0000	0.0000
0.8178	0.8071	0.0000	0.0000
0.8188	0.8075	0.0000	0.0000
0.8198	0.8079	0.0000	0.0000
0.8208	0.8083	0.0000	0.0000
0.8218	0.8087	0.0000	0.0000
0.8228	0.8091	0.0000	0.0000
0.8238	0.8095	0.0000	0.0000
0.8248	0.8099	0.0000	0.0000
0.8258	0.8103	0.0000	0.0000
0.8268	0.8107	0.0000	0.0000
0.8278	0.8111	0.0000	0.0000
0.8288	0.8115	0.0000	0.0000
0.8298	0.8119	0.0000	0.0000
0.8308	0.8123	0.0000	0.0000
0.8318	0.8127	0.0000	0.0000
0.8328	0.8131	0.0000	0.0000
0.8338	0.8135	0.0000	0.0000
0.8348	0.8139	0.0000	0.0000
0.8358	0.8143	0.0000	0.0000
0.8368	0.8146	0.0000	0.0000
0.8378	0.8150	0.0000	0.0000
0.8388	0.8154	0.0000	0.0000
0.8398	0.8158	0.0000	0.0000
0.8408	0.8162	0.0000	0.0000
0.8418	0.8166	0.0000	0.0000
0.8428	0.8169	0.0000	0.0000
0.8438	0.8173	0.0000	0.0000
0.8448	0.8177	0.0000	0.0000
0.8458	0.8181	0.0000	0.0000
0.8468	0.8185	0.0000	0.0000
0.8478	0.8188	0.0000	0.0000
0.8488	0.8192	0.0000	0.0000
0.8498	0.8196	0.0000	0.0000
0.8509	0.8200	0.0000	0.0000
0.8519	0.8204	0.0000	0.0000
0.8529	0.8207	0.0000	0.0000
0.8539	0.8211	0.0000	0.0000
0.8549	0.8215	0.0000	0.0000
0.8559	0.8218	0.0000	0.0000
0.8569	0.8222	0.0000	0.0000
0.8579	0.8226	0.0000	0.0000
0.8589	0.8230	0.0000	0.0000
0.8599	0.8233	0.0000	0.0000
0.8609	0.8237	0.0000	0.0000
0.8619	0.8241	0.0000	0.0000
0.8629	0.8244	0.0000	0.0000
0.8639	0.8248	0.0000	0.0000
0.8649	0.8252	0.0000	0.0000
0.8659	0.8255	0.0000	0.0000
0.8669	0.8259	0.0000	0.0000
0.8679	0.8263	0.0000	0.0000
0.8689	0.8266	0.0000	0.0000
0.8699	0.8270	0.0000	0.0000
0.8709	0.8274	0.0000	0.0000
0.8719	0.8277	0.0000	0.0000
0.8729	0.8281	0.0000	0.0000
0.8739	0.8284	0.0000	0.0000
0.8749	0.8288	0.0000	0.0000
0.8759	0.8292	0.0000	0.0000
0.8769	0.8295	0.0000	0.0000
0.8779	0.8299	0.0000	0.0000
0.8789	0.8302	0.0000	0.0000
0.8799	0.8306	0.0000	0.0000
0.8809	0.8309	0.0000	0.0000
0.8819	0.8313	0.0000	0.0000
0.8829	0.8317	0.0000	0.0000
0.8839	0.8320	0.0000	0.0000
0.8849	0.8324	0.0000	0.0000
0.8859	0.8327	0.0000	0.0000
0.8869	0.8331	0.0000	0.0000
0.8879	0.8334	0.0000	0.0000
0.8889	0.8338	0.0000	0.0000
0.8899	0.8341	0.0000	0.0000
0.8909	0.8345	0.0000	0.0000
0.8919	0.8349	0.0000	0.0000
0.8929	0.8352	0.0000	0.0000
0.8939	0.8356	0.0000	0.0000
0.8949	0.8359	0.0000	0.0000
0.8959	0.8363	0.0000	0.0000
0.8969	0.8366	0.0000	0.0000
0.8979	0.8370	0.0000	0.0000
0.8989	0.8373	0.0000	0.0000
0.8999	0.8377	0.0000	0.0000
0.9009	0.8380	0.0000	0.0000
0.9019	0.8384	0.0000	0.0000
0.9029	0.8387	0.0000	0.0000
0.9039	0.8391	0.0000	0.0000
0.9049	0.8394	0.0000	0.0000
0.9059	0.8398	0.0000	0.0000
0.9069	0.8401	0.0000	0.0000
0.9079	0.8405	0.0000	0.0000
0.9089	0.8408	0.0000	0.0000
0.9099	0.8412	0.0000	0.0000
0.9109	0.8415	0.0000	0.0000
0.9119	0.8419	0.0000	0.0000
0.9129	0.8422	0.0000	0.0000
0.9139	0.8426	0.0000	0.0000
0.9149	0.8429	0.0000	0.0000
0.9159	0.8432	0.0000	0.0000
0.9169	0.8436	0.0000	0.0000
0.9179	0.8439	0.0000	0.0000
0.9189	0.8443	0.0000	0.0000
0.9199	0.8446	0.0000	0.0000
0.9209	0.8450	0.0000	0.0000
0.9219	0.8453	0.0000	0.0000
0.9229	0.8457	0.0000	0.0000
0.9239	0.8460	0.0000	0.0000
0.9249	0.8464	0.0000	0.0000
0.9259	0.8467	0.0000	0.0000
0.9269	0.8471	0.0000	0.0000
0.9279	0.8474	0.0000	0.0000
0.9289	0.8478	0.0000	0.0000
0.9299	0.8481	0.0000	0.0000
0.9309	0.8484	0.0000	0.0000
0.9319	0.8488	0.0000	0.0000
0.9329	0.8491	0.0000	0.0000
0.9339	0.8495	0.0000	0.0000
0.9349	0.8498	0.0000	0.0000
0.9359	0.8502	0.0000	0.0000
0.9369	0.8505	0.0000	0.0000
0.9379	0.8509	0.0000	0.0000
0.9389	0.8512	0.0000	0.0000
0.9399	0.8516	0.0000	0.0000
0.9409	0.8519	0.0000	0.0000
0.9419	0.8523	0.0000	0.0000
0.9429	0.8526	0.0000	0.0000
0.9439	0.8530	0.0000	0.0000
0.9449	0.8533	0.0000	0.0000
0.9459	0.8537	0.0000	0.0000
0.9469	0.8540	0.0000	0.0000
0.9479	0.8543	0.0000	0.0000
0.9489	0.8547	0.0000	0.0000
0.9499	0.8550	0.0000	0.0000
0.9510	0.8554	0.0000	0.0000
0.9520	0.8557	0.0000	0.0000
0.9530	0.8561	0.0000	0.0000
0.9540	0.8564	0.0000	0.0000
0.9550	0.8568	0.0000	0.0000
0.9560	0.8571	0.0000	0.0000
0.9570	0.8575	0.0000	0.0000
0.9580	0.8578	0.0000	0.0000
0.9590	0.8582	0.0000	0.0000
0.9600	0.8585	0.0000	0.0000
0.9610	0.8589	0.0000	0.0000
0.9620	0.8593	0.0000	0.0000
0.9630	0.8596	0.0000	0.0000
0.9640	0.8600	0.0000	0.0000
0.9650	0.8603	0.0000	0.0000
0.9660	0.8607	0.0000	0.0000
0.9670	0.8610	0.0000	0.0000
0.9680	0.8614	0.0000	0.0000
0.9690	0.8617	0.0000	0.0000
0.9700	0.8621	0.0000	0.0000
0.9710	0.8624	0.0000	0.0000
0.9720	0.8628	0.0000	0.0000
0.9730	0.8632	0.0000	0.0000
0.9740	0.8635	0.0000	0.0000
0.9750	0.8639	0.0000	0.0000
0.9760	0.8642	0.0000	0.0000
0.9770	0.8646	0.0000	0.0000
0.9780	0.8649	0.0000	0.0000
0.9790	0.8653	0.0000	0.0000
0.9800	0.8657	0.0000	0.0000
0.9810	0.8660	0.0000	0.0000
0.9820	0.8664	0.0000	0.0000
0.9830	0.8668	0.0000	0.0000
0.9840	0.8671	0.0000	0.0000
0.9850	0.8675	0.0000	0.0000
0.9860	0.8678	0.0000	0.0000
0.9870	0.8682	0.0000	0.0000
0.9880	0.8686	0.0000	0.0000
0.9890	0.8689	0.0000	0.0000
0.9900	0.8693	0.0000	0.0000
0.9910	0.8697	0.0000	0.0000
0.9920	0.8700	0.0000	0.0000
0.9930	0.8704	0.0000	0.0000
0.9940	0.8708	0.0000	0.0000
0.9950	0.8712	0.0000	0.0000
0.9960	0.8715	0.0000	0.0000
0.9970	0.8719	0.0000	0.0000
0.9980	0.8723	0.0000	0.0000
0.9990	0.8727	0.0000	0.0000
1.0000	0.8730	0.0000	0.0000
0.7998
