0.0000	0.2146	0.0000	0.0000
0.0010	0.2153	0.0000	0.0000
0.0020	0.2161	0.0000	0.0000
0.0030	0.2168	0.0000	0.0000
0.0040	0.2175	0.0000	0.0000
0.0050	0.2182	0.0000	0.0000
0.0060	0.2189	0.0000	0.0000
0.0070	0.2196	0.0000	0.0000
0.0080	0.2204	0.0000	0.0000
0.0090	0.2211	0.0000	0.0000
0.0100	0.2218	0.0000	0.0000
0.0110	0.2225	0.0000	0.0000
0.0120	0.2232	0.0000	0.0000
0.0130	0.2239	0.0000	0.0000
0.0140	0.2246	0.0000	0.0000
0.0150	0.2253	0.0000	0.0000
0.0160	0.2260	0.0000	0.0000
0.0170	0.2267	0.0000	0.0000
0.0180	0.2275	0.0000	0.0000
0.0190	0.2282	0.0000	0.0000
0.0200	0.2289	0.0000	0.0000
0.0210	0.2296	0.0000	0.0000
0.0220	0.2303	0.0000	0.0000
0.0230	0.2310	0.0000	0.0000
0.0240	0.2317	0.0000	0.0000
0.0250	0.2324	0.0000	0.0000
0.0260	0.2331	0.0000	0.0000
0.0270	0.2338	0.0000	0.0000
0.0280	0.2345	0.0000	0.0000
0.0290	0.2352	0.0000	0.0000
0.0300	0.2359	0.0000	0.0000
0.0310	0.2366	0.0000	0.0000
0.0320	0.2373	0.0000	0.0000
0.0330	0.2380	0.0000	0.0000
0.0340	0.2387	0.0000	0.0000
0.0350	0.2394	0.0000	0.0000
0.0360	0.2401	0.0000	0.0000
0.0370	0.2408	0.0000	0.0000
0.0380	0.2415	0.0000	0.0000
0.0390	0.2422	0.0000	0.0000
0.0400	0.2429	0.0000	0.0000
0.0410	0.2436	0.0000	0.0000
0.0420	0.2442	0.0000	0.0000
0.0430	0.2449	0.0000	0.0000
0.0440	0.2456	0.0000	0.0000
0.0450	0.2463	0.0000	0.0000
0.0460	0.2470	0.0000	0.0000
0.0470	0.2477	0.0000	0.0000
0.0480	0.2484	0.0000	0.0000
0.0490	0.2491	0.0000	0.0000
0.0501	0.2498	0.0000	0.0000
0.0511	0.2504	0.0000	0.0000
0.0521	0.2511	0.0000	0.0000
0.0531	0.2518	0.0000	0.0000
0.0541	0.2525	0.0000	0.0000
0.0551	0.2532	0.0000	0.0000
0.0561	0.2539	0.0000	0.0000
0.0571	0.2546	0.0000	0.0000
0.0581	0.2552	0.0000	0.0000
0.0591	0.2559	0.0000	0.0000
0.0601	0.2566	0.0000	0.0000
0.0611	0.2573	0.0000	0.0000
0.0621	0.2580	0.0000	0.0000
0.0631	0.2586	0.0000	0.0000
0.0641	0.2593	0.0000	0.0000
0.0651	0.2600	0.0000	0.0000
0.0661	0.2607	0.0000	0.0000
0.0671	0.2613	0.0000	0.0000
0.0681	0.2620	0.0000	0.0000
0.0691	0.2627	0.0000	0.0000
0.0701	0.2634	0.0000	0.0000
0.0711	0.2640	0.0000	0.0000
0.0721	0.2647	0.0000	0.0000
0.0731	0.2654	0.0000	0.0000
0.0741	0.2661	0.0000	0.0000
0.0751	0.2667	0.0000	0.0000
0.0761	0.2674	0.0000	0.0000
0.0771	0.2681	0.0000	0.0000
0.0781	0.2687	0.0000	0.0000
0.0791	0.2694	0.0000	0.0000
0.0801	0.2701	0.0000	0.0000
0.0811	0.2707	0.0000	0.0000
0.0821	0.2714	0.0000	0.0000
0.0831	0.2721	0.0000	0.0000
0.0841	0.2727	0.0000	0.0000
0.0851	0.2734	0.0000	0.0000
0.0861	0.2741	0.0000	0.0000
0.0871	0.2747	0.0000	0.0000
0.0881	0.2754	0.0000	0.0000
0.0891	0.2760	0.0000	0.0000
0.0901	0.2767	0.0000	0.0000
0.0911	0.2774	0.0000	0.0000
0.0921	0.2780	0.0000	0.0000
0.0931	0.2787	0.0000	0.0000
0.0941	0.2793	0.0000	0.0000
0.0951	0.2800	0.0000	0.0000
0.0961	0.2806	0.0000	0.0000
0.0971	0.2813	0.0000	0.0000
0.0981	0.2820	0.0000	0.0000
0.0991	0.2826	0.0000	0.0000
0.1001	0.2833	0.0000	0.0000
0.1011	0.2839	0.0000	0.0000
0.1021	0.2846	0.0000	0.0000
0.1031	0.2852	0.0000	0.0000
0.1041	0.2859	0.0000	0.0000
0.1051	0.2865	0.0000	0.0000
0.1061	0.2872	0.0000	0.0000
0.1071	0.2878	0.0000	0.0000
0.1081	0.2885	0.0000	0.0000
0.1091	0.2891	0.0000	0.0000
0.1101	0.2897	0.0000	0.0000
0.1111	0.2904	0.0000	0.0000
0.1121	0.2910	0.0000	0.0000
0.1131	0.2917	0.0000	0.0000
0.1141	0.2923	0.0000	0.0000
0.1151	0.2930	0.0000	0.0000
0.1161	0.2936	0.0000	0.0000
0.1171	0.2942	0.0000	0.0000
0.1181	0.2949	0.0000	0.0000
0.1191	0.2955	0.0000	0.0000
0.1201	0.2962	0.0000	0.0000
0.1211	0.2968	0.0000	0.0000
0.1221	0.2974	0.0000	0.0000
0.1231	0.2981	0.0000	0.0000
0.1241	0.2987	0.0000	0.0000
0.1251	0.2993	0.0000	0.0000
0.1261	0.3000	0.0000	0.0000
0.1271	0.3006	0.0000	0.0000
0.1281	0.3012	0.0000	0.0000
0.1291	0.3019	0.0000	0.0000
0.1301	0.3025	0.0000	0.0000
0.1311	0.3031	0.0000	0.0000
0.1321	0.3037	0.0000	0.0000
0.1331	0.3044	0.0000	0.0000
0.1341	0.3050	0.0000	0.0000
0.1351	0.3056	0.0000	0.0000
0.1361	0.3063	0.0000	0.0000
0.1371	0.3069	0.0000	0.0000
0.1381	0.3075	0.0000	0.0000
0.1391	0.3081	0.0000	0.0000
0.1401	0.3087	0.0000	0.0000
0.1411	0.3094	0.0000	0.0000
0.1421	0.3100	0.0000	0.0000
0.1431	0.3106	0.0000	0.0000
0.1441	0.3112	0.0000	0.0000
0.1451	0.3118	0.0000	0.0000
0.1461	0.3125	0.0000	0.0000
0.1471	0.3131	0.0000	0.0000
0.1481	0.3137	0.0000	0.0000
0.1491	0.3143	0.0000	0.0000
0.1502	0.3149	0.0000	0.0000
0.1512	0.3155	0.0000	0.0000
0.1522	0.3162	0.0000	0.0000
0.1532	0.3168	0.0000	0.0000
0.1542	0.3174	0.0000	0.0000
0.1552	0.3180	0.0000	0.0000
0.1562	0.3186	0.0000	0.0000
0.1572	0.3192	0.0000	0.0000
0.1582	0.3198	0.0000	0.0000
0.1592	0.3204	0.0000	0.0000
0.1602	0.3210	0.0000	0.0000
0.1612	0.3216	0.0000	0.0000
0.1622	0.3222	0.0000	0.0000
0.1632	0.3228	0.0000	0.0000
0.1642	0.3234	0.0000	0.0000
0.1652	0.3240	0.0000	0.0000
0.1662	0.3246	0.0000	0.0000
0.1672	0.3252	0.0000	0.0000
0.1682	0.3258	0.0000	0.0000
0.1692	0.3264	0.0000	0.0000
0.1702	0.3270	0.0000	0.0000
0.1712	0.3276	0.0000	0.0000
0.1722	0.3282	0.0000	0.0000
0.1732	0.3288	0.0000	0.0000
0.1742	0.3294	0.0000	0.0000
0.1752	0.3300	0.0000	0.0000
0.1762	0.3306	0.0000	0.0000
0.1772	0.3312	0.0000	0.0000
0.1782	0.3318	0.0000	0.0000
0.1792	0.3324	0.0000	0.0000
0.1802	0.3330	0.0000	0.0000
0.1812	0.3336	0.0000	0.0000
0.1822	0.3342	0.0000	0.0000
0.1832	0.3347	0.0000	0.0000
0.1842	0.3353	0.0000	0.0000
0.1852	0.3359	0.0000	0.0000
0.1862	0.3365	0.0000	0.0000
0.1872	0.3371	0.0000	0.0000
0.1882	0.3377	0.0000	0.0000
0.1892	0.3383	0.0000	0.0000
0.1902	0.3388	0.0000	0.0000
0.1912	0.3394	0.0000	0.0000
0.1922	0.3400	0.0000	0.0000
0.1932	0.3406	0.0000	0.0000
0.1942	0.3412	0.0000	0.0000
0.1952	0.3417	0.0000	0.0000
0.1962	0.3423	0.0000	0.0000
0.1972	0.3429	0.0000	0.0000
0.1982	0.3435	0.0000	0.0000
0.1992	0.3440	0.0000	0.0000
0.2002	0.3446	0.0000	0.0000
0.2012	0.3452	0.0000	0.0000
0.2022	0.3458	0.0000	0.0000
0.2032	0.3463	0.0000	0.0000
0.2042	0.3469	0.0000	0.0000
0.2052	0.3475	0.0000	0.0000
0.2062	0.3480	0.0000	0.0000
0.2072	0.3486	0.0000	0.0000
0.2082	0.3492	0.0000	0.0000
0.2092	0.3497	0.0000	0.0000
0.2102	0.3503	0.0000	0.0000
0.2112	0.3509	0.0000	0.0000
0.2122	0.3514	0.0000	0.0000
0.2132	0.3520	0.0000	0.0000
0.2142	0.3526	0.0000	0.0000
0.2152	0.3531	0.0000	0.0000
0.2162	0.3537	0.0000	0.0000
0.2172	0.3543	0.0000	0.0000
0.2182	0.3548	0.0000	0.0000
0.2192	0.3554	0.0000	0.0000
0.2202	0.3559	0.0000	0.0000
0.2212	0.3565	0.0000	0.0000
0.2222	0.3570	0.0000	0.0000
0.2232	0.3576	0.0000	0.0000
0.2242	0.3582	0.0000	0.0000
0.2252	0.3587	0.0000	0.0000
0.2262	0.3593	0.0000	0.0000
0.2272	0.3598	0.0000	0.0000
0.2282	0.3604	0.0000	0.0000
0.2292	0.3609	0.0000	0.0000
0.2302	0.3615	0.0000	0.0000
0.2312	0.3620	0.0000	0.0000
0.2322	0.3626	0.0000	0.0000
0.2332	0.3631	0.0000	0.0000
0.2342	0.3637	0.0000	0.0000
0.2352	0.3642	0.0000	0.0000
0.2362	0.3648	0.0000	0.0000
0.2372	0.3653	0.0000	0.0000
0.2382	0.3659	0.0000	0.0000
0.2392	0.3664	0.0000	0.0000
0.2402	0.3669	0.0000	0.0000
0.2412	0.3675	0.0000	0.0000
0.2422	0.3680	0.0000	0.0000
0.2432	0.3686	0.0000	0.0000
0.2442	0.3691	0.0000	0.0000
0.2452	0.3696	0.0000	0.0000
0.2462	0.3702	0.0000	0.0000
0.2472	0.3707	0.0000	0.0000
0.2482	0.3713	0.0000	0.0000
0.2492	0.3718	0.0000	0.0000
0.2503	0.3723	0.0000	0.0000
0.2513	0.3729	0.0000	0.0000
0.2523	0.3734	0.0000	0.0000
0.2533	0.3739	0.0000	0.0000
0.2543	0.3745	0.0000	0.0000
0.2553	0.3750	0.0000	0.0000
0.2563	0.3755	0.0000	0.0000
0.2573	0.3761	0.0000	0.0000
0.2583	0.3766	0.0000	0.0000
0.2593	0.3771	0.0000	0.0000
0.2603	0.3777	0.0000	0.0000
0.2613	0.3782	0.0000	0.0000
0.2623	0.3787	0.0000	0.0000
0.2633	0.3792	0.0000	0.0000
0.2643	0.3798	0.0000	0.0000
0.2653	0.3803	0.0000	0.0000
0.2663	0.3808	0.0000	0.0000
0.2673	0.3813	0.0000	0.0000
0.2683	0.3819	0.0000	0.0000
0.2693	0.3824	0.0000	0.0000
0.2703	0.3829	0.0000	0.0000
0.2713	0.3834	0.0000	0.0000
0.2723	0.3840	0.0000	0.0000
0.2733	0.3845	0.0000	0.0000
0.2743	0.3850	0.0000	0.0000
0.2753	0.3855	0.0000	0.0000
0.2763	0.3860	0.0000	0.0000
0.2773	0.3866	0.0000	0.0000
0.2783	0.3871	0.0000	0.0000
0.2793	0.3876	0.0000	0.0000
0.2803	0.3881	0.0000	0.0000
0.2813	0.3886	0.0000	0.0000
0.2823	0.3891	0.0000	0.0000
0.2833	0.3896	0.0000	0.0000
0.2843	0.3902	0.0000	0.0000
0.2853	0.3907	0.0000	0.0000
0.2863	0.3912	0.0000	0.0000
0.2873	0.3917	0.0000	0.0000
0.2883	0.3922	0.0000	0.0000
0.2893	0.3927	0.0000	0.0000
0.2903	0.3932	0.0000	0.0000
0.2913	0.3937	0.0000	0.0000
0.2923	0.3943	0.0000	0.0000
0.2933	0.3948	0.0000	0.0000
0.2943	0.3953	0.0000	0.0000
0.2953	0.3958	0.0000	0.0000
0.2963	0.3963	0.0000	0.0000
0.2973	0.3968	0.0000	0.0000
0.2983	0.3973	0.0000	0.0000
0.2993	0.3978	0.0000	0.0000
0.3003	0.3983	0.0000	0.0000
0.3013	0.3988	0.0000	0.0000
0.3023	0.3993	0.0000	0.0000
0.3033	0.3998	0.0000	0.0000
0.3043	0.4003	0.0000	0.0000
0.3053	0.4008	0.0000	0.0000
0.3063	0.4013	0.0000	0.0000
0.3073	0.4018	0.0000	0.0000
0.3083	0.4023	0.0000	0.0000
0.3093	0.4028	0.0000	0.0000
0.3103	0.4033	0.0000	0.0000
0.3113	0.4038	0.0000	0.0000
0.3123	0.4043	0.0000	0.0000
0.3133	0.4048	0.0000	0.0000
0.3143	0.4053	0.0000	0.0000
0.3153	0.4058	0.0000	0.0000
0.3163	0.4063	0.0000	0.0000
0.3173	0.4068	0.0000	0.0000
0.3183	0.4073	0.0000	0.0000
0.3193	0.4078	0.0000	0.0000
0.3203	0.4083	0.0000	0.0000
0.3213	0.4088	0.0000	0.0000
0.3223	0.4093	0.0000	0.0000
0.3233	0.4098	0.0000	0.0000
0.3243	0.4103	0.0000	0.0000
0.3253	0.4108	0.0000	0.0000
0.3263	0.4113	0.0000	0.0000
0.3273	0.4118	0.0000	0.0000
0.3283	0.4123	0.0000	0.0000
0.3293	0.4128	0.0000	0.0000
0.3303	0.4133	0.0000	0.0000
0.3313	0.4138	0.0000	0.0000
0.3323	0.4143	0.0000	0.0000
0.3333	0.4147	0.0000	0.0000
0.3343	0.4152	0.0000	0.0000
0.3353	0.4157	0.0000	0.0000
0.3363	0.4162	0.0000	0.0000
0.3373	0.4167	0.0000	0.0000
0.3383	0.4172	0.0000	0.0000
0.3393	0.4177	0.0000	0.0000
0.3403	0.4182	0.0000	0.0000
0.3413	0.4187	0.0000	0.0000
0.3423	0.4192	0.0000	0.0000
0.3433	0.4197	0.0000	0.0000
0.3443	0.4201	0.0000	0.0000
0.3453	0.4206	0.0000	0.0000
0.3463	0.4211	0.0000	0.0000
0.3473	0.4216	0.0000	0.0000
0.3483	0.4221	0.0000	0.0000
0.3493	0.4226	0.0000	0.0000
0.3504	0.4231	0.0000	0.0000
0.3514	0.4236	0.0000	0.0000
0.3524	0.4240	0.0000	0.0000
0.3534	0.4245	0.0000	0.0000
0.3544	0.4250	0.0000	0.0000
0.3554	0.4255	0.0000	0.0000
0.3564	0.4260	0.0000	0.0000
0.3574	0.4265	0.0000	0.0000
0.3584	0.4270	0.0000	0.0000
0.3594	0.4275	0.0000	0.0000
0.3604	0.4279	0.0000	0.0000
0.3614	0.4284	0.0000	0.0000
0.3624	0.4289	0.0000	0.0000
0.3634	0.4294	0.0000	0.0000
0.3644	0.4299	0.0000	0.0000
0.3654	0.4304	0.0000	0.0000
0.3664	0.4309	0.0000	0.0000
0.3674	0.4314	0.0000	0.0000
0.3684	0.4318	0.0000	0.0000
0.3694	0.4323	0.0000	0.0000
0.3704	0.4328	0.0000	0.0000
0.3714	0.4333	0.0000	0.0000
0.3724	0.4338	0.0000	0.0000
0.3734	0.4343	0.0000	0.0000
0.3744	0.4348	0.0000	0.0000
0.3754	0.4353	0.0000	0.0000
0.3764	0.4357	0.0000	0.0000
0.3774	0.4362	0.0000	0.0000
0.3784	0.4367	0.0000	0.0000
0.3794	0.4372	0.0000	0.0000
0.3804	0.4377	0.0000	0.0000
0.3814	0.4382	0.0000	0.0000
0.3824	0.4387	0.0000	0.0000
0.3834	0.4392	0.0000	0.0000
0.3844	0.4396	0.0000	0.0000
0.3854	0.4401	0.0000	0.0000
0.3864	0.4406	0.0000	0.0000
0.3874	0.4411	0.0000	0.0000
0.3884	0.4416	0.0000	0.0000
0.3894	0.4421	0.0000	0.0000
0.3904	0.4426	0.0000	0.0000
0.3914	0.4431	0.0000	0.0000
0.3924	0.4436	0.0000	0.0000
0.3934	0.4440	0.0000	0.0000
0.3944	0.4445	0.0000	0.0000
0.3954	0.4450	0.0000	0.0000
0.3964	0.4455	0.0000	0.0000
0.3974	0.4460	0.0000	0.0000
0.3984	0.4465	0.0000	0.0000
0.3994	0.4470	0.0000	0.0000
0.4004	0.4475	0.0000	0.0000
0.4014	0.4480	0.0000	0.0000
0.4024	0.4485	0.0000	0.0000
0.4034	0.4490	0.0000	0.0000
0.4044	0.4495	0.0000	0.0000
0.4054	0.4500	0.0000	0.0000
0.4064	0.4504	0.0000	0.0000
0.4074	0.4509	0.0000	0.0000
0.4084	0.4514	0.0000	0.0000
0.4094	0.4519	0.0000	0.0000
0.4104	0.4524	0.0000	0.0000
0.4114	0.4529	0.0000	0.0000
0.4124	0.4534	0.0000	0.0000
0.4134	0.4539	0.0000	0.0000
0.4144	0.4544	0.0000	0.0000
0.4154	0.4549	0.0000	0.0000
0.4164	0.4554	0.0000	0.0000
0.4174	0.4559	0.0000	0.0000
0.4184	0.4564	0.0000	0.0000
0.4194	0.4569	0.0000	0.0000
0.4204	0.4574	0.0000	0.0000
0.4214	0.4579	0.0000	0.0000
0.4224	0.4584	0.0000	0.0000
0.4234	0.4590	0.0000	0.0000
0.4244	0.4595	0.0000	0.0000
0.4254	0.4600	0.0000	0.0000
0.4264	0.4605	0.0000	0.0000
0.4274	0.4610	0.0000	0.0000
0.4284	0.4615	0.0000	0.0000
0.4294	0.4620	0.0000	0.0000
0.4304	0.4625	0.0000	0.0000
0.4314	0.4630	0.0000	0.0000
0.4324	0.4635	0.0000	0.0000
0.4334	0.4640	0.0000	0.0000
0.4344	0.4646	0.0000	0.0000
0.4354	0.4651	0.0000	0.0000
0.4364	0.4656	0.0000	0.0000
0.4374	0.4661	0.0000	0.0000
0.4384	0.4666	0.0000	0.0000
0.4394	0.4671	0.0000	0.0000
0.4404	0.4677	0.0000	0.0000
0.4414	0.4682	0.0000	0.0000
0.4424	0.4687	0.0000	0.0000
0.4434	0.4692	0.0000	0.0000
0.4444	0.4698	0.0000	0.0000
0.4454	0.4703	0.0000	0.0000
0.4464	0.4708	0.0000	0.0000
0.4474	0.4713	0.0000	0.0000
0.4484	0.4719	0.0000	0.0000
0.4494	0.4724	0.0000	0.0000
0.4505	0.4729	0.0000	0.0000
0.4515	0.4735	0.0000	0.0000
0.4525	0.4740	0.0000	0.0000
0.4535	0.4745	0.0000	0.0000
0.4545	0.4751	0.0000	0.0000
0.4555	0.4756	0.0000	0.0000
0.4565	0.4761	0.0000	0.0000
0.4575	0.4767	0.0000	0.0000
0.4585	0.4772	0.0000	0.0000
0.4595	0.4778	0.0000	0.0000
0.4605	0.4783	0.0000	0.0000
0.4615	0.4789	0.0000	0.0000
0.4625	0.4794	0.0000	0.0000
0.4635	0.4800	0.0000	0.0000
0.4645	0.4805	0.0000	0.0000
0.4655	0.4811	0.0000	0.0000
0.4665	0.4816	0.0000	0.0000
0.4675	0.4822	0.0000	0.0000
0.4685	0.4827	0.0000	0.0000
0.4695	0.4833	0.0000	0.0000
0.4705	0.4838	0.0000	0.0000
0.4715	0.4844	0.0000	0.0000
0.4725	0.4850	0.0000	0.0000
0.4735	0.4855	0.0000	0.0000
0.4745	0.4861	0.0000	0.0000
0.4755	0.4867	0.0000	0.0000
0.4765	0.4872	0.0000	0.0000
0.4775	0.4878	0.0000	0.0000
0.4785	0.4884	0.0000	0.0000
0.4795	0.4890	0.0000	0.0000
0.4805	0.4895	0.0000	0.0000
0.4815	0.4901	0.0000	0.0000
0.4825	0.4907	0.0000	0.0000
0.4835	0.4913	0.0000	0.0000
0.4845	0.4919	0.0000	0.0000
0.4855	0.4924	0.0000	0.0000
0.4865	0.4930	0.0000	0.0000
0.4875	0.4936	0.0000	0.0000
0.4885	0.4942	0.0000	0.0000
0.4895	0.4948	0.0000	0.0000
0.4905	0.4954	0.0000	0.0000
0.4915	0.4960	0.0000	0.0000
0.4925	0.4966	0.0000	0.0000
0.4935	0.4972	0.0000	0.0000
0.4945	0.4978	0.0000	0.0000
0.4955	0.4984	0.0000	0.0000
0.4965	0.4990	0.0000	0.0000
0.4975	0.4997	0.0000	0.0000
0.4985	0.5003	0.0000	0.0000
0.4995	0.5009	0.0000	0.0000
0.5005	0.5015	0.0000	0.0000
0.5015	0.5021	0.0000	0.0000
0.5025	0.5028	0.0000	0.0000
0.5035	0.5034	0.0000	0.0000
0.5045	0.5040	0.0000	0.0000
0.5055	0.5046	0.0000	0.0000
0.5065	0.5052	0.0000	0.0000
0.5075	0.5058	0.0000	0.0000
0.5085	0.5064	0.0000	0.0000
0.5095	0.5070	0.0000	0.0000
0.5105	0.5076	0.0000	0.0000
0.5115	0.5082	0.0000	0.0000
0.5125	0.5088	0.0000	0.0000
0.5135	0.5094	0.0000	0.0000
0.5145	0.5100	0.0000	0.0000
0.5155	0.5106	0.0000	0.0000
0.5165	0.5112	0.0000	0.0000
0.5175	0.5118	0.0000	0.0000
0.5185	0.5123	0.0000	0.0000
0.5195	0.5129	0.0000	0.0000
0.5205	0.5135	0.0000	0.0000
0.5215	0.5141	0.0000	0.0000
0.5225	0.5147	0.0000	0.0000
0.5235	0.5152	0.0000	0.0000
0.5245	0.5158	0.0000	0.0000
0.5255	0.5164	0.0000	0.0000
0.5265	0.5169	0.0000	0.0000
0.5275	0.5175	0.0000	0.0000
0.5285	0.5181	0.0000	0.0000
0.5295	0.5186	0.0000	0.0000
0.5305	0.5192	0.0000	0.0000
0.5315	0.5198	0.0000	0.0000
0.5325	0.5203	0.0000	0.0000
0.5335	0.5209	0.0000	0.0000
0.5345	0.5214	0.0000	0.0000
0.5355	0.5220	0.0000	0.0000
0.5365	0.5225	0.0000	0.0000
0.5375	0.5231	0.0000	0.0000
0.5385	0.5236	0.0000	0.0000
0.5395	0.5242	0.0000	0.0000
0.5405	0.5247	0.0000	0.0000
0.5415	0.5252	0.0000	0.0000
0.5425	0.5258	0.0000	0.0000
0.5435	0.5263	0.0000	0.0000
0.5445	0.5269	0.0000	0.0000
0.5455	0.5274	0.0000	0.0000
0.5465	0.5279	0.0000	0.0000
0.5475	0.5285	0.0000	0.0000
0.5485	0.5290	0.0000	0.0000
0.5495	0.5295	0.0000	0.0000
0.5506	0.5301	0.0000	0.0000
0.5516	0.5306	0.0000	0.0000
0.5526	0.5311	0.0000	0.0000
0.5536	0.5317	0.0000	0.0000
0.5546	0.5322	0.0000	0.0000
0.5556	0.5327	0.0000	0.0000
0.5566	0.5332	0.0000	0.0000
0.5576	0.5337	0.0000	0.0000
0.5586	0.5343	0.0000	0.0000
0.5596	0.5348	0.0000	0.0000
0.5606	0.5353	0.0000	0.0000
0.5616	0.5358	0.0000	0.0000
0.5626	0.5363	0.0000	0.0000
0.5636	0.5369	0.0000	0.0000
0.5646	0.5374	0.0000	0.0000
0.5656	0.5379	0.0000	0.0000
0.5666	0.5384	0.0000	0.0000
0.5676	0.5389	0.0000	0.0000
0.5686	0.5394	0.0000	0.0000
0.5696	0.5399	0.0000	0.0000
0.5706	0.5404	0.0000	0.0000
0.5716	0.5409	0.0000	0.0000
0.5726	0.5414	0.0000	0.0000
0.5736	0.5419	0.0000	0.0000
0.5746	0.5425	0.0000	0.0000
0.5756	0.5430	0.0000	0.0000
0.5766	0.5435	0.0000	0.0000
0.5776	0.5440	0.0000	0.0000
0.5786	0.5445	0.0000	0.0000
0.5796	0.5450	0.0000	0.0000
0.5806	0.5455	0.0000	0.0000
0.5816	0.5460	0.0000	0.0000
0.5826	0.5465	0.0000	0.0000
0.5836	0.5470	0.0000	0.0000
0.5846	0.5475	0.0000	0.0000
0.5856	0.5480	0.0000	0.0000
0.5866	0.5484	0.0000	0.0000
0.5876	0.5489	0.0000	0.0000
0.5886	0.5494	0.0000	0.0000
0.5896	0.5499	0.0000	0.0000
0.5906	0.5504	0.0000	0.0000
0.5916	0.5509	0.0000	0.0000
0.5926	0.5514	0.0000	0.0000
0.5936	0.5519	0.0000	0.0000
0.5946	0.5524	0.0000	0.0000
0.5956	0.5529	0.0000	0.0000
0.5966	0.5534	0.0000	0.0000
0.5976	0.5539	0.0000	0.0000
0.5986	0.5543	0.0000	0.0000
0.5996	0.5548	0.0000	0.0000
0.6006	0.5553	0.0000	0.0000
0.6016	0.5558	0.0000	0.0000
0.6026	0.5563	0.0000	0.0000
0.6036	0.5568	0.0000	0.0000
0.6046	0.5573	0.0000	0.0000
0.6056	0.5578	0.0000	0.0000
0.6066	0.5582	0.0000	0.0000
0.6076	0.5587	0.0000	0.0000
0.6086	0.5592	0.0000	0.0000
0.6096	0.5597	0.0000	0.0000
0.6106	0.5602	0.0000	0.0000
0.6116	0.5607	0.0000	0.0000
0.6126	0.5611	0.0000	0.0000
0.6136	0.5616	0.0000	0.0000
0.6146	0.5621	0.0000	0.0000
0.6156	0.5626	0.0000	0.0000
0.6166	0.5631	0.0000	0.0000
0.6176	0.5636	0.0000	0.0000
0.6186	0.5640	0.0000	0.0000
0.6196	0.5645	0.0000	0.0000
0.6206	0.5650	0.0000	0.0000
0.6216	0.5655	0.0000	0.0000
0.6226	0.5660	0.0000	0.0000
0.6236	0.5665	0.0000	0.0000
0.6246	0.5669	0.0000	0.0000
0.6256	0.5674	0.0000	0.0000
0.6266	0.5679	0.0000	0.0000
0.6276	0.5684	0.0000	0.0000
0.6286	0.5689	0.0000	0.0000
0.6296	0.5693	0.0000	0.0000
0.6306	0.5698	0.0000	0.0000
0.6316	0.5703	0.0000	0.0000
0.6326	0.5708	0.0000	0.0000
0.6336	0.5713	0.0000	0.0000
0.6346	0.5717	0.0000	0.0000
0.6356	0.5722	0.0000	0.0000
0.6366	0.5727	0.0000	0.0000
0.6376	0.5732	0.0000	0.0000
0.6386	0.5737	0.0000	0.0000
0.6396	0.5742	0.0000	0.0000
0.6406	0.5746	0.0000	0.0000
0.6416	0.5751	0.0000	0.0000
0.6426	0.5756	0.0000	0.0000
0.6436	0.5761	0.0000	0.0000
0.6446	0.5766	0.0000	0.0000
0.6456	0.5770	0.0000	0.0000
0.6466	0.5775	0.0000	0.0000
0.6476	0.5780	0.0000	0.0000
0.6486	0.5785	0.0000	0.0000
0.6496	0.5790	0.0000	0.0000
0.6507	0.5795	0.0000	0.0000
0.6517	0.5799	0.0000	0.0000
0.6527	0.5804	0.0000	0.0000
0.6537	0.5809	0.0000	0.0000
0.6547	0.5814	0.0000	0.0000
0.6557	0.5819	0.0000	0.0000
0.6567	0.5823	0.0000	0.0000
0.6577	0.5828	0.0000	0.0000
0.6587	0.5833	0.0000	0.0000
0.6597	0.5838	0.0000	0.0000
0.6607	0.5843	0.0000	0.0000
0.6617	0.5848	0.0000	0.0000
0.6627	0.5853	0.0000	0.0000
0.6637	0.5857	0.0000	0.0000
0.6647	0.5862	0.0000	0.0000
0.6657	0.5867	0.0000	0.0000
0.6667	0.5872	0.0000	0.0000
0.6677	0.5877	0.0000	0.0000
0.6687	0.5882	0.0000	0.0000
0.6697	0.5886	0.0000	0.0000
0.6707	0.5891	0.0000	0.0000
0.6717	0.5896	0.0000	0.0000
0.6727	0.5901	0.0000	0.0000
0.6737	0.5906	0.0000	0.0000
0.6747	0.5911	0.0000	0.0000
0.6757	0.5916	0.0000	0.0000
0.6767	0.5921	0.0000	0.0000
0.6777	0.5926	0.0000	0.0000
0.6787	0.5930	0.0000	0.0000
0.6797	0.5935	0.0000	0.0000
0.6807	0.5940	0.0000	0.0000
0.6817	0.5945	0.0000	0.0000
0.6827	0.5950	0.0000	0.0000
0.6837	0.5955	0.0000	0.0000
0.6847	0.5960	0.0000	0.0000
0.6857	0.5965	0.0000	0.0000
0.6867	0.5970	0.0000	0.0000
0.6877	0.5975	0.0000	0.0000
0.6887	0.5980	0.0000	0.0000
0.6897	0.5984	0.0000	0.0000
0.6907	0.5989	0.0000	0.0000
0.6917	0.5994	0.0000	0.0000
0.6927	0.5999	0.0000	0.0000
0.6937	0.6004	0.0000	0.0000
0.6947	0.6009	0.0000	0.0000
0.6957	0.6014	0.0000	0.0000
0.6967	0.6019	0.0000	0.0000
0.6977	0.6024	0.0000	0.0000
0.6987	0.6029	0.0000	0.0000
0.6997	0.6034	0.0000	0.0000
0.7007	0.6039	0.0000	0.0000
0.7017	0.6044	0.0000	0.0000
0.7027	0.6049	0.0000	0.0000
0.7037	0.6054	0.0000	0.0000
0.7047	0.6059	0.0000	0.0000
0.7057	0.6064	0.0000	0.0000
0.7067	0.6069	0.0000	0.0000
0.7077	0.6074	0.0000	0.0000
0.7087	0.6079	0.0000	0.0000
0.7097	0.6084	0.0000	0.0000
0.7107	0.6089	0.0000	0.0000
0.7117	0.6094	0.0000	0.0000
0.7127	0.6099	0.0000	0.0000
0.7137	0.6105	0.0000	0.0000
0.7147	0.6110	0.0000	0.0000
0.7157	0.6115	0.0000	0.0000
0.7167	0.6120	0.0000	0.0000
0.7177	0.6125	0.0000	0.0000
0.7187	0.6130	0.0000	0.0000
0.7197	0.6135	0.0000	0.0000
0.7207	0.6140	0.0000	0.0000
0.7217	0.6145	0.0000	0.0000
0.7227	0.6150	0.0000	0.0000
0.7237	0.6155	0.0000	0.0000
0.7247	0.6161	0.0000	0.0000
0.7257	0.6166	0.0000	0.0000
0.7267	0.6171	0.0000	0.0000
0.7277	0.6176	0.0000	0.0000
0.7287	0.6181	0.0000	0.0000
0.7297	0.6186	0.0000	0.0000
0.7307	0.6191	0.0000	0.0000
0.7317	0.6197	0.0000	0.0000
0.7327	0.6202	0.0000	0.0000
0.7337	0.6207	0.0000	0.0000
0.7347	0.6212	0.0000	0.0000
0.7357	0.6217	0.0000	0.0000
0.7367	0.6223	0.0000	0.0000
0.7377	0.6228	0.0000	0.0000
0.7387	0.6233	0.0000	0.0000
0.7397	0.6238	0.0000	0.0000
0.7407	0.6243	0.0000	0.0000
0.7417	0.6249	0.0000	0.0000
0.7427	0.6254	0.0000	0.0000
0.7437	0.6259	0.0000	0.0000
0.7447	0.6264	0.0000	0.0000
0.7457	0.6270	0.0000	0.0000
0.7467	0.6275	0.0000	0.0000
0.7477	0.6280	0.0000	0.0000
0.7487	0.6286	0.0000	0.0000
0.7497	0.6291	0.0000	0.0000
0.7508	0.6296	0.0000	0.0000
0.7518	0.6301	0.0000	0.0000
0.7528	0.6307	0.0000	0.0000
0.7538	0.6312	0.0000	0.0000
0.7548	0.6317	0.0000	0.0000
0.7558	0.6323	0.0000	0.0000
0.7568	0.6328	0.0000	0.0000
0.7578	0.6333	0.0000	0.0000
0.7588	0.6339	0.0000	0.0000
0.7598	0.6344	0.0000	0.0000
0.7608	0.6349	0.0000	0.0000
0.7618	0.6355	0.0000	0.0000
0.7628	0.6360	0.0000	0.0000
0.7638	0.6366	0.0000	0.0000
0.7648	0.6371	0.0000	0.0000
0.7658	0.6376	0.0000	0.0000
0.7668	0.6382	0.0000	0.0000
0.7678	0.6387	0.0000	0.0000
0.7688	0.6393	0.0000	0.0000
0.7698	0.6398	0.0000	0.0000
0.7708	0.6404	0.0000	0.0000
0.7718	0.6409	0.0000	0.0000
0.7728	0.6414	0.0000	0.0000
0.7738	0.6420	0.0000	0.0000
0.7748	0.6425	0.0000	0.0000
0.7758	0.6431	0.0000	0.0000
0.7768	0.6436	0.0000	0.0000
0.7778	0.6442	0.0000	0.0000
0.7788	0.6447	0.0000	0.0000
0.7798	0.6453	0.0000	0.0000
0.7808	0.6458	0.0000	0.0000
0.7818	0.6464	0.0000	0.0000
0.7828	0.6469	0.0000	0.0000
0.7838	0.6475	0.0000	0.0000
0.7848	0.6481	0.0000	0.0000
0.7858	0.6486	0.0000	0.0000
0.7868	0.6492	0.0000	0.0000
0.7878	0.6497	0.0000	0.0000
0.7888	0.6503	0.0000	0.0000
0.7898	0.6508	0.0000	0.0000
0.7908	0.6514	0.0000	0.0000
0.7918	0.6520	0.0000	0.0000
0.7928	0.6525	0.0000	0.0000
0.7938	0.6531	0.0000	0.0000
0.7948	0.6537	0.0000	0.0000
0.7958	0.6542	0.0000	0.0000
0.7968	0.6548	0.0000	0.0000
0.7978	0.6553	0.0000	0.0000
0.7988	0.6559	0.0000	0.0000
0.7998	0.6565	0.0000	0.0000
0.8008	0.6571	0.0000	0.0000
0.8018	0.6576	0.0000	0.0000
0.8028	0.6582	0.0000	0.0000
0.8038	0.6588	0.0000	0.0000
0.8048	0.6593	0.0000	0.0000
0.8058	0.6599	0.0000	0.0000
0.8068	0.6605	0.0000	0.0000
0.8078	0.6610	0.0000	0.0000
0.8088	0.6616	0.0000	0.0000
0.8098	0.6622	0.0000	0.0000
0.8108	0.6628	0.0000	0.0000
0.8118	0.6634	0.0000	0.0000
0.8128	0.6639	0.0000	0.0000
0.8138	0.6645	0.0000	0.0000
0.8148	0.6651	0.0000	0.0000
0.8158	0.6657	0.0000	0.0000
0.8168	0.6662	0.0000	0.0000
0.8178	0.6668	0.0000	0.0000
0.8188	0.6674	0.0000	0.0000
0.8198	0.6680	0.0000	0.0000
0.8208	0.6686	0.0000	0.0000
0.8218	0.6692	0.0000	0.0000
0.8228	0.6697	0.0000	0.0000
0.8238	0.6703	0.0000	0.0000
0.8248	0.6709	0.0000	0.0000
0.8258	0.6715	0.0000	0.0000
0.8268	0.6721	0.0000	0.0000
0.8278	0.6727	0.0000	0.0000
0.8288	0.6733	0.0000	0.0000
0.8298	0.6739	0.0000	0.0000
0.8308	0.6745	0.0000	0.0000
0.8318	0.6751	0.0000	0.0000
0.8328	0.6757	0.0000	0.0000
0.8338	0.6762	0.0000	0.0000
0.8348	0.6768	0.0000	0.0000
0.8358	0.6774	0.0000	0.0000
0.8368	0.6780	0.0000	0.0000
0.8378	0.6786	0.0000	0.0000
0.8388	0.6792	0.0000	0.0000
0.8398	0.6798	0.0000	0.0000
0.8408	0.6804	0.0000	0.0000
0.8418	0.6810	0.0000	0.0000
0.8428	0.6816	0.0000	0.0000
0.8438	0.6822	0.0000	0.0000
0.8448	0.6828	0.0000	0.0000
0.8458	0.6834	0.0000	0.0000
0.8468	0.6840	0.0000	0.0000
0.8478	0.6847	0.0000	0.0000
0.8488	0.6853	0.0000	0.0000
0.8498	0.6859	0.0000	0.0000
0.8509	0.6865	0.0000	0.0000
0.8519	0.6871	0.0000	0.0000
0.8529	0.6877	0.0000	0.0000
0.8539	0.6883	0.0000	0.0000
0.8549	0.6889	0.0000	0.0000
0.8559	0.6895	0.0000	0.0000
0.8569	0.6901	0.0000	0.0000
0.8579	0.6908	0.0000	0.0000
0.8589	0.6914	0.0000	0.0000
0.8599	0.6920	0.0000	0.0000
0.8609	0.6926	0.0000	0.0000
0.8619	0.6932	0.0000	0.0000
0.8629	0.6938	0.0000	0.0000
0.8639	0.6945	0.0000	0.0000
0.8649	0.6951	0.0000	0.0000
0.8659	0.6957	0.0000	0.0000
0.8669	0.6963	0.0000	0.0000
0.8679	0.6969	0.0000	0.0000
0.8689	0.6976	0.0000	0.0000
0.8699	0.6982	0.0000	0.0000
0.8709	0.6988	0.0000	0.0000
0.8719	0.6994	0.0000	0.0000
0.8729	0.7001	0.0000	0.0000
0.8739	0.7007	0.0000	0.0000
0.8749	0.7013	0.0000	0.0000
0.8759	0.7019	0.0000	0.0000
0.8769	0.7026	0.0000	0.0000
0.8779	0.7032	0.0000	0.0000
0.8789	0.7038	0.0000	0.0000
0.8799	0.7045	0.0000	0.0000
0.8809	0.7051	0.0000	0.0000
0.8819	0.7057	0.0000	0.0000
0.8829	0.7064	0.0000	0.0000
0.8839	0.7070	0.0000	0.0000
0.8849	0.7076	0.0000	0.0000
0.8859	0.7083	0.0000	0.0000
0.8869	0.7089	0.0000	0.0000
0.8879	0.7095	0.0000	0.0000
0.8889	0.7102	0.0000	0.0000
0.8899	0.7108	0.0000	0.0000
0.8909	0.7114	0.0000	0.0000
0.8919	0.7121	0.0000	0.0000
0.8929	0.7127	0.0000	0.0000
0.8939	0.7134	0.0000	0.0000
0.8949	0.7140	0.0000	0.0000
0.8959	0.7147	0.0000	0.0000
0.8969	0.7153	0.0000	0.0000
0.8979	0.7159	0.0000	0.0000
0.8989	0.7166	0.0000	0.0000
0.8999	0.7172	0.0000	0.0000
0.9009	0.7179	0.0000	0.0000
0.9019	0.7185	0.0000	0.0000
0.9029	0.7192	0.0000	0.0000
0.9039	0.7198	0.0000	0.0000
0.9049	0.7205	0.0000	0.0000
0.9059	0.7211	0.0000	0.0000
0.9069	0.7218	0.0000	0.0000
0.9079	0.7224	0.0000	0.0000
0.9089	0.7231	0.0000	0.0000
0.9099	0.7237	0.0000	0.0000
0.9109	0.7244	0.0000	0.0000
0.9119	0.7250	0.0000	0.0000
0.9129	0.7257	0.0000	0.0000
0.9139	0.7264	0.0000	0.0000
0.9149	0.7270	0.0000	0.0000
0.9159	0.7277	0.0000	0.0000
0.9169	0.7283	0.0000	0.0000
0.9179	0.7290	0.0000	0.0000
0.9189	0.7297	0.0000	0.0000
0.9199	0.7303	0.0000	0.0000
0.9209	0.7310	0.0000	0.0000
0.9219	0.7316	0.0000	0.0000
0.9229	0.7323	0.0000	0.0000
0.9239	0.7330	0.0000	0.0000
0.9249	0.7336	0.0000	0.0000
0.9259	0.7343	0.0000	0.0000
0.9269	0.7350	0.0000	0.0000
0.9279	0.7356	0.0000	0.0000
0.9289	0.7363	0.0000	0.0000
0.9299	0.7370	0.0000	0.0000
0.9309	0.7376	0.0000	0.0000
0.9319	0.7383	0.0000	0.0000
0.9329	0.7390	0.0000	0.0000
0.9339	0.7396	0.0000	0.0000
0.9349	0.7403	0.0000	0.0000
0.9359	0.7410	0.0000	0.0000
0.9369	0.7417	0.0000	0.0000
0.9379	0.7423	0.0000	0.0000
0.9389	0.7430	0.0000	0.0000
0.9399	0.7437	0.0000	0.0000
0.9409	0.7444	0.0000	0.0000
0.9419	0.7450	0.0000	0.0000
0.9429	0.7457	0.0000	0.0000
0.9439	0.7464	0.0000	0.0000
0.9449	0.7471	0.0000	0.0000
0.9459	0.7477	0.0000	0.0000
0.9469	0.7484	0.0000	0.0000
0.9479	0.7491	0.0000	0.0000
0.9489	0.7498	0.0000	0.0000
0.9499	0.7505	0.0000	0.0000
0.9510	0.7511	0.0000	0.0000
0.9520	0.7518	0.0000	0.0000
0.9530	0.7525	0.0000	0.0000
0.9540	0.7532	0.0000	0.0000
0.9550	0.7539	0.0000	0.0000
0.9560	0.7546	0.0000	0.0000
0.9570	0.7553	0.0000	0.0000
0.9580	0.7559	0.0000	0.0000
0.9590	0.7566	0.0000	0.0000
0.9600	0.7573	0.0000	0.0000
0.9610	0.7580	0.0000	0.0000
0.9620	0.7587	0.0000	0.0000
0.9630	0.7594	0.0000	0.0000
0.9640	0.7601	0.0000	0.0000
0.9650	0.7608	0.0000	0.0000
0.9660	0.7615	0.0000	0.0000
0.9670	0.7622	0.0000	0.0000
0.9680	0.7629	0.0000	0.0000
0.9690	0.7635	0.0000	0.0000
0.9700	0.7642	0.0000	0.0000
0.9710	0.7649	0.0000	0.0000
0.9720	0.7656	0.0000	0.0000
0.9730	0.7663	0.0000	0.0000
0.9740	0.7670	0.0000	0.0000
0.9750	0.7677	0.0000	0.0000
0.9760	0.7684	0.0000	0.0000
0.9770	0.7691	0.0000	0.0000
0.9780	0.7698	0.0000	0.0000
0.9790	0.7705	0.0000	0.0000
0.9800	0.7712	0.0000	0.0000
0.9810	0.7719	0.0000	0.0000
0.9820	0.7726	0.0000	0.0000
0.9830	0.7733	0.0000	0.0000
0.9840	0.7740	0.0000	0.0000
0.9850	0.7747	0.0000	0.0000
0.9860	0.7754	0.0000	0.0000
0.9870	0.7761	0.0000	0.0000
0.9880	0.7769	0.0000	0.0000
0.9890	0.7776	0.0000	0.0000
0.9900	0.7783	0.0000	0.0000
0.9910	0.7790	0.0000	0.0000
0.9920	0.7797	0.0000	0.0000
0.9930	0.7804	0.0000	0.0000
0.9940	0.7811	0.0000	0.0000
0.9950	0.7818	0.0000	0.0000
0.9960	0.7825	0.0000	0.0000
0.9970	0.7832	0.0000	0.0000
0.9980	0.7839	0.0000	0.0000
0.9990	0.7847	0.0000	0.0000
1.0000	0.7854	0.0000	0.0000
0.5035
