0.0000	0.1486	0.0000	0.0000
0.0010	0.1495	0.0000	0.0000
0.0020	0.1504	0.0000	0.0000
0.0030	0.1513	0.0000	0.0000
0.0040	0.1522	0.0000	0.0000
0.0050	0.1531	0.0000	0.0000
0.0060	0.1540	0.0000	0.0000
0.0070	0.1549	0.0000	0.0000
0.0080	0.1558	0.0000	0.0000
0.0090	0.1567	0.0000	0.0000
0.0100	0.1576	0.0000	0.0000
0.0110	0.1585	0.0000	0.0000
0.0120	0.1594	0.0000	0.0000
0.0130	0.1603	0.0000	0.0000
0.0140	0.1612	0.0000	0.0000
0.0150	0.1621	0.0000	0.0000
0.0160	0.1630	0.0000	0.0000
0.0170	0.1639	0.0000	0.0000
0.0180	0.1648	0.0000	0.0000
0.0190	0.1657	0.0000	0.0000
0.0200	0.1666	0.0000	0.0000
0.0210	0.1675	0.0000	0.0000
0.0220	0.1684	0.0000	0.0000
0.0230	0.1693	0.0000	0.0000
0.0240	0.1702	0.0000	0.0000
0.0250	0.1711	0.0000	0.0000
0.0260	0.1720	0.0000	0.0000
0.0270	0.1729	0.0000	0.0000
0.0280	0.1738	0.0000	0.0000
0.0290	0.1747	0.0000	0.0000
0.0300	0.1756	0.0000	0.0000
0.0310	0.1765	0.0000	0.0000
0.0320	0.1774	0.0000	0.0000
0.0330	0.1783	0.0000	0.0000
0.0340	0.1792	0.0000	0.0000
0.0350	0.1801	0.0000	0.0000
0.0360	0.1810	0.0000	0.0000
0.0370	0.1819	0.0000	0.0000
0.0380	0.1828	0.0000	0.0000
0.0390	0.1837	0.0000	0.0000
0.0400	0.1846	0.0000	0.0000
0.0410	0.1855	0.0000	0.0000
0.0420	0.1864	0.0000	0.0000
0.0430	0.1873	0.0000	0.0000
0.0440	0.1881	0.0000	0.0000
0.0450	0.1890	0.0000	0.0000
0.0460	0.1899	0.0000	0.0000
0.0470	0.1908	0.0000	0.0000
0.0480	0.1917	0.0000	0.0000
0.0490	0.1926	0.0000	0.0000
0.0501	0.1935	0.0000	0.0000
0.0511	0.1944	0.0000	0.0000
0.0521	0.1953	0.0000	0.0000
0.0531	0.1962	0.0000	0.0000
0.0541	0.1971	0.0000	0.0000
0.0551	0.1980	0.0000	0.0000
0.0561	0.1989	0.0000	0.0000
0.0571	0.1998	0.0000	0.0000
0.0581	0.2006	0.0000	0.0000
0.0591	0.2015	0.0000	0.0000
0.0601	0.2024	0.0000	0.0000
0.0611	0.2033	0.0000	0.0000
0.0621	0.2042	0.0000	0.0000
0.0631	0.2051	0.0000	0.0000
0.0641	0.2060	0.0000	0.0000
0.0651	0.2069	0.0000	0.0000
0.0661	0.2078	0.0000	0.0000
0.0671	0.2086	0.0000	0.0000
0.0681	0.2095	0.0000	0.0000
0.0691	0.2104	0.0000	0.0000
0.0701	0.2113	0.0000	0.0000
0.0711	0.2122	0.0000	0.0000
0.0721	0.2131	0.0000	0.0000
0.0731	0.2140	0.0000	0.0000
0.0741	0.2149	0.0000	0.0000
0.0751	0.2158	0.0000	0.0000
0.0761	0.2166	0.0000	0.0000
0.0771	0.2175	0.0000	0.0000
0.0781	0.2184	0.0000	0.0000
0.0791	0.2193	0.0000	0.0000
0.0801	0.2202	0.0000	0.0000
0.0811	0.2211	0.0000	0.0000
0.0821	0.2220	0.0000	0.0000
0.0831	0.2228	0.0000	0.0000
0.0841	0.2237	0.0000	0.0000
0.0851	0.2246	0.0000	0.0000
0.0861	0.2255	0.0000	0.0000
0.0871	0.2264	0.0000	0.0000
0.0881	0.2273	0.0000	0.0000
0.0891	0.2281	0.0000	0.0000
0.0901	0.2290	0.0000	0.0000
0.0911	0.2299	0.0000	0.0000
0.0921	0.2308	0.0000	0.0000
0.0931	0.2317	0.0000	0.0000
0.0941	0.2326	0.0000	0.0000
0.0951	0.2334	0.0000	0.0000
0.0961	0.2343	0.0000	0.0000
0.0971	0.2352	0.0000	0.0000
0.0981	0.2361	0.0000	0.0000
0.0991	0.2370	0.0000	0.0000
0.1001	0.2378	0.0000	0.0000
0.1011	0.2387	0.0000	0.0000
0.1021	0.2396	0.0000	0.0000
0.1031	0.2405	0.0000	0.0000
0.1041	0.2414	0.0000	0.0000
0.1051	0.2422	0.0000	0.0000
0.1061	0.2431	0.0000	0.0000
0.1071	0.2440	0.0000	0.0000
0.1081	0.2449	0.0000	0.0000
0.1091	0.2458	0.0000	0.0000
0.1101	0.2466	0.0000	0.0000
0.1111	0.2475	0.0000	0.0000
0.1121	0.2484	0.0000	0.0000
0.1131	0.2493	0.0000	0.0000
0.1141	0.2501	0.0000	0.0000
0.1151	0.2510	0.0000	0.0000
0.1161	0.2519	0.0000	0.0000
0.1171	0.2528	0.0000	0.0000
0.1181	0.2536	0.0000	0.0000
0.1191	0.2545	0.0000	0.0000
0.1201	0.2554	0.0000	0.0000
0.1211	0.2563	0.0000	0.0000
0.1221	0.2571	0.0000	0.0000
0.1231	0.2580	0.0000	0.0000
0.1241	0.2589	0.0000	0.0000
0.1251	0.2598	0.0000	0.0000
0.1261	0.2606	0.0000	0.0000
0.1271	0.2615	0.0000	0.0000
0.1281	0.2624	0.0000	0.0000
0.1291	0.2633	0.0000	0.0000
0.1301	0.2641	0.0000	0.0000
0.1311	0.2650	0.0000	0.0000
0.1321	0.2659	0.0000	0.0000
0.1331	0.2667	0.0000	0.0000
0.1341	0.2676	0.0000	0.0000
0.1351	0.2685	0.0000	0.0000
0.1361	0.2694	0.0000	0.0000
0.1371	0.2702	0.0000	0.0000
0.1381	0.2711	0.0000	0.0000
0.1391	0.2720	0.0000	0.0000
0.1401	0.2728	0.0000	0.0000
0.1411	0.2737	0.0000	0.0000
0.1421	0.2746	0.0000	0.0000
0.1431	0.2754	0.0000	0.0000
0.1441	0.2763	0.0000	0.0000
0.1451	0.2772	0.0000	0.0000
0.1461	0.2780	0.0000	0.0000
0.1471	0.2789	0.0000	0.0000
0.1481	0.2798	0.0000	0.0000
0.1491	0.2806	0.0000	0.0000
0.1502	0.2815	0.0000	0.0000
0.1512	0.2824	0.0000	0.0000
0.1522	0.2832	0.0000	0.0000
0.1532	0.2841	0.0000	0.0000
0.1542	0.2850	0.0000	0.0000
0.1552	0.2858	0.0000	0.0000
0.1562	0.2867	0.0000	0.0000
0.1572	0.2876	0.0000	0.0000
0.1582	0.2884	0.0000	0.0000
0.1592	0.2893	0.0000	0.0000
0.1602	0.2902	0.0000	0.0000
0.1612	0.2910	0.0000	0.0000
0.1622	0.2919	0.0000	0.0000
0.1632	0.2927	0.0000	0.0000
0.1642	0.2936	0.0000	0.0000
0.1652	0.2945	0.0000	0.0000
0.1662	0.2953	0.0000	0.0000
0.1672	0.2962	0.0000	0.0000
0.1682	0.2970	0.0000	0.0000
0.1692	0.2979	0.0000	0.0000
0.1702	0.2988	0.0000	0.0000
0.1712	0.2996	0.0000	0.0000
0.1722	0.3005	0.0000	0.0000
0.1732	0.3013	0.0000	0.0000
0.1742	0.3022	0.0000	0.0000
0.1752	0.3031	0.0000	0.0000
0.1762	0.3039	0.0000	0.0000
0.1772	0.3048	0.0000	0.0000
0.1782	0.3056	0.0000	0.0000
0.1792	0.3065	0.0000	0.0000
0.1802	0.3074	0.0000	0.0000
0.1812	0.3082	0.0000	0.0000
0.1822	0.3091	0.0000	0.0000
0.1832	0.3099	0.0000	0.0000
0.1842	0.3108	0.0000	0.0000
0.1852	0.3116	0.0000	0.0000
0.1862	0.3125	0.0000	0.0000
0.1872	0.3133	0.0000	0.0000
0.1882	0.3142	0.0000	0.0000
0.1892	0.3150	0.0000	0.0000
0.1902	0.3159	0.0000	0.0000
0.1912	0.3168	0.0000	0.0000
0.1922	0.3176	0.0000	0.0000
0.1932	0.3185	0.0000	0.0000
0.1942	0.3193	0.0000	0.0000
0.1952	0.3202	0.0000	0.0000
0.1962	0.3210	0.0000	0.0000
0.1972	0.3219	0.0000	0.0000
0.1982	0.3227	0.0000	0.0000
0.1992	0.3236	0.0000	0.0000
0.2002	0.3244	0.0000	0.0000
0.2012	0.3253	0.0000	0.0000
0.2022	0.3261	0.0000	0.0000
0.2032	0.3270	0.0000	0.0000
0.2042	0.3278	0.0000	0.0000
0.2052	0.3287	0.0000	0.0000
0.2062	0.3295	0.0000	0.0000
0.2072	0.3304	0.0000	0.0000
0.2082	0.3312	0.0000	0.0000
0.2092	0.3321	0.0000	0.0000
0.2102	0.3329	0.0000	0.0000
0.2112	0.3337	0.0000	0.0000
0.2122	0.3346	0.0000	0.0000
0.2132	0.3354	0.0000	0.0000
0.2142	0.3363	0.0000	0.0000
0.2152	0.3371	0.0000	0.0000
0.2162	0.3380	0.0000	0.0000
0.2172	0.3388	0.0000	0.0000
0.2182	0.3397	0.0000	0.0000
0.2192	0.3405	0.0000	0.0000
0.2202	0.3413	0.0000	0.0000
0.2212	0.3422	0.0000	0.0000
0.2222	0.3430	0.0000	0.0000
0.2232	0.3439	0.0000	0.0000
0.2242	0.3447	0.0000	0.0000
0.2252	0.3456	0.0000	0.0000
0.2262	0.3464	0.0000	0.0000
0.2272	0.3472	0.0000	0.0000
0.2282	0.3481	0.0000	0.0000
0.2292	0.3489	0.0000	0.0000
0.2302	0.3498	0.0000	0.0000
0.2312	0.3506	0.0000	0.0000
0.2322	0.3514	0.0000	0.0000
0.2332	0.3523	0.0000	0.0000
0.2342	0.3531	0.0000	0.0000
0.2352	0.3539	0.0000	0.0000
0.2362	0.3548	0.0000	0.0000
0.2372	0.3556	0.0000	0.0000
0.2382	0.3565	0.0000	0.0000
0.2392	0.3573	0.0000	0.0000
0.2402	0.3581	0.0000	0.0000
0.2412	0.3590	0.0000	0.0000
0.2422	0.3598	0.0000	0.0000
0.2432	0.3606	0.0000	0.0000
0.2442	0.3615	0.0000	0.0000
0.2452	0.3623	0.0000	0.0000
0.2462	0.3631	0.0000	0.0000
0.2472	0.3640	0.0000	0.0000
0.2482	0.3648	0.0000	0.0000
0.2492	0.3656	0.0000	0.0000
0.2503	0.3665	0.0000	0.0000
0.2513	0.3673	0.0000	0.0000
0.2523	0.3681	0.0000	0.0000
0.2533	0.3690	0.0000	0.0000
0.2543	0.3698	0.0000	0.0000
0.2553	0.3706	0.0000	0.0000
0.2563	0.3715	0.0000	0.0000
0.2573	0.3723	0.0000	0.0000
0.2583	0.3731	0.0000	0.0000
0.2593	0.3739	0.0000	0.0000
0.2603	0.3748	0.0000	0.0000
0.2613	0.3756	0.0000	0.0000
0.2623	0.3764	0.0000	0.0000
0.2633	0.3773	0.0000	0.0000
0.2643	0.3781	0.0000	0.0000
0.2653	0.3789	0.0000	0.0000
0.2663	0.3797	0.0000	0.0000
0.2673	0.3806	0.0000	0.0000
0.2683	0.3814	0.0000	0.0000
0.2693	0.3822	0.0000	0.0000
0.2703	0.3830	0.0000	0.0000
0.2713	0.3839	0.0000	0.0000
0.2723	0.3847	0.0000	0.0000
0.2733	0.3855	0.0000	0.0000
0.2743	0.3863	0.0000	0.0000
0.2753	0.3872	0.0000	0.0000
0.2763	0.3880	0.0000	0.0000
0.2773	0.3888	0.0000	0.0000
0.2783	0.3896	0.0000	0.0000
0.2793	0.3904	0.0000	0.0000
0.2803	0.3913	0.0000	0.0000
0.2813	0.3921	0.0000	0.0000
0.2823	0.3929	0.0000	0.0000
0.2833	0.3937	0.0000	0.0000
0.2843	0.3945	0.0000	0.0000
0.2853	0.3954	0.0000	0.0000
0.2863	0.3962	0.0000	0.0000
0.2873	0.3970	0.0000	0.0000
0.2883	0.3978	0.0000	0.0000
0.2893	0.3986	0.0000	0.0000
0.2903	0.3994	0.0000	0.0000
0.2913	0.4003	0.0000	0.0000
0.2923	0.4011	0.0000	0.0000
0.2933	0.4019	0.0000	0.0000
0.2943	0.4027	0.0000	0.0000
0.2953	0.4035	0.0000	0.0000
0.2963	0.4043	0.0000	0.0000
0.2973	0.4052	0.0000	0.0000
0.2983	0.4060	0.0000	0.0000
0.2993	0.4068	0.0000	0.0000
0.3003	0.4076	0.0000	0.0000
0.3013	0.4084	0.0000	0.0000
0.3023	0.4092	0.0000	0.0000
0.3033	0.4100	0.0000	0.0000
0.3043	0.4108	0.0000	0.0000
0.3053	0.4117	0.0000	0.0000
0.3063	0.4125	0.0000	0.0000
0.3073	0.4133	0.0000	0.0000
0.3083	0.4141	0.0000	0.0000
0.3093	0.4149	0.0000	0.0000
0.3103	0.4157	0.0000	0.0000
0.3113	0.4165	0.0000	0.0000
0.3123	0.4173	0.0000	0.0000
0.3133	0.4181	0.0000	0.0000
0.3143	0.4189	0.0000	0.0000
0.3153	0.4197	0.0000	0.0000
0.3163	0.4205	0.0000	0.0000
0.3173	0.4214	0.0000	0.0000
0.3183	0.4222	0.0000	0.0000
0.3193	0.4230	0.0000	0.0000
0.3203	0.4238	0.0000	0.0000
0.3213	0.4246	0.0000	0.0000
0.3223	0.4254	0.0000	0.0000
0.3233	0.4262	0.0000	0.0000
0.3243	0.4270	0.0000	0.0000
0.3253	0.4278	0.0000	0.0000
0.3263	0.4286	0.0000	0.0000
0.3273	0.4294	0.0000	0.0000
0.3283	0.4302	0.0000	0.0000
0.3293	0.4310	0.0000	0.0000
0.3303	0.4318	0.0000	0.0000
0.3313	0.4326	0.0000	0.0000
0.3323	0.4334	0.0000	0.0000
0.3333	0.4342	0.0000	0.0000
0.3343	0.4350	0.0000	0.0000
0.3353	0.4358	0.0000	0.0000
0.3363	0.4366	0.0000	0.0000
0.3373	0.4374	0.0000	0.0000
0.3383	0.4382	0.0000	0.0000
0.3393	0.4390	0.0000	0.0000
0.3403	0.4398	0.0000	0.0000
0.3413	0.4406	0.0000	0.0000
0.3423	0.4414	0.0000	0.0000
0.3433	0.4422	0.0000	0.0000
0.3443	0.4430	0.0000	0.0000
0.3453	0.4438	0.0000	0.0000
0.3463	0.4446	0.0000	0.0000
0.3473	0.4454	0.0000	0.0000
0.3483	0.4462	0.0000	0.0000
0.3493	0.4469	0.0000	0.0000
0.3504	0.4477	0.0000	0.0000
0.3514	0.4485	0.0000	0.0000
0.3524	0.4493	0.0000	0.0000
0.3534	0.4501	0.0000	0.0000
0.3544	0.4509	0.0000	0.0000
0.3554	0.4517	0.0000	0.0000
0.3564	0.4525	0.0000	0.0000
0.3574	0.4533	0.0000	0.0000
0.3584	0.4541	0.0000	0.0000
0.3594	0.4549	0.0000	0.0000
0.3604	0.4557	0.0000	0.0000
0.3614	0.4564	0.0000	0.0000
0.3624	0.4572	0.0000	0.0000
0.3634	0.4580	0.0000	0.0000
0.3644	0.4588	0.0000	0.0000
0.3654	0.4596	0.0000	0.0000
0.3664	0.4604	0.0000	0.0000
0.3674	0.4612	0.0000	0.0000
0.3684	0.4620	0.0000	0.0000
0.3694	0.4627	0.0000	0.0000
0.3704	0.4635	0.0000	0.0000
0.3714	0.4643	0.0000	0.0000
0.3724	0.4651	0.0000	0.0000
0.3734	0.4659	0.0000	0.0000
0.3744	0.4667	0.0000	0.0000
0.3754	0.4675	0.0000	0.0000
0.3764	0.4682	0.0000	0.0000
0.3774	0.4690	0.0000	0.0000
0.3784	0.4698	0.0000	0.0000
0.3794	0.4706	0.0000	0.0000
0.3804	0.4714	0.0000	0.0000
0.3814	0.4722	0.0000	0.0000
0.3824	0.4729	0.0000	0.0000
0.3834	0.4737	0.0000	0.0000
0.3844	0.4745	0.0000	0.0000
0.3854	0.4753	0.0000	0.0000
0.3864	0.4761	0.0000	0.0000
0.3874	0.4768	0.0000	0.0000
0.3884	0.4776	0.0000	0.0000
0.3894	0.4784	0.0000	0.0000
0.3904	0.4792	0.0000	0.0000
0.3914	0.4800	0.0000	0.0000
0.3924	0.4807	0.0000	0.0000
0.3934	0.4815	0.0000	0.0000
0.3944	0.4823	0.0000	0.0000
0.3954	0.4831	0.0000	0.0000
0.3964	0.4838	0.0000	0.0000
0.3974	0.4846	0.0000	0.0000
0.3984	0.4854	0.0000	0.0000
0.3994	0.4862	0.0000	0.0000
0.4004	0.4869	0.0000	0.0000
0.4014	0.4877	0.0000	0.0000
0.4024	0.4885	0.0000	0.0000
0.4034	0.4893	0.0000	0.0000
0.4044	0.4900	0.0000	0.0000
0.4054	0.4908	0.0000	0.0000
0.4064	0.4916	0.0000	0.0000
0.4074	0.4924	0.0000	0.0000
0.4084	0.4931	0.0000	0.0000
0.4094	0.4939	0.0000	0.0000
0.4104	0.4947	0.0000	0.0000
0.4114	0.4954	0.0000	0.0000
0.4124	0.4962	0.0000	0.0000
0.4134	0.4970	0.0000	0.0000
0.4144	0.4978	0.0000	0.0000
0.4154	0.4985	0.0000	0.0000
0.4164	0.4993	0.0000	0.0000
0.4174	0.5001	0.0000	0.0000
0.4184	0.5008	0.0000	0.0000
0.4194	0.5016	0.0000	0.0000
0.4204	0.5024	0.0000	0.0000
0.4214	0.5031	0.0000	0.0000
0.4224	0.5039	0.0000	0.0000
0.4234	0.5047	0.0000	0.0000
0.4244	0.5054	0.0000	0.0000
0.4254	0.5062	0.0000	0.0000
0.4264	0.5070	0.0000	0.0000
0.4274	0.5077	0.0000	0.0000
0.4284	0.5085	0.0000	0.0000
0.4294	0.5093	0.0000	0.0000
0.4304	0.5100	0.0000	0.0000
0.4314	0.5108	0.0000	0.0000
0.4324	0.5116	0.0000	0.0000
0.4334	0.5123	0.0000	0.0000
0.4344	0.5131	0.0000	0.0000
0.4354	0.5139	0.0000	0.0000
0.4364	0.5146	0.0000	0.0000
0.4374	0.5154	0.0000	0.0000
0.4384	0.5161	0.0000	0.0000
0.4394	0.5169	0.0000	0.0000
0.4404	0.5177	0.0000	0.0000
0.4414	0.5184	0.0000	0.0000
0.4424	0.5192	0.0000	0.0000
0.4434	0.5200	0.0000	0.0000
0.4444	0.5207	0.0000	0.0000
0.4454	0.5215	0.0000	0.0000
0.4464	0.5222	0.0000	0.0000
0.4474	0.5230	0.0000	0.0000
0.4484	0.5238	0.0000	0.0000
0.4494	0.5245	0.0000	0.0000
0.4505	0.5253	0.0000	0.0000
0.4515	0.5260	0.0000	0.0000
0.4525	0.5268	0.0000	0.0000
0.4535	0.5276	0.0000	0.0000
0.4545	0.5283	0.0000	0.0000
0.4555	0.5291	0.0000	0.0000
0.4565	0.5298	0.0000	0.0000
0.4575	0.5306	0.0000	0.0000
0.4585	0.5313	0.0000	0.0000
0.4595	0.5321	0.0000	0.0000
0.4605	0.5329	0.0000	0.0000
0.4615	0.5336	0.0000	0.0000
0.4625	0.5344	0.0000	0.0000
0.4635	0.5351	0.0000	0.0000
0.4645	0.5359	0.0000	0.0000
0.4655	0.5366	0.0000	0.0000
0.4665	0.5374	0.0000	0.0000
0.4675	0.5382	0.0000	0.0000
0.4685	0.5389	0.0000	0.0000
0.4695	0.5397	0.0000	0.0000
0.4705	0.5404	0.0000	0.0000
0.4715	0.5412	0.0000	0.0000
0.4725	0.5419	0.0000	0.0000
0.4735	0.5427	0.0000	0.0000
0.4745	0.5434	0.0000	0.0000
0.4755	0.5442	0.0000	0.0000
0.4765	0.5450	0.0000	0.0000
0.4775	0.5457	0.0000	0.0000
0.4785	0.5465	0.0000	0.0000
0.4795	0.5472	0.0000	0.0000
0.4805	0.5480	0.0000	0.0000
0.4815	0.5487	0.0000	0.0000
0.4825	0.5495	0.0000	0.0000
0.4835	0.5502	0.0000	0.0000
0.4845	0.5510	0.0000	0.0000
0.4855	0.5517	0.0000	0.0000
0.4865	0.5525	0.0000	0.0000
0.4875	0.5533	0.0000	0.0000
0.4885	0.5540	0.0000	0.0000
0.4895	0.5548	0.0000	0.0000
0.4905	0.5555	0.0000	0.0000
0.4915	0.5563	0.0000	0.0000
0.4925	0.5570	0.0000	0.0000
0.4935	0.5578	0.0000	0.0000
0.4945	0.5585	0.0000	0.0000
0.4955	0.5593	0.0000	0.0000
0.4965	0.5600	0.0000	0.0000
0.4975	0.5608	0.0000	0.0000
0.4985	0.5615	0.0000	0.0000
0.4995	0.5623	0.0000	0.0000
0.5005	0.5634	0.0000	0.0000
0.5015	0.5649	0.0000	0.0000
0.5025	0.5664	0.0000	0.0000
0.5035	0.5679	0.0000	0.0000
0.5045	0.5694	0.0000	0.0000
0.5055	0.5709	0.0000	0.0000
0.5065	0.5723	0.0000	0.0000
0.5075	0.5738	0.0000	0.0000
0.5085	0.5752	0.0000	0.0000
0.5095	0.5767	0.0000	0.0000
0.5105	0.5781	0.0000	0.0000
0.5115	0.5795	0.0000	0.0000
0.5125	0.5809	0.0000	0.0000
0.5135	0.5823	0.0000	0.0000
0.5145	0.5837	0.0000	0.0000
0.5155	0.5851	0.0000	0.0000
0.5165	0.5865	0.0000	0.0000
0.5175	0.5879	0.0000	0.0000
0.5185	0.5892	0.0000	0.0000
0.5195	0.5906	0.0000	0.0000
0.5205	0.5919	0.0000	0.0000
0.5215	0.5933	0.0000	0.0000
0.5225	0.5946	0.0000	0.0000
0.5235	0.5959	0.0000	0.0000
0.5245	0.5973	0.0000	0.0000
0.5255	0.5986	0.0000	0.0000
0.5265	0.5999	0.0000	0.0000
0.5275	0.6012	0.0000	0.0000
0.5285	0.6024	0.0000	0.0000
0.5295	0.6037	0.0000	0.0000
0.5305	0.6050	0.0000	0.0000
0.5315	0.6062	0.0000	0.0000
0.5325	0.6075	0.0000	0.0000
0.5335	0.6087	0.0000	0.0000
0.5345	0.6100	0.0000	0.0000
0.5355	0.6112	0.0000	0.0000
0.5365	0.6124	0.0000	0.0000
0.5375	0.6137	0.0000	0.0000
0.5385	0.6149	0.0000	0.0000
0.5395	0.6161	0.0000	0.0000
0.5405	0.6173	0.0000	0.0000
0.5415	0.6185	0.0000	0.0000
0.5425	0.6196	0.0000	0.0000
0.5435	0.6208	0.0000	0.0000
0.5445	0.6220	0.0000	0.0000
0.5455	0.6232	0.0000	0.0000
0.5465	0.6243	0.0000	0.0000
0.5475	0.6255	0.0000	0.0000
0.5485	0.6266	0.0000	0.0000
0.5495	0.6277	0.0000	0.0000
0.5506	0.6289	0.0000	0.0000
0.5516	0.6300	0.0000	0.0000
0.5526	0.6311	0.0000	0.0000
0.5536	0.6322	0.0000	0.0000
0.5546	0.6333	0.0000	0.0000
0.5556	0.6344	0.0000	0.0000
0.5566	0.6355	0.0000	0.0000
0.5576	0.6366	0.0000	0.0000
0.5586	0.6377	0.0000	0.0000
0.5596	0.6387	0.0000	0.0000
0.5606	0.6398	0.0000	0.0000
0.5616	0.6409	0.0000	0.0000
0.5626	0.6419	0.0000	0.0000
0.5636	0.6430	0.0000	0.0000
0.5646	0.6440	0.0000	0.0000
0.5656	0.6450	0.0000	0.0000
0.5666	0.6461	0.0000	0.0000
0.5676	0.6471	0.0000	0.0000
0.5686	0.6481	0.0000	0.0000
0.5696	0.6491	0.0000	0.0000
0.5706	0.6501	0.0000	0.0000
0.5716	0.6511	0.0000	0.0000
0.5726	0.6521	0.0000	0.0000
0.5736	0.6531	0.0000	0.0000
0.5746	0.6541	0.0000	0.0000
0.5756	0.6551	0.0000	0.0000
0.5766	0.6560	0.0000	0.0000
0.5776	0.6570	0.0000	0.0000
0.5786	0.6580	0.0000	0.0000
0.5796	0.6589	0.0000	0.0000
0.5806	0.6599	0.0000	0.0000
0.5816	0.6608	0.0000	0.0000
0.5826	0.6618	0.0000	0.0000
0.5836	0.6627	0.0000	0.0000
0.5846	0.6636	0.0000	0.0000
0.5856	0.6645	0.0000	0.0000
0.5866	0.6655	0.0000	0.0000
0.5876	0.6664	0.0000	0.0000
0.5886	0.6673	0.0000	0.0000
0.5896	0.6682	0.0000	0.0000
0.5906	0.6691	0.0000	0.0000
0.5916	0.6700	0.0000	0.0000
0.5926	0.6709	0.0000	0.0000
0.5936	0.6717	0.0000	0.0000
0.5946	0.6726	0.0000	0.0000
0.5956	0.6735	0.0000	0.0000
0.5966	0.6744	0.0000	0.0000
0.5976	0.6752	0.0000	0.0000
0.5986	0.6761	0.0000	0.0000
0.5996	0.6769	0.0000	0.0000
0.6006	0.6778	0.0000	0.0000
0.6016	0.6786	0.0000	0.0000
0.6026	0.6795	0.0000	0.0000
0.6036	0.6803	0.0000	0.0000
0.6046	0.6811	0.0000	0.0000
0.6056	0.6820	0.0000	0.0000
0.6066	0.6828	0.0000	0.0000
0.6076	0.6836	0.0000	0.0000
0.6086	0.6844	0.0000	0.0000
0.6096	0.6852	0.0000	0.0000
0.6106	0.6860	0.0000	0.0000
0.6116	0.6868	0.0000	0.0000
0.6126	0.6876	0.0000	0.0000
0.6136	0.6884	0.0000	0.0000
0.6146	0.6892	0.0000	0.0000
0.6156	0.6900	0.0000	0.0000
0.6166	0.6907	0.0000	0.0000
0.6176	0.6915	0.0000	0.0000
0.6186	0.6923	0.0000	0.0000
0.6196	0.6930	0.0000	0.0000
0.6206	0.6938	0.0000	0.0000
0.6216	0.6945	0.0000	0.0000
0.6226	0.6953	0.0000	0.0000
0.6236	0.6960	0.0000	0.0000
0.6246	0.6968	0.0000	0.0000
0.6256	0.6975	0.0000	0.0000
0.6266	0.6983	0.0000	0.0000
0.6276	0.6990	0.0000	0.0000
0.6286	0.6997	0.0000	0.0000
0.6296	0.7004	0.0000	0.0000
0.6306	0.7012	0.0000	0.0000
0.6316	0.7019	0.0000	0.0000
0.6326	0.7026	0.0000	0.0000
0.6336	0.7033	0.0000	0.0000
0.6346	0.7040	0.0000	0.0000
0.6356	0.7047	0.0000	0.0000
0.6366	0.7054	0.0000	0.0000
0.6376	0.7061	0.0000	0.0000
0.6386	0.7068	0.0000	0.0000
0.6396	0.7074	0.0000	0.0000
0.6406	0.7081	0.0000	0.0000
0.6416	0.7088	0.0000	0.0000
0.6426	0.7095	0.0000	0.0000
0.6436	0.7101	0.0000	0.0000
0.6446	0.7108	0.0000	0.0000
0.6456	0.7115	0.0000	0.0000
0.6466	0.7121	0.0000	0.0000
0.6476	0.7128	0.0000	0.0000
0.6486	0.7134	0.0000	0.0000
0.6496	0.7141	0.0000	0.0000
0.6507	0.7147	0.0000	0.0000
0.6517	0.7154	0.0000	0.0000
0.6527	0.7160	0.0000	0.0000
0.6537	0.7167	0.0000	0.0000
0.6547	0.7173	0.0000	0.0000
0.6557	0.7179	0.0000	0.0000
0.6567	0.7185	0.0000	0.0000
0.6577	0.7192	0.0000	0.0000
0.6587	0.7198	0.0000	0.0000
0.6597	0.7204	0.0000	0.0000
0.6607	0.7210	0.0000	0.0000
0.6617	0.7216	0.0000	0.0000
0.6627	0.7222	0.0000	0.0000
0.6637	0.7228	0.0000	0.0000
0.6647	0.7234	0.0000	0.0000
0.6657	0.7240	0.0000	0.0000
0.6667	0.7246	0.0000	0.0000
0.6677	0.7252	0.0000	0.0000
0.6687	0.7258	0.0000	0.0000
0.6697	0.7264	0.0000	0.0000
0.6707	0.7270	0.0000	0.0000
0.6717	0.7275	0.0000	0.0000
0.6727	0.7281	0.0000	0.0000
0.6737	0.7287	0.0000	0.0000
0.6747	0.7293	0.0000	0.0000
0.6757	0.7298	0.0000	0.0000
0.6767	0.7304	0.0000	0.0000
0.6777	0.7310	0.0000	0.0000
0.6787	0.7315	0.0000	0.0000
0.6797	0.7321	0.0000	0.0000
0.6807	0.7326	0.0000	0.0000
0.6817	0.7332	0.0000	0.0000
0.6827	0.7337	0.0000	0.0000
0.6837	0.7343	0.0000	0.0000
0.6847	0.7348	0.0000	0.0000
0.6857	0.7354	0.0000	0.0000
0.6867	0.7359	0.0000	0.0000
0.6877	0.7364	0.0000	0.0000
0.6887	0.7370	0.0000	0.0000
0.6897	0.7375	0.0000	0.0000
0.6907	0.7380	0.0000	0.0000
0.6917	0.7385	0.0000	0.0000
0.6927	0.7391	0.0000	0.0000
0.6937	0.7396	0.0000	0.0000
0.6947	0.7401	0.0000	0.0000
0.6957	0.7406	0.0000	0.0000
0.6967	0.7411	0.0000	0.0000
0.6977	0.7416	0.0000	0.0000
0.6987	0.7421	0.0000	0.0000
0.6997	0.7426	0.0000	0.0000
0.7007	0.7431	0.0000	0.0000
0.7017	0.7436	0.0000	0.0000
0.7027	0.7441	0.0000	0.0000
0.7037	0.7446	0.0000	0.0000
0.7047	0.7451	0.0000	0.0000
0.7057	0.7456	0.0000	0.0000
0.7067	0.7461	0.0000	0.0000
0.7077	0.7466	0.0000	0.0000
0.7087	0.7471	0.0000	0.0000
0.7097	0.7476	0.0000	0.0000
0.7107	0.7480	0.0000	0.0000
0.7117	0.7485	0.0000	0.0000
0.7127	0.7490	0.0000	0.0000
0.7137	0.7495	0.0000	0.0000
0.7147	0.7499	0.0000	0.0000
0.7157	0.7504	0.0000	0.0000
0.7167	0.7509	0.0000	0.0000
0.7177	0.7513	0.0000	0.0000
0.7187	0.7518	0.0000	0.0000
0.7197	0.7523	0.0000	0.0000
0.7207	0.7527	0.0000	0.0000
0.7217	0.7532	0.0000	0.0000
0.7227	0.7536	0.0000	0.0000
0.7237	0.7541	0.0000	0.0000
0.7247	0.7545	0.0000	0.0000
0.7257	0.7550	0.0000	0.0000
0.7267	0.7554	0.0000	0.0000
0.7277	0.7559	0.0000	0.0000
0.7287	0.7563	0.0000	0.0000
0.7297	0.7568	0.0000	0.0000
0.7307	0.7572	0.0000	0.0000
0.7317	0.7576	0.0000	0.0000
0.7327	0.7581	0.0000	0.0000
0.7337	0.7585	0.0000	0.0000
0.7347	0.7589	0.0000	0.0000
0.7357	0.7594	0.0000	0.0000
0.7367	0.7598	0.0000	0.0000
0.7377	0.7602	0.0000	0.0000
0.7387	0.7606	0.0000	0.0000
0.7397	0.7611	0.0000	0.0000
0.7407	0.7615	0.0000	0.0000
0.7417	0.7619	0.0000	0.0000
0.7427	0.7623	0.0000	0.0000
0.7437	0.7627	0.0000	0.0000
0.7447	0.7632	0.0000	0.0000
0.7457	0.7636	0.0000	0.0000
0.7467	0.7640	0.0000	0.0000
0.7477	0.7644	0.0000	0.0000
0.7487	0.7648	0.0000	0.0000
0.7497	0.7652	0.0000	0.0000
0.7508	0.7656	0.0000	0.0000
0.7518	0.7660	0.0000	0.0000
0.7528	0.7664	0.0000	0.0000
0.7538	0.7668	0.0000	0.0000
0.7548	0.7672	0.0000	0.0000
0.7558	0.7676	0.0000	0.0000
0.7568	0.7680	0.0000	0.0000
0.7578	0.7684	0.0000	0.0000
0.7588	0.7688	0.0000	0.0000
0.7598	0.7692	0.0000	0.0000
0.7608	0.7696	0.0000	0.0000
0.7618	0.7700	0.0000	0.0000
0.7628	0.7704	0.0000	0.0000
0.7638	0.7708	0.0000	0.0000
0.7648	0.7711	0.0000	0.0000
0.7658	0.7715	0.0000	0.0000
0.7668	0.7719	0.0000	0.0000
0.7678	0.7723	0.0000	0.0000
0.7688	0.7727	0.0000	0.0000
0.7698	0.7731	0.0000	0.0000
0.7708	0.7734	0.0000	0.0000
0.7718	0.7738	0.0000	0.0000
0.7728	0.7742	0.0000	0.0000
0.7738	0.7746	0.0000	0.0000
0.7748	0.7749	0.0000	0.0000
0.7758	0.7753	0.0000	0.0000
0.7768	0.7757	0.0000	0.0000
0.7778	0.7760	0.0000	0.0000
0.7788	0.7764	0.0000	0.0000
0.7798	0.7768	0.0000	0.0000
0.7808	0.7771	0.0000	0.0000
0.7818	0.7775	0.0000	0.0000
0.7828	0.7779	0.0000	0.0000
0.7838	0.7782	0.0000	0.0000
0.7848	0.7786	0.0000	0.0000
0.7858	0.7790	0.0000	0.0000
0.7868	0.7793	0.0000	0.0000
0.7878	0.7797	0.0000	0.0000
0.7888	0.7800	0.0000	0.0000
0.7898	0.7804	0.0000	0.0000
0.7908	0.7808	0.0000	0.0000
0.7918	0.7811	0.0000	0.0000
0.7928	0.7815	0.0000	0.0000
0.7938	0.7818	0.0000	0.0000
0.7948	0.7822	0.0000	0.0000
0.7958	0.7825	0.0000	0.0000
0.7968	0.7829	0.0000	0.0000
0.7978	0.7832	0.0000	0.0000
0.7988	0.7836	0.0000	0.0000
0.7998	0.7839	0.0000	0.0000
0.8008	0.7843	0.0000	0.0000
0.8018	0.7846	0.0000	0.0000
0.8028	0.7849	0.0000	0.0000
0.8038	0.7853	0.0000	0.0000
0.8048	0.7856	0.0000	0.0000
0.8058	0.7860	0.0000	0.0000
0.8068	0.7863	0.0000	0.0000
0.8078	0.7867	0.0000	0.0000
0.8088	0.7870	0.0000	0.0000
0.8098	0.7873	0.0000	0.0000
0.8108	0.7877	0.0000	0.0000
0.8118	0.7880	0.0000	0.0000
0.8128	0.7884	0.0000	0.0000
0.8138	0.7887	0.0000	0.0000
0.8148	0.7890	0.0000	0.0000
0.8158	0.7894	0.0000	0.0000
0.8168	0.7897	0.0000	0.0000
0.8178	0.7900	0.0000	0.0000
0.8188	0.7904	0.0000	0.0000
0.8198	0.7907	0.0000	0.0000
0.8208	0.7910	0.0000	0.0000
0.8218	0.7914	0.0000	0.0000
0.8228	0.7917	0.0000	0.0000
0.8238	0.7920	0.0000	0.0000
0.8248	0.7924	0.0000	0.0000
0.8258	0.7927	0.0000	0.0000
0.8268	0.7930	0.0000	0.0000
0.8278	0.7933	0.0000	0.0000
0.8288	0.7937	0.0000	0.0000
0.8298	0.7940	0.0000	0.0000
0.8308	0.7943	0.0000	0.0000
0.8318	0.7947	0.0000	0.0000
0.8328	0.7950	0.0000	0.0000
0.8338	0.7953	0.0000	0.0000
0.8348	0.7956	0.0000	0.0000
0.8358	0.7960	0.0000	0.0000
0.8368	0.7963	0.0000	0.0000
0.8378	0.7966	0.0000	0.0000
0.8388	0.7969	0.0000	0.0000
0.8398	0.7973	0.0000	0.0000
0.8408	0.7976	0.0000	0.0000
0.8418	0.7979	0.0000	0.0000
0.8428	0.7982	0.0000	0.0000
0.8438	0.7985	0.0000	0.0000
0.8448	0.7989	0.0000	0.0000
0.8458	0.7992	0.0000	0.0000
0.8468	0.7995	0.0000	0.0000
0.8478	0.7998	0.0000	0.0000
0.8488	0.8001	0.0000	0.0000
0.8498	0.8005	0.0000	0.0000
0.8509	0.8008	0.0000	0.0000
0.8519	0.8011	0.0000	0.0000
0.8529	0.8014	0.0000	0.0000
0.8539	0.8017	0.0000	0.0000
0.8549	0.8021	0.0000	0.0000
0.8559	0.8024	0.0000	0.0000
0.8569	0.8027	0.0000	0.0000
0.8579	0.8030	0.0000	0.0000
0.8589	0.8033	0.0000	0.0000
0.8599	0.8037	0.0000	0.0000
0.8609	0.8040	0.0000	0.0000
0.8619	0.8043	0.0000	0.0000
0.8629	0.8046	0.0000	0.0000
0.8639	0.8049	0.0000	0.0000
0.8649	0.8052	0.0000	0.0000
0.8659	0.8056	0.0000	0.0000
0.8669	0.8059	0.0000	0.0000
0.8679	0.8062	0.0000	0.0000
0.8689	0.8065	0.0000	0.0000
0.8699	0.8068	0.0000	0.0000
0.8709	0.8071	0.0000	0.0000
0.8719	0.8075	0.0000	0.0000
0.8729	0.8078	0.0000	0.0000
0.8739	0.8081	0.0000	0.0000
0.8749	0.8084	0.0000	0.0000
0.8759	0.8087	0.0000	0.0000
0.8769	0.8090	0.0000	0.0000
0.8779	0.8094	0.0000	0.0000
0.8789	0.8097	0.0000	0.0000
0.8799	0.8100	0.0000	0.0000
0.8809	0.8103	0.0000	0.0000
0.8819	0.8106	0.0000	0.0000
0.8829	0.8110	0.0000	0.0000
0.8839	0.8113	0.0000	0.0000
0.8849	0.8116	0.0000	0.0000
0.8859	0.8119	0.0000	0.0000
0.8869	0.8122	0.0000	0.0000
0.8879	0.8125	0.0000	0.0000
0.8889	0.8129	0.0000	0.0000
0.8899	0.8132	0.0000	0.0000
0.8909	0.8135	0.0000	0.0000
0.8919	0.8138	0.0000	0.0000
0.8929	0.8141	0.0000	0.0000
0.8939	0.8145	0.0000	0.0000
0.8949	0.8148	0.0000	0.0000
0.8959	0.8151	0.0000	0.0000
0.8969	0.8154	0.0000	0.0000
0.8979	0.8157	0.0000	0.0000
0.8989	0.8161	0.0000	0.0000
0.8999	0.8164	0.0000	0.0000
0.9009	0.8167	0.0000	0.0000
0.9019	0.8170	0.0000	0.0000
0.9029	0.8173	0.0000	0.0000
0.9039	0.8177	0.0000	0.0000
0.9049	0.8180	0.0000	0.0000
0.9059	0.8183	0.0000	0.0000
0.9069	0.8186	0.0000	0.0000
0.9079	0.8189	0.0000	0.0000
0.9089	0.8193	0.0000	0.0000
0.9099	0.8196	0.0000	0.0000
0.9109	0.8199	0.0000	0.0000
0.9119	0.8202	0.0000	0.0000
0.9129	0.8206	0.0000	0.0000
0.9139	0.8209	0.0000	0.0000
0.9149	0.8212	0.0000	0.0000
0.9159	0.8215	0.0000	0.0000
0.9169	0.8219	0.0000	0.0000
0.9179	0.8222	0.0000	0.0000
0.9189	0.8225	0.0000	0.0000
0.9199	0.8229	0.0000	0.0000
0.9209	0.8232	0.0000	0.0000
0.9219	0.8235	0.0000	0.0000
0.9229	0.8238	0.0000	0.0000
0.9239	0.8242	0.0000	0.0000
0.9249	0.8245	0.0000	0.0000
0.9259	0.8248	0.0000	0.0000
0.9269	0.8252	0.0000	0.0000
0.9279	0.8255	0.0000	0.0000
0.9289	0.8258	0.0000	0.0000
0.9299	0.8262	0.0000	0.0000
0.9309	0.8265	0.0000	0.0000
0.9319	0.8268	0.0000	0.0000
0.9329	0.8272	0.0000	0.0000
0.9339	0.8275	0.0000	0.0000
0.9349	0.8278	0.0000	0.0000
0.9359	0.8282	0.0000	0.0000
0.9369	0.8285	0.0000	0.0000
0.9379	0.8288	0.0000	0.0000
0.9389	0.8292	0.0000	0.0000
0.9399	0.8295	0.0000	0.0000
0.9409	0.8299	0.0000	0.0000
0.9419	0.8302	0.0000	0.0000
0.9429	0.8305	0.0000	0.0000
0.9439	0.8309	0.0000	0.0000
0.9449	0.8312	0.0000	0.0000
0.9459	0.8316	0.0000	0.0000
0.9469	0.8319	0.0000	0.0000
0.9479	0.8323	0.0000	0.0000
0.9489	0.8326	0.0000	0.0000
0.9499	0.8329	0.0000	0.0000
0.9510	0.8333	0.0000	0.0000
0.9520	0.8336	0.0000	0.0000
0.9530	0.8340	0.0000	0.0000
0.9540	0.8343	0.0000	0.0000
0.9550	0.8347	0.0000	0.0000
0.9560	0.8350	0.0000	0.0000
0.9570	0.8354	0.0000	0.0000
0.9580	0.8357	0.0000	0.0000
0.9590	0.8361	0.0000	0.0000
0.9600	0.8365	0.0000	0.0000
0.9610	0.8368	0.0000	0.0000
0.9620	0.8372	0.0000	0.0000
0.9630	0.8375	0.0000	0.0000
0.9640	0.8379	0.0000	0.0000
0.9650	0.8382	0.0000	0.0000
0.9660	0.8386	0.0000	0.0000
0.9670	0.8390	0.0000	0.0000
0.9680	0.8393	0.0000	0.0000
0.9690	0.8397	0.0000	0.0000
0.9700	0.8400	0.0000	0.0000
0.9710	0.8404	0.0000	0.0000
0.9720	0.8408	0.0000	0.0000
0.9730	0.8411	0.0000	0.0000
0.9740	0.8415	0.0000	0.0000
0.9750	0.8419	0.0000	0.0000
0.9760	0.8422	0.0000	0.0000
0.9770	0.8426	0.0000	0.0000
0.9780	0.8430	0.0000	0.0000
0.9790	0.8433	0.0000	0.0000
0.9800	0.8437	0.0000	0.0000
0.9810	0.8441	0.0000	0.0000
0.9820	0.8445	0.0000	0.0000
0.9830	0.8448	0.0000	0.0000
0.9840	0.8452	0.0000	0.0000
0.9850	0.8456	0.0000	0.0000
0.9860	0.8460	0.0000	0.0000
0.9870	0.8464	0.0000	0.0000
0.9880	0.8467	0.0000	0.0000
0.9890	0.8471	0.0000	0.0000
0.9900	0.8475	0.0000	0.0000
0.9910	0.8479	0.0000	0.0000
0.9920	0.8483	0.0000	0.0000
0.9930	0.8487	0.0000	0.0000
0.9940	0.8490	0.0000	0.0000
0.9950	0.8494	0.0000	0.0000
0.9960	0.8498	0.0000	0.0000
0.9970	0.8502	0.0000	0.0000
0.9980	0.8506	0.0000	0.0000
0.9990	0.8510	0.0000	0.0000
1.0000	0.8514	0.0000	0.0000
0.7758
