0.0000	0.1227	0.0000	0.0000
0.0010	0.1234	0.0000	0.0000
0.0020	0.1240	0.0000	0.0000
0.0030	0.1246	0.0000	0.0000
0.0040	0.1252	0.0000	0.0000
0.0050	0.1258	0.0000	0.0000
0.0060	0.1265	0.0000	0.0000
0.0070	0.1271	0.0000	0.0000
0.0080	0.1277	0.0000	0.0000
0.0090	0.1283	0.0000	0.0000
0.0100	0.1289	0.0000	0.0000
0.0110	0.1296	0.0000	0.0000
0.0120	0.1302	0.0000	0.0000
0.0130	0.1308	0.0000	0.0000
0.0140	0.1314	0.0000	0.0000
0.0150	0.1320	0.0000	0.0000
0.0160	0.1326	0.0000	0.0000
0.0170	0.1333	0.0000	0.0000
0.0180	0.1339	0.0000	0.0000
0.0190	0.1345	0.0000	0.0000
0.0200	0.1351	0.0000	0.0000
0.0210	0.1357	0.0000	0.0000
0.0220	0.1363	0.0000	0.0000
0.0230	0.1369	0.0000	0.0000
0.0240	0.1375	0.0000	0.0000
0.0250	0.1382	0.0000	0.0000
0.0260	0.1388	0.0000	0.0000
0.0270	0.1394	0.0000	0.0000
0.0280	0.1400	0.0000	0.0000
0.0290	0.1406	0.0000	0.0000
0.0300	0.1412	0.0000	0.0000
0.0310	0.1418	0.0000	0.0000
0.0320	0.1424	0.0000	0.0000
0.0330	0.1430	0.0000	0.0000
0.0340	0.1436	0.0000	0.0000
0.0350	0.1443	0.0000	0.0000
0.0360	0.1449	0.0000	0.0000
0.0370	0.1455	0.0000	0.0000
0.0380	0.1461	0.0000	0.0000
0.0390	0.1467	0.0000	0.0000
0.0400	0.1473	0.0000	0.0000
0.0410	0.1479	0.0000	0.0000
0.0420	0.1485	0.0000	0.0000
0.0430	0.1491	0.0000	0.0000
0.0440	0.1497	0.0000	0.0000
0.0450	0.1503	0.0000	0.0000
0.0460	0.1509	0.0000	0.0000
0.0470	0.1515	0.0000	0.0000
0.0480	0.1521	0.0000	0.0000
0.0490	0.1527	0.0000	0.0000
0.0501	0.1533	0.0000	0.0000
0.0511	0.1539	0.0000	0.0000
0.0521	0.1545	0.0000	0.0000
0.0531	0.1552	0.0000	0.0000
0.0541	0.1558	0.0000	0.0000
0.0551	0.1564	0.0000	0.0000
0.0561	0.1570	0.0000	0.0000
0.0571	0.1576	0.0000	0.0000
0.0581	0.1582	0.0000	0.0000
0.0591	0.1588	0.0000	0.0000
0.0601	0.1594	0.0000	0.0000
0.0611	0.1600	0.0000	0.0000
0.0621	0.1606	0.0000	0.0000
0.0631	0.1612	0.0000	0.0000
0.0641	0.1618	0.0000	0.0000
0.0651	0.1624	0.0000	0.0000
0.0661	0.1630	0.0000	0.0000
0.0671	0.1636	0.0000	0.0000
0.0681	0.1642	0.0000	0.0000
0.0691	0.1648	0.0000	0.0000
0.0701	0.1654	0.0000	0.0000
0.0711	0.1660	0.0000	0.0000
0.0721	0.1666	0.0000	0.0000
0.0731	0.1672	0.0000	0.0000
0.0741	0.1678	0.0000	0.0000
0.0751	0.1684	0.0000	0.0000
0.0761	0.1690	0.0000	0.0000
0.0771	0.1696	0.0000	0.0000
0.0781	0.1702	0.0000	0.0000
0.0791	0.1708	0.0000	0.0000
0.0801	0.1714	0.0000	0.0000
0.0811	0.1720	0.0000	0.0000
0.0821	0.1726	0.0000	0.0000
0.0831	0.1732	0.0000	0.0000
0.0841	0.1738	0.0000	0.0000
0.0851	0.1744	0.0000	0.0000
0.0861	0.1750	0.0000	0.0000
0.0871	0.1756	0.0000	0.0000
0.0881	0.1762	0.0000	0.0000
0.0891	0.1768	0.0000	0.0000
0.0901	0.1774	0.0000	0.0000
0.0911	0.1780	0.0000	0.0000
0.0921	0.1786	0.0000	0.0000
0.0931	0.1792	0.0000	0.0000
0.0941	0.1798	0.0000	0.0000
0.0951	0.1804	0.0000	0.0000
0.0961	0.1810	0.0000	0.0000
0.0971	0.1816	0.0000	0.0000
0.0981	0.1822	0.0000	0.0000
0.0991	0.1828	0.0000	0.0000
0.1001	0.1834	0.0000	0.0000
0.1011	0.1840	0.0000	0.0000
0.1021	0.1846	0.0000	0.0000
0.1031	0.1852	0.0000	0.0000
0.1041	0.1858	0.0000	0.0000
0.1051	0.1864	0.0000	0.0000
0.1061	0.1870	0.0000	0.0000
0.1071	0.1876	0.0000	0.0000
0.1081	0.1882	0.0000	0.0000
0.1091	0.1888	0.0000	0.0000
0.1101	0.1894	0.0000	0.0000
0.1111	0.1900	0.0000	0.0000
0.1121	0.1906	0.0000	0.0000
0.1131	0.1912	0.0000	0.0000
0.1141	0.1918	0.0000	0.0000
0.1151	0.1924	0.0000	0.0000
0.1161	0.1930	0.0000	0.0000
0.1171	0.1936	0.0000	0.0000
0.1181	0.1942	0.0000	0.0000
0.1191	0.1948	0.0000	0.0000
0.1201	0.1954	0.0000	0.0000
0.1211	0.1960	0.0000	0.0000
0.1221	0.1966	0.0000	0.0000
0.1231	0.1972	0.0000	0.0000
0.1241	0.1978	0.0000	0.0000
0.1251	0.1984	0.0000	0.0000
0.1261	0.1990	0.0000	0.0000
0.1271	0.1996	0.0000	0.0000
0.1281	0.2002	0.0000	0.0000
0.1291	0.2008	0.0000	0.0000
0.1301	0.2015	0.0000	0.0000
0.1311	0.2021	0.0000	0.0000
0.1321	0.2027	0.0000	0.0000
0.1331	0.2033	0.0000	0.0000
0.1341	0.2039	0.0000	0.0000
0.1351	0.2045	0.0000	0.0000
0.1361	0.2051	0.0000	0.0000
0.1371	0.2057	0.0000	0.0000
0.1381	0.2063	0.0000	0.0000
0.1391	0.2069	0.0000	0.0000
0.1401	0.2075	0.0000	0.0000
0.1411	0.2081	0.0000	0.0000
0.1421	0.2087	0.0000	0.0000
0.1431	0.2093	0.0000	0.0000
0.1441	0.2099	0.0000	0.0000
0.1451	0.2105	0.0000	0.0000
0.1461	0.2111	0.0000	0.0000
0.1471	0.2118	0.0000	0.0000
0.1481	0.2124	0.0000	0.0000
0.1491	0.2130	0.0000	0.0000
0.1502	0.2136	0.0000	0.0000
0.1512	0.2142	0.0000	0.0000
0.1522	0.2148	0.0000	0.0000
0.1532	0.2154	0.0000	0.0000
0.1542	0.2160	0.0000	0.0000
0.1552	0.2166	0.0000	0.0000
0.1562	0.2172	0.0000	0.0000
0.1572	0.2178	0.0000	0.0000
0.1582	0.2185	0.0000	0.0000
0.1592	0.2191	0.0000	0.0000
0.1602	0.2197	0.0000	0.0000
0.1612	0.2203	0.0000	0.0000
0.1622	0.2209	0.0000	0.0000
0.1632	0.2215	0.0000	0.0000
0.1642	0.2221	0.0000	0.0000
0.1652	0.2227	0.0000	0.0000
0.1662	0.2234	0.0000	0.0000
0.1672	0.2240	0.0000	0.0000
0.1682	0.2246	0.0000	0.0000
0.1692	0.2252	0.0000	0.0000
0.1702	0.2258	0.0000	0.0000
0.1712	0.2264	0.0000	0.0000
0.1722	0.2271	0.0000	0.0000
0.1732	0.2277	0.0000	0.0000
0.1742	0.2283	0.0000	0.0000
0.1752	0.2289	0.0000	0.0000
0.1762	0.2295	0.0000	0.0000
0.1772	0.2301	0.0000	0.0000
0.1782	0.2308	0.0000	0.0000
0.1792	0.2314	0.0000	0.0000
0.1802	0.2320	0.0000	0.0000
0.1812	0.2326	0.0000	0.0000
0.1822	0.2332	0.0000	0.0000
0.1832	0.2339	0.0000	0.0000
0.1842	0.2345	0.0000	0.0000
0.1852	0.2351	0.0000	0.0000
0.1862	0.2357	0.0000	0.0000
0.1872	0.2364	0.0000	0.0000
0.1882	0.2370	0.0000	0.0000
0.1892	0.2376	0.0000	0.0000
0.1902	0.2382	0.0000	0.0000
0.1912	0.2388	0.0000	0.0000
0.1922	0.2395	0.0000	0.0000
0.1932	0.2401	0.0000	0.0000
0.1942	0.2407	0.0000	0.0000
0.1952	0.2414	0.0000	0.0000
0.1962	0.2420	0.0000	0.0000
0.1972	0.2426	0.0000	0.0000
0.1982	0.2432	0.0000	0.0000
0.1992	0.2439	0.0000	0.0000
0.2002	0.2445	0.0000	0.0000
0.2012	0.2451	0.0000	0.0000
0.2022	0.2458	0.0000	0.0000
0.2032	0.2464	0.0000	0.0000
0.2042	0.2470	0.0000	0.0000
0.2052	0.2477	0.0000	0.0000
0.2062	0.2483	0.0000	0.0000
0.2072	0.2489	0.0000	0.0000
0.2082	0.2496	0.0000	0.0000
0.2092	0.2502	0.0000	0.0000
0.2102	0.2508	0.0000	0.0000
0.2112	0.2515	0.0000	0.0000
0.2122	0.2521	0.0000	0.0000
0.2132	0.2527	0.0000	0.0000
0.2142	0.2534	0.0000	0.0000
0.2152	0.2540	0.0000	0.0000
0.2162	0.2547	0.0000	0.0000
0.2172	0.2553	0.0000	0.0000
0.2182	0.2559	0.0000	0.0000
0.2192	0.2566	0.0000	0.0000
0.2202	0.2572	0.0000	0.0000
0.2212	0.2579	0.0000	0.0000
0.2222	0.2585	0.0000	0.0000
0.2232	0.2592	0.0000	0.0000
0.2242	0.2598	0.0000	0.0000
0.2252	0.2605	0.0000	0.0000
0.2262	0.2611	0.0000	0.0000
0.2272	0.2617	0.0000	0.0000
0.2282	0.2624	0.0000	0.0000
0.2292	0.2630	0.0000	0.0000
0.2302	0.2637	0.0000	0.0000
0.2312	0.2643	0.0000	0.0000
0.2322	0.2650	0.0000	0.0000
0.2332	0.2657	0.0000	0.0000
0.2342	0.2663	0.0000	0.0000
0.2352	0.2670	0.0000	0.0000
0.2362	0.2676	0.0000	0.0000
0.2372	0.2683	0.0000	0.0000
0.2382	0.2689	0.0000	0.0000
0.2392	0.2696	0.0000	0.0000
0.2402	0.2702	0.0000	0.0000
0.2412	0.2709	0.0000	0.0000
0.2422	0.2716	0.0000	0.0000
0.2432	0.2722	0.0000	0.0000
0.2442	0.2729	0.0000	0.0000
0.2452	0.2735	0.0000	0.0000
0.2462	0.2742	0.0000	0.0000
0.2472	0.2749	0.0000	0.0000
0.2482	0.2755	0.0000	0.0000
0.2492	0.2762	0.0000	0.0000
0.2503	0.2769	0.0000	0.0000
0.2513	0.2775	0.0000	0.0000
0.2523	0.2782	0.0000	0.0000
0.2533	0.2789	0.0000	0.0000
0.2543	0.2795	0.0000	0.0000
0.2553	0.2802	0.0000	0.0000
0.2563	0.2809	0.0000	0.0000
0.2573	0.2816	0.0000	0.0000
0.2583	0.2822	0.0000	0.0000
0.2593	0.2829	0.0000	0.0000
0.2603	0.2836	0.0000	0.0000
0.2613	0.2843	0.0000	0.0000
0.2623	0.2849	0.0000	0.0000
0.2633	0.2856	0.0000	0.0000
0.2643	0.2863	0.0000	0.0000
0.2653	0.2870	0.0000	0.0000
0.2663	0.2877	0.0000	0.0000
0.2673	0.2884	0.0000	0.0000
0.2683	0.2890	0.0000	0.0000
0.2693	0.2897	0.0000	0.0000
0.2703	0.2904	0.0000	0.0000
0.2713	0.2911	0.0000	0.0000
0.2723	0.2918	0.0000	0.0000
0.2733	0.2925	0.0000	0.0000
0.2743	0.2932	0.0000	0.0000
0.2753	0.2939	0.0000	0.0000
0.2763	0.2946	0.0000	0.0000
0.2773	0.2952	0.0000	0.0000
0.2783	0.2959	0.0000	0.0000
0.2793	0.2966	0.0000	0.0000
0.2803	0.2973	0.0000	0.0000
0.2813	0.2980	0.0000	0.0000
0.2823	0.2987	0.0000	0.0000
0.2833	0.2994	0.0000	0.0000
0.2843	0.3001	0.0000	0.0000
0.2853	0.3008	0.0000	0.0000
0.2863	0.3015	0.0000	0.0000
0.2873	0.3022	0.0000	0.0000
0.2883	0.3030	0.0000	0.0000
0.2893	0.3037	0.0000	0.0000
0.2903	0.3044	0.0000	0.0000
0.2913	0.3051	0.0000	0.0000
0.2923	0.3058	0.0000	0.0000
0.2933	0.3065	0.0000	0.0000
0.2943	0.3072	0.0000	0.0000
0.2953	0.3079	0.0000	0.0000
0.2963	0.3087	0.0000	0.0000
0.2973	0.3094	0.0000	0.0000
0.2983	0.3101	0.0000	0.0000
0.2993	0.3108	0.0000	0.0000
0.3003	0.3115	0.0000	0.0000
0.3013	0.3123	0.0000	0.0000
0.3023	0.3130	0.0000	0.0000
0.3033	0.3137	0.0000	0.0000
0.3043	0.3144	0.0000	0.0000
0.3053	0.3152	0.0000	0.0000
0.3063	0.3159	0.0000	0.0000
0.3073	0.3166	0.0000	0.0000
0.3083	0.3174	0.0000	0.0000
0.3093	0.3181	0.0000	0.0000
0.3103	0.3188	0.0000	0.0000
0.3113	0.3196	0.0000	0.0000
0.3123	0.3203	0.0000	0.0000
0.3133	0.3211	0.0000	0.0000
0.3143	0.3218	0.0000	0.0000
0.3153	0.3225	0.0000	0.0000
0.3163	0.3233	0.0000	0.0000
0.3173	0.3240	0.0000	0.0000
0.3183	0.3248	0.0000	0.0000
0.3193	0.3255	0.0000	0.0000
0.3203	0.3263	0.0000	0.0000
0.3213	0.3270	0.0000	0.0000
0.3223	0.3278	0.0000	0.0000
0.3233	0.3285	0.0000	0.0000
0.3243	0.3293	0.0000	0.0000
0.3253	0.3301	0.0000	0.0000
0.3263	0.3308	0.0000	0.0000
0.3273	0.3316	0.0000	0.0000
0.3283	0.3323	0.0000	0.0000
0.3293	0.3331	0.0000	0.0000
0.3303	0.3339	0.0000	0.0000
0.3313	0.3346	0.0000	0.0000
0.3323	0.3354	0.0000	0.0000
0.3333	0.3362	0.0000	0.0000
0.3343	0.3370	0.0000	0.0000
0.3353	0.3377	0.0000	0.0000
0.3363	0.3385	0.0000	0.0000
0.3373	0.3393	0.0000	0.0000
0.3383	0.3401	0.0000	0.0000
0.3393	0.3409	0.0000	0.0000
0.3403	0.3416	0.0000	0.0000
0.3413	0.3424	0.0000	0.0000
0.3423	0.3432	0.0000	0.0000
0.3433	0.3440	0.0000	0.0000
0.3443	0.3448	0.0000	0.0000
0.3453	0.3456	0.0000	0.0000
0.3463	0.3464	0.0000	0.0000
0.3473	0.3472	0.0000	0.0000
0.3483	0.3480	0.0000	0.0000
0.3493	0.3488	0.0000	0.0000
0.3504	0.3496	0.0000	0.0000
0.3514	0.3504	0.0000	0.0000
0.3524	0.3512	0.0000	0.0000
0.3534	0.3520	0.0000	0.0000
0.3544	0.3528	0.0000	0.0000
0.3554	0.3536	0.0000	0.0000
0.3564	0.3544	0.0000	0.0000
0.3574	0.3552	0.0000	0.0000
0.3584	0.3561	0.0000	0.0000
0.3594	0.3569	0.0000	0.0000
0.3604	0.3577	0.0000	0.0000
0.3614	0.3585	0.0000	0.0000
0.3624	0.3594	0.0000	0.0000
0.3634	0.3602	0.0000	0.0000
0.3644	0.3610	0.0000	0.0000
0.3654	0.3618	0.0000	0.0000
0.3664	0.3627	0.0000	0.0000
0.3674	0.3635	0.0000	0.0000
0.3684	0.3644	0.0000	0.0000
0.3694	0.3652	0.0000	0.0000
0.3704	0.3660	0.0000	0.0000
0.3714	0.3669	0.0000	0.0000
0.3724	0.3677	0.0000	0.0000
0.3734	0.3686	0.0000	0.0000
0.3744	0.3694	0.0000	0.0000
0.3754	0.3703	0.0000	0.0000
0.3764	0.3711	0.0000	0.0000
0.3774	0.3720	0.0000	0.0000
0.3784	0.3729	0.0000	0.0000
0.3794	0.3737	0.0000	0.0000
0.3804	0.3746	0.0000	0.0000
0.3814	0.3755	0.0000	0.0000
0.3824	0.3763	0.0000	0.0000
0.3834	0.3772	0.0000	0.0000
0.3844	0.3781	0.0000	0.0000
0.3854	0.3789	0.0000	0.0000
0.3864	0.3798	0.0000	0.0000
0.3874	0.3807	0.0000	0.0000
0.3884	0.3816	0.0000	0.0000
0.3894	0.3825	0.0000	0.0000
0.3904	0.3834	0.0000	0.0000
0.3914	0.3843	0.0000	0.0000
0.3924	0.3851	0.0000	0.0000
0.3934	0.3860	0.0000	0.0000
0.3944	0.3869	0.0000	0.0000
0.3954	0.3878	0.0000	0.0000
0.3964	0.3887	0.0000	0.0000
0.3974	0.3897	0.0000	0.0000
0.3984	0.3906	0.0000	0.0000
0.3994	0.3915	0.0000	0.0000
0.4004	0.3924	0.0000	0.0000
0.4014	0.3933	0.0000	0.0000
0.4024	0.3942	0.0000	0.0000
0.4034	0.3951	0.0000	0.0000
0.4044	0.3961	0.0000	0.0000
0.4054	0.3970	0.0000	0.0000
0.4064	0.3979	0.0000	0.0000
0.4074	0.3989	0.0000	0.0000
0.4084	0.3998	0.0000	0.0000
0.4094	0.4007	0.0000	0.0000
0.4104	0.4017	0.0000	0.0000
0.4114	0.4026	0.0000	0.0000
0.4124	0.4036	0.0000	0.0000
0.4134	0.4045	0.0000	0.0000
0.4144	0.4055	0.0000	0.0000
0.4154	0.4064	0.0000	0.0000
0.4164	0.4074	0.0000	0.0000
0.4174	0.4083	0.0000	0.0000
0.4184	0.4093	0.0000	0.0000
0.4194	0.4103	0.0000	0.0000
0.4204	0.4113	0.0000	0.0000
0.4214	0.4122	0.0000	0.0000
0.4224	0.4132	0.0000	0.0000
0.4234	0.4142	0.0000	0.0000
0.4244	0.4152	0.0000	0.0000
0.4254	0.4161	0.0000	0.0000
0.4264	0.4171	0.0000	0.0000
0.4274	0.4181	0.0000	0.0000
0.4284	0.4191	0.0000	0.0000
0.4294	0.4201	0.0000	0.0000
0.4304	0.4211	0.0000	0.0000
0.4314	0.4221	0.0000	0.0000
0.4324	0.4231	0.0000	0.0000
0.4334	0.4241	0.0000	0.0000
0.4344	0.4252	0.0000	0.0000
0.4354	0.4262	0.0000	0.0000
0.4364	0.4272	0.0000	0.0000
0.4374	0.4282	0.0000	0.0000
0.4384	0.4293	0.0000	0.0000
0.4394	0.4303	0.0000	0.0000
0.4404	0.4313	0.0000	0.0000
0.4414	0.4324	0.0000	0.0000
0.4424	0.4334	0.0000	0.0000
0.4434	0.4344	0.0000	0.0000
0.4444	0.4355	0.0000	0.0000
0.4454	0.4365	0.0000	0.0000
0.4464	0.4376	0.0000	0.0000
0.4474	0.4387	0.0000	0.0000
0.4484	0.4397	0.0000	0.0000
0.4494	0.4408	0.0000	0.0000
0.4505	0.4419	0.0000	0.0000
0.4515	0.4429	0.0000	0.0000
0.4525	0.4440	0.0000	0.0000
0.4535	0.4451	0.0000	0.0000
0.4545	0.4462	0.0000	0.0000
0.4555	0.4473	0.0000	0.0000
0.4565	0.4484	0.0000	0.0000
0.4575	0.4495	0.0000	0.0000
0.4585	0.4506	0.0000	0.0000
0.4595	0.4517	0.0000	0.0000
0.4605	0.4528	0.0000	0.0000
0.4615	0.4539	0.0000	0.0000
0.4625	0.4550	0.0000	0.0000
0.4635	0.4561	0.0000	0.0000
0.4645	0.4572	0.0000	0.0000
0.4655	0.4584	0.0000	0.0000
0.4665	0.4595	0.0000	0.0000
0.4675	0.4606	0.0000	0.0000
0.4685	0.4618	0.0000	0.0000
0.4695	0.4629	0.0000	0.0000
0.4705	0.4641	0.0000	0.0000
0.4715	0.4652	0.0000	0.0000
0.4725	0.4664	0.0000	0.0000
0.4735	0.4675	0.0000	0.0000
0.4745	0.4687	0.0000	0.0000
0.4755	0.4699	0.0000	0.0000
0.4765	0.4710	0.0000	0.0000
0.4775	0.4722	0.0000	0.0000
0.4785	0.4734	0.0000	0.0000
0.4795	0.4746	0.0000	0.0000
0.4805	0.4758	0.0000	0.0000
0.4815	0.4770	0.0000	0.0000
0.4825	0.4782	0.0000	0.0000
0.4835	0.4794	0.0000	0.0000
0.4845	0.4806	0.0000	0.0000
0.4855	0.4818	0.0000	0.0000
0.4865	0.4830	0.0000	0.0000
0.4875	0.4843	0.0000	0.0000
0.4885	0.4855	0.0000	0.0000
0.4895	0.4867	0.0000	0.0000
0.4905	0.4880	0.0000	0.0000
0.4915	0.4892	0.0000	0.0000
0.4925	0.4905	0.0000	0.0000
0.4935	0.4917	0.0000	0.0000
0.4945	0.4930	0.0000	0.0000
0.4955	0.4942	0.0000	0.0000
0.4965	0.4955	0.0000	0.0000
0.4975	0.4968	0.0000	0.0000
0.4985	0.4980	0.0000	0.0000
0.4995	0.4993	0.0000	0.0000
0.5005	0.5006	0.0000	0.0000
0.5015	0.5019	0.0000	0.0000
0.5025	0.5032	0.0000	0.0000
0.5035	0.5045	0.0000	0.0000
0.5045	0.5057	0.0000	0.0000
0.5055	0.5070	0.0000	0.0000
0.5065	0.5082	0.0000	0.0000
0.5075	0.5095	0.0000	0.0000
0.5085	0.5107	0.0000	0.0000
0.5095	0.5120	0.0000	0.0000
0.5105	0.5132	0.0000	0.0000
0.5115	0.5145	0.0000	0.0000
0.5125	0.5157	0.0000	0.0000
0.5135	0.5169	0.0000	0.0000
0.5145	0.5181	0.0000	0.0000
0.5155	0.5193	0.0000	0.0000
0.5165	0.5206	0.0000	0.0000
0.5175	0.5218	0.0000	0.0000
0.5185	0.5230	0.0000	0.0000
0.5195	0.5242	0.0000	0.0000
0.5205	0.5254	0.0000	0.0000
0.5215	0.5265	0.0000	0.0000
0.5225	0.5277	0.0000	0.0000
0.5235	0.5289	0.0000	0.0000
0.5245	0.5301	0.0000	0.0000
0.5255	0.5312	0.0000	0.0000
0.5265	0.5324	0.0000	0.0000
0.5275	0.5336	0.0000	0.0000
0.5285	0.5347	0.0000	0.0000
0.5295	0.5359	0.0000	0.0000
0.5305	0.5370	0.0000	0.0000
0.5315	0.5382	0.0000	0.0000
0.5325	0.5393	0.0000	0.0000
0.5335	0.5405	0.0000	0.0000
0.5345	0.5416	0.0000	0.0000
0.5355	0.5427	0.0000	0.0000
0.5365	0.5438	0.0000	0.0000
0.5375	0.5450	0.0000	0.0000
0.5385	0.5461	0.0000	0.0000
0.5395	0.5472	0.0000	0.0000
0.5405	0.5483	0.0000	0.0000
0.5415	0.5494	0.0000	0.0000
0.5425	0.5505	0.0000	0.0000
0.5435	0.5516	0.0000	0.0000
0.5445	0.5527	0.0000	0.0000
0.5455	0.5538	0.0000	0.0000
0.5465	0.5549	0.0000	0.0000
0.5475	0.5559	0.0000	0.0000
0.5485	0.5570	0.0000	0.0000
0.5495	0.5581	0.0000	0.0000
0.5506	0.5592	0.0000	0.0000
0.5516	0.5602	0.0000	0.0000
0.5526	0.5613	0.0000	0.0000
0.5536	0.5624	0.0000	0.0000
0.5546	0.5634	0.0000	0.0000
0.5556	0.5645	0.0000	0.0000
0.5566	0.5655	0.0000	0.0000
0.5576	0.5666	0.0000	0.0000
0.5586	0.5676	0.0000	0.0000
0.5596	0.5686	0.0000	0.0000
0.5606	0.5697	0.0000	0.0000
0.5616	0.5707	0.0000	0.0000
0.5626	0.5717	0.0000	0.0000
0.5636	0.5728	0.0000	0.0000
0.5646	0.5738	0.0000	0.0000
0.5656	0.5748	0.0000	0.0000
0.5666	0.5758	0.0000	0.0000
0.5676	0.5768	0.0000	0.0000
0.5686	0.5778	0.0000	0.0000
0.5696	0.5788	0.0000	0.0000
0.5706	0.5798	0.0000	0.0000
0.5716	0.5808	0.0000	0.0000
0.5726	0.5818	0.0000	0.0000
0.5736	0.5828	0.0000	0.0000
0.5746	0.5838	0.0000	0.0000
0.5756	0.5848	0.0000	0.0000
0.5766	0.5858	0.0000	0.0000
0.5776	0.5868	0.0000	0.0000
0.5786	0.5877	0.0000	0.0000
0.5796	0.5887	0.0000	0.0000
0.5806	0.5897	0.0000	0.0000
0.5816	0.5906	0.0000	0.0000
0.5826	0.5916	0.0000	0.0000
0.5836	0.5926	0.0000	0.0000
0.5846	0.5935	0.0000	0.0000
0.5856	0.5945	0.0000	0.0000
0.5866	0.5954	0.0000	0.0000
0.5876	0.5964	0.0000	0.0000
0.5886	0.5973	0.0000	0.0000
0.5896	0.5983	0.0000	0.0000
0.5906	0.5992	0.0000	0.0000
0.5916	0.6002	0.0000	0.0000
0.5926	0.6011	0.0000	0.0000
0.5936	0.6020	0.0000	0.0000
0.5946	0.6030	0.0000	0.0000
0.5956	0.6039	0.0000	0.0000
0.5966	0.6048	0.0000	0.0000
0.5976	0.6057	0.0000	0.0000
0.5986	0.6067	0.0000	0.0000
0.5996	0.6076	0.0000	0.0000
0.6006	0.6085	0.0000	0.0000
0.6016	0.6094	0.0000	0.0000
0.6026	0.6103	0.0000	0.0000
0.6036	0.6112	0.0000	0.0000
0.6046	0.6121	0.0000	0.0000
0.6056	0.6130	0.0000	0.0000
0.6066	0.6139	0.0000	0.0000
0.6076	0.6148	0.0000	0.0000
0.6086	0.6157	0.0000	0.0000
0.6096	0.6166	0.0000	0.0000
0.6106	0.6175	0.0000	0.0000
0.6116	0.6184	0.0000	0.0000
0.6126	0.6193	0.0000	0.0000
0.6136	0.6201	0.0000	0.0000
0.6146	0.6210	0.0000	0.0000
0.6156	0.6219	0.0000	0.0000
0.6166	0.6228	0.0000	0.0000
0.6176	0.6236	0.0000	0.0000
0.6186	0.6245	0.0000	0.0000
0.6196	0.6254	0.0000	0.0000
0.6206	0.6262	0.0000	0.0000
0.6216	0.6271	0.0000	0.0000
0.6226	0.6280	0.0000	0.0000
0.6236	0.6288	0.0000	0.0000
0.6246	0.6297	0.0000	0.0000
0.6256	0.6305	0.0000	0.0000
0.6266	0.6314	0.0000	0.0000
0.6276	0.6322	0.0000	0.0000
0.6286	0.6331	0.0000	0.0000
0.6296	0.6339	0.0000	0.0000
0.6306	0.6348	0.0000	0.0000
0.6316	0.6356	0.0000	0.0000
0.6326	0.6364	0.0000	0.0000
0.6336	0.6373	0.0000	0.0000
0.6346	0.6381	0.0000	0.0000
0.6356	0.6389	0.0000	0.0000
0.6366	0.6398	0.0000	0.0000
0.6376	0.6406	0.0000	0.0000
0.6386	0.6414	0.0000	0.0000
0.6396	0.6423	0.0000	0.0000
0.6406	0.6431	0.0000	0.0000
0.6416	0.6439	0.0000	0.0000
0.6426	0.6447	0.0000	0.0000
0.6436	0.6455	0.0000	0.0000
0.6446	0.6463	0.0000	0.0000
0.6456	0.6472	0.0000	0.0000
0.6466	0.6480	0.0000	0.0000
0.6476	0.6488	0.0000	0.0000
0.6486	0.6496	0.0000	0.0000
0.6496	0.6504	0.0000	0.0000
0.6507	0.6512	0.0000	0.0000
0.6517	0.6520	0.0000	0.0000
0.6527	0.6528	0.0000	0.0000
0.6537	0.6536	0.0000	0.0000
0.6547	0.6544	0.0000	0.0000
0.6557	0.6552	0.0000	0.0000
0.6567	0.6560	0.0000	0.0000
0.6577	0.6568	0.0000	0.0000
0.6587	0.6575	0.0000	0.0000
0.6597	0.6583	0.0000	0.0000
0.6607	0.6591	0.0000	0.0000
0.6617	0.6599	0.0000	0.0000
0.6627	0.6607	0.0000	0.0000
0.6637	0.6614	0.0000	0.0000
0.6647	0.6622	0.0000	0.0000
0.6657	0.6630	0.0000	0.0000
0.6667	0.6638	0.0000	0.0000
0.6677	0.6645	0.0000	0.0000
0.6687	0.6653	0.0000	0.0000
0.6697	0.6661	0.0000	0.0000
0.6707	0.6669	0.0000	0.0000
0.6717	0.6676	0.0000	0.0000
0.6727	0.6684	0.0000	0.0000
0.6737	0.6691	0.0000	0.0000
0.6747	0.6699	0.0000	0.0000
0.6757	0.6707	0.0000	0.0000
0.6767	0.6714	0.0000	0.0000
0.6777	0.6722	0.0000	0.0000
0.6787	0.6729	0.0000	0.0000
0.6797	0.6737	0.0000	0.0000
0.6807	0.6744	0.0000	0.0000
0.6817	0.6752	0.0000	0.0000
0.6827	0.6759	0.0000	0.0000
0.6837	0.6767	0.0000	0.0000
0.6847	0.6774	0.0000	0.0000
0.6857	0.6782	0.0000	0.0000
0.6867	0.6789	0.0000	0.0000
0.6877	0.6796	0.0000	0.0000
0.6887	0.6804	0.0000	0.0000
0.6897	0.6811	0.0000	0.0000
0.6907	0.6819	0.0000	0.0000
0.6917	0.6826	0.0000	0.0000
0.6927	0.6833	0.0000	0.0000
0.6937	0.6841	0.0000	0.0000
0.6947	0.6848	0.0000	0.0000
0.6957	0.6855	0.0000	0.0000
0.6967	0.6863	0.0000	0.0000
0.6977	0.6870	0.0000	0.0000
0.6987	0.6877	0.0000	0.0000
0.6997	0.6884	0.0000	0.0000
0.7007	0.6891	0.0000	0.0000
0.7017	0.6899	0.0000	0.0000
0.7027	0.6906	0.0000	0.0000
0.7037	0.6913	0.0000	0.0000
0.7047	0.6920	0.0000	0.0000
0.7057	0.6927	0.0000	0.0000
0.7067	0.6935	0.0000	0.0000
0.7077	0.6942	0.0000	0.0000
0.7087	0.6949	0.0000	0.0000
0.7097	0.6956	0.0000	0.0000
0.7107	0.6963	0.0000	0.0000
0.7117	0.6970	0.0000	0.0000
0.7127	0.6977	0.0000	0.0000
0.7137	0.6984	0.0000	0.0000
0.7147	0.6991	0.0000	0.0000
0.7157	0.6998	0.0000	0.0000
0.7167	0.7005	0.0000	0.0000
0.7177	0.7012	0.0000	0.0000
0.7187	0.7019	0.0000	0.0000
0.7197	0.7026	0.0000	0.0000
0.7207	0.7033	0.0000	0.0000
0.7217	0.7040	0.0000	0.0000
0.7227	0.7047	0.0000	0.0000
0.7237	0.7054	0.0000	0.0000
0.7247	0.7061	0.0000	0.0000
0.7257	0.7068	0.0000	0.0000
0.7267	0.7075	0.0000	0.0000
0.7277	0.7082	0.0000	0.0000
0.7287	0.7089	0.0000	0.0000
0.7297	0.7096	0.0000	0.0000
0.7307	0.7102	0.0000	0.0000
0.7317	0.7109	0.0000	0.0000
0.7327	0.7116	0.0000	0.0000
0.7337	0.7123	0.0000	0.0000
0.7347	0.7130	0.0000	0.0000
0.7357	0.7137	0.0000	0.0000
0.7367	0.7143	0.0000	0.0000
0.7377	0.7150	0.0000	0.0000
0.7387	0.7157	0.0000	0.0000
0.7397	0.7164	0.0000	0.0000
0.7407	0.7171	0.0000	0.0000
0.7417	0.7177	0.0000	0.0000
0.7427	0.7184	0.0000	0.0000
0.7437	0.7191	0.0000	0.0000
0.7447	0.7198	0.0000	0.0000
0.7457	0.7204	0.0000	0.0000
0.7467	0.7211	0.0000	0.0000
0.7477	0.7218	0.0000	0.0000
0.7487	0.7224	0.0000	0.0000
0.7497	0.7231	0.0000	0.0000
0.7508	0.7238	0.0000	0.0000
0.7518	0.7244	0.0000	0.0000
0.7528	0.7251	0.0000	0.0000
0.7538	0.7258	0.0000	0.0000
0.7548	0.7264	0.0000	0.0000
0.7558	0.7271	0.0000	0.0000
0.7568	0.7278	0.0000	0.0000
0.7578	0.7284	0.0000	0.0000
0.7588	0.7291	0.0000	0.0000
0.7598	0.7297	0.0000	0.0000
0.7608	0.7304	0.0000	0.0000
0.7618	0.7310	0.0000	0.0000
0.7628	0.7317	0.0000	0.0000
0.7638	0.7324	0.0000	0.0000
0.7648	0.7330	0.0000	0.0000
0.7658	0.7337	0.0000	0.0000
0.7668	0.7343	0.0000	0.0000
0.7678	0.7350	0.0000	0.0000
0.7688	0.7356	0.0000	0.0000
0.7698	0.7363	0.0000	0.0000
0.7708	0.7369	0.0000	0.0000
0.7718	0.7376	0.0000	0.0000
0.7728	0.7382	0.0000	0.0000
0.7738	0.7389	0.0000	0.0000
0.7748	0.7395	0.0000	0.0000
0.7758	0.7402	0.0000	0.0000
0.7768	0.7408	0.0000	0.0000
0.7778	0.7415	0.0000	0.0000
0.7788	0.7421	0.0000	0.0000
0.7798	0.7427	0.0000	0.0000
0.7808	0.7434	0.0000	0.0000
0.7818	0.7440	0.0000	0.0000
0.7828	0.7447	0.0000	0.0000
0.7838	0.7453	0.0000	0.0000
0.7848	0.7460	0.0000	0.0000
0.7858	0.7466	0.0000	0.0000
0.7868	0.7472	0.0000	0.0000
0.7878	0.7479	0.0000	0.0000
0.7888	0.7485	0.0000	0.0000
0.7898	0.7491	0.0000	0.0000
0.7908	0.7498	0.0000	0.0000
0.7918	0.7504	0.0000	0.0000
0.7928	0.7511	0.0000	0.0000
0.7938	0.7517	0.0000	0.0000
0.7948	0.7523	0.0000	0.0000
0.7958	0.7530	0.0000	0.0000
0.7968	0.7536	0.0000	0.0000
0.7978	0.7542	0.0000	0.0000
0.7988	0.7549	0.0000	0.0000
0.7998	0.7555	0.0000	0.0000
0.8008	0.7561	0.0000	0.0000
0.8018	0.7567	0.0000	0.0000
0.8028	0.7574	0.0000	0.0000
0.8038	0.7580	0.0000	0.0000
0.8048	0.7586	0.0000	0.0000
0.8058	0.7593	0.0000	0.0000
0.8068	0.7599	0.0000	0.0000
0.8078	0.7605	0.0000	0.0000
0.8088	0.7611	0.0000	0.0000
0.8098	0.7618	0.0000	0.0000
0.8108	0.7624	0.0000	0.0000
0.8118	0.7630	0.0000	0.0000
0.8128	0.7636	0.0000	0.0000
0.8138	0.7643	0.0000	0.0000
0.8148	0.7649	0.0000	0.0000
0.8158	0.7655	0.0000	0.0000
0.8168	0.7661	0.0000	0.0000
0.8178	0.7667	0.0000	0.0000
0.8188	0.7674	0.0000	0.0000
0.8198	0.7680	0.0000	0.0000
0.8208	0.7686	0.0000	0.0000
0.8218	0.7692	0.0000	0.0000
0.8228	0.7698	0.0000	0.0000
0.8238	0.7705	0.0000	0.0000
0.8248	0.7711	0.0000	0.0000
0.8258	0.7717	0.0000	0.0000
0.8268	0.7723	0.0000	0.0000
0.8278	0.7729	0.0000	0.0000
0.8288	0.7736	0.0000	0.0000
0.8298	0.7742	0.0000	0.0000
0.8308	0.7748	0.0000	0.0000
0.8318	0.7754	0.0000	0.0000
0.8328	0.7760	0.0000	0.0000
0.8338	0.7766	0.0000	0.0000
0.8348	0.7772	0.0000	0.0000
0.8358	0.7779	0.0000	0.0000
0.8368	0.7785	0.0000	0.0000
0.8378	0.7791	0.0000	0.0000
0.8388	0.7797	0.0000	0.0000
0.8398	0.7803	0.0000	0.0000
0.8408	0.7809	0.0000	0.0000
0.8418	0.7815	0.0000	0.0000
0.8428	0.7821	0.0000	0.0000
0.8438	0.7828	0.0000	0.0000
0.8448	0.7834	0.0000	0.0000
0.8458	0.7840	0.0000	0.0000
0.8468	0.7846	0.0000	0.0000
0.8478	0.7852	0.0000	0.0000
0.8488	0.7858	0.0000	0.0000
0.8498	0.7864	0.0000	0.0000
0.8509	0.7870	0.0000	0.0000
0.8519	0.7876	0.0000	0.0000
0.8529	0.7882	0.0000	0.0000
0.8539	0.7888	0.0000	0.0000
0.8549	0.7895	0.0000	0.0000
0.8559	0.7901	0.0000	0.0000
0.8569	0.7907	0.0000	0.0000
0.8579	0.7913	0.0000	0.0000
0.8589	0.7919	0.0000	0.0000
0.8599	0.7925	0.0000	0.0000
0.8609	0.7931	0.0000	0.0000
0.8619	0.7937	0.0000	0.0000
0.8629	0.7943	0.0000	0.0000
0.8639	0.7949	0.0000	0.0000
0.8649	0.7955	0.0000	0.0000
0.8659	0.7961	0.0000	0.0000
0.8669	0.7967	0.0000	0.0000
0.8679	0.7973	0.0000	0.0000
0.8689	0.7979	0.0000	0.0000
0.8699	0.7985	0.0000	0.0000
0.8709	0.7991	0.0000	0.0000
0.8719	0.7997	0.0000	0.0000
0.8729	0.8004	0.0000	0.0000
0.8739	0.8010	0.0000	0.0000
0.8749	0.8016	0.0000	0.0000
0.8759	0.8022	0.0000	0.0000
0.8769	0.8028	0.0000	0.0000
0.8779	0.8034	0.0000	0.0000
0.8789	0.8040	0.0000	0.0000
0.8799	0.8046	0.0000	0.0000
0.8809	0.8052	0.0000	0.0000
0.8819	0.8058	0.0000	0.0000
0.8829	0.8064	0.0000	0.0000
0.8839	0.8070	0.0000	0.0000
0.8849	0.8076	0.0000	0.0000
0.8859	0.8082	0.0000	0.0000
0.8869	0.8088	0.0000	0.0000
0.8879	0.8094	0.0000	0.0000
0.8889	0.8100	0.0000	0.0000
0.8899	0.8106	0.0000	0.0000
0.8909	0.8112	0.0000	0.0000
0.8919	0.8118	0.0000	0.0000
0.8929	0.8124	0.0000	0.0000
0.8939	0.8130	0.0000	0.0000
0.8949	0.8136	0.0000	0.0000
0.8959	0.8142	0.0000	0.0000
0.8969	0.8148	0.0000	0.0000
0.8979	0.8154	0.0000	0.0000
0.8989	0.8160	0.0000	0.0000
0.8999	0.8166	0.0000	0.0000
0.9009	0.8172	0.0000	0.0000
0.9019	0.8178	0.0000	0.0000
0.9029	0.8184	0.0000	0.0000
0.9039	0.8190	0.0000	0.0000
0.9049	0.8196	0.0000	0.0000
0.9059	0.8202	0.0000	0.0000
0.9069	0.8208	0.0000	0.0000
0.9079	0.8214	0.0000	0.0000
0.9089	0.8220	0.0000	0.0000
0.9099	0.8226	0.0000	0.0000
0.9109	0.8232	0.0000	0.0000
0.9119	0.8238	0.0000	0.0000
0.9129	0.8244	0.0000	0.0000
0.9139	0.8250	0.0000	0.0000
0.9149	0.8256	0.0000	0.0000
0.9159	0.8262	0.0000	0.0000
0.9169	0.8268	0.0000	0.0000
0.9179	0.8274	0.0000	0.0000
0.9189	0.8280	0.0000	0.0000
0.9199	0.8286	0.0000	0.0000
0.9209	0.8292	0.0000	0.0000
0.9219	0.8298	0.0000	0.0000
0.9229	0.8304	0.0000	0.0000
0.9239	0.8310	0.0000	0.0000
0.9249	0.8316	0.0000	0.0000
0.9259	0.8322	0.0000	0.0000
0.9269	0.8328	0.0000	0.0000
0.9279	0.8334	0.0000	0.0000
0.9289	0.8340	0.0000	0.0000
0.9299	0.8346	0.0000	0.0000
0.9309	0.8352	0.0000	0.0000
0.9319	0.8358	0.0000	0.0000
0.9329	0.8364	0.0000	0.0000
0.9339	0.8370	0.0000	0.0000
0.9349	0.8376	0.0000	0.0000
0.9359	0.8382	0.0000	0.0000
0.9369	0.8388	0.0000	0.0000
0.9379	0.8394	0.0000	0.0000
0.9389	0.8400	0.0000	0.0000
0.9399	0.8406	0.0000	0.0000
0.9409	0.8412	0.0000	0.0000
0.9419	0.8418	0.0000	0.0000
0.9429	0.8424	0.0000	0.0000
0.9439	0.8430	0.0000	0.0000
0.9449	0.8436	0.0000	0.0000
0.9459	0.8442	0.0000	0.0000
0.9469	0.8448	0.0000	0.0000
0.9479	0.8455	0.0000	0.0000
0.9489	0.8461	0.0000	0.0000
0.9499	0.8467	0.0000	0.0000
0.9510	0.8473	0.0000	0.0000
0.9520	0.8479	0.0000	0.0000
0.9530	0.8485	0.0000	0.0000
0.9540	0.8491	0.0000	0.0000
0.9550	0.8497	0.0000	0.0000
0.9560	0.8503	0.0000	0.0000
0.9570	0.8509	0.0000	0.0000
0.9580	0.8515	0.0000	0.0000
0.9590	0.8521	0.0000	0.0000
0.9600	0.8527	0.0000	0.0000
0.9610	0.8533	0.0000	0.0000
0.9620	0.8539	0.0000	0.0000
0.9630	0.8545	0.0000	0.0000
0.9640	0.8551	0.0000	0.0000
0.9650	0.8558	0.0000	0.0000
0.9660	0.8564	0.0000	0.0000
0.9670	0.8570	0.0000	0.0000
0.9680	0.8576	0.0000	0.0000
0.9690	0.8582	0.0000	0.0000
0.9700	0.8588	0.0000	0.0000
0.9710	0.8594	0.0000	0.0000
0.9720	0.8600	0.0000	0.0000
0.9730	0.8606	0.0000	0.0000
0.9740	0.8612	0.0000	0.0000
0.9750	0.8618	0.0000	0.0000
0.9760	0.8625	0.0000	0.0000
0.9770	0.8631	0.0000	0.0000
0.9780	0.8637	0.0000	0.0000
0.9790	0.8643	0.0000	0.0000
0.9800	0.8649	0.0000	0.0000
0.9810	0.8655	0.0000	0.0000
0.9820	0.8661	0.0000	0.0000
0.9830	0.8667	0.0000	0.0000
0.9840	0.8674	0.0000	0.0000
0.9850	0.8680	0.0000	0.0000
0.9860	0.8686	0.0000	0.0000
0.9870	0.8692	0.0000	0.0000
0.9880	0.8698	0.0000	0.0000
0.9890	0.8704	0.0000	0.0000
0.9900	0.8711	0.0000	0.0000
0.9910	0.8717	0.0000	0.0000
0.9920	0.8723	0.0000	0.0000
0.9930	0.8729	0.0000	0.0000
0.9940	0.8735	0.0000	0.0000
0.9950	0.8742	0.0000	0.0000
0.9960	0.8748	0.0000	0.0000
0.9970	0.8754	0.0000	0.0000
0.9980	0.8760	0.0000	0.0000
0.9990	0.8766	0.0000	0.0000
1.0000	0.8773	0.0000	0.0000
0.3473
0.5005
0.6537
