0.0000	0.1323	0.0000	0.0000
0.0010	0.1330	0.0000	0.0000
0.0020	0.1336	0.0000	0.0000
0.0030	0.1342	0.0000	0.0000
0.0040	0.1348	0.0000	0.0000
0.0050	0.1355	0.0000	0.0000
0.0060	0.1361	0.0000	0.0000
0.0070	0.1367	0.0000	0.0000
0.0080	0.1374	0.0000	0.0000
0.0090	0.1380	0.0000	0.0000
0.0100	0.1386	0.0000	0.0000
0.0110	0.1392	0.0000	0.0000
0.0120	0.1399	0.0000	0.0000
0.0130	0.1405	0.0000	0.0000
0.0140	0.1411	0.0000	0.0000
0.0150	0.1417	0.0000	0.0000
0.0160	0.1424	0.0000	0.0000
0.0170	0.1430	0.0000	0.0000
0.0180	0.1436	0.0000	0.0000
0.0190	0.1442	0.0000	0.0000
0.0200	0.1449	0.0000	0.0000
0.0210	0.1455	0.0000	0.0000
0.0220	0.1461	0.0000	0.0000
0.0230	0.1467	0.0000	0.0000
0.0240	0.1473	0.0000	0.0000
0.0250	0.1480	0.0000	0.0000
0.0260	0.1486	0.0000	0.0000
0.0270	0.1492	0.0000	0.0000
0.0280	0.1498	0.0000	0.0000
0.0290	0.1504	0.0000	0.0000
0.0300	0.1510	0.0000	0.0000
0.0310	0.1517	0.0000	0.0000
0.0320	0.1523	0.0000	0.0000
0.0330	0.1529	0.0000	0.0000
0.0340	0.1535	0.0000	0.0000
0.0350	0.1541	0.0000	0.0000
0.0360	0.1547	0.0000	0.0000
0.0370	0.1554	0.0000	0.0000
0.0380	0.1560	0.0000	0.0000
0.0390	0.1566	0.0000	0.0000
0.0400	0.1572	0.0000	0.0000
0.0410	0.1578	0.0000	0.0000
0.0420	0.1584	0.0000	0.0000
0.0430	0.1590	0.0000	0.0000
0.0440	0.1597	0.0000	0.0000
0.0450	0.1603	0.0000	0.0000
0.0460	0.1609	0.0000	0.0000
0.0470	0.1615	0.0000	0.0000
0.0480	0.1621	0.0000	0.0000
0.0490	0.1627	0.0000	0.0000
0.0501	0.1633	0.0000	0.0000
0.0511	0.1639	0.0000	0.0000
0.0521	0.1645	0.0000	0.0000
0.0531	0.1651	0.0000	0.0000
0.0541	0.1658	0.0000	0.0000
0.0551	0.1664	0.0000	0.0000
0.0561	0.1670	0.0000	0.0000
0.0571	0.1676	0.0000	0.0000
0.0581	0.1682	0.0000	0.0000
0.0591	0.1688	0.0000	0.0000
0.0601	0.1694	0.0000	0.0000
0.0611	0.1700	0.0000	0.0000
0.0621	0.1706	0.0000	0.0000
0.0631	0.1712	0.0000	0.0000
0.0641	0.1718	0.0000	0.0000
0.0651	0.1724	0.0000	0.0000
0.0661	0.1730	0.0000	0.0000
0.0671	0.1736	0.0000	0.0000
0.0681	0.1743	0.0000	0.0000
0.0691	0.1749	0.0000	0.0000
0.0701	0.1755	0.0000	0.0000
0.0711	0.1761	0.0000	0.0000
0.0721	0.1767	0.0000	0.0000
0.0731	0.1773	0.0000	0.0000
0.0741	0.1779	0.0000	0.0000
0.0751	0.1785	0.0000	0.0000
0.0761	0.1791	0.0000	0.0000
0.0771	0.1797	0.0000	0.0000
0.0781	0.1803	0.0000	0.0000
0.0791	0.1809	0.0000	0.0000
0.0801	0.1815	0.0000	0.0000
0.0811	0.1821	0.0000	0.0000
0.0821	0.1827	0.0000	0.0000
0.0831	0.1833	0.0000	0.0000
0.0841	0.1839	0.0000	0.0000
0.0851	0.1845	0.0000	0.0000
0.0861	0.1851	0.0000	0.0000
0.0871	0.1857	0.0000	0.0000
0.0881	0.1863	0.0000	0.0000
0.0891	0.1869	0.0000	0.0000
0.0901	0.1875	0.0000	0.0000
0.0911	0.1881	0.0000	0.0000
0.0921	0.1887	0.0000	0.0000
0.0931	0.1893	0.0000	0.0000
0.0941	0.1899	0.0000	0.0000
0.0951	0.1905	0.0000	0.0000
0.0961	0.1911	0.0000	0.0000
0.0971	0.1917	0.0000	0.0000
0.0981	0.1923	0.0000	0.0000
0.0991	0.1930	0.0000	0.0000
0.1001	0.1936	0.0000	0.0000
0.1011	0.1942	0.0000	0.0000
0.1021	0.1948	0.0000	0.0000
0.1031	0.1954	0.0000	0.0000
0.1041	0.1960	0.0000	0.0000
0.1051	0.1966	0.0000	0.0000
0.1061	0.1972	0.0000	0.0000
0.1071	0.1978	0.0000	0.0000
0.1081	0.1984	0.0000	0.0000
0.1091	0.1990	0.0000	0.0000
0.1101	0.1996	0.0000	0.0000
0.1111	0.2002	0.0000	0.0000
0.1121	0.2008	0.0000	0.0000
0.1131	0.2014	0.0000	0.0000
0.1141	0.2020	0.0000	0.0000
0.1151	0.2026	0.0000	0.0000
0.1161	0.2032	0.0000	0.0000
0.1171	0.2038	0.0000	0.0000
0.1181	0.2044	0.0000	0.0000
0.1191	0.2050	0.0000	0.0000
0.1201	0.2056	0.0000	0.0000
0.1211	0.2062	0.0000	0.0000
0.1221	0.2068	0.0000	0.0000
0.1231	0.2074	0.0000	0.0000
0.1241	0.2080	0.0000	0.0000
0.1251	0.2086	0.0000	0.0000
0.1261	0.2092	0.0000	0.0000
0.1271	0.2098	0.0000	0.0000
0.1281	0.2104	0.0000	0.0000
0.1291	0.2110	0.0000	0.0000
0.1301	0.2116	0.0000	0.0000
0.1311	0.2122	0.0000	0.0000
0.1321	0.2128	0.0000	0.0000
0.1331	0.2134	0.0000	0.0000
0.1341	0.2140	0.0000	0.0000
0.1351	0.2146	0.0000	0.0000
0.1361	0.2152	0.0000	0.0000
0.1371	0.2158	0.0000	0.0000
0.1381	0.2164	0.0000	0.0000
0.1391	0.2170	0.0000	0.0000
0.1401	0.2176	0.0000	0.0000
0.1411	0.2182	0.0000	0.0000
0.1421	0.2188	0.0000	0.0000
0.1431	0.2194	0.0000	0.0000
0.1441	0.2200	0.0000	0.0000
0.1451	0.2206	0.0000	0.0000
0.1461	0.2212	0.0000	0.0000
0.1471	0.2218	0.0000	0.0000
0.1481	0.2224	0.0000	0.0000
0.1491	0.2230	0.0000	0.0000
0.1502	0.2236	0.0000	0.0000
0.1512	0.2242	0.0000	0.0000
0.1522	0.2249	0.0000	0.0000
0.1532	0.2255	0.0000	0.0000
0.1542	0.2261	0.0000	0.0000
0.1552	0.2267	0.0000	0.0000
0.1562	0.2273	0.0000	0.0000
0.1572	0.2279	0.0000	0.0000
0.1582	0.2285	0.0000	0.0000
0.1592	0.2291	0.0000	0.0000
0.1602	0.2297	0.0000	0.0000
0.1612	0.2303	0.0000	0.0000
0.1622	0.2309	0.0000	0.0000
0.1632	0.2315	0.0000	0.0000
0.1642	0.2321	0.0000	0.0000
0.1652	0.2327	0.0000	0.0000
0.1662	0.2333	0.0000	0.0000
0.1672	0.2339	0.0000	0.0000
0.1682	0.2346	0.0000	0.0000
0.1692	0.2352	0.0000	0.0000
0.1702	0.2358	0.0000	0.0000
0.1712	0.2364	0.0000	0.0000
0.1722	0.2370	0.0000	0.0000
0.1732	0.2376	0.0000	0.0000
0.1742	0.2382	0.0000	0.0000
0.1752	0.2388	0.0000	0.0000
0.1762	0.2394	0.0000	0.0000
0.1772	0.2400	0.0000	0.0000
0.1782	0.2407	0.0000	0.0000
0.1792	0.2413	0.0000	0.0000
0.1802	0.2419	0.0000	0.0000
0.1812	0.2425	0.0000	0.0000
0.1822	0.2431	0.0000	0.0000
0.1832	0.2437	0.0000	0.0000
0.1842	0.2443	0.0000	0.0000
0.1852	0.2449	0.0000	0.0000
0.1862	0.2456	0.0000	0.0000
0.1872	0.2462	0.0000	0.0000
0.1882	0.2468	0.0000	0.0000
0.1892	0.2474	0.0000	0.0000
0.1902	0.2480	0.0000	0.0000
0.1912	0.2486	0.0000	0.0000
0.1922	0.2492	0.0000	0.0000
0.1932	0.2499	0.0000	0.0000
0.1942	0.2505	0.0000	0.0000
0.1952	0.2511	0.0000	0.0000
0.1962	0.2517	0.0000	0.0000
0.1972	0.2523	0.0000	0.0000
0.1982	0.2530	0.0000	0.0000
0.1992	0.2536	0.0000	0.0000
0.2002	0.2542	0.0000	0.0000
0.2012	0.2548	0.0000	0.0000
0.2022	0.2554	0.0000	0.0000
0.2032	0.2561	0.0000	0.0000
0.2042	0.2567	0.0000	0.0000
0.2052	0.2573	0.0000	0.0000
0.2062	0.2579	0.0000	0.0000
0.2072	0.2585	0.0000	0.0000
0.2082	0.2592	0.0000	0.0000
0.2092	0.2598	0.0000	0.0000
0.2102	0.2604	0.0000	0.0000
0.2112	0.2610	0.0000	0.0000
0.2122	0.2617	0.0000	0.0000
0.2132	0.2623	0.0000	0.0000
0.2142	0.2629	0.0000	0.0000
0.2152	0.2635	0.0000	0.0000
0.2162	0.2642	0.0000	0.0000
0.2172	0.2648	0.0000	0.0000
0.2182	0.2654	0.0000	0.0000
0.2192	0.2661	0.0000	0.0000
0.2202	0.2667	0.0000	0.0000
0.2212	0.2673	0.0000	0.0000
0.2222	0.2679	0.0000	0.0000
0.2232	0.2686	0.0000	0.0000
0.2242	0.2692	0.0000	0.0000
0.2252	0.2698	0.0000	0.0000
0.2262	0.2705	0.0000	0.0000
0.2272	0.2711	0.0000	0.0000
0.2282	0.2717	0.0000	0.0000
0.2292	0.2724	0.0000	0.0000
0.2302	0.2730	0.0000	0.0000
0.2312	0.2737	0.0000	0.0000
0.2322	0.2743	0.0000	0.0000
0.2332	0.2749	0.0000	0.0000
0.2342	0.2756	0.0000	0.0000
0.2352	0.2762	0.0000	0.0000
0.2362	0.2768	0.0000	0.0000
0.2372	0.2775	0.0000	0.0000
0.2382	0.2781	0.0000	0.0000
0.2392	0.2788	0.0000	0.0000
0.2402	0.2794	0.0000	0.0000
0.2412	0.2801	0.0000	0.0000
0.2422	0.2807	0.0000	0.0000
0.2432	0.2813	0.0000	0.0000
0.2442	0.2820	0.0000	0.0000
0.2452	0.2826	0.0000	0.0000
0.2462	0.2833	0.0000	0.0000
0.2472	0.2839	0.0000	0.0000
0.2482	0.2846	0.0000	0.0000
0.2492	0.2852	0.0000	0.0000
0.2503	0.2859	0.0000	0.0000
0.2513	0.2865	0.0000	0.0000
0.2523	0.2872	0.0000	0.0000
0.2533	0.2878	0.0000	0.0000
0.2543	0.2885	0.0000	0.0000
0.2553	0.2891	0.0000	0.0000
0.2563	0.2898	0.0000	0.0000
0.2573	0.2904	0.0000	0.0000
0.2583	0.2911	0.0000	0.0000
0.2593	0.2918	0.0000	0.0000
0.2603	0.2924	0.0000	0.0000
0.2613	0.2931	0.0000	0.0000
0.2623	0.2937	0.0000	0.0000
0.2633	0.2944	0.0000	0.0000
0.2643	0.2951	0.0000	0.0000
0.2653	0.2957	0.0000	0.0000
0.2663	0.2964	0.0000	0.0000
0.2673	0.2971	0.0000	0.0000
0.2683	0.2977	0.0000	0.0000
0.2693	0.2984	0.0000	0.0000
0.2703	0.2990	0.0000	0.0000
0.2713	0.2997	0.0000	0.0000
0.2723	0.3004	0.0000	0.0000
0.2733	0.3011	0.0000	0.0000
0.2743	0.3017	0.0000	0.0000
0.2753	0.3024	0.0000	0.0000
0.2763	0.3031	0.0000	0.0000
0.2773	0.3037	0.0000	0.0000
0.2783	0.3044	0.0000	0.0000
0.2793	0.3051	0.0000	0.0000
0.2803	0.3058	0.0000	0.0000
0.2813	0.3064	0.0000	0.0000
0.2823	0.3071	0.0000	0.0000
0.2833	0.3078	0.0000	0.0000
0.2843	0.3085	0.0000	0.0000
0.2853	0.3092	0.0000	0.0000
0.2863	0.3099	0.0000	0.0000
0.2873	0.3105	0.0000	0.0000
0.2883	0.3112	0.0000	0.0000
0.2893	0.3119	0.0000	0.0000
0.2903	0.3126	0.0000	0.0000
0.2913	0.3133	0.0000	0.0000
0.2923	0.3140	0.0000	0.0000
0.2933	0.3147	0.0000	0.0000
0.2943	0.3154	0.0000	0.0000
0.2953	0.3160	0.0000	0.0000
0.2963	0.3167	0.0000	0.0000
0.2973	0.3174	0.0000	0.0000
0.2983	0.3181	0.0000	0.0000
0.2993	0.3188	0.0000	0.0000
0.3003	0.3195	0.0000	0.0000
0.3013	0.3202	0.0000	0.0000
0.3023	0.3209	0.0000	0.0000
0.3033	0.3216	0.0000	0.0000
0.3043	0.3223	0.0000	0.0000
0.3053	0.3230	0.0000	0.0000
0.3063	0.3237	0.0000	0.0000
0.3073	0.3245	0.0000	0.0000
0.3083	0.3252	0.0000	0.0000
0.3093	0.3259	0.0000	0.0000
0.3103	0.3266	0.0000	0.0000
0.3113	0.3273	0.0000	0.0000
0.3123	0.3280	0.0000	0.0000
0.3133	0.3287	0.0000	0.0000
0.3143	0.3294	0.0000	0.0000
0.3153	0.3302	0.0000	0.0000
0.3163	0.3309	0.0000	0.0000
0.3173	0.3316	0.0000	0.0000
0.3183	0.3323	0.0000	0.0000
0.3193	0.3330	0.0000	0.0000
0.3203	0.3338	0.0000	0.0000
0.3213	0.3345	0.0000	0.0000
0.3223	0.3352	0.0000	0.0000
0.3233	0.3359	0.0000	0.0000
0.3243	0.3367	0.0000	0.0000
0.3253	0.3374	0.0000	0.0000
0.3263	0.3381	0.0000	0.0000
0.3273	0.3389	0.0000	0.0000
0.3283	0.3396	0.0000	0.0000
0.3293	0.3403	0.0000	0.0000
0.3303	0.3411	0.0000	0.0000
0.3313	0.3418	0.0000	0.0000
0.3323	0.3426	0.0000	0.0000
0.3333	0.3433	0.0000	0.0000
0.3343	0.3441	0.0000	0.0000
0.3353	0.3448	0.0000	0.0000
0.3363	0.3456	0.0000	0.0000
0.3373	0.3463	0.0000	0.0000
0.3383	0.3471	0.0000	0.0000
0.3393	0.3478	0.0000	0.0000
0.3403	0.3486	0.0000	0.0000
0.3413	0.3493	0.0000	0.0000
0.3423	0.3501	0.0000	0.0000
0.3433	0.3508	0.0000	0.0000
0.3443	0.3516	0.0000	0.0000
0.3453	0.3524	0.0000	0.0000
0.3463	0.3531	0.0000	0.0000
0.3473	0.3539	0.0000	0.0000
0.3483	0.3547	0.0000	0.0000
0.3493	0.3554	0.0000	0.0000
0.3504	0.3562	0.0000	0.0000
0.3514	0.3570	0.0000	0.0000
0.3524	0.3577	0.0000	0.0000
0.3534	0.3585	0.0000	0.0000
0.3544	0.3593	0.0000	0.0000
0.3554	0.3601	0.0000	0.0000
0.3564	0.3609	0.0000	0.0000
0.3574	0.3616	0.0000	0.0000
0.3584	0.3624	0.0000	0.0000
0.3594	0.3632	0.0000	0.0000
0.3604	0.3640	0.0000	0.0000
0.3614	0.3648	0.0000	0.0000
0.3624	0.3656	0.0000	0.0000
0.3634	0.3664	0.0000	0.0000
0.3644	0.3672	0.0000	0.0000
0.3654	0.3680	0.0000	0.0000
0.3664	0.3688	0.0000	0.0000
0.3674	0.3696	0.0000	0.0000
0.3684	0.3704	0.0000	0.0000
0.3694	0.3712	0.0000	0.0000
0.3704	0.3720	0.0000	0.0000
0.3714	0.3728	0.0000	0.0000
0.3724	0.3736	0.0000	0.0000
0.3734	0.3744	0.0000	0.0000
0.3744	0.3752	0.0000	0.0000
0.3754	0.3761	0.0000	0.0000
0.3764	0.3769	0.0000	0.0000
0.3774	0.3777	0.0000	0.0000
0.3784	0.3785	0.0000	0.0000
0.3794	0.3794	0.0000	0.0000
0.3804	0.3802	0.0000	0.0000
0.3814	0.3810	0.0000	0.0000
0.3824	0.3818	0.0000	0.0000
0.3834	0.3827	0.0000	0.0000
0.3844	0.3835	0.0000	0.0000
0.3854	0.3844	0.0000	0.0000
0.3864	0.3852	0.0000	0.0000
0.3874	0.3860	0.0000	0.0000
0.3884	0.3869	0.0000	0.0000
0.3894	0.3877	0.0000	0.0000
0.3904	0.3886	0.0000	0.0000
0.3914	0.3894	0.0000	0.0000
0.3924	0.3903	0.0000	0.0000
0.3934	0.3912	0.0000	0.0000
0.3944	0.3920	0.0000	0.0000
0.3954	0.3929	0.0000	0.0000
0.3964	0.3937	0.0000	0.0000
0.3974	0.3946	0.0000	0.0000
0.3984	0.3955	0.0000	0.0000
0.3994	0.3964	0.0000	0.0000
0.4004	0.3972	0.0000	0.0000
0.4014	0.3981	0.0000	0.0000
0.4024	0.3990	0.0000	0.0000
0.4034	0.3999	0.0000	0.0000
0.4044	0.4008	0.0000	0.0000
0.4054	0.4016	0.0000	0.0000
0.4064	0.4025	0.0000	0.0000
0.4074	0.4034	0.0000	0.0000
0.4084	0.4043	0.0000	0.0000
0.4094	0.4052	0.0000	0.0000
0.4104	0.4061	0.0000	0.0000
0.4114	0.4070	0.0000	0.0000
0.4124	0.4079	0.0000	0.0000
0.4134	0.4088	0.0000	0.0000
0.4144	0.4097	0.0000	0.0000
0.4154	0.4107	0.0000	0.0000
0.4164	0.4116	0.0000	0.0000
0.4174	0.4125	0.0000	0.0000
0.4184	0.4134	0.0000	0.0000
0.4194	0.4143	0.0000	0.0000
0.4204	0.4153	0.0000	0.0000
0.4214	0.4162	0.0000	0.0000
0.4224	0.4171	0.0000	0.0000
0.4234	0.4181	0.0000	0.0000
0.4244	0.4190	0.0000	0.0000
0.4254	0.4199	0.0000	0.0000
0.4264	0.4209	0.0000	0.0000
0.4274	0.4218	0.0000	0.0000
0.4284	0.4228	0.0000	0.0000
0.4294	0.4237	0.0000	0.0000
0.4304	0.4247	0.0000	0.0000
0.4314	0.4257	0.0000	0.0000
0.4324	0.4266	0.0000	0.0000
0.4334	0.4276	0.0000	0.0000
0.4344	0.4285	0.0000	0.0000
0.4354	0.4295	0.0000	0.0000
0.4364	0.4305	0.0000	0.0000
0.4374	0.4315	0.0000	0.0000
0.4384	0.4325	0.0000	0.0000
0.4394	0.4334	0.0000	0.0000
0.4404	0.4344	0.0000	0.0000
0.4414	0.4354	0.0000	0.0000
0.4424	0.4364	0.0000	0.0000
0.4434	0.4374	0.0000	0.0000
0.4444	0.4384	0.0000	0.0000
0.4454	0.4394	0.0000	0.0000
0.4464	0.4404	0.0000	0.0000
0.4474	0.4414	0.0000	0.0000
0.4484	0.4424	0.0000	0.0000
0.4494	0.4435	0.0000	0.0000
0.4505	0.4445	0.0000	0.0000
0.4515	0.4455	0.0000	0.0000
0.4525	0.4465	0.0000	0.0000
0.4535	0.4476	0.0000	0.0000
0.4545	0.4486	0.0000	0.0000
0.4555	0.4496	0.0000	0.0000
0.4565	0.4507	0.0000	0.0000
0.4575	0.4517	0.0000	0.0000
0.4585	0.4528	0.0000	0.0000
0.4595	0.4538	0.0000	0.0000
0.4605	0.4549	0.0000	0.0000
0.4615	0.4560	0.0000	0.0000
0.4625	0.4570	0.0000	0.0000
0.4635	0.4581	0.0000	0.0000
0.4645	0.4592	0.0000	0.0000
0.4655	0.4602	0.0000	0.0000
0.4665	0.4613	0.0000	0.0000
0.4675	0.4624	0.0000	0.0000
0.4685	0.4635	0.0000	0.0000
0.4695	0.4646	0.0000	0.0000
0.4705	0.4657	0.0000	0.0000
0.4715	0.4668	0.0000	0.0000
0.4725	0.4679	0.0000	0.0000
0.4735	0.4690	0.0000	0.0000
0.4745	0.4701	0.0000	0.0000
0.4755	0.4712	0.0000	0.0000
0.4765	0.4723	0.0000	0.0000
0.4775	0.4735	0.0000	0.0000
0.4785	0.4746	0.0000	0.0000
0.4795	0.4757	0.0000	0.0000
0.4805	0.4768	0.0000	0.0000
0.4815	0.4780	0.0000	0.0000
0.4825	0.4791	0.0000	0.0000
0.4835	0.4803	0.0000	0.0000
0.4845	0.4814	0.0000	0.0000
0.4855	0.4826	0.0000	0.0000
0.4865	0.4838	0.0000	0.0000
0.4875	0.4849	0.0000	0.0000
0.4885	0.4861	0.0000	0.0000
0.4895	0.4873	0.0000	0.0000
0.4905	0.4885	0.0000	0.0000
0.4915	0.4896	0.0000	0.0000
0.4925	0.4908	0.0000	0.0000
0.4935	0.4920	0.0000	0.0000
0.4945	0.4932	0.0000	0.0000
0.4955	0.4944	0.0000	0.0000
0.4965	0.4956	0.0000	0.0000
0.4975	0.4969	0.0000	0.0000
0.4985	0.4981	0.0000	0.0000
0.4995	0.4993	0.0000	0.0000
0.5005	0.5005	0.0000	0.0000
0.5015	0.5017	0.0000	0.0000
0.5025	0.5030	0.0000	0.0000
0.5035	0.5042	0.0000	0.0000
0.5045	0.5054	0.0000	0.0000
0.5055	0.5066	0.0000	0.0000
0.5065	0.5078	0.0000	0.0000
0.5075	0.5090	0.0000	0.0000
0.5085	0.5102	0.0000	0.0000
0.5095	0.5114	0.0000	0.0000
0.5105	0.5125	0.0000	0.0000
0.5115	0.5137	0.0000	0.0000
0.5125	0.5149	0.0000	0.0000
0.5135	0.5161	0.0000	0.0000
0.5145	0.5172	0.0000	0.0000
0.5155	0.5184	0.0000	0.0000
0.5165	0.5195	0.0000	0.0000
0.5175	0.5207	0.0000	0.0000
0.5185	0.5218	0.0000	0.0000
0.5195	0.5230	0.0000	0.0000
0.5205	0.5241	0.0000	0.0000
0.5215	0.5252	0.0000	0.0000
0.5225	0.5264	0.0000	0.0000
0.5235	0.5275	0.0000	0.0000
0.5245	0.5286	0.0000	0.0000
0.5255	0.5297	0.0000	0.0000
0.5265	0.5308	0.0000	0.0000
0.5275	0.5319	0.0000	0.0000
0.5285	0.5330	0.0000	0.0000
0.5295	0.5341	0.0000	0.0000
0.5305	0.5352	0.0000	0.0000
0.5315	0.5363	0.0000	0.0000
0.5325	0.5374	0.0000	0.0000
0.5335	0.5385	0.0000	0.0000
0.5345	0.5396	0.0000	0.0000
0.5355	0.5407	0.0000	0.0000
0.5365	0.5417	0.0000	0.0000
0.5375	0.5428	0.0000	0.0000
0.5385	0.5439	0.0000	0.0000
0.5395	0.5449	0.0000	0.0000
0.5405	0.5460	0.0000	0.0000
0.5415	0.5470	0.0000	0.0000
0.5425	0.5481	0.0000	0.0000
0.5435	0.5491	0.0000	0.0000
0.5445	0.5502	0.0000	0.0000
0.5455	0.5512	0.0000	0.0000
0.5465	0.5522	0.0000	0.0000
0.5475	0.5533	0.0000	0.0000
0.5485	0.5543	0.0000	0.0000
0.5495	0.5553	0.0000	0.0000
0.5506	0.5563	0.0000	0.0000
0.5516	0.5574	0.0000	0.0000
0.5526	0.5584	0.0000	0.0000
0.5536	0.5594	0.0000	0.0000
0.5546	0.5604	0.0000	0.0000
0.5556	0.5614	0.0000	0.0000
0.5566	0.5624	0.0000	0.0000
0.5576	0.5634	0.0000	0.0000
0.5586	0.5644	0.0000	0.0000
0.5596	0.5654	0.0000	0.0000
0.5606	0.5664	0.0000	0.0000
0.5616	0.5674	0.0000	0.0000
0.5626	0.5683	0.0000	0.0000
0.5636	0.5693	0.0000	0.0000
0.5646	0.5703	0.0000	0.0000
0.5656	0.5713	0.0000	0.0000
0.5666	0.5722	0.0000	0.0000
0.5676	0.5732	0.0000	0.0000
0.5686	0.5742	0.0000	0.0000
0.5696	0.5751	0.0000	0.0000
0.5706	0.5761	0.0000	0.0000
0.5716	0.5770	0.0000	0.0000
0.5726	0.5780	0.0000	0.0000
0.5736	0.5789	0.0000	0.0000
0.5746	0.5799	0.0000	0.0000
0.5756	0.5808	0.0000	0.0000
0.5766	0.5817	0.0000	0.0000
0.5776	0.5827	0.0000	0.0000
0.5786	0.5836	0.0000	0.0000
0.5796	0.5845	0.0000	0.0000
0.5806	0.5855	0.0000	0.0000
0.5816	0.5864	0.0000	0.0000
0.5826	0.5873	0.0000	0.0000
0.5836	0.5882	0.0000	0.0000
0.5846	0.5892	0.0000	0.0000
0.5856	0.5901	0.0000	0.0000
0.5866	0.5910	0.0000	0.0000
0.5876	0.5919	0.0000	0.0000
0.5886	0.5928	0.0000	0.0000
0.5896	0.5937	0.0000	0.0000
0.5906	0.5946	0.0000	0.0000
0.5916	0.5955	0.0000	0.0000
0.5926	0.5964	0.0000	0.0000
0.5936	0.5973	0.0000	0.0000
0.5946	0.5982	0.0000	0.0000
0.5956	0.5991	0.0000	0.0000
0.5966	0.5999	0.0000	0.0000
0.5976	0.6008	0.0000	0.0000
0.5986	0.6017	0.0000	0.0000
0.5996	0.6026	0.0000	0.0000
0.6006	0.6035	0.0000	0.0000
0.6016	0.6043	0.0000	0.0000
0.6026	0.6052	0.0000	0.0000
0.6036	0.6061	0.0000	0.0000
0.6046	0.6069	0.0000	0.0000
0.6056	0.6078	0.0000	0.0000
0.6066	0.6086	0.0000	0.0000
0.6076	0.6095	0.0000	0.0000
0.6086	0.6104	0.0000	0.0000
0.6096	0.6112	0.0000	0.0000
0.6106	0.6121	0.0000	0.0000
0.6116	0.6129	0.0000	0.0000
0.6126	0.6138	0.0000	0.0000
0.6136	0.6146	0.0000	0.0000
0.6146	0.6154	0.0000	0.0000
0.6156	0.6163	0.0000	0.0000
0.6166	0.6171	0.0000	0.0000
0.6176	0.6180	0.0000	0.0000
0.6186	0.6188	0.0000	0.0000
0.6196	0.6196	0.0000	0.0000
0.6206	0.6205	0.0000	0.0000
0.6216	0.6213	0.0000	0.0000
0.6226	0.6221	0.0000	0.0000
0.6236	0.6229	0.0000	0.0000
0.6246	0.6237	0.0000	0.0000
0.6256	0.6246	0.0000	0.0000
0.6266	0.6254	0.0000	0.0000
0.6276	0.6262	0.0000	0.0000
0.6286	0.6270	0.0000	0.0000
0.6296	0.6278	0.0000	0.0000
0.6306	0.6286	0.0000	0.0000
0.6316	0.6294	0.0000	0.0000
0.6326	0.6302	0.0000	0.0000
0.6336	0.6310	0.0000	0.0000
0.6346	0.6318	0.0000	0.0000
0.6356	0.6326	0.0000	0.0000
0.6366	0.6334	0.0000	0.0000
0.6376	0.6342	0.0000	0.0000
0.6386	0.6350	0.0000	0.0000
0.6396	0.6358	0.0000	0.0000
0.6406	0.6366	0.0000	0.0000
0.6416	0.6374	0.0000	0.0000
0.6426	0.6382	0.0000	0.0000
0.6436	0.6390	0.0000	0.0000
0.6446	0.6397	0.0000	0.0000
0.6456	0.6405	0.0000	0.0000
0.6466	0.6413	0.0000	0.0000
0.6476	0.6421	0.0000	0.0000
0.6486	0.6429	0.0000	0.0000
0.6496	0.6436	0.0000	0.0000
0.6507	0.6444	0.0000	0.0000
0.6517	0.6452	0.0000	0.0000
0.6527	0.6459	0.0000	0.0000
0.6537	0.6467	0.0000	0.0000
0.6547	0.6475	0.0000	0.0000
0.6557	0.6482	0.0000	0.0000
0.6567	0.6490	0.0000	0.0000
0.6577	0.6497	0.0000	0.0000
0.6587	0.6505	0.0000	0.0000
0.6597	0.6513	0.0000	0.0000
0.6607	0.6520	0.0000	0.0000
0.6617	0.6528	0.0000	0.0000
0.6627	0.6535	0.0000	0.0000
0.6637	0.6543	0.0000	0.0000
0.6647	0.6550	0.0000	0.0000
0.6657	0.6558	0.0000	0.0000
0.6667	0.6565	0.0000	0.0000
0.6677	0.6573	0.0000	0.0000
0.6687	0.6580	0.0000	0.0000
0.6697	0.6587	0.0000	0.0000
0.6707	0.6595	0.0000	0.0000
0.6717	0.6602	0.0000	0.0000
0.6727	0.6609	0.0000	0.0000
0.6737	0.6617	0.0000	0.0000
0.6747	0.6624	0.0000	0.0000
0.6757	0.6631	0.0000	0.0000
0.6767	0.6639	0.0000	0.0000
0.6777	0.6646	0.0000	0.0000
0.6787	0.6653	0.0000	0.0000
0.6797	0.6661	0.0000	0.0000
0.6807	0.6668	0.0000	0.0000
0.6817	0.6675	0.0000	0.0000
0.6827	0.6682	0.0000	0.0000
0.6837	0.6690	0.0000	0.0000
0.6847	0.6697	0.0000	0.0000
0.6857	0.6704	0.0000	0.0000
0.6867	0.6711	0.0000	0.0000
0.6877	0.6718	0.0000	0.0000
0.6887	0.6725	0.0000	0.0000
0.6897	0.6732	0.0000	0.0000
0.6907	0.6740	0.0000	0.0000
0.6917	0.6747	0.0000	0.0000
0.6927	0.6754	0.0000	0.0000
0.6937	0.6761	0.0000	0.0000
0.6947	0.6768	0.0000	0.0000
0.6957	0.6775	0.0000	0.0000
0.6967	0.6782	0.0000	0.0000
0.6977	0.6789	0.0000	0.0000
0.6987	0.6796	0.0000	0.0000
0.6997	0.6803	0.0000	0.0000
0.7007	0.6810	0.0000	0.0000
0.7017	0.6817	0.0000	0.0000
0.7027	0.6824	0.0000	0.0000
0.7037	0.6831	0.0000	0.0000
0.7047	0.6838	0.0000	0.0000
0.7057	0.6845	0.0000	0.0000
0.7067	0.6852	0.0000	0.0000
0.7077	0.6859	0.0000	0.0000
0.7087	0.6866	0.0000	0.0000
0.7097	0.6872	0.0000	0.0000
0.7107	0.6879	0.0000	0.0000
0.7117	0.6886	0.0000	0.0000
0.7127	0.6893	0.0000	0.0000
0.7137	0.6900	0.0000	0.0000
0.7147	0.6907	0.0000	0.0000
0.7157	0.6914	0.0000	0.0000
0.7167	0.6920	0.0000	0.0000
0.7177	0.6927	0.0000	0.0000
0.7187	0.6934	0.0000	0.0000
0.7197	0.6941	0.0000	0.0000
0.7207	0.6947	0.0000	0.0000
0.7217	0.6954	0.0000	0.0000
0.7227	0.6961	0.0000	0.0000
0.7237	0.6968	0.0000	0.0000
0.7247	0.6974	0.0000	0.0000
0.7257	0.6981	0.0000	0.0000
0.7267	0.6988	0.0000	0.0000
0.7277	0.6995	0.0000	0.0000
0.7287	0.7001	0.0000	0.0000
0.7297	0.7008	0.0000	0.0000
0.7307	0.7015	0.0000	0.0000
0.7317	0.7021	0.0000	0.0000
0.7327	0.7028	0.0000	0.0000
0.7337	0.7035	0.0000	0.0000
0.7347	0.7041	0.0000	0.0000
0.7357	0.7048	0.0000	0.0000
0.7367	0.7055	0.0000	0.0000
0.7377	0.7061	0.0000	0.0000
0.7387	0.7068	0.0000	0.0000
0.7397	0.7074	0.0000	0.0000
0.7407	0.7081	0.0000	0.0000
0.7417	0.7088	0.0000	0.0000
0.7427	0.7094	0.0000	0.0000
0.7437	0.7101	0.0000	0.0000
0.7447	0.7107	0.0000	0.0000
0.7457	0.7114	0.0000	0.0000
0.7467	0.7120	0.0000	0.0000
0.7477	0.7127	0.0000	0.0000
0.7487	0.7133	0.0000	0.0000
0.7497	0.7140	0.0000	0.0000
0.7508	0.7146	0.0000	0.0000
0.7518	0.7153	0.0000	0.0000
0.7528	0.7159	0.0000	0.0000
0.7538	0.7166	0.0000	0.0000
0.7548	0.7172	0.0000	0.0000
0.7558	0.7179	0.0000	0.0000
0.7568	0.7185	0.0000	0.0000
0.7578	0.7192	0.0000	0.0000
0.7588	0.7198	0.0000	0.0000
0.7598	0.7205	0.0000	0.0000
0.7608	0.7211	0.0000	0.0000
0.7618	0.7217	0.0000	0.0000
0.7628	0.7224	0.0000	0.0000
0.7638	0.7230	0.0000	0.0000
0.7648	0.7237	0.0000	0.0000
0.7658	0.7243	0.0000	0.0000
0.7668	0.7249	0.0000	0.0000
0.7678	0.7256	0.0000	0.0000
0.7688	0.7262	0.0000	0.0000
0.7698	0.7269	0.0000	0.0000
0.7708	0.7275	0.0000	0.0000
0.7718	0.7281	0.0000	0.0000
0.7728	0.7288	0.0000	0.0000
0.7738	0.7294	0.0000	0.0000
0.7748	0.7300	0.0000	0.0000
0.7758	0.7307	0.0000	0.0000
0.7768	0.7313	0.0000	0.0000
0.7778	0.7319	0.0000	0.0000
0.7788	0.7326	0.0000	0.0000
0.7798	0.7332	0.0000	0.0000
0.7808	0.7338	0.0000	0.0000
0.7818	0.7345	0.0000	0.0000
0.7828	0.7351	0.0000	0.0000
0.7838	0.7357	0.0000	0.0000
0.7848	0.7363	0.0000	0.0000
0.7858	0.7370	0.0000	0.0000
0.7868	0.7376	0.0000	0.0000
0.7878	0.7382	0.0000	0.0000
0.7888	0.7388	0.0000	0.0000
0.7898	0.7395	0.0000	0.0000
0.7908	0.7401	0.0000	0.0000
0.7918	0.7407	0.0000	0.0000
0.7928	0.7413	0.0000	0.0000
0.7938	0.7420	0.0000	0.0000
0.7948	0.7426	0.0000	0.0000
0.7958	0.7432	0.0000	0.0000
0.7968	0.7438	0.0000	0.0000
0.7978	0.7445	0.0000	0.0000
0.7988	0.7451	0.0000	0.0000
0.7998	0.7457	0.0000	0.0000
0.8008	0.7463	0.0000	0.0000
0.8018	0.7469	0.0000	0.0000
0.8028	0.7476	0.0000	0.0000
0.8038	0.7482	0.0000	0.0000
0.8048	0.7488	0.0000	0.0000
0.8058	0.7494	0.0000	0.0000
0.8068	0.7500	0.0000	0.0000
0.8078	0.7507	0.0000	0.0000
0.8088	0.7513	0.0000	0.0000
0.8098	0.7519	0.0000	0.0000
0.8108	0.7525	0.0000	0.0000
0.8118	0.7531	0.0000	0.0000
0.8128	0.7537	0.0000	0.0000
0.8138	0.7543	0.0000	0.0000
0.8148	0.7550	0.0000	0.0000
0.8158	0.7556	0.0000	0.0000
0.8168	0.7562	0.0000	0.0000
0.8178	0.7568	0.0000	0.0000
0.8188	0.7574	0.0000	0.0000
0.8198	0.7580	0.0000	0.0000
0.8208	0.7586	0.0000	0.0000
0.8218	0.7593	0.0000	0.0000
0.8228	0.7599	0.0000	0.0000
0.8238	0.7605	0.0000	0.0000
0.8248	0.7611	0.0000	0.0000
0.8258	0.7617	0.0000	0.0000
0.8268	0.7623	0.0000	0.0000
0.8278	0.7629	0.0000	0.0000
0.8288	0.7635	0.0000	0.0000
0.8298	0.7641	0.0000	0.0000
0.8308	0.7648	0.0000	0.0000
0.8318	0.7654	0.0000	0.0000
0.8328	0.7660	0.0000	0.0000
0.8338	0.7666	0.0000	0.0000
0.8348	0.7672	0.0000	0.0000
0.8358	0.7678	0.0000	0.0000
0.8368	0.7684	0.0000	0.0000
0.8378	0.7690	0.0000	0.0000
0.8388	0.7696	0.0000	0.0000
0.8398	0.7702	0.0000	0.0000
0.8408	0.7708	0.0000	0.0000
0.8418	0.7714	0.0000	0.0000
0.8428	0.7720	0.0000	0.0000
0.8438	0.7726	0.0000	0.0000
0.8448	0.7733	0.0000	0.0000
0.8458	0.7739	0.0000	0.0000
0.8468	0.7745	0.0000	0.0000
0.8478	0.7751	0.0000	0.0000
0.8488	0.7757	0.0000	0.0000
0.8498	0.7763	0.0000	0.0000
0.8509	0.7769	0.0000	0.0000
0.8519	0.7775	0.0000	0.0000
0.8529	0.7781	0.0000	0.0000
0.8539	0.7787	0.0000	0.0000
0.8549	0.7793	0.0000	0.0000
0.8559	0.7799	0.0000	0.0000
0.8569	0.7805	0.0000	0.0000
0.8579	0.7811	0.0000	0.0000
0.8589	0.7817	0.0000	0.0000
0.8599	0.7823	0.0000	0.0000
0.8609	0.7829	0.0000	0.0000
0.8619	0.7835	0.0000	0.0000
0.8629	0.7841	0.0000	0.0000
0.8639	0.7847	0.0000	0.0000
0.8649	0.7853	0.0000	0.0000
0.8659	0.7859	0.0000	0.0000
0.8669	0.7865	0.0000	0.0000
0.8679	0.7871	0.0000	0.0000
0.8689	0.7877	0.0000	0.0000
0.8699	0.7884	0.0000	0.0000
0.8709	0.7890	0.0000	0.0000
0.8719	0.7896	0.0000	0.0000
0.8729	0.7902	0.0000	0.0000
0.8739	0.7908	0.0000	0.0000
0.8749	0.7914	0.0000	0.0000
0.8759	0.7920	0.0000	0.0000
0.8769	0.7926	0.0000	0.0000
0.8779	0.7932	0.0000	0.0000
0.8789	0.7938	0.0000	0.0000
0.8799	0.7944	0.0000	0.0000
0.8809	0.7950	0.0000	0.0000
0.8819	0.7956	0.0000	0.0000
0.8829	0.7962	0.0000	0.0000
0.8839	0.7968	0.0000	0.0000
0.8849	0.7974	0.0000	0.0000
0.8859	0.7980	0.0000	0.0000
0.8869	0.7986	0.0000	0.0000
0.8879	0.7992	0.0000	0.0000
0.8889	0.7998	0.0000	0.0000
0.8899	0.8004	0.0000	0.0000
0.8909	0.8010	0.0000	0.0000
0.8919	0.8016	0.0000	0.0000
0.8929	0.8022	0.0000	0.0000
0.8939	0.8028	0.0000	0.0000
0.8949	0.8034	0.0000	0.0000
0.8959	0.8040	0.0000	0.0000
0.8969	0.8046	0.0000	0.0000
0.8979	0.8052	0.0000	0.0000
0.8989	0.8058	0.0000	0.0000
0.8999	0.8064	0.0000	0.0000
0.9009	0.8070	0.0000	0.0000
0.9019	0.8076	0.0000	0.0000
0.9029	0.8082	0.0000	0.0000
0.9039	0.8088	0.0000	0.0000
0.9049	0.8094	0.0000	0.0000
0.9059	0.8100	0.0000	0.0000
0.9069	0.8106	0.0000	0.0000
0.9079	0.8112	0.0000	0.0000
0.9089	0.8118	0.0000	0.0000
0.9099	0.8124	0.0000	0.0000
0.9109	0.8130	0.0000	0.0000
0.9119	0.8136	0.0000	0.0000
0.9129	0.8142	0.0000	0.0000
0.9139	0.8148	0.0000	0.0000
0.9149	0.8154	0.0000	0.0000
0.9159	0.8160	0.0000	0.0000
0.9169	0.8166	0.0000	0.0000
0.9179	0.8172	0.0000	0.0000
0.9189	0.8179	0.0000	0.0000
0.9199	0.8185	0.0000	0.0000
0.9209	0.8191	0.0000	0.0000
0.9219	0.8197	0.0000	0.0000
0.9229	0.8203	0.0000	0.0000
0.9239	0.8209	0.0000	0.0000
0.9249	0.8215	0.0000	0.0000
0.9259	0.8221	0.0000	0.0000
0.9269	0.8227	0.0000	0.0000
0.9279	0.8233	0.0000	0.0000
0.9289	0.8239	0.0000	0.0000
0.9299	0.8245	0.0000	0.0000
0.9309	0.8251	0.0000	0.0000
0.9319	0.8257	0.0000	0.0000
0.9329	0.8263	0.0000	0.0000
0.9339	0.8269	0.0000	0.0000
0.9349	0.8275	0.0000	0.0000
0.9359	0.8281	0.0000	0.0000
0.9369	0.8287	0.0000	0.0000
0.9379	0.8294	0.0000	0.0000
0.9389	0.8300	0.0000	0.0000
0.9399	0.8306	0.0000	0.0000
0.9409	0.8312	0.0000	0.0000
0.9419	0.8318	0.0000	0.0000
0.9429	0.8324	0.0000	0.0000
0.9439	0.8330	0.0000	0.0000
0.9449	0.8336	0.0000	0.0000
0.9459	0.8342	0.0000	0.0000
0.9469	0.8348	0.0000	0.0000
0.9479	0.8354	0.0000	0.0000
0.9489	0.8361	0.0000	0.0000
0.9499	0.8367	0.0000	0.0000
0.9510	0.8373	0.0000	0.0000
0.9520	0.8379	0.0000	0.0000
0.9530	0.8385	0.0000	0.0000
0.9540	0.8391	0.0000	0.0000
0.9550	0.8397	0.0000	0.0000
0.9560	0.8403	0.0000	0.0000
0.9570	0.8409	0.0000	0.0000
0.9580	0.8416	0.0000	0.0000
0.9590	0.8422	0.0000	0.0000
0.9600	0.8428	0.0000	0.0000
0.9610	0.8434	0.0000	0.0000
0.9620	0.8440	0.0000	0.0000
0.9630	0.8446	0.0000	0.0000
0.9640	0.8452	0.0000	0.0000
0.9650	0.8459	0.0000	0.0000
0.9660	0.8465	0.0000	0.0000
0.9670	0.8471	0.0000	0.0000
0.9680	0.8477	0.0000	0.0000
0.9690	0.8483	0.0000	0.0000
0.9700	0.8489	0.0000	0.0000
0.9710	0.8496	0.0000	0.0000
0.9720	0.8502	0.0000	0.0000
0.9730	0.8508	0.0000	0.0000
0.9740	0.8514	0.0000	0.0000
0.9750	0.8520	0.0000	0.0000
0.9760	0.8527	0.0000	0.0000
0.9770	0.8533	0.0000	0.0000
0.9780	0.8539	0.0000	0.0000
0.9790	0.8545	0.0000	0.0000
0.9800	0.8551	0.0000	0.0000
0.9810	0.8558	0.0000	0.0000
0.9820	0.8564	0.0000	0.0000
0.9830	0.8570	0.0000	0.0000
0.9840	0.8576	0.0000	0.0000
0.9850	0.8583	0.0000	0.0000
0.9860	0.8589	0.0000	0.0000
0.9870	0.8595	0.0000	0.0000
0.9880	0.8601	0.0000	0.0000
0.9890	0.8608	0.0000	0.0000
0.9900	0.8614	0.0000	0.0000
0.9910	0.8620	0.0000	0.0000
0.9920	0.8626	0.0000	0.0000
0.9930	0.8633	0.0000	0.0000
0.9940	0.8639	0.0000	0.0000
0.9950	0.8645	0.0000	0.0000
0.9960	0.8652	0.0000	0.0000
0.9970	0.8658	0.0000	0.0000
0.9980	0.8664	0.0000	0.0000
0.9990	0.8670	0.0000	0.0000
1.0000	0.8677	0.0000	0.0000
0.3794
0.5005
0.6206
