0.0000	0.1366	0.0000	0.0000
0.0010	0.1372	0.0000	0.0000
0.0020	0.1379	0.0000	0.0000
0.0030	0.1385	0.0000	0.0000
0.0040	0.1391	0.0000	0.0000
0.0050	0.1398	0.0000	0.0000
0.0060	0.1404	0.0000	0.0000
0.0070	0.1410	0.0000	0.0000
0.0080	0.1417	0.0000	0.0000
0.0090	0.1423	0.0000	0.0000
0.0100	0.1429	0.0000	0.0000
0.0110	0.1436	0.0000	0.0000
0.0120	0.1442	0.0000	0.0000
0.0130	0.1448	0.0000	0.0000
0.0140	0.1454	0.0000	0.0000
0.0150	0.1461	0.0000	0.0000
0.0160	0.1467	0.0000	0.0000
0.0170	0.1473	0.0000	0.0000
0.0180	0.1480	0.0000	0.0000
0.0190	0.1486	0.0000	0.0000
0.0200	0.1492	0.0000	0.0000
0.0210	0.1498	0.0000	0.0000
0.0220	0.1505	0.0000	0.0000
0.0230	0.1511	0.0000	0.0000
0.0240	0.1517	0.0000	0.0000
0.0250	0.1523	0.0000	0.0000
0.0260	0.1530	0.0000	0.0000
0.0270	0.1536	0.0000	0.0000
0.0280	0.1542	0.0000	0.0000
0.0290	0.1548	0.0000	0.0000
0.0300	0.1554	0.0000	0.0000
0.0310	0.1561	0.0000	0.0000
0.0320	0.1567	0.0000	0.0000
0.0330	0.1573	0.0000	0.0000
0.0340	0.1579	0.0000	0.0000
0.0350	0.1585	0.0000	0.0000
0.0360	0.1592	0.0000	0.0000
0.0370	0.1598	0.0000	0.0000
0.0380	0.1604	0.0000	0.0000
0.0390	0.1610	0.0000	0.0000
0.0400	0.1616	0.0000	0.0000
0.0410	0.1622	0.0000	0.0000
0.0420	0.1629	0.0000	0.0000
0.0430	0.1635	0.0000	0.0000
0.0440	0.1641	0.0000	0.0000
0.0450	0.1647	0.0000	0.0000
0.0460	0.1653	0.0000	0.0000
0.0470	0.1659	0.0000	0.0000
0.0480	0.1665	0.0000	0.0000
0.0490	0.1672	0.0000	0.0000
0.0501	0.1678	0.0000	0.0000
0.0511	0.1684	0.0000	0.0000
0.0521	0.1690	0.0000	0.0000
0.0531	0.1696	0.0000	0.0000
0.0541	0.1702	0.0000	0.0000
0.0551	0.1708	0.0000	0.0000
0.0561	0.1714	0.0000	0.0000
0.0571	0.1721	0.0000	0.0000
0.0581	0.1727	0.0000	0.0000
0.0591	0.1733	0.0000	0.0000
0.0601	0.1739	0.0000	0.0000
0.0611	0.1745	0.0000	0.0000
0.0621	0.1751	0.0000	0.0000
0.0631	0.1757	0.0000	0.0000
0.0641	0.1763	0.0000	0.0000
0.0651	0.1769	0.0000	0.0000
0.0661	0.1775	0.0000	0.0000
0.0671	0.1781	0.0000	0.0000
0.0681	0.1788	0.0000	0.0000
0.0691	0.1794	0.0000	0.0000
0.0701	0.1800	0.0000	0.0000
0.0711	0.1806	0.0000	0.0000
0.0721	0.1812	0.0000	0.0000
0.0731	0.1818	0.0000	0.0000
0.0741	0.1824	0.0000	0.0000
0.0751	0.1830	0.0000	0.0000
0.0761	0.1836	0.0000	0.0000
0.0771	0.1842	0.0000	0.0000
0.0781	0.1848	0.0000	0.0000
0.0791	0.1854	0.0000	0.0000
0.0801	0.1860	0.0000	0.0000
0.0811	0.1866	0.0000	0.0000
0.0821	0.1872	0.0000	0.0000
0.0831	0.1878	0.0000	0.0000
0.0841	0.1884	0.0000	0.0000
0.0851	0.1891	0.0000	0.0000
0.0861	0.1897	0.0000	0.0000
0.0871	0.1903	0.0000	0.0000
0.0881	0.1909	0.0000	0.0000
0.0891	0.1915	0.0000	0.0000
0.0901	0.1921	0.0000	0.0000
0.0911	0.1927	0.0000	0.0000
0.0921	0.1933	0.0000	0.0000
0.0931	0.1939	0.0000	0.0000
0.0941	0.1945	0.0000	0.0000
0.0951	0.1951	0.0000	0.0000
0.0961	0.1957	0.0000	0.0000
0.0971	0.1963	0.0000	0.0000
0.0981	0.1969	0.0000	0.0000
0.0991	0.1975	0.0000	0.0000
0.1001	0.1981	0.0000	0.0000
0.1011	0.1987	0.0000	0.0000
0.1021	0.1993	0.0000	0.0000
0.1031	0.1999	0.0000	0.0000
0.1041	0.2005	0.0000	0.0000
0.1051	0.2011	0.0000	0.0000
0.1061	0.2017	0.0000	0.0000
0.1071	0.2023	0.0000	0.0000
0.1081	0.2029	0.0000	0.0000
0.1091	0.2035	0.0000	0.0000
0.1101	0.2041	0.0000	0.0000
0.1111	0.2047	0.0000	0.0000
0.1121	0.2053	0.0000	0.0000
0.1131	0.2059	0.0000	0.0000
0.1141	0.2065	0.0000	0.0000
0.1151	0.2071	0.0000	0.0000
0.1161	0.2077	0.0000	0.0000
0.1171	0.2083	0.0000	0.0000
0.1181	0.2089	0.0000	0.0000
0.1191	0.2095	0.0000	0.0000
0.1201	0.2101	0.0000	0.0000
0.1211	0.2107	0.0000	0.0000
0.1221	0.2113	0.0000	0.0000
0.1231	0.2119	0.0000	0.0000
0.1241	0.2125	0.0000	0.0000
0.1251	0.2131	0.0000	0.0000
0.1261	0.2137	0.0000	0.0000
0.1271	0.2143	0.0000	0.0000
0.1281	0.2149	0.0000	0.0000
0.1291	0.2155	0.0000	0.0000
0.1301	0.2161	0.0000	0.0000
0.1311	0.2167	0.0000	0.0000
0.1321	0.2173	0.0000	0.0000
0.1331	0.2179	0.0000	0.0000
0.1341	0.2185	0.0000	0.0000
0.1351	0.2191	0.0000	0.0000
0.1361	0.2197	0.0000	0.0000
0.1371	0.2203	0.0000	0.0000
0.1381	0.2209	0.0000	0.0000
0.1391	0.2215	0.0000	0.0000
0.1401	0.2221	0.0000	0.0000
0.1411	0.2227	0.0000	0.0000
0.1421	0.2233	0.0000	0.0000
0.1431	0.2239	0.0000	0.0000
0.1441	0.2245	0.0000	0.0000
0.1451	0.2251	0.0000	0.0000
0.1461	0.2258	0.0000	0.0000
0.1471	0.2264	0.0000	0.0000
0.1481	0.2270	0.0000	0.0000
0.1491	0.2276	0.0000	0.0000
0.1502	0.2282	0.0000	0.0000
0.1512	0.2288	0.0000	0.0000
0.1522	0.2294	0.0000	0.0000
0.1532	0.2300	0.0000	0.0000
0.1542	0.2306	0.0000	0.0000
0.1552	0.2312	0.0000	0.0000
0.1562	0.2318	0.0000	0.0000
0.1572	0.2324	0.0000	0.0000
0.1582	0.2330	0.0000	0.0000
0.1592	0.2336	0.0000	0.0000
0.1602	0.2342	0.0000	0.0000
0.1612	0.2348	0.0000	0.0000
0.1622	0.2354	0.0000	0.0000
0.1632	0.2360	0.0000	0.0000
0.1642	0.2366	0.0000	0.0000
0.1652	0.2372	0.0000	0.0000
0.1662	0.2378	0.0000	0.0000
0.1672	0.2384	0.0000	0.0000
0.1682	0.2390	0.0000	0.0000
0.1692	0.2396	0.0000	0.0000
0.1702	0.2402	0.0000	0.0000
0.1712	0.2408	0.0000	0.0000
0.1722	0.2415	0.0000	0.0000
0.1732	0.2421	0.0000	0.0000
0.1742	0.2427	0.0000	0.0000
0.1752	0.2433	0.0000	0.0000
0.1762	0.2439	0.0000	0.0000
0.1772	0.2445	0.0000	0.0000
0.1782	0.2451	0.0000	0.0000
0.1792	0.2457	0.0000	0.0000
0.1802	0.2463	0.0000	0.0000
0.1812	0.2469	0.0000	0.0000
0.1822	0.2475	0.0000	0.0000
0.1832	0.2481	0.0000	0.0000
0.1842	0.2488	0.0000	0.0000
0.1852	0.2494	0.0000	0.0000
0.1862	0.2500	0.0000	0.0000
0.1872	0.2506	0.0000	0.0000
0.1882	0.2512	0.0000	0.0000
0.1892	0.2518	0.0000	0.0000
0.1902	0.2524	0.0000	0.0000
0.1912	0.2530	0.0000	0.0000
0.1922	0.2536	0.0000	0.0000
0.1932	0.2543	0.0000	0.0000
0.1942	0.2549	0.0000	0.0000
0.1952	0.2555	0.0000	0.0000
0.1962	0.2561	0.0000	0.0000
0.1972	0.2567	0.0000	0.0000
0.1982	0.2573	0.0000	0.0000
0.1992	0.2579	0.0000	0.0000
0.2002	0.2586	0.0000	0.0000
0.2012	0.2592	0.0000	0.0000
0.2022	0.2598	0.0000	0.0000
0.2032	0.2604	0.0000	0.0000
0.2042	0.2610	0.0000	0.0000
0.2052	0.2616	0.0000	0.0000
0.2062	0.2623	0.0000	0.0000
0.2072	0.2629	0.0000	0.0000
0.2082	0.2635	0.0000	0.0000
0.2092	0.2641	0.0000	0.0000
0.2102	0.2647	0.0000	0.0000
0.2112	0.2653	0.0000	0.0000
0.2122	0.2660	0.0000	0.0000
0.2132	0.2666	0.0000	0.0000
0.2142	0.2672	0.0000	0.0000
0.2152	0.2678	0.0000	0.0000
0.2162	0.2685	0.0000	0.0000
0.2172	0.2691	0.0000	0.0000
0.2182	0.2697	0.0000	0.0000
0.2192	0.2703	0.0000	0.0000
0.2202	0.2709	0.0000	0.0000
0.2212	0.2716	0.0000	0.0000
0.2222	0.2722	0.0000	0.0000
0.2232	0.2728	0.0000	0.0000
0.2242	0.2734	0.0000	0.0000
0.2252	0.2741	0.0000	0.0000
0.2262	0.2747	0.0000	0.0000
0.2272	0.2753	0.0000	0.0000
0.2282	0.2760	0.0000	0.0000
0.2292	0.2766	0.0000	0.0000
0.2302	0.2772	0.0000	0.0000
0.2312	0.2778	0.0000	0.0000
0.2322	0.2785	0.0000	0.0000
0.2332	0.2791	0.0000	0.0000
0.2342	0.2797	0.0000	0.0000
0.2352	0.2804	0.0000	0.0000
0.2362	0.2810	0.0000	0.0000
0.2372	0.2816	0.0000	0.0000
0.2382	0.2823	0.0000	0.0000
0.2392	0.2829	0.0000	0.0000
0.2402	0.2835	0.0000	0.0000
0.2412	0.2842	0.0000	0.0000
0.2422	0.2848	0.0000	0.0000
0.2432	0.2855	0.0000	0.0000
0.2442	0.2861	0.0000	0.0000
0.2452	0.2867	0.0000	0.0000
0.2462	0.2874	0.0000	0.0000
0.2472	0.2880	0.0000	0.0000
0.2482	0.2887	0.0000	0.0000
0.2492	0.2893	0.0000	0.0000
0.2503	0.2899	0.0000	0.0000
0.2513	0.2906	0.0000	0.0000
0.2523	0.2912	0.0000	0.0000
0.2533	0.2919	0.0000	0.0000
0.2543	0.2925	0.0000	0.0000
0.2553	0.2932	0.0000	0.0000
0.2563	0.2938	0.0000	0.0000
0.2573	0.2945	0.0000	0.0000
0.2583	0.2951	0.0000	0.0000
0.2593	0.2958	0.0000	0.0000
0.2603	0.2964	0.0000	0.0000
0.2613	0.2971	0.0000	0.0000
0.2623	0.2977	0.0000	0.0000
0.2633	0.2984	0.0000	0.0000
0.2643	0.2990	0.0000	0.0000
0.2653	0.2997	0.0000	0.0000
0.2663	0.3003	0.0000	0.0000
0.2673	0.3010	0.0000	0.0000
0.2683	0.3016	0.0000	0.0000
0.2693	0.3023	0.0000	0.0000
0.2703	0.3030	0.0000	0.0000
0.2713	0.3036	0.0000	0.0000
0.2723	0.3043	0.0000	0.0000
0.2733	0.3049	0.0000	0.0000
0.2743	0.3056	0.0000	0.0000
0.2753	0.3063	0.0000	0.0000
0.2763	0.3069	0.0000	0.0000
0.2773	0.3076	0.0000	0.0000
0.2783	0.3083	0.0000	0.0000
0.2793	0.3089	0.0000	0.0000
0.2803	0.3096	0.0000	0.0000
0.2813	0.3103	0.0000	0.0000
0.2823	0.3109	0.0000	0.0000
0.2833	0.3116	0.0000	0.0000
0.2843	0.3123	0.0000	0.0000
0.2853	0.3129	0.0000	0.0000
0.2863	0.3136	0.0000	0.0000
0.2873	0.3143	0.0000	0.0000
0.2883	0.3150	0.0000	0.0000
0.2893	0.3156	0.0000	0.0000
0.2903	0.3163	0.0000	0.0000
0.2913	0.3170	0.0000	0.0000
0.2923	0.3177	0.0000	0.0000
0.2933	0.3184	0.0000	0.0000
0.2943	0.3190	0.0000	0.0000
0.2953	0.3197	0.0000	0.0000
0.2963	0.3204	0.0000	0.0000
0.2973	0.3211	0.0000	0.0000
0.2983	0.3218	0.0000	0.0000
0.2993	0.3225	0.0000	0.0000
0.3003	0.3231	0.0000	0.0000
0.3013	0.3238	0.0000	0.0000
0.3023	0.3245	0.0000	0.0000
0.3033	0.3252	0.0000	0.0000
0.3043	0.3259	0.0000	0.0000
0.3053	0.3266	0.0000	0.0000
0.3063	0.3273	0.0000	0.0000
0.3073	0.3280	0.0000	0.0000
0.3083	0.3287	0.0000	0.0000
0.3093	0.3294	0.0000	0.0000
0.3103	0.3301	0.0000	0.0000
0.3113	0.3308	0.0000	0.0000
0.3123	0.3315	0.0000	0.0000
0.3133	0.3322	0.0000	0.0000
0.3143	0.3329	0.0000	0.0000
0.3153	0.3336	0.0000	0.0000
0.3163	0.3343	0.0000	0.0000
0.3173	0.3350	0.0000	0.0000
0.3183	0.3357	0.0000	0.0000
0.3193	0.3364	0.0000	0.0000
0.3203	0.3372	0.0000	0.0000
0.3213	0.3379	0.0000	0.0000
0.3223	0.3386	0.0000	0.0000
0.3233	0.3393	0.0000	0.0000
0.3243	0.3400	0.0000	0.0000
0.3253	0.3407	0.0000	0.0000
0.3263	0.3415	0.0000	0.0000
0.3273	0.3422	0.0000	0.0000
0.3283	0.3429	0.0000	0.0000
0.3293	0.3436	0.0000	0.0000
0.3303	0.3444	0.0000	0.0000
0.3313	0.3451	0.0000	0.0000
0.3323	0.3458	0.0000	0.0000
0.3333	0.3465	0.0000	0.0000
0.3343	0.3473	0.0000	0.0000
0.3353	0.3480	0.0000	0.0000
0.3363	0.3487	0.0000	0.0000
0.3373	0.3495	0.0000	0.0000
0.3383	0.3502	0.0000	0.0000
0.3393	0.3510	0.0000	0.0000
0.3403	0.3517	0.0000	0.0000
0.3413	0.3524	0.0000	0.0000
0.3423	0.3532	0.0000	0.0000
0.3433	0.3539	0.0000	0.0000
0.3443	0.3547	0.0000	0.0000
0.3453	0.3554	0.0000	0.0000
0.3463	0.3562	0.0000	0.0000
0.3473	0.3569	0.0000	0.0000
0.3483	0.3577	0.0000	0.0000
0.3493	0.3584	0.0000	0.0000
0.3504	0.3592	0.0000	0.0000
0.3514	0.3600	0.0000	0.0000
0.3524	0.3607	0.0000	0.0000
0.3534	0.3615	0.0000	0.0000
0.3544	0.3622	0.0000	0.0000
0.3554	0.3630	0.0000	0.0000
0.3564	0.3638	0.0000	0.0000
0.3574	0.3645	0.0000	0.0000
0.3584	0.3653	0.0000	0.0000
0.3594	0.3661	0.0000	0.0000
0.3604	0.3669	0.0000	0.0000
0.3614	0.3676	0.0000	0.0000
0.3624	0.3684	0.0000	0.0000
0.3634	0.3692	0.0000	0.0000
0.3644	0.3700	0.0000	0.0000
0.3654	0.3708	0.0000	0.0000
0.3664	0.3715	0.0000	0.0000
0.3674	0.3723	0.0000	0.0000
0.3684	0.3731	0.0000	0.0000
0.3694	0.3739	0.0000	0.0000
0.3704	0.3747	0.0000	0.0000
0.3714	0.3755	0.0000	0.0000
0.3724	0.3763	0.0000	0.0000
0.3734	0.3771	0.0000	0.0000
0.3744	0.3779	0.0000	0.0000
0.3754	0.3787	0.0000	0.0000
0.3764	0.3795	0.0000	0.0000
0.3774	0.3803	0.0000	0.0000
0.3784	0.3811	0.0000	0.0000
0.3794	0.3819	0.0000	0.0000
0.3804	0.3827	0.0000	0.0000
0.3814	0.3835	0.0000	0.0000
0.3824	0.3844	0.0000	0.0000
0.3834	0.3852	0.0000	0.0000
0.3844	0.3860	0.0000	0.0000
0.3854	0.3868	0.0000	0.0000
0.3864	0.3877	0.0000	0.0000
0.3874	0.3885	0.0000	0.0000
0.3884	0.3893	0.0000	0.0000
0.3894	0.3901	0.0000	0.0000
0.3904	0.3910	0.0000	0.0000
0.3914	0.3918	0.0000	0.0000
0.3924	0.3926	0.0000	0.0000
0.3934	0.3935	0.0000	0.0000
0.3944	0.3943	0.0000	0.0000
0.3954	0.3952	0.0000	0.0000
0.3964	0.3960	0.0000	0.0000
0.3974	0.3969	0.0000	0.0000
0.3984	0.3977	0.0000	0.0000
0.3994	0.3986	0.0000	0.0000
0.4004	0.3994	0.0000	0.0000
0.4014	0.4003	0.0000	0.0000
0.4024	0.4012	0.0000	0.0000
0.4034	0.4020	0.0000	0.0000
0.4044	0.4029	0.0000	0.0000
0.4054	0.4038	0.0000	0.0000
0.4064	0.4046	0.0000	0.0000
0.4074	0.4055	0.0000	0.0000
0.4084	0.4064	0.0000	0.0000
0.4094	0.4073	0.0000	0.0000
0.4104	0.4081	0.0000	0.0000
0.4114	0.4090	0.0000	0.0000
0.4124	0.4099	0.0000	0.0000
0.4134	0.4108	0.0000	0.0000
0.4144	0.4117	0.0000	0.0000
0.4154	0.4126	0.0000	0.0000
0.4164	0.4135	0.0000	0.0000
0.4174	0.4144	0.0000	0.0000
0.4184	0.4153	0.0000	0.0000
0.4194	0.4162	0.0000	0.0000
0.4204	0.4171	0.0000	0.0000
0.4214	0.4180	0.0000	0.0000
0.4224	0.4189	0.0000	0.0000
0.4234	0.4198	0.0000	0.0000
0.4244	0.4208	0.0000	0.0000
0.4254	0.4217	0.0000	0.0000
0.4264	0.4226	0.0000	0.0000
0.4274	0.4235	0.0000	0.0000
0.4284	0.4245	0.0000	0.0000
0.4294	0.4254	0.0000	0.0000
0.4304	0.4263	0.0000	0.0000
0.4314	0.4273	0.0000	0.0000
0.4324	0.4282	0.0000	0.0000
0.4334	0.4291	0.0000	0.0000
0.4344	0.4301	0.0000	0.0000
0.4354	0.4310	0.0000	0.0000
0.4364	0.4320	0.0000	0.0000
0.4374	0.4330	0.0000	0.0000
0.4384	0.4339	0.0000	0.0000
0.4394	0.4349	0.0000	0.0000
0.4404	0.4358	0.0000	0.0000
0.4414	0.4368	0.0000	0.0000
0.4424	0.4378	0.0000	0.0000
0.4434	0.4388	0.0000	0.0000
0.4444	0.4397	0.0000	0.0000
0.4454	0.4407	0.0000	0.0000
0.4464	0.4417	0.0000	0.0000
0.4474	0.4427	0.0000	0.0000
0.4484	0.4437	0.0000	0.0000
0.4494	0.4447	0.0000	0.0000
0.4505	0.4457	0.0000	0.0000
0.4515	0.4467	0.0000	0.0000
0.4525	0.4477	0.0000	0.0000
0.4535	0.4487	0.0000	0.0000
0.4545	0.4497	0.0000	0.0000
0.4555	0.4507	0.0000	0.0000
0.4565	0.4518	0.0000	0.0000
0.4575	0.4528	0.0000	0.0000
0.4585	0.4538	0.0000	0.0000
0.4595	0.4548	0.0000	0.0000
0.4605	0.4559	0.0000	0.0000
0.4615	0.4569	0.0000	0.0000
0.4625	0.4579	0.0000	0.0000
0.4635	0.4590	0.0000	0.0000
0.4645	0.4600	0.0000	0.0000
0.4655	0.4611	0.0000	0.0000
0.4665	0.4621	0.0000	0.0000
0.4675	0.4632	0.0000	0.0000
0.4685	0.4643	0.0000	0.0000
0.4695	0.4653	0.0000	0.0000
0.4705	0.4664	0.0000	0.0000
0.4715	0.4675	0.0000	0.0000
0.4725	0.4686	0.0000	0.0000
0.4735	0.4696	0.0000	0.0000
0.4745	0.4707	0.0000	0.0000
0.4755	0.4718	0.0000	0.0000
0.4765	0.4729	0.0000	0.0000
0.4775	0.4740	0.0000	0.0000
0.4785	0.4751	0.0000	0.0000
0.4795	0.4762	0.0000	0.0000
0.4805	0.4773	0.0000	0.0000
0.4815	0.4785	0.0000	0.0000
0.4825	0.4796	0.0000	0.0000
0.4835	0.4807	0.0000	0.0000
0.4845	0.4818	0.0000	0.0000
0.4855	0.4830	0.0000	0.0000
0.4865	0.4841	0.0000	0.0000
0.4875	0.4852	0.0000	0.0000
0.4885	0.4864	0.0000	0.0000
0.4895	0.4875	0.0000	0.0000
0.4905	0.4887	0.0000	0.0000
0.4915	0.4899	0.0000	0.0000
0.4925	0.4910	0.0000	0.0000
0.4935	0.4922	0.0000	0.0000
0.4945	0.4934	0.0000	0.0000
0.4955	0.4945	0.0000	0.0000
0.4965	0.4957	0.0000	0.0000
0.4975	0.4969	0.0000	0.0000
0.4985	0.4981	0.0000	0.0000
0.4995	0.4993	0.0000	0.0000
0.5005	0.5005	0.0000	0.0000
0.5015	0.5017	0.0000	0.0000
0.5025	0.5029	0.0000	0.0000
0.5035	0.5041	0.0000	0.0000
0.5045	0.5053	0.0000	0.0000
0.5055	0.5064	0.0000	0.0000
0.5065	0.5076	0.0000	0.0000
0.5075	0.5088	0.0000	0.0000
0.5085	0.5099	0.0000	0.0000
0.5095	0.5111	0.0000	0.0000
0.5105	0.5122	0.0000	0.0000
0.5115	0.5134	0.0000	0.0000
0.5125	0.5145	0.0000	0.0000
0.5135	0.5157	0.0000	0.0000
0.5145	0.5168	0.0000	0.0000
0.5155	0.5180	0.0000	0.0000
0.5165	0.5191	0.0000	0.0000
0.5175	0.5202	0.0000	0.0000
0.5185	0.5213	0.0000	0.0000
0.5195	0.5224	0.0000	0.0000
0.5205	0.5235	0.0000	0.0000
0.5215	0.5247	0.0000	0.0000
0.5225	0.5258	0.0000	0.0000
0.5235	0.5269	0.0000	0.0000
0.5245	0.5280	0.0000	0.0000
0.5255	0.5290	0.0000	0.0000
0.5265	0.5301	0.0000	0.0000
0.5275	0.5312	0.0000	0.0000
0.5285	0.5323	0.0000	0.0000
0.5295	0.5334	0.0000	0.0000
0.5305	0.5344	0.0000	0.0000
0.5315	0.5355	0.0000	0.0000
0.5325	0.5366	0.0000	0.0000
0.5335	0.5376	0.0000	0.0000
0.5345	0.5387	0.0000	0.0000
0.5355	0.5397	0.0000	0.0000
0.5365	0.5408	0.0000	0.0000
0.5375	0.5418	0.0000	0.0000
0.5385	0.5429	0.0000	0.0000
0.5395	0.5439	0.0000	0.0000
0.5405	0.5449	0.0000	0.0000
0.5415	0.5460	0.0000	0.0000
0.5425	0.5470	0.0000	0.0000
0.5435	0.5480	0.0000	0.0000
0.5445	0.5490	0.0000	0.0000
0.5455	0.5501	0.0000	0.0000
0.5465	0.5511	0.0000	0.0000
0.5475	0.5521	0.0000	0.0000
0.5485	0.5531	0.0000	0.0000
0.5495	0.5541	0.0000	0.0000
0.5506	0.5551	0.0000	0.0000
0.5516	0.5561	0.0000	0.0000
0.5526	0.5571	0.0000	0.0000
0.5536	0.5581	0.0000	0.0000
0.5546	0.5590	0.0000	0.0000
0.5556	0.5600	0.0000	0.0000
0.5566	0.5610	0.0000	0.0000
0.5576	0.5620	0.0000	0.0000
0.5586	0.5630	0.0000	0.0000
0.5596	0.5639	0.0000	0.0000
0.5606	0.5649	0.0000	0.0000
0.5616	0.5659	0.0000	0.0000
0.5626	0.5668	0.0000	0.0000
0.5636	0.5678	0.0000	0.0000
0.5646	0.5687	0.0000	0.0000
0.5656	0.5697	0.0000	0.0000
0.5666	0.5706	0.0000	0.0000
0.5676	0.5716	0.0000	0.0000
0.5686	0.5725	0.0000	0.0000
0.5696	0.5734	0.0000	0.0000
0.5706	0.5744	0.0000	0.0000
0.5716	0.5753	0.0000	0.0000
0.5726	0.5762	0.0000	0.0000
0.5736	0.5772	0.0000	0.0000
0.5746	0.5781	0.0000	0.0000
0.5756	0.5790	0.0000	0.0000
0.5766	0.5799	0.0000	0.0000
0.5776	0.5809	0.0000	0.0000
0.5786	0.5818	0.0000	0.0000
0.5796	0.5827	0.0000	0.0000
0.5806	0.5836	0.0000	0.0000
0.5816	0.5845	0.0000	0.0000
0.5826	0.5854	0.0000	0.0000
0.5836	0.5863	0.0000	0.0000
0.5846	0.5872	0.0000	0.0000
0.5856	0.5881	0.0000	0.0000
0.5866	0.5890	0.0000	0.0000
0.5876	0.5899	0.0000	0.0000
0.5886	0.5907	0.0000	0.0000
0.5896	0.5916	0.0000	0.0000
0.5906	0.5925	0.0000	0.0000
0.5916	0.5934	0.0000	0.0000
0.5926	0.5943	0.0000	0.0000
0.5936	0.5951	0.0000	0.0000
0.5946	0.5960	0.0000	0.0000
0.5956	0.5969	0.0000	0.0000
0.5966	0.5977	0.0000	0.0000
0.5976	0.5986	0.0000	0.0000
0.5986	0.5995	0.0000	0.0000
0.5996	0.6003	0.0000	0.0000
0.6006	0.6012	0.0000	0.0000
0.6016	0.6020	0.0000	0.0000
0.6026	0.6029	0.0000	0.0000
0.6036	0.6037	0.0000	0.0000
0.6046	0.6046	0.0000	0.0000
0.6056	0.6054	0.0000	0.0000
0.6066	0.6063	0.0000	0.0000
0.6076	0.6071	0.0000	0.0000
0.6086	0.6080	0.0000	0.0000
0.6096	0.6088	0.0000	0.0000
0.6106	0.6096	0.0000	0.0000
0.6116	0.6105	0.0000	0.0000
0.6126	0.6113	0.0000	0.0000
0.6136	0.6121	0.0000	0.0000
0.6146	0.6129	0.0000	0.0000
0.6156	0.6138	0.0000	0.0000
0.6166	0.6146	0.0000	0.0000
0.6176	0.6154	0.0000	0.0000
0.6186	0.6162	0.0000	0.0000
0.6196	0.6170	0.0000	0.0000
0.6206	0.6179	0.0000	0.0000
0.6216	0.6187	0.0000	0.0000
0.6226	0.6195	0.0000	0.0000
0.6236	0.6203	0.0000	0.0000
0.6246	0.6211	0.0000	0.0000
0.6256	0.6219	0.0000	0.0000
0.6266	0.6227	0.0000	0.0000
0.6276	0.6235	0.0000	0.0000
0.6286	0.6243	0.0000	0.0000
0.6296	0.6251	0.0000	0.0000
0.6306	0.6259	0.0000	0.0000
0.6316	0.6267	0.0000	0.0000
0.6326	0.6274	0.0000	0.0000
0.6336	0.6282	0.0000	0.0000
0.6346	0.6290	0.0000	0.0000
0.6356	0.6298	0.0000	0.0000
0.6366	0.6306	0.0000	0.0000
0.6376	0.6314	0.0000	0.0000
0.6386	0.6321	0.0000	0.0000
0.6396	0.6329	0.0000	0.0000
0.6406	0.6337	0.0000	0.0000
0.6416	0.6345	0.0000	0.0000
0.6426	0.6352	0.0000	0.0000
0.6436	0.6360	0.0000	0.0000
0.6446	0.6368	0.0000	0.0000
0.6456	0.6375	0.0000	0.0000
0.6466	0.6383	0.0000	0.0000
0.6476	0.6391	0.0000	0.0000
0.6486	0.6398	0.0000	0.0000
0.6496	0.6406	0.0000	0.0000
0.6507	0.6413	0.0000	0.0000
0.6517	0.6421	0.0000	0.0000
0.6527	0.6428	0.0000	0.0000
0.6537	0.6436	0.0000	0.0000
0.6547	0.6444	0.0000	0.0000
0.6557	0.6451	0.0000	0.0000
0.6567	0.6458	0.0000	0.0000
0.6577	0.6466	0.0000	0.0000
0.6587	0.6473	0.0000	0.0000
0.6597	0.6481	0.0000	0.0000
0.6607	0.6488	0.0000	0.0000
0.6617	0.6496	0.0000	0.0000
0.6627	0.6503	0.0000	0.0000
0.6637	0.6510	0.0000	0.0000
0.6647	0.6518	0.0000	0.0000
0.6657	0.6525	0.0000	0.0000
0.6667	0.6532	0.0000	0.0000
0.6677	0.6540	0.0000	0.0000
0.6687	0.6547	0.0000	0.0000
0.6697	0.6554	0.0000	0.0000
0.6707	0.6562	0.0000	0.0000
0.6717	0.6569	0.0000	0.0000
0.6727	0.6576	0.0000	0.0000
0.6737	0.6583	0.0000	0.0000
0.6747	0.6590	0.0000	0.0000
0.6757	0.6598	0.0000	0.0000
0.6767	0.6605	0.0000	0.0000
0.6777	0.6612	0.0000	0.0000
0.6787	0.6619	0.0000	0.0000
0.6797	0.6626	0.0000	0.0000
0.6807	0.6633	0.0000	0.0000
0.6817	0.6641	0.0000	0.0000
0.6827	0.6648	0.0000	0.0000
0.6837	0.6655	0.0000	0.0000
0.6847	0.6662	0.0000	0.0000
0.6857	0.6669	0.0000	0.0000
0.6867	0.6676	0.0000	0.0000
0.6877	0.6683	0.0000	0.0000
0.6887	0.6690	0.0000	0.0000
0.6897	0.6697	0.0000	0.0000
0.6907	0.6704	0.0000	0.0000
0.6917	0.6711	0.0000	0.0000
0.6927	0.6718	0.0000	0.0000
0.6937	0.6725	0.0000	0.0000
0.6947	0.6732	0.0000	0.0000
0.6957	0.6739	0.0000	0.0000
0.6967	0.6746	0.0000	0.0000
0.6977	0.6753	0.0000	0.0000
0.6987	0.6760	0.0000	0.0000
0.6997	0.6767	0.0000	0.0000
0.7007	0.6773	0.0000	0.0000
0.7017	0.6780	0.0000	0.0000
0.7027	0.6787	0.0000	0.0000
0.7037	0.6794	0.0000	0.0000
0.7047	0.6801	0.0000	0.0000
0.7057	0.6808	0.0000	0.0000
0.7067	0.6814	0.0000	0.0000
0.7077	0.6821	0.0000	0.0000
0.7087	0.6828	0.0000	0.0000
0.7097	0.6835	0.0000	0.0000
0.7107	0.6842	0.0000	0.0000
0.7117	0.6848	0.0000	0.0000
0.7127	0.6855	0.0000	0.0000
0.7137	0.6862	0.0000	0.0000
0.7147	0.6869	0.0000	0.0000
0.7157	0.6875	0.0000	0.0000
0.7167	0.6882	0.0000	0.0000
0.7177	0.6889	0.0000	0.0000
0.7187	0.6896	0.0000	0.0000
0.7197	0.6902	0.0000	0.0000
0.7207	0.6909	0.0000	0.0000
0.7217	0.6916	0.0000	0.0000
0.7227	0.6922	0.0000	0.0000
0.7237	0.6929	0.0000	0.0000
0.7247	0.6936	0.0000	0.0000
0.7257	0.6942	0.0000	0.0000
0.7267	0.6949	0.0000	0.0000
0.7277	0.6955	0.0000	0.0000
0.7287	0.6962	0.0000	0.0000
0.7297	0.6969	0.0000	0.0000
0.7307	0.6975	0.0000	0.0000
0.7317	0.6982	0.0000	0.0000
0.7327	0.6988	0.0000	0.0000
0.7337	0.6995	0.0000	0.0000
0.7347	0.7001	0.0000	0.0000
0.7357	0.7008	0.0000	0.0000
0.7367	0.7015	0.0000	0.0000
0.7377	0.7021	0.0000	0.0000
0.7387	0.7028	0.0000	0.0000
0.7397	0.7034	0.0000	0.0000
0.7407	0.7041	0.0000	0.0000
0.7417	0.7047	0.0000	0.0000
0.7427	0.7054	0.0000	0.0000
0.7437	0.7060	0.0000	0.0000
0.7447	0.7067	0.0000	0.0000
0.7457	0.7073	0.0000	0.0000
0.7467	0.7080	0.0000	0.0000
0.7477	0.7086	0.0000	0.0000
0.7487	0.7092	0.0000	0.0000
0.7497	0.7099	0.0000	0.0000
0.7508	0.7105	0.0000	0.0000
0.7518	0.7112	0.0000	0.0000
0.7528	0.7118	0.0000	0.0000
0.7538	0.7125	0.0000	0.0000
0.7548	0.7131	0.0000	0.0000
0.7558	0.7137	0.0000	0.0000
0.7568	0.7144	0.0000	0.0000
0.7578	0.7150	0.0000	0.0000
0.7588	0.7157	0.0000	0.0000
0.7598	0.7163	0.0000	0.0000
0.7608	0.7169	0.0000	0.0000
0.7618	0.7176	0.0000	0.0000
0.7628	0.7182	0.0000	0.0000
0.7638	0.7188	0.0000	0.0000
0.7648	0.7195	0.0000	0.0000
0.7658	0.7201	0.0000	0.0000
0.7668	0.7207	0.0000	0.0000
0.7678	0.7214	0.0000	0.0000
0.7688	0.7220	0.0000	0.0000
0.7698	0.7226	0.0000	0.0000
0.7708	0.7233	0.0000	0.0000
0.7718	0.7239	0.0000	0.0000
0.7728	0.7245	0.0000	0.0000
0.7738	0.7251	0.0000	0.0000
0.7748	0.7258	0.0000	0.0000
0.7758	0.7264	0.0000	0.0000
0.7768	0.7270	0.0000	0.0000
0.7778	0.7277	0.0000	0.0000
0.7788	0.7283	0.0000	0.0000
0.7798	0.7289	0.0000	0.0000
0.7808	0.7295	0.0000	0.0000
0.7818	0.7302	0.0000	0.0000
0.7828	0.7308	0.0000	0.0000
0.7838	0.7314	0.0000	0.0000
0.7848	0.7320	0.0000	0.0000
0.7858	0.7326	0.0000	0.0000
0.7868	0.7333	0.0000	0.0000
0.7878	0.7339	0.0000	0.0000
0.7888	0.7345	0.0000	0.0000
0.7898	0.7351	0.0000	0.0000
0.7908	0.7358	0.0000	0.0000
0.7918	0.7364	0.0000	0.0000
0.7928	0.7370	0.0000	0.0000
0.7938	0.7376	0.0000	0.0000
0.7948	0.7382	0.0000	0.0000
0.7958	0.7388	0.0000	0.0000
0.7968	0.7395	0.0000	0.0000
0.7978	0.7401	0.0000	0.0000
0.7988	0.7407	0.0000	0.0000
0.7998	0.7413	0.0000	0.0000
0.8008	0.7419	0.0000	0.0000
0.8018	0.7425	0.0000	0.0000
0.8028	0.7432	0.0000	0.0000
0.8038	0.7438	0.0000	0.0000
0.8048	0.7444	0.0000	0.0000
0.8058	0.7450	0.0000	0.0000
0.8068	0.7456	0.0000	0.0000
0.8078	0.7462	0.0000	0.0000
0.8088	0.7468	0.0000	0.0000
0.8098	0.7475	0.0000	0.0000
0.8108	0.7481	0.0000	0.0000
0.8118	0.7487	0.0000	0.0000
0.8128	0.7493	0.0000	0.0000
0.8138	0.7499	0.0000	0.0000
0.8148	0.7505	0.0000	0.0000
0.8158	0.7511	0.0000	0.0000
0.8168	0.7517	0.0000	0.0000
0.8178	0.7523	0.0000	0.0000
0.8188	0.7530	0.0000	0.0000
0.8198	0.7536	0.0000	0.0000
0.8208	0.7542	0.0000	0.0000
0.8218	0.7548	0.0000	0.0000
0.8228	0.7554	0.0000	0.0000
0.8238	0.7560	0.0000	0.0000
0.8248	0.7566	0.0000	0.0000
0.8258	0.7572	0.0000	0.0000
0.8268	0.7578	0.0000	0.0000
0.8278	0.7584	0.0000	0.0000
0.8288	0.7590	0.0000	0.0000
0.8298	0.7596	0.0000	0.0000
0.8308	0.7603	0.0000	0.0000
0.8318	0.7609	0.0000	0.0000
0.8328	0.7615	0.0000	0.0000
0.8338	0.7621	0.0000	0.0000
0.8348	0.7627	0.0000	0.0000
0.8358	0.7633	0.0000	0.0000
0.8368	0.7639	0.0000	0.0000
0.8378	0.7645	0.0000	0.0000
0.8388	0.7651	0.0000	0.0000
0.8398	0.7657	0.0000	0.0000
0.8408	0.7663	0.0000	0.0000
0.8418	0.7669	0.0000	0.0000
0.8428	0.7675	0.0000	0.0000
0.8438	0.7681	0.0000	0.0000
0.8448	0.7687	0.0000	0.0000
0.8458	0.7693	0.0000	0.0000
0.8468	0.7699	0.0000	0.0000
0.8478	0.7705	0.0000	0.0000
0.8488	0.7711	0.0000	0.0000
0.8498	0.7717	0.0000	0.0000
0.8509	0.7723	0.0000	0.0000
0.8519	0.7730	0.0000	0.0000
0.8529	0.7736	0.0000	0.0000
0.8539	0.7742	0.0000	0.0000
0.8549	0.7748	0.0000	0.0000
0.8559	0.7754	0.0000	0.0000
0.8569	0.7760	0.0000	0.0000
0.8579	0.7766	0.0000	0.0000
0.8589	0.7772	0.0000	0.0000
0.8599	0.7778	0.0000	0.0000
0.8609	0.7784	0.0000	0.0000
0.8619	0.7790	0.0000	0.0000
0.8629	0.7796	0.0000	0.0000
0.8639	0.7802	0.0000	0.0000
0.8649	0.7808	0.0000	0.0000
0.8659	0.7814	0.0000	0.0000
0.8669	0.7820	0.0000	0.0000
0.8679	0.7826	0.0000	0.0000
0.8689	0.7832	0.0000	0.0000
0.8699	0.7838	0.0000	0.0000
0.8709	0.7844	0.0000	0.0000
0.8719	0.7850	0.0000	0.0000
0.8729	0.7856	0.0000	0.0000
0.8739	0.7862	0.0000	0.0000
0.8749	0.7868	0.0000	0.0000
0.8759	0.7874	0.0000	0.0000
0.8769	0.7880	0.0000	0.0000
0.8779	0.7886	0.0000	0.0000
0.8789	0.7892	0.0000	0.0000
0.8799	0.7898	0.0000	0.0000
0.8809	0.7904	0.0000	0.0000
0.8819	0.7910	0.0000	0.0000
0.8829	0.7916	0.0000	0.0000
0.8839	0.7922	0.0000	0.0000
0.8849	0.7928	0.0000	0.0000
0.8859	0.7934	0.0000	0.0000
0.8869	0.7940	0.0000	0.0000
0.8879	0.7946	0.0000	0.0000
0.8889	0.7952	0.0000	0.0000
0.8899	0.7958	0.0000	0.0000
0.8909	0.7964	0.0000	0.0000
0.8919	0.7970	0.0000	0.0000
0.8929	0.7976	0.0000	0.0000
0.8939	0.7982	0.0000	0.0000
0.8949	0.7988	0.0000	0.0000
0.8959	0.7994	0.0000	0.0000
0.8969	0.8000	0.0000	0.0000
0.8979	0.8006	0.0000	0.0000
0.8989	0.8012	0.0000	0.0000
0.8999	0.8018	0.0000	0.0000
0.9009	0.8024	0.0000	0.0000
0.9019	0.8030	0.0000	0.0000
0.9029	0.8037	0.0000	0.0000
0.9039	0.8043	0.0000	0.0000
0.9049	0.8049	0.0000	0.0000
0.9059	0.8055	0.0000	0.0000
0.9069	0.8061	0.0000	0.0000
0.9079	0.8067	0.0000	0.0000
0.9089	0.8073	0.0000	0.0000
0.9099	0.8079	0.0000	0.0000
0.9109	0.8085	0.0000	0.0000
0.9119	0.8091	0.0000	0.0000
0.9129	0.8097	0.0000	0.0000
0.9139	0.8103	0.0000	0.0000
0.9149	0.8109	0.0000	0.0000
0.9159	0.8115	0.0000	0.0000
0.9169	0.8121	0.0000	0.0000
0.9179	0.8127	0.0000	0.0000
0.9189	0.8133	0.0000	0.0000
0.9199	0.8139	0.0000	0.0000
0.9209	0.8145	0.0000	0.0000
0.9219	0.8151	0.0000	0.0000
0.9229	0.8157	0.0000	0.0000
0.9239	0.8163	0.0000	0.0000
0.9249	0.8170	0.0000	0.0000
0.9259	0.8176	0.0000	0.0000
0.9269	0.8182	0.0000	0.0000
0.9279	0.8188	0.0000	0.0000
0.9289	0.8194	0.0000	0.0000
0.9299	0.8200	0.0000	0.0000
0.9309	0.8206	0.0000	0.0000
0.9319	0.8212	0.0000	0.0000
0.9329	0.8218	0.0000	0.0000
0.9339	0.8224	0.0000	0.0000
0.9349	0.8230	0.0000	0.0000
0.9359	0.8236	0.0000	0.0000
0.9369	0.8243	0.0000	0.0000
0.9379	0.8249	0.0000	0.0000
0.9389	0.8255	0.0000	0.0000
0.9399	0.8261	0.0000	0.0000
0.9409	0.8267	0.0000	0.0000
0.9419	0.8273	0.0000	0.0000
0.9429	0.8279	0.0000	0.0000
0.9439	0.8285	0.0000	0.0000
0.9449	0.8291	0.0000	0.0000
0.9459	0.8298	0.0000	0.0000
0.9469	0.8304	0.0000	0.0000
0.9479	0.8310	0.0000	0.0000
0.9489	0.8316	0.0000	0.0000
0.9499	0.8322	0.0000	0.0000
0.9510	0.8328	0.0000	0.0000
0.9520	0.8334	0.0000	0.0000
0.9530	0.8340	0.0000	0.0000
0.9540	0.8347	0.0000	0.0000
0.9550	0.8353	0.0000	0.0000
0.9560	0.8359	0.0000	0.0000
0.9570	0.8365	0.0000	0.0000
0.9580	0.8371	0.0000	0.0000
0.9590	0.8377	0.0000	0.0000
0.9600	0.8384	0.0000	0.0000
0.9610	0.8390	0.0000	0.0000
0.9620	0.8396	0.0000	0.0000
0.9630	0.8402	0.0000	0.0000
0.9640	0.8408	0.0000	0.0000
0.9650	0.8414	0.0000	0.0000
0.9660	0.8421	0.0000	0.0000
0.9670	0.8427	0.0000	0.0000
0.9680	0.8433	0.0000	0.0000
0.9690	0.8439	0.0000	0.0000
0.9700	0.8445	0.0000	0.0000
0.9710	0.8452	0.0000	0.0000
0.9720	0.8458	0.0000	0.0000
0.9730	0.8464	0.0000	0.0000
0.9740	0.8470	0.0000	0.0000
0.9750	0.8477	0.0000	0.0000
0.9760	0.8483	0.0000	0.0000
0.9770	0.8489	0.0000	0.0000
0.9780	0.8495	0.0000	0.0000
0.9790	0.8502	0.0000	0.0000
0.9800	0.8508	0.0000	0.0000
0.9810	0.8514	0.0000	0.0000
0.9820	0.8520	0.0000	0.0000
0.9830	0.8527	0.0000	0.0000
0.9840	0.8533	0.0000	0.0000
0.9850	0.8539	0.0000	0.0000
0.9860	0.8545	0.0000	0.0000
0.9870	0.8552	0.0000	0.0000
0.9880	0.8558	0.0000	0.0000
0.9890	0.8564	0.0000	0.0000
0.9900	0.8571	0.0000	0.0000
0.9910	0.8577	0.0000	0.0000
0.9920	0.8583	0.0000	0.0000
0.9930	0.8590	0.0000	0.0000
0.9940	0.8596	0.0000	0.0000
0.9950	0.8602	0.0000	0.0000
0.9960	0.8609	0.0000	0.0000
0.9970	0.8615	0.0000	0.0000
0.9980	0.8621	0.0000	0.0000
0.9990	0.8628	0.0000	0.0000
1.0000	0.8634	0.0000	0.0000
0.3944
0.5015
0.6046
