0.0000	0.1434	0.0000	0.0000
0.0010	0.1441	0.0000	0.0000
0.0020	0.1447	0.0000	0.0000
0.0030	0.1454	0.0000	0.0000
0.0040	0.1460	0.0000	0.0000
0.0050	0.1466	0.0000	0.0000
0.0060	0.1473	0.0000	0.0000
0.0070	0.1479	0.0000	0.0000
0.0080	0.1486	0.0000	0.0000
0.0090	0.1492	0.0000	0.0000
0.0100	0.1498	0.0000	0.0000
0.0110	0.1505	0.0000	0.0000
0.0120	0.1511	0.0000	0.0000
0.0130	0.1517	0.0000	0.0000
0.0140	0.1524	0.0000	0.0000
0.0150	0.1530	0.0000	0.0000
0.0160	0.1536	0.0000	0.0000
0.0170	0.1543	0.0000	0.0000
0.0180	0.1549	0.0000	0.0000
0.0190	0.1555	0.0000	0.0000
0.0200	0.1562	0.0000	0.0000
0.0210	0.1568	0.0000	0.0000
0.0220	0.1574	0.0000	0.0000
0.0230	0.1581	0.0000	0.0000
0.0240	0.1587	0.0000	0.0000
0.0250	0.1593	0.0000	0.0000
0.0260	0.1600	0.0000	0.0000
0.0270	0.1606	0.0000	0.0000
0.0280	0.1612	0.0000	0.0000
0.0290	0.1618	0.0000	0.0000
0.0300	0.1625	0.0000	0.0000
0.0310	0.1631	0.0000	0.0000
0.0320	0.1637	0.0000	0.0000
0.0330	0.1643	0.0000	0.0000
0.0340	0.1650	0.0000	0.0000
0.0350	0.1656	0.0000	0.0000
0.0360	0.1662	0.0000	0.0000
0.0370	0.1668	0.0000	0.0000
0.0380	0.1675	0.0000	0.0000
0.0390	0.1681	0.0000	0.0000
0.0400	0.1687	0.0000	0.0000
0.0410	0.1693	0.0000	0.0000
0.0420	0.1700	0.0000	0.0000
0.0430	0.1706	0.0000	0.0000
0.0440	0.1712	0.0000	0.0000
0.0450	0.1718	0.0000	0.0000
0.0460	0.1724	0.0000	0.0000
0.0470	0.1731	0.0000	0.0000
0.0480	0.1737	0.0000	0.0000
0.0490	0.1743	0.0000	0.0000
0.0501	0.1749	0.0000	0.0000
0.0511	0.1755	0.0000	0.0000
0.0521	0.1761	0.0000	0.0000
0.0531	0.1768	0.0000	0.0000
0.0541	0.1774	0.0000	0.0000
0.0551	0.1780	0.0000	0.0000
0.0561	0.1786	0.0000	0.0000
0.0571	0.1792	0.0000	0.0000
0.0581	0.1798	0.0000	0.0000
0.0591	0.1805	0.0000	0.0000
0.0601	0.1811	0.0000	0.0000
0.0611	0.1817	0.0000	0.0000
0.0621	0.1823	0.0000	0.0000
0.0631	0.1829	0.0000	0.0000
0.0641	0.1835	0.0000	0.0000
0.0651	0.1841	0.0000	0.0000
0.0661	0.1847	0.0000	0.0000
0.0671	0.1854	0.0000	0.0000
0.0681	0.1860	0.0000	0.0000
0.0691	0.1866	0.0000	0.0000
0.0701	0.1872	0.0000	0.0000
0.0711	0.1878	0.0000	0.0000
0.0721	0.1884	0.0000	0.0000
0.0731	0.1890	0.0000	0.0000
0.0741	0.1896	0.0000	0.0000
0.0751	0.1902	0.0000	0.0000
0.0761	0.1909	0.0000	0.0000
0.0771	0.1915	0.0000	0.0000
0.0781	0.1921	0.0000	0.0000
0.0791	0.1927	0.0000	0.0000
0.0801	0.1933	0.0000	0.0000
0.0811	0.1939	0.0000	0.0000
0.0821	0.1945	0.0000	0.0000
0.0831	0.1951	0.0000	0.0000
0.0841	0.1957	0.0000	0.0000
0.0851	0.1963	0.0000	0.0000
0.0861	0.1969	0.0000	0.0000
0.0871	0.1975	0.0000	0.0000
0.0881	0.1981	0.0000	0.0000
0.0891	0.1988	0.0000	0.0000
0.0901	0.1994	0.0000	0.0000
0.0911	0.2000	0.0000	0.0000
0.0921	0.2006	0.0000	0.0000
0.0931	0.2012	0.0000	0.0000
0.0941	0.2018	0.0000	0.0000
0.0951	0.2024	0.0000	0.0000
0.0961	0.2030	0.0000	0.0000
0.0971	0.2036	0.0000	0.0000
0.0981	0.2042	0.0000	0.0000
0.0991	0.2048	0.0000	0.0000
0.1001	0.2054	0.0000	0.0000
0.1011	0.2060	0.0000	0.0000
0.1021	0.2066	0.0000	0.0000
0.1031	0.2072	0.0000	0.0000
0.1041	0.2078	0.0000	0.0000
0.1051	0.2084	0.0000	0.0000
0.1061	0.2090	0.0000	0.0000
0.1071	0.2096	0.0000	0.0000
0.1081	0.2102	0.0000	0.0000
0.1091	0.2108	0.0000	0.0000
0.1101	0.2114	0.0000	0.0000
0.1111	0.2120	0.0000	0.0000
0.1121	0.2126	0.0000	0.0000
0.1131	0.2132	0.0000	0.0000
0.1141	0.2138	0.0000	0.0000
0.1151	0.2144	0.0000	0.0000
0.1161	0.2150	0.0000	0.0000
0.1171	0.2156	0.0000	0.0000
0.1181	0.2162	0.0000	0.0000
0.1191	0.2168	0.0000	0.0000
0.1201	0.2174	0.0000	0.0000
0.1211	0.2180	0.0000	0.0000
0.1221	0.2186	0.0000	0.0000
0.1231	0.2192	0.0000	0.0000
0.1241	0.2198	0.0000	0.0000
0.1251	0.2204	0.0000	0.0000
0.1261	0.2210	0.0000	0.0000
0.1271	0.2216	0.0000	0.0000
0.1281	0.2222	0.0000	0.0000
0.1291	0.2228	0.0000	0.0000
0.1301	0.2234	0.0000	0.0000
0.1311	0.2240	0.0000	0.0000
0.1321	0.2246	0.0000	0.0000
0.1331	0.2252	0.0000	0.0000
0.1341	0.2258	0.0000	0.0000
0.1351	0.2264	0.0000	0.0000
0.1361	0.2270	0.0000	0.0000
0.1371	0.2276	0.0000	0.0000
0.1381	0.2282	0.0000	0.0000
0.1391	0.2288	0.0000	0.0000
0.1401	0.2294	0.0000	0.0000
0.1411	0.2300	0.0000	0.0000
0.1421	0.2306	0.0000	0.0000
0.1431	0.2312	0.0000	0.0000
0.1441	0.2318	0.0000	0.0000
0.1451	0.2324	0.0000	0.0000
0.1461	0.2330	0.0000	0.0000
0.1471	0.2336	0.0000	0.0000
0.1481	0.2342	0.0000	0.0000
0.1491	0.2348	0.0000	0.0000
0.1502	0.2354	0.0000	0.0000
0.1512	0.2360	0.0000	0.0000
0.1522	0.2366	0.0000	0.0000
0.1532	0.2372	0.0000	0.0000
0.1542	0.2378	0.0000	0.0000
0.1552	0.2384	0.0000	0.0000
0.1562	0.2390	0.0000	0.0000
0.1572	0.2397	0.0000	0.0000
0.1582	0.2403	0.0000	0.0000
0.1592	0.2409	0.0000	0.0000
0.1602	0.2415	0.0000	0.0000
0.1612	0.2421	0.0000	0.0000
0.1622	0.2427	0.0000	0.0000
0.1632	0.2433	0.0000	0.0000
0.1642	0.2439	0.0000	0.0000
0.1652	0.2445	0.0000	0.0000
0.1662	0.2451	0.0000	0.0000
0.1672	0.2457	0.0000	0.0000
0.1682	0.2463	0.0000	0.0000
0.1692	0.2469	0.0000	0.0000
0.1702	0.2475	0.0000	0.0000
0.1712	0.2481	0.0000	0.0000
0.1722	0.2487	0.0000	0.0000
0.1732	0.2493	0.0000	0.0000
0.1742	0.2499	0.0000	0.0000
0.1752	0.2505	0.0000	0.0000
0.1762	0.2511	0.0000	0.0000
0.1772	0.2517	0.0000	0.0000
0.1782	0.2523	0.0000	0.0000
0.1792	0.2529	0.0000	0.0000
0.1802	0.2535	0.0000	0.0000
0.1812	0.2541	0.0000	0.0000
0.1822	0.2547	0.0000	0.0000
0.1832	0.2553	0.0000	0.0000
0.1842	0.2559	0.0000	0.0000
0.1852	0.2565	0.0000	0.0000
0.1862	0.2571	0.0000	0.0000
0.1872	0.2577	0.0000	0.0000
0.1882	0.2583	0.0000	0.0000
0.1892	0.2589	0.0000	0.0000
0.1902	0.2595	0.0000	0.0000
0.1912	0.2601	0.0000	0.0000
0.1922	0.2608	0.0000	0.0000
0.1932	0.2614	0.0000	0.0000
0.1942	0.2620	0.0000	0.0000
0.1952	0.2626	0.0000	0.0000
0.1962	0.2632	0.0000	0.0000
0.1972	0.2638	0.0000	0.0000
0.1982	0.2644	0.0000	0.0000
0.1992	0.2650	0.0000	0.0000
0.2002	0.2656	0.0000	0.0000
0.2012	0.2662	0.0000	0.0000
0.2022	0.2668	0.0000	0.0000
0.2032	0.2674	0.0000	0.0000
0.2042	0.2680	0.0000	0.0000
0.2052	0.2687	0.0000	0.0000
0.2062	0.2693	0.0000	0.0000
0.2072	0.2699	0.0000	0.0000
0.2082	0.2705	0.0000	0.0000
0.2092	0.2711	0.0000	0.0000
0.2102	0.2717	0.0000	0.0000
0.2112	0.2723	0.0000	0.0000
0.2122	0.2729	0.0000	0.0000
0.2132	0.2736	0.0000	0.0000
0.2142	0.2742	0.0000	0.0000
0.2152	0.2748	0.0000	0.0000
0.2162	0.2754	0.0000	0.0000
0.2172	0.2760	0.0000	0.0000
0.2182	0.2766	0.0000	0.0000
0.2192	0.2772	0.0000	0.0000
0.2202	0.2779	0.0000	0.0000
0.2212	0.2785	0.0000	0.0000
0.2222	0.2791	0.0000	0.0000
0.2232	0.2797	0.0000	0.0000
0.2242	0.2803	0.0000	0.0000
0.2252	0.2809	0.0000	0.0000
0.2262	0.2816	0.0000	0.0000
0.2272	0.2822	0.0000	0.0000
0.2282	0.2828	0.0000	0.0000
0.2292	0.2834	0.0000	0.0000
0.2302	0.2840	0.0000	0.0000
0.2312	0.2847	0.0000	0.0000
0.2322	0.2853	0.0000	0.0000
0.2332	0.2859	0.0000	0.0000
0.2342	0.2865	0.0000	0.0000
0.2352	0.2871	0.0000	0.0000
0.2362	0.2878	0.0000	0.0000
0.2372	0.2884	0.0000	0.0000
0.2382	0.2890	0.0000	0.0000
0.2392	0.2896	0.0000	0.0000
0.2402	0.2903	0.0000	0.0000
0.2412	0.2909	0.0000	0.0000
0.2422	0.2915	0.0000	0.0000
0.2432	0.2921	0.0000	0.0000
0.2442	0.2928	0.0000	0.0000
0.2452	0.2934	0.0000	0.0000
0.2462	0.2940	0.0000	0.0000
0.2472	0.2947	0.0000	0.0000
0.2482	0.2953	0.0000	0.0000
0.2492	0.2959	0.0000	0.0000
0.2503	0.2965	0.0000	0.0000
0.2513	0.2972	0.0000	0.0000
0.2523	0.2978	0.0000	0.0000
0.2533	0.2984	0.0000	0.0000
0.2543	0.2991	0.0000	0.0000
0.2553	0.2997	0.0000	0.0000
0.2563	0.3003	0.0000	0.0000
0.2573	0.3010	0.0000	0.0000
0.2583	0.3016	0.0000	0.0000
0.2593	0.3023	0.0000	0.0000
0.2603	0.3029	0.0000	0.0000
0.2613	0.3035	0.0000	0.0000
0.2623	0.3042	0.0000	0.0000
0.2633	0.3048	0.0000	0.0000
0.2643	0.3054	0.0000	0.0000
0.2653	0.3061	0.0000	0.0000
0.2663	0.3067	0.0000	0.0000
0.2673	0.3074	0.0000	0.0000
0.2683	0.3080	0.0000	0.0000
0.2693	0.3087	0.0000	0.0000
0.2703	0.3093	0.0000	0.0000
0.2713	0.3099	0.0000	0.0000
0.2723	0.3106	0.0000	0.0000
0.2733	0.3112	0.0000	0.0000
0.2743	0.3119	0.0000	0.0000
0.2753	0.3125	0.0000	0.0000
0.2763	0.3132	0.0000	0.0000
0.2773	0.3138	0.0000	0.0000
0.2783	0.3145	0.0000	0.0000
0.2793	0.3151	0.0000	0.0000
0.2803	0.3158	0.0000	0.0000
0.2813	0.3164	0.0000	0.0000
0.2823	0.3171	0.0000	0.0000
0.2833	0.3178	0.0000	0.0000
0.2843	0.3184	0.0000	0.0000
0.2853	0.3191	0.0000	0.0000
0.2863	0.3197	0.0000	0.0000
0.2873	0.3204	0.0000	0.0000
0.2883	0.3210	0.0000	0.0000
0.2893	0.3217	0.0000	0.0000
0.2903	0.3224	0.0000	0.0000
0.2913	0.3230	0.0000	0.0000
0.2923	0.3237	0.0000	0.0000
0.2933	0.3244	0.0000	0.0000
0.2943	0.3250	0.0000	0.0000
0.2953	0.3257	0.0000	0.0000
0.2963	0.3264	0.0000	0.0000
0.2973	0.3270	0.0000	0.0000
0.2983	0.3277	0.0000	0.0000
0.2993	0.3284	0.0000	0.0000
0.3003	0.3290	0.0000	0.0000
0.3013	0.3297	0.0000	0.0000
0.3023	0.3304	0.0000	0.0000
0.3033	0.3311	0.0000	0.0000
0.3043	0.3317	0.0000	0.0000
0.3053	0.3324	0.0000	0.0000
0.3063	0.3331	0.0000	0.0000
0.3073	0.3338	0.0000	0.0000
0.3083	0.3344	0.0000	0.0000
0.3093	0.3351	0.0000	0.0000
0.3103	0.3358	0.0000	0.0000
0.3113	0.3365	0.0000	0.0000
0.3123	0.3372	0.0000	0.0000
0.3133	0.3379	0.0000	0.0000
0.3143	0.3385	0.0000	0.0000
0.3153	0.3392	0.0000	0.0000
0.3163	0.3399	0.0000	0.0000
0.3173	0.3406	0.0000	0.0000
0.3183	0.3413	0.0000	0.0000
0.3193	0.3420	0.0000	0.0000
0.3203	0.3427	0.0000	0.0000
0.3213	0.3434	0.0000	0.0000
0.3223	0.3441	0.0000	0.0000
0.3233	0.3448	0.0000	0.0000
0.3243	0.3455	0.0000	0.0000
0.3253	0.3462	0.0000	0.0000
0.3263	0.3469	0.0000	0.0000
0.3273	0.3476	0.0000	0.0000
0.3283	0.3483	0.0000	0.0000
0.3293	0.3490	0.0000	0.0000
0.3303	0.3497	0.0000	0.0000
0.3313	0.3504	0.0000	0.0000
0.3323	0.3511	0.0000	0.0000
0.3333	0.3518	0.0000	0.0000
0.3343	0.3525	0.0000	0.0000
0.3353	0.3532	0.0000	0.0000
0.3363	0.3540	0.0000	0.0000
0.3373	0.3547	0.0000	0.0000
0.3383	0.3554	0.0000	0.0000
0.3393	0.3561	0.0000	0.0000
0.3403	0.3568	0.0000	0.0000
0.3413	0.3575	0.0000	0.0000
0.3423	0.3583	0.0000	0.0000
0.3433	0.3590	0.0000	0.0000
0.3443	0.3597	0.0000	0.0000
0.3453	0.3604	0.0000	0.0000
0.3463	0.3612	0.0000	0.0000
0.3473	0.3619	0.0000	0.0000
0.3483	0.3626	0.0000	0.0000
0.3493	0.3634	0.0000	0.0000
0.3504	0.3641	0.0000	0.0000
0.3514	0.3648	0.0000	0.0000
0.3524	0.3656	0.0000	0.0000
0.3534	0.3663	0.0000	0.0000
0.3544	0.3671	0.0000	0.0000
0.3554	0.3678	0.0000	0.0000
0.3564	0.3685	0.0000	0.0000
0.3574	0.3693	0.0000	0.0000
0.3584	0.3700	0.0000	0.0000
0.3594	0.3708	0.0000	0.0000
0.3604	0.3715	0.0000	0.0000
0.3614	0.3723	0.0000	0.0000
0.3624	0.3730	0.0000	0.0000
0.3634	0.3738	0.0000	0.0000
0.3644	0.3745	0.0000	0.0000
0.3654	0.3753	0.0000	0.0000
0.3664	0.3761	0.0000	0.0000
0.3674	0.3768	0.0000	0.0000
0.3684	0.3776	0.0000	0.0000
0.3694	0.3784	0.0000	0.0000
0.3704	0.3791	0.0000	0.0000
0.3714	0.3799	0.0000	0.0000
0.3724	0.3807	0.0000	0.0000
0.3734	0.3814	0.0000	0.0000
0.3744	0.3822	0.0000	0.0000
0.3754	0.3830	0.0000	0.0000
0.3764	0.3838	0.0000	0.0000
0.3774	0.3846	0.0000	0.0000
0.3784	0.3853	0.0000	0.0000
0.3794	0.3861	0.0000	0.0000
0.3804	0.3869	0.0000	0.0000
0.3814	0.3877	0.0000	0.0000
0.3824	0.3885	0.0000	0.0000
0.3834	0.3893	0.0000	0.0000
0.3844	0.3901	0.0000	0.0000
0.3854	0.3909	0.0000	0.0000
0.3864	0.3917	0.0000	0.0000
0.3874	0.3925	0.0000	0.0000
0.3884	0.3933	0.0000	0.0000
0.3894	0.3941	0.0000	0.0000
0.3904	0.3949	0.0000	0.0000
0.3914	0.3957	0.0000	0.0000
0.3924	0.3965	0.0000	0.0000
0.3934	0.3973	0.0000	0.0000
0.3944	0.3981	0.0000	0.0000
0.3954	0.3989	0.0000	0.0000
0.3964	0.3998	0.0000	0.0000
0.3974	0.4006	0.0000	0.0000
0.3984	0.4014	0.0000	0.0000
0.3994	0.4022	0.0000	0.0000
0.4004	0.4031	0.0000	0.0000
0.4014	0.4039	0.0000	0.0000
0.4024	0.4047	0.0000	0.0000
0.4034	0.4056	0.0000	0.0000
0.4044	0.4064	0.0000	0.0000
0.4054	0.4072	0.0000	0.0000
0.4064	0.4081	0.0000	0.0000
0.4074	0.4089	0.0000	0.0000
0.4084	0.4098	0.0000	0.0000
0.4094	0.4106	0.0000	0.0000
0.4104	0.4115	0.0000	0.0000
0.4114	0.4123	0.0000	0.0000
0.4124	0.4132	0.0000	0.0000
0.4134	0.4140	0.0000	0.0000
0.4144	0.4149	0.0000	0.0000
0.4154	0.4158	0.0000	0.0000
0.4164	0.4166	0.0000	0.0000
0.4174	0.4175	0.0000	0.0000
0.4184	0.4184	0.0000	0.0000
0.4194	0.4192	0.0000	0.0000
0.4204	0.4201	0.0000	0.0000
0.4214	0.4210	0.0000	0.0000
0.4224	0.4219	0.0000	0.0000
0.4234	0.4228	0.0000	0.0000
0.4244	0.4236	0.0000	0.0000
0.4254	0.4245	0.0000	0.0000
0.4264	0.4254	0.0000	0.0000
0.4274	0.4263	0.0000	0.0000
0.4284	0.4272	0.0000	0.0000
0.4294	0.4281	0.0000	0.0000
0.4304	0.4290	0.0000	0.0000
0.4314	0.4299	0.0000	0.0000
0.4324	0.4308	0.0000	0.0000
0.4334	0.4317	0.0000	0.0000
0.4344	0.4327	0.0000	0.0000
0.4354	0.4336	0.0000	0.0000
0.4364	0.4345	0.0000	0.0000
0.4374	0.4354	0.0000	0.0000
0.4384	0.4363	0.0000	0.0000
0.4394	0.4373	0.0000	0.0000
0.4404	0.4382	0.0000	0.0000
0.4414	0.4391	0.0000	0.0000
0.4424	0.4401	0.0000	0.0000
0.4434	0.4410	0.0000	0.0000
0.4444	0.4420	0.0000	0.0000
0.4454	0.4429	0.0000	0.0000
0.4464	0.4439	0.0000	0.0000
0.4474	0.4448	0.0000	0.0000
0.4484	0.4458	0.0000	0.0000
0.4494	0.4467	0.0000	0.0000
0.4505	0.4477	0.0000	0.0000
0.4515	0.4487	0.0000	0.0000
0.4525	0.4496	0.0000	0.0000
0.4535	0.4506	0.0000	0.0000
0.4545	0.4516	0.0000	0.0000
0.4555	0.4526	0.0000	0.0000
0.4565	0.4535	0.0000	0.0000
0.4575	0.4545	0.0000	0.0000
0.4585	0.4555	0.0000	0.0000
0.4595	0.4565	0.0000	0.0000
0.4605	0.4575	0.0000	0.0000
0.4615	0.4585	0.0000	0.0000
0.4625	0.4595	0.0000	0.0000
0.4635	0.4605	0.0000	0.0000
0.4645	0.4615	0.0000	0.0000
0.4655	0.4625	0.0000	0.0000
0.4665	0.4636	0.0000	0.0000
0.4675	0.4646	0.0000	0.0000
0.4685	0.4656	0.0000	0.0000
0.4695	0.4666	0.0000	0.0000
0.4705	0.4677	0.0000	0.0000
0.4715	0.4687	0.0000	0.0000
0.4725	0.4697	0.0000	0.0000
0.4735	0.4708	0.0000	0.0000
0.4745	0.4718	0.0000	0.0000
0.4755	0.4729	0.0000	0.0000
0.4765	0.4739	0.0000	0.0000
0.4775	0.4750	0.0000	0.0000
0.4785	0.4761	0.0000	0.0000
0.4795	0.4771	0.0000	0.0000
0.4805	0.4782	0.0000	0.0000
0.4815	0.4793	0.0000	0.0000
0.4825	0.4803	0.0000	0.0000
0.4835	0.4814	0.0000	0.0000
0.4845	0.4825	0.0000	0.0000
0.4855	0.4836	0.0000	0.0000
0.4865	0.4847	0.0000	0.0000
0.4875	0.4858	0.0000	0.0000
0.4885	0.4869	0.0000	0.0000
0.4895	0.4880	0.0000	0.0000
0.4905	0.4891	0.0000	0.0000
0.4915	0.4902	0.0000	0.0000
0.4925	0.4914	0.0000	0.0000
0.4935	0.4925	0.0000	0.0000
0.4945	0.4936	0.0000	0.0000
0.4955	0.4948	0.0000	0.0000
0.4965	0.4959	0.0000	0.0000
0.4975	0.4970	0.0000	0.0000
0.4985	0.4982	0.0000	0.0000
0.4995	0.4993	0.0000	0.0000
0.5005	0.5005	0.0000	0.0000
0.5015	0.5016	0.0000	0.0000
0.5025	0.5028	0.0000	0.0000
0.5035	0.5039	0.0000	0.0000
0.5045	0.5051	0.0000	0.0000
0.5055	0.5062	0.0000	0.0000
0.5065	0.5073	0.0000	0.0000
0.5075	0.5085	0.0000	0.0000
0.5085	0.5096	0.0000	0.0000
0.5095	0.5107	0.0000	0.0000
0.5105	0.5118	0.0000	0.0000
0.5115	0.5129	0.0000	0.0000
0.5125	0.5140	0.0000	0.0000
0.5135	0.5151	0.0000	0.0000
0.5145	0.5162	0.0000	0.0000
0.5155	0.5173	0.0000	0.0000
0.5165	0.5184	0.0000	0.0000
0.5175	0.5195	0.0000	0.0000
0.5185	0.5206	0.0000	0.0000
0.5195	0.5216	0.0000	0.0000
0.5205	0.5227	0.0000	0.0000
0.5215	0.5238	0.0000	0.0000
0.5225	0.5248	0.0000	0.0000
0.5235	0.5259	0.0000	0.0000
0.5245	0.5269	0.0000	0.0000
0.5255	0.5280	0.0000	0.0000
0.5265	0.5290	0.0000	0.0000
0.5275	0.5301	0.0000	0.0000
0.5285	0.5311	0.0000	0.0000
0.5295	0.5322	0.0000	0.0000
0.5305	0.5332	0.0000	0.0000
0.5315	0.5342	0.0000	0.0000
0.5325	0.5353	0.0000	0.0000
0.5335	0.5363	0.0000	0.0000
0.5345	0.5373	0.0000	0.0000
0.5355	0.5383	0.0000	0.0000
0.5365	0.5393	0.0000	0.0000
0.5375	0.5403	0.0000	0.0000
0.5385	0.5413	0.0000	0.0000
0.5395	0.5423	0.0000	0.0000
0.5405	0.5433	0.0000	0.0000
0.5415	0.5443	0.0000	0.0000
0.5425	0.5453	0.0000	0.0000
0.5435	0.5463	0.0000	0.0000
0.5445	0.5473	0.0000	0.0000
0.5455	0.5482	0.0000	0.0000
0.5465	0.5492	0.0000	0.0000
0.5475	0.5502	0.0000	0.0000
0.5485	0.5512	0.0000	0.0000
0.5495	0.5521	0.0000	0.0000
0.5506	0.5531	0.0000	0.0000
0.5516	0.5541	0.0000	0.0000
0.5526	0.5550	0.0000	0.0000
0.5536	0.5560	0.0000	0.0000
0.5546	0.5569	0.0000	0.0000
0.5556	0.5579	0.0000	0.0000
0.5566	0.5588	0.0000	0.0000
0.5576	0.5597	0.0000	0.0000
0.5586	0.5607	0.0000	0.0000
0.5596	0.5616	0.0000	0.0000
0.5606	0.5626	0.0000	0.0000
0.5616	0.5635	0.0000	0.0000
0.5626	0.5644	0.0000	0.0000
0.5636	0.5653	0.0000	0.0000
0.5646	0.5662	0.0000	0.0000
0.5656	0.5672	0.0000	0.0000
0.5666	0.5681	0.0000	0.0000
0.5676	0.5690	0.0000	0.0000
0.5686	0.5699	0.0000	0.0000
0.5696	0.5708	0.0000	0.0000
0.5706	0.5717	0.0000	0.0000
0.5716	0.5726	0.0000	0.0000
0.5726	0.5735	0.0000	0.0000
0.5736	0.5744	0.0000	0.0000
0.5746	0.5753	0.0000	0.0000
0.5756	0.5762	0.0000	0.0000
0.5766	0.5771	0.0000	0.0000
0.5776	0.5780	0.0000	0.0000
0.5786	0.5788	0.0000	0.0000
0.5796	0.5797	0.0000	0.0000
0.5806	0.5806	0.0000	0.0000
0.5816	0.5815	0.0000	0.0000
0.5826	0.5823	0.0000	0.0000
0.5836	0.5832	0.0000	0.0000
0.5846	0.5841	0.0000	0.0000
0.5856	0.5849	0.0000	0.0000
0.5866	0.5858	0.0000	0.0000
0.5876	0.5867	0.0000	0.0000
0.5886	0.5875	0.0000	0.0000
0.5896	0.5884	0.0000	0.0000
0.5906	0.5892	0.0000	0.0000
0.5916	0.5901	0.0000	0.0000
0.5926	0.5909	0.0000	0.0000
0.5936	0.5917	0.0000	0.0000
0.5946	0.5926	0.0000	0.0000
0.5956	0.5934	0.0000	0.0000
0.5966	0.5943	0.0000	0.0000
0.5976	0.5951	0.0000	0.0000
0.5986	0.5959	0.0000	0.0000
0.5996	0.5968	0.0000	0.0000
0.6006	0.5976	0.0000	0.0000
0.6016	0.5984	0.0000	0.0000
0.6026	0.5992	0.0000	0.0000
0.6036	0.6001	0.0000	0.0000
0.6046	0.6009	0.0000	0.0000
0.6056	0.6017	0.0000	0.0000
0.6066	0.6025	0.0000	0.0000
0.6076	0.6033	0.0000	0.0000
0.6086	0.6041	0.0000	0.0000
0.6096	0.6049	0.0000	0.0000
0.6106	0.6058	0.0000	0.0000
0.6116	0.6066	0.0000	0.0000
0.6126	0.6074	0.0000	0.0000
0.6136	0.6082	0.0000	0.0000
0.6146	0.6090	0.0000	0.0000
0.6156	0.6098	0.0000	0.0000
0.6166	0.6105	0.0000	0.0000
0.6176	0.6113	0.0000	0.0000
0.6186	0.6121	0.0000	0.0000
0.6196	0.6129	0.0000	0.0000
0.6206	0.6137	0.0000	0.0000
0.6216	0.6145	0.0000	0.0000
0.6226	0.6153	0.0000	0.0000
0.6236	0.6160	0.0000	0.0000
0.6246	0.6168	0.0000	0.0000
0.6256	0.6176	0.0000	0.0000
0.6266	0.6184	0.0000	0.0000
0.6276	0.6192	0.0000	0.0000
0.6286	0.6199	0.0000	0.0000
0.6296	0.6207	0.0000	0.0000
0.6306	0.6215	0.0000	0.0000
0.6316	0.6222	0.0000	0.0000
0.6326	0.6230	0.0000	0.0000
0.6336	0.6238	0.0000	0.0000
0.6346	0.6245	0.0000	0.0000
0.6356	0.6253	0.0000	0.0000
0.6366	0.6260	0.0000	0.0000
0.6376	0.6268	0.0000	0.0000
0.6386	0.6275	0.0000	0.0000
0.6396	0.6283	0.0000	0.0000
0.6406	0.6290	0.0000	0.0000
0.6416	0.6298	0.0000	0.0000
0.6426	0.6305	0.0000	0.0000
0.6436	0.6313	0.0000	0.0000
0.6446	0.6320	0.0000	0.0000
0.6456	0.6328	0.0000	0.0000
0.6466	0.6335	0.0000	0.0000
0.6476	0.6343	0.0000	0.0000
0.6486	0.6350	0.0000	0.0000
0.6496	0.6357	0.0000	0.0000
0.6507	0.6365	0.0000	0.0000
0.6517	0.6372	0.0000	0.0000
0.6527	0.6379	0.0000	0.0000
0.6537	0.6387	0.0000	0.0000
0.6547	0.6394	0.0000	0.0000
0.6557	0.6401	0.0000	0.0000
0.6567	0.6408	0.0000	0.0000
0.6577	0.6416	0.0000	0.0000
0.6587	0.6423	0.0000	0.0000
0.6597	0.6430	0.0000	0.0000
0.6607	0.6437	0.0000	0.0000
0.6617	0.6444	0.0000	0.0000
0.6627	0.6452	0.0000	0.0000
0.6637	0.6459	0.0000	0.0000
0.6647	0.6466	0.0000	0.0000
0.6657	0.6473	0.0000	0.0000
0.6667	0.6480	0.0000	0.0000
0.6677	0.6487	0.0000	0.0000
0.6687	0.6494	0.0000	0.0000
0.6697	0.6501	0.0000	0.0000
0.6707	0.6508	0.0000	0.0000
0.6717	0.6515	0.0000	0.0000
0.6727	0.6523	0.0000	0.0000
0.6737	0.6530	0.0000	0.0000
0.6747	0.6537	0.0000	0.0000
0.6757	0.6544	0.0000	0.0000
0.6767	0.6551	0.0000	0.0000
0.6777	0.6558	0.0000	0.0000
0.6787	0.6564	0.0000	0.0000
0.6797	0.6571	0.0000	0.0000
0.6807	0.6578	0.0000	0.0000
0.6817	0.6585	0.0000	0.0000
0.6827	0.6592	0.0000	0.0000
0.6837	0.6599	0.0000	0.0000
0.6847	0.6606	0.0000	0.0000
0.6857	0.6613	0.0000	0.0000
0.6867	0.6620	0.0000	0.0000
0.6877	0.6627	0.0000	0.0000
0.6887	0.6633	0.0000	0.0000
0.6897	0.6640	0.0000	0.0000
0.6907	0.6647	0.0000	0.0000
0.6917	0.6654	0.0000	0.0000
0.6927	0.6661	0.0000	0.0000
0.6937	0.6668	0.0000	0.0000
0.6947	0.6674	0.0000	0.0000
0.6957	0.6681	0.0000	0.0000
0.6967	0.6688	0.0000	0.0000
0.6977	0.6695	0.0000	0.0000
0.6987	0.6701	0.0000	0.0000
0.6997	0.6708	0.0000	0.0000
0.7007	0.6715	0.0000	0.0000
0.7017	0.6721	0.0000	0.0000
0.7027	0.6728	0.0000	0.0000
0.7037	0.6735	0.0000	0.0000
0.7047	0.6742	0.0000	0.0000
0.7057	0.6748	0.0000	0.0000
0.7067	0.6755	0.0000	0.0000
0.7077	0.6761	0.0000	0.0000
0.7087	0.6768	0.0000	0.0000
0.7097	0.6775	0.0000	0.0000
0.7107	0.6781	0.0000	0.0000
0.7117	0.6788	0.0000	0.0000
0.7127	0.6795	0.0000	0.0000
0.7137	0.6801	0.0000	0.0000
0.7147	0.6808	0.0000	0.0000
0.7157	0.6814	0.0000	0.0000
0.7167	0.6821	0.0000	0.0000
0.7177	0.6827	0.0000	0.0000
0.7187	0.6834	0.0000	0.0000
0.7197	0.6841	0.0000	0.0000
0.7207	0.6847	0.0000	0.0000
0.7217	0.6854	0.0000	0.0000
0.7227	0.6860	0.0000	0.0000
0.7237	0.6867	0.0000	0.0000
0.7247	0.6873	0.0000	0.0000
0.7257	0.6880	0.0000	0.0000
0.7267	0.6886	0.0000	0.0000
0.7277	0.6893	0.0000	0.0000
0.7287	0.6899	0.0000	0.0000
0.7297	0.6905	0.0000	0.0000
0.7307	0.6912	0.0000	0.0000
0.7317	0.6918	0.0000	0.0000
0.7327	0.6925	0.0000	0.0000
0.7337	0.6931	0.0000	0.0000
0.7347	0.6938	0.0000	0.0000
0.7357	0.6944	0.0000	0.0000
0.7367	0.6951	0.0000	0.0000
0.7377	0.6957	0.0000	0.0000
0.7387	0.6963	0.0000	0.0000
0.7397	0.6970	0.0000	0.0000
0.7407	0.6976	0.0000	0.0000
0.7417	0.6982	0.0000	0.0000
0.7427	0.6989	0.0000	0.0000
0.7437	0.6995	0.0000	0.0000
0.7447	0.7002	0.0000	0.0000
0.7457	0.7008	0.0000	0.0000
0.7467	0.7014	0.0000	0.0000
0.7477	0.7021	0.0000	0.0000
0.7487	0.7027	0.0000	0.0000
0.7497	0.7033	0.0000	0.0000
0.7508	0.7040	0.0000	0.0000
0.7518	0.7046	0.0000	0.0000
0.7528	0.7052	0.0000	0.0000
0.7538	0.7058	0.0000	0.0000
0.7548	0.7065	0.0000	0.0000
0.7558	0.7071	0.0000	0.0000
0.7568	0.7077	0.0000	0.0000
0.7578	0.7084	0.0000	0.0000
0.7588	0.7090	0.0000	0.0000
0.7598	0.7096	0.0000	0.0000
0.7608	0.7102	0.0000	0.0000
0.7618	0.7109	0.0000	0.0000
0.7628	0.7115	0.0000	0.0000
0.7638	0.7121	0.0000	0.0000
0.7648	0.7127	0.0000	0.0000
0.7658	0.7134	0.0000	0.0000
0.7668	0.7140	0.0000	0.0000
0.7678	0.7146	0.0000	0.0000
0.7688	0.7152	0.0000	0.0000
0.7698	0.7158	0.0000	0.0000
0.7708	0.7165	0.0000	0.0000
0.7718	0.7171	0.0000	0.0000
0.7728	0.7177	0.0000	0.0000
0.7738	0.7183	0.0000	0.0000
0.7748	0.7189	0.0000	0.0000
0.7758	0.7196	0.0000	0.0000
0.7768	0.7202	0.0000	0.0000
0.7778	0.7208	0.0000	0.0000
0.7788	0.7214	0.0000	0.0000
0.7798	0.7220	0.0000	0.0000
0.7808	0.7226	0.0000	0.0000
0.7818	0.7233	0.0000	0.0000
0.7828	0.7239	0.0000	0.0000
0.7838	0.7245	0.0000	0.0000
0.7848	0.7251	0.0000	0.0000
0.7858	0.7257	0.0000	0.0000
0.7868	0.7263	0.0000	0.0000
0.7878	0.7269	0.0000	0.0000
0.7888	0.7276	0.0000	0.0000
0.7898	0.7282	0.0000	0.0000
0.7908	0.7288	0.0000	0.0000
0.7918	0.7294	0.0000	0.0000
0.7928	0.7300	0.0000	0.0000
0.7938	0.7306	0.0000	0.0000
0.7948	0.7312	0.0000	0.0000
0.7958	0.7318	0.0000	0.0000
0.7968	0.7324	0.0000	0.0000
0.7978	0.7331	0.0000	0.0000
0.7988	0.7337	0.0000	0.0000
0.7998	0.7343	0.0000	0.0000
0.8008	0.7349	0.0000	0.0000
0.8018	0.7355	0.0000	0.0000
0.8028	0.7361	0.0000	0.0000
0.8038	0.7367	0.0000	0.0000
0.8048	0.7373	0.0000	0.0000
0.8058	0.7379	0.0000	0.0000
0.8068	0.7385	0.0000	0.0000
0.8078	0.7391	0.0000	0.0000
0.8088	0.7397	0.0000	0.0000
0.8098	0.7404	0.0000	0.0000
0.8108	0.7410	0.0000	0.0000
0.8118	0.7416	0.0000	0.0000
0.8128	0.7422	0.0000	0.0000
0.8138	0.7428	0.0000	0.0000
0.8148	0.7434	0.0000	0.0000
0.8158	0.7440	0.0000	0.0000
0.8168	0.7446	0.0000	0.0000
0.8178	0.7452	0.0000	0.0000
0.8188	0.7458	0.0000	0.0000
0.8198	0.7464	0.0000	0.0000
0.8208	0.7470	0.0000	0.0000
0.8218	0.7476	0.0000	0.0000
0.8228	0.7482	0.0000	0.0000
0.8238	0.7488	0.0000	0.0000
0.8248	0.7494	0.0000	0.0000
0.8258	0.7500	0.0000	0.0000
0.8268	0.7506	0.0000	0.0000
0.8278	0.7512	0.0000	0.0000
0.8288	0.7518	0.0000	0.0000
0.8298	0.7524	0.0000	0.0000
0.8308	0.7530	0.0000	0.0000
0.8318	0.7536	0.0000	0.0000
0.8328	0.7543	0.0000	0.0000
0.8338	0.7549	0.0000	0.0000
0.8348	0.7555	0.0000	0.0000
0.8358	0.7561	0.0000	0.0000
0.8368	0.7567	0.0000	0.0000
0.8378	0.7573	0.0000	0.0000
0.8388	0.7579	0.0000	0.0000
0.8398	0.7585	0.0000	0.0000
0.8408	0.7591	0.0000	0.0000
0.8418	0.7597	0.0000	0.0000
0.8428	0.7603	0.0000	0.0000
0.8438	0.7609	0.0000	0.0000
0.8448	0.7615	0.0000	0.0000
0.8458	0.7621	0.0000	0.0000
0.8468	0.7627	0.0000	0.0000
0.8478	0.7633	0.0000	0.0000
0.8488	0.7639	0.0000	0.0000
0.8498	0.7645	0.0000	0.0000
0.8509	0.7651	0.0000	0.0000
0.8519	0.7657	0.0000	0.0000
0.8529	0.7663	0.0000	0.0000
0.8539	0.7669	0.0000	0.0000
0.8549	0.7675	0.0000	0.0000
0.8559	0.7681	0.0000	0.0000
0.8569	0.7687	0.0000	0.0000
0.8579	0.7693	0.0000	0.0000
0.8589	0.7699	0.0000	0.0000
0.8599	0.7705	0.0000	0.0000
0.8609	0.7711	0.0000	0.0000
0.8619	0.7717	0.0000	0.0000
0.8629	0.7723	0.0000	0.0000
0.8639	0.7729	0.0000	0.0000
0.8649	0.7735	0.0000	0.0000
0.8659	0.7741	0.0000	0.0000
0.8669	0.7747	0.0000	0.0000
0.8679	0.7753	0.0000	0.0000
0.8689	0.7759	0.0000	0.0000
0.8699	0.7765	0.0000	0.0000
0.8709	0.7771	0.0000	0.0000
0.8719	0.7777	0.0000	0.0000
0.8729	0.7783	0.0000	0.0000
0.8739	0.7789	0.0000	0.0000
0.8749	0.7795	0.0000	0.0000
0.8759	0.7801	0.0000	0.0000
0.8769	0.7807	0.0000	0.0000
0.8779	0.7813	0.0000	0.0000
0.8789	0.7819	0.0000	0.0000
0.8799	0.7825	0.0000	0.0000
0.8809	0.7831	0.0000	0.0000
0.8819	0.7837	0.0000	0.0000
0.8829	0.7843	0.0000	0.0000
0.8839	0.7849	0.0000	0.0000
0.8849	0.7855	0.0000	0.0000
0.8859	0.7861	0.0000	0.0000
0.8869	0.7867	0.0000	0.0000
0.8879	0.7873	0.0000	0.0000
0.8889	0.7879	0.0000	0.0000
0.8899	0.7885	0.0000	0.0000
0.8909	0.7891	0.0000	0.0000
0.8919	0.7897	0.0000	0.0000
0.8929	0.7903	0.0000	0.0000
0.8939	0.7909	0.0000	0.0000
0.8949	0.7915	0.0000	0.0000
0.8959	0.7921	0.0000	0.0000
0.8969	0.7927	0.0000	0.0000
0.8979	0.7933	0.0000	0.0000
0.8989	0.7939	0.0000	0.0000
0.8999	0.7945	0.0000	0.0000
0.9009	0.7952	0.0000	0.0000
0.9019	0.7958	0.0000	0.0000
0.9029	0.7964	0.0000	0.0000
0.9039	0.7970	0.0000	0.0000
0.9049	0.7976	0.0000	0.0000
0.9059	0.7982	0.0000	0.0000
0.9069	0.7988	0.0000	0.0000
0.9079	0.7994	0.0000	0.0000
0.9089	0.8000	0.0000	0.0000
0.9099	0.8006	0.0000	0.0000
0.9109	0.8012	0.0000	0.0000
0.9119	0.8018	0.0000	0.0000
0.9129	0.8024	0.0000	0.0000
0.9139	0.8030	0.0000	0.0000
0.9149	0.8036	0.0000	0.0000
0.9159	0.8042	0.0000	0.0000
0.9169	0.8048	0.0000	0.0000
0.9179	0.8055	0.0000	0.0000
0.9189	0.8061	0.0000	0.0000
0.9199	0.8067	0.0000	0.0000
0.9209	0.8073	0.0000	0.0000
0.9219	0.8079	0.0000	0.0000
0.9229	0.8085	0.0000	0.0000
0.9239	0.8091	0.0000	0.0000
0.9249	0.8097	0.0000	0.0000
0.9259	0.8103	0.0000	0.0000
0.9269	0.8109	0.0000	0.0000
0.9279	0.8116	0.0000	0.0000
0.9289	0.8122	0.0000	0.0000
0.9299	0.8128	0.0000	0.0000
0.9309	0.8134	0.0000	0.0000
0.9319	0.8140	0.0000	0.0000
0.9329	0.8146	0.0000	0.0000
0.9339	0.8152	0.0000	0.0000
0.9349	0.8158	0.0000	0.0000
0.9359	0.8164	0.0000	0.0000
0.9369	0.8171	0.0000	0.0000
0.9379	0.8177	0.0000	0.0000
0.9389	0.8183	0.0000	0.0000
0.9399	0.8189	0.0000	0.0000
0.9409	0.8195	0.0000	0.0000
0.9419	0.8201	0.0000	0.0000
0.9429	0.8207	0.0000	0.0000
0.9439	0.8214	0.0000	0.0000
0.9449	0.8220	0.0000	0.0000
0.9459	0.8226	0.0000	0.0000
0.9469	0.8232	0.0000	0.0000
0.9479	0.8238	0.0000	0.0000
0.9489	0.8244	0.0000	0.0000
0.9499	0.8251	0.0000	0.0000
0.9510	0.8257	0.0000	0.0000
0.9520	0.8263	0.0000	0.0000
0.9530	0.8269	0.0000	0.0000
0.9540	0.8275	0.0000	0.0000
0.9550	0.8282	0.0000	0.0000
0.9560	0.8288	0.0000	0.0000
0.9570	0.8294	0.0000	0.0000
0.9580	0.8300	0.0000	0.0000
0.9590	0.8306	0.0000	0.0000
0.9600	0.8313	0.0000	0.0000
0.9610	0.8319	0.0000	0.0000
0.9620	0.8325	0.0000	0.0000
0.9630	0.8331	0.0000	0.0000
0.9640	0.8338	0.0000	0.0000
0.9650	0.8344	0.0000	0.0000
0.9660	0.8350	0.0000	0.0000
0.9670	0.8356	0.0000	0.0000
0.9680	0.8363	0.0000	0.0000
0.9690	0.8369	0.0000	0.0000
0.9700	0.8375	0.0000	0.0000
0.9710	0.8381	0.0000	0.0000
0.9720	0.8388	0.0000	0.0000
0.9730	0.8394	0.0000	0.0000
0.9740	0.8400	0.0000	0.0000
0.9750	0.8407	0.0000	0.0000
0.9760	0.8413	0.0000	0.0000
0.9770	0.8419	0.0000	0.0000
0.9780	0.8426	0.0000	0.0000
0.9790	0.8432	0.0000	0.0000
0.9800	0.8438	0.0000	0.0000
0.9810	0.8444	0.0000	0.0000
0.9820	0.8451	0.0000	0.0000
0.9830	0.8457	0.0000	0.0000
0.9840	0.8463	0.0000	0.0000
0.9850	0.8470	0.0000	0.0000
0.9860	0.8476	0.0000	0.0000
0.9870	0.8483	0.0000	0.0000
0.9880	0.8489	0.0000	0.0000
0.9890	0.8495	0.0000	0.0000
0.9900	0.8502	0.0000	0.0000
0.9910	0.8508	0.0000	0.0000
0.9920	0.8514	0.0000	0.0000
0.9930	0.8521	0.0000	0.0000
0.9940	0.8527	0.0000	0.0000
0.9950	0.8534	0.0000	0.0000
0.9960	0.8540	0.0000	0.0000
0.9970	0.8546	0.0000	0.0000
0.9980	0.8553	0.0000	0.0000
0.9990	0.8559	0.0000	0.0000
1.0000	0.8566	0.0000	0.0000
0.4184
0.5015
0.5816
