0.0000	0.1616	0.0000	0.0000
0.0010	0.1623	0.0000	0.0000
0.0020	0.1629	0.0000	0.0000
0.0030	0.1636	0.0000	0.0000
0.0040	0.1643	0.0000	0.0000
0.0050	0.1649	0.0000	0.0000
0.0060	0.1656	0.0000	0.0000
0.0070	0.1662	0.0000	0.0000
0.0080	0.1669	0.0000	0.0000
0.0090	0.1676	0.0000	0.0000
0.0100	0.1682	0.0000	0.0000
0.0110	0.1689	0.0000	0.0000
0.0120	0.1695	0.0000	0.0000
0.0130	0.1702	0.0000	0.0000
0.0140	0.1708	0.0000	0.0000
0.0150	0.1715	0.0000	0.0000
0.0160	0.1721	0.0000	0.0000
0.0170	0.1728	0.0000	0.0000
0.0180	0.1734	0.0000	0.0000
0.0190	0.1741	0.0000	0.0000
0.0200	0.1747	0.0000	0.0000
0.0210	0.1754	0.0000	0.0000
0.0220	0.1760	0.0000	0.0000
0.0230	0.1767	0.0000	0.0000
0.0240	0.1773	0.0000	0.0000
0.0250	0.1780	0.0000	0.0000
0.0260	0.1786	0.0000	0.0000
0.0270	0.1793	0.0000	0.0000
0.0280	0.1799	0.0000	0.0000
0.0290	0.1806	0.0000	0.0000
0.0300	0.1812	0.0000	0.0000
0.0310	0.1818	0.0000	0.0000
0.0320	0.1825	0.0000	0.0000
0.0330	0.1831	0.0000	0.0000
0.0340	0.1838	0.0000	0.0000
0.0350	0.1844	0.0000	0.0000
0.0360	0.1851	0.0000	0.0000
0.0370	0.1857	0.0000	0.0000
0.0380	0.1863	0.0000	0.0000
0.0390	0.1870	0.0000	0.0000
0.0400	0.1876	0.0000	0.0000
0.0410	0.1882	0.0000	0.0000
0.0420	0.1889	0.0000	0.0000
0.0430	0.1895	0.0000	0.0000
0.0440	0.1902	0.0000	0.0000
0.0450	0.1908	0.0000	0.0000
0.0460	0.1914	0.0000	0.0000
0.0470	0.1921	0.0000	0.0000
0.0480	0.1927	0.0000	0.0000
0.0490	0.1933	0.0000	0.0000
0.0501	0.1940	0.0000	0.0000
0.0511	0.1946	0.0000	0.0000
0.0521	0.1952	0.0000	0.0000
0.0531	0.1959	0.0000	0.0000
0.0541	0.1965	0.0000	0.0000
0.0551	0.1971	0.0000	0.0000
0.0561	0.1978	0.0000	0.0000
0.0571	0.1984	0.0000	0.0000
0.0581	0.1990	0.0000	0.0000
0.0591	0.1996	0.0000	0.0000
0.0601	0.2003	0.0000	0.0000
0.0611	0.2009	0.0000	0.0000
0.0621	0.2015	0.0000	0.0000
0.0631	0.2021	0.0000	0.0000
0.0641	0.2028	0.0000	0.0000
0.0651	0.2034	0.0000	0.0000
0.0661	0.2040	0.0000	0.0000
0.0671	0.2046	0.0000	0.0000
0.0681	0.2053	0.0000	0.0000
0.0691	0.2059	0.0000	0.0000
0.0701	0.2065	0.0000	0.0000
0.0711	0.2071	0.0000	0.0000
0.0721	0.2078	0.0000	0.0000
0.0731	0.2084	0.0000	0.0000
0.0741	0.2090	0.0000	0.0000
0.0751	0.2096	0.0000	0.0000
0.0761	0.2102	0.0000	0.0000
0.0771	0.2109	0.0000	0.0000
0.0781	0.2115	0.0000	0.0000
0.0791	0.2121	0.0000	0.0000
0.0801	0.2127	0.0000	0.0000
0.0811	0.2133	0.0000	0.0000
0.0821	0.2140	0.0000	0.0000
0.0831	0.2146	0.0000	0.0000
0.0841	0.2152	0.0000	0.0000
0.0851	0.2158	0.0000	0.0000
0.0861	0.2164	0.0000	0.0000
0.0871	0.2170	0.0000	0.0000
0.0881	0.2177	0.0000	0.0000
0.0891	0.2183	0.0000	0.0000
0.0901	0.2189	0.0000	0.0000
0.0911	0.2195	0.0000	0.0000
0.0921	0.2201	0.0000	0.0000
0.0931	0.2207	0.0000	0.0000
0.0941	0.2213	0.0000	0.0000
0.0951	0.2219	0.0000	0.0000
0.0961	0.2226	0.0000	0.0000
0.0971	0.2232	0.0000	0.0000
0.0981	0.2238	0.0000	0.0000
0.0991	0.2244	0.0000	0.0000
0.1001	0.2250	0.0000	0.0000
0.1011	0.2256	0.0000	0.0000
0.1021	0.2262	0.0000	0.0000
0.1031	0.2268	0.0000	0.0000
0.1041	0.2274	0.0000	0.0000
0.1051	0.2280	0.0000	0.0000
0.1061	0.2287	0.0000	0.0000
0.1071	0.2293	0.0000	0.0000
0.1081	0.2299	0.0000	0.0000
0.1091	0.2305	0.0000	0.0000
0.1101	0.2311	0.0000	0.0000
0.1111	0.2317	0.0000	0.0000
0.1121	0.2323	0.0000	0.0000
0.1131	0.2329	0.0000	0.0000
0.1141	0.2335	0.0000	0.0000
0.1151	0.2341	0.0000	0.0000
0.1161	0.2347	0.0000	0.0000
0.1171	0.2353	0.0000	0.0000
0.1181	0.2359	0.0000	0.0000
0.1191	0.2365	0.0000	0.0000
0.1201	0.2371	0.0000	0.0000
0.1211	0.2377	0.0000	0.0000
0.1221	0.2383	0.0000	0.0000
0.1231	0.2389	0.0000	0.0000
0.1241	0.2395	0.0000	0.0000
0.1251	0.2401	0.0000	0.0000
0.1261	0.2407	0.0000	0.0000
0.1271	0.2413	0.0000	0.0000
0.1281	0.2419	0.0000	0.0000
0.1291	0.2426	0.0000	0.0000
0.1301	0.2432	0.0000	0.0000
0.1311	0.2438	0.0000	0.0000
0.1321	0.2444	0.0000	0.0000
0.1331	0.2450	0.0000	0.0000
0.1341	0.2456	0.0000	0.0000
0.1351	0.2462	0.0000	0.0000
0.1361	0.2468	0.0000	0.0000
0.1371	0.2473	0.0000	0.0000
0.1381	0.2479	0.0000	0.0000
0.1391	0.2485	0.0000	0.0000
0.1401	0.2491	0.0000	0.0000
0.1411	0.2497	0.0000	0.0000
0.1421	0.2503	0.0000	0.0000
0.1431	0.2509	0.0000	0.0000
0.1441	0.2515	0.0000	0.0000
0.1451	0.2521	0.0000	0.0000
0.1461	0.2527	0.0000	0.0000
0.1471	0.2533	0.0000	0.0000
0.1481	0.2539	0.0000	0.0000
0.1491	0.2545	0.0000	0.0000
0.1502	0.2551	0.0000	0.0000
0.1512	0.2557	0.0000	0.0000
0.1522	0.2563	0.0000	0.0000
0.1532	0.2569	0.0000	0.0000
0.1542	0.2575	0.0000	0.0000
0.1552	0.2581	0.0000	0.0000
0.1562	0.2587	0.0000	0.0000
0.1572	0.2593	0.0000	0.0000
0.1582	0.2599	0.0000	0.0000
0.1592	0.2605	0.0000	0.0000
0.1602	0.2611	0.0000	0.0000
0.1612	0.2617	0.0000	0.0000
0.1622	0.2623	0.0000	0.0000
0.1632	0.2629	0.0000	0.0000
0.1642	0.2634	0.0000	0.0000
0.1652	0.2640	0.0000	0.0000
0.1662	0.2646	0.0000	0.0000
0.1672	0.2652	0.0000	0.0000
0.1682	0.2658	0.0000	0.0000
0.1692	0.2664	0.0000	0.0000
0.1702	0.2670	0.0000	0.0000
0.1712	0.2676	0.0000	0.0000
0.1722	0.2682	0.0000	0.0000
0.1732	0.2688	0.0000	0.0000
0.1742	0.2694	0.0000	0.0000
0.1752	0.2700	0.0000	0.0000
0.1762	0.2706	0.0000	0.0000
0.1772	0.2712	0.0000	0.0000
0.1782	0.2718	0.0000	0.0000
0.1792	0.2723	0.0000	0.0000
0.1802	0.2729	0.0000	0.0000
0.1812	0.2735	0.0000	0.0000
0.1822	0.2741	0.0000	0.0000
0.1832	0.2747	0.0000	0.0000
0.1842	0.2753	0.0000	0.0000
0.1852	0.2759	0.0000	0.0000
0.1862	0.2765	0.0000	0.0000
0.1872	0.2771	0.0000	0.0000
0.1882	0.2777	0.0000	0.0000
0.1892	0.2783	0.0000	0.0000
0.1902	0.2789	0.0000	0.0000
0.1912	0.2795	0.0000	0.0000
0.1922	0.2800	0.0000	0.0000
0.1932	0.2806	0.0000	0.0000
0.1942	0.2812	0.0000	0.0000
0.1952	0.2818	0.0000	0.0000
0.1962	0.2824	0.0000	0.0000
0.1972	0.2830	0.0000	0.0000
0.1982	0.2836	0.0000	0.0000
0.1992	0.2842	0.0000	0.0000
0.2002	0.2848	0.0000	0.0000
0.2012	0.2854	0.0000	0.0000
0.2022	0.2860	0.0000	0.0000
0.2032	0.2866	0.0000	0.0000
0.2042	0.2872	0.0000	0.0000
0.2052	0.2877	0.0000	0.0000
0.2062	0.2883	0.0000	0.0000
0.2072	0.2889	0.0000	0.0000
0.2082	0.2895	0.0000	0.0000
0.2092	0.2901	0.0000	0.0000
0.2102	0.2907	0.0000	0.0000
0.2112	0.2913	0.0000	0.0000
0.2122	0.2919	0.0000	0.0000
0.2132	0.2925	0.0000	0.0000
0.2142	0.2931	0.0000	0.0000
0.2152	0.2937	0.0000	0.0000
0.2162	0.2943	0.0000	0.0000
0.2172	0.2949	0.0000	0.0000
0.2182	0.2955	0.0000	0.0000
0.2192	0.2961	0.0000	0.0000
0.2202	0.2966	0.0000	0.0000
0.2212	0.2972	0.0000	0.0000
0.2222	0.2978	0.0000	0.0000
0.2232	0.2984	0.0000	0.0000
0.2242	0.2990	0.0000	0.0000
0.2252	0.2996	0.0000	0.0000
0.2262	0.3002	0.0000	0.0000
0.2272	0.3008	0.0000	0.0000
0.2282	0.3014	0.0000	0.0000
0.2292	0.3020	0.0000	0.0000
0.2302	0.3026	0.0000	0.0000
0.2312	0.3032	0.0000	0.0000
0.2322	0.3038	0.0000	0.0000
0.2332	0.3044	0.0000	0.0000
0.2342	0.3050	0.0000	0.0000
0.2352	0.3056	0.0000	0.0000
0.2362	0.3062	0.0000	0.0000
0.2372	0.3068	0.0000	0.0000
0.2382	0.3074	0.0000	0.0000
0.2392	0.3080	0.0000	0.0000
0.2402	0.3086	0.0000	0.0000
0.2412	0.3092	0.0000	0.0000
0.2422	0.3098	0.0000	0.0000
0.2432	0.3104	0.0000	0.0000
0.2442	0.3110	0.0000	0.0000
0.2452	0.3116	0.0000	0.0000
0.2462	0.3122	0.0000	0.0000
0.2472	0.3128	0.0000	0.0000
0.2482	0.3134	0.0000	0.0000
0.2492	0.3140	0.0000	0.0000
0.2503	0.3146	0.0000	0.0000
0.2513	0.3152	0.0000	0.0000
0.2523	0.3158	0.0000	0.0000
0.2533	0.3164	0.0000	0.0000
0.2543	0.3170	0.0000	0.0000
0.2553	0.3176	0.0000	0.0000
0.2563	0.3182	0.0000	0.0000
0.2573	0.3188	0.0000	0.0000
0.2583	0.3194	0.0000	0.0000
0.2593	0.3200	0.0000	0.0000
0.2603	0.3206	0.0000	0.0000
0.2613	0.3212	0.0000	0.0000
0.2623	0.3218	0.0000	0.0000
0.2633	0.3224	0.0000	0.0000
0.2643	0.3230	0.0000	0.0000
0.2653	0.3236	0.0000	0.0000
0.2663	0.3242	0.0000	0.0000
0.2673	0.3248	0.0000	0.0000
0.2683	0.3255	0.0000	0.0000
0.2693	0.3261	0.0000	0.0000
0.2703	0.3267	0.0000	0.0000
0.2713	0.3273	0.0000	0.0000
0.2723	0.3279	0.0000	0.0000
0.2733	0.3285	0.0000	0.0000
0.2743	0.3291	0.0000	0.0000
0.2753	0.3297	0.0000	0.0000
0.2763	0.3303	0.0000	0.0000
0.2773	0.3309	0.0000	0.0000
0.2783	0.3316	0.0000	0.0000
0.2793	0.3322	0.0000	0.0000
0.2803	0.3328	0.0000	0.0000
0.2813	0.3334	0.0000	0.0000
0.2823	0.3340	0.0000	0.0000
0.2833	0.3346	0.0000	0.0000
0.2843	0.3353	0.0000	0.0000
0.2853	0.3359	0.0000	0.0000
0.2863	0.3365	0.0000	0.0000
0.2873	0.3371	0.0000	0.0000
0.2883	0.3377	0.0000	0.0000
0.2893	0.3383	0.0000	0.0000
0.2903	0.3390	0.0000	0.0000
0.2913	0.3396	0.0000	0.0000
0.2923	0.3402	0.0000	0.0000
0.2933	0.3408	0.0000	0.0000
0.2943	0.3415	0.0000	0.0000
0.2953	0.3421	0.0000	0.0000
0.2963	0.3427	0.0000	0.0000
0.2973	0.3433	0.0000	0.0000
0.2983	0.3439	0.0000	0.0000
0.2993	0.3446	0.0000	0.0000
0.3003	0.3452	0.0000	0.0000
0.3013	0.3458	0.0000	0.0000
0.3023	0.3465	0.0000	0.0000
0.3033	0.3471	0.0000	0.0000
0.3043	0.3477	0.0000	0.0000
0.3053	0.3483	0.0000	0.0000
0.3063	0.3490	0.0000	0.0000
0.3073	0.3496	0.0000	0.0000
0.3083	0.3502	0.0000	0.0000
0.3093	0.3509	0.0000	0.0000
0.3103	0.3515	0.0000	0.0000
0.3113	0.3521	0.0000	0.0000
0.3123	0.3528	0.0000	0.0000
0.3133	0.3534	0.0000	0.0000
0.3143	0.3541	0.0000	0.0000
0.3153	0.3547	0.0000	0.0000
0.3163	0.3553	0.0000	0.0000
0.3173	0.3560	0.0000	0.0000
0.3183	0.3566	0.0000	0.0000
0.3193	0.3573	0.0000	0.0000
0.3203	0.3579	0.0000	0.0000
0.3213	0.3585	0.0000	0.0000
0.3223	0.3592	0.0000	0.0000
0.3233	0.3598	0.0000	0.0000
0.3243	0.3605	0.0000	0.0000
0.3253	0.3611	0.0000	0.0000
0.3263	0.3618	0.0000	0.0000
0.3273	0.3624	0.0000	0.0000
0.3283	0.3631	0.0000	0.0000
0.3293	0.3637	0.0000	0.0000
0.3303	0.3644	0.0000	0.0000
0.3313	0.3650	0.0000	0.0000
0.3323	0.3657	0.0000	0.0000
0.3333	0.3663	0.0000	0.0000
0.3343	0.3670	0.0000	0.0000
0.3353	0.3676	0.0000	0.0000
0.3363	0.3683	0.0000	0.0000
0.3373	0.3690	0.0000	0.0000
0.3383	0.3696	0.0000	0.0000
0.3393	0.3703	0.0000	0.0000
0.3403	0.3709	0.0000	0.0000
0.3413	0.3716	0.0000	0.0000
0.3423	0.3723	0.0000	0.0000
0.3433	0.3729	0.0000	0.0000
0.3443	0.3736	0.0000	0.0000
0.3453	0.3743	0.0000	0.0000
0.3463	0.3749	0.0000	0.0000
0.3473	0.3756	0.0000	0.0000
0.3483	0.3763	0.0000	0.0000
0.3493	0.3770	0.0000	0.0000
0.3504	0.3776	0.0000	0.0000
0.3514	0.3783	0.0000	0.0000
0.3524	0.3790	0.0000	0.0000
0.3534	0.3797	0.0000	0.0000
0.3544	0.3803	0.0000	0.0000
0.3554	0.3810	0.0000	0.0000
0.3564	0.3817	0.0000	0.0000
0.3574	0.3824	0.0000	0.0000
0.3584	0.3831	0.0000	0.0000
0.3594	0.3837	0.0000	0.0000
0.3604	0.3844	0.0000	0.0000
0.3614	0.3851	0.0000	0.0000
0.3624	0.3858	0.0000	0.0000
0.3634	0.3865	0.0000	0.0000
0.3644	0.3872	0.0000	0.0000
0.3654	0.3879	0.0000	0.0000
0.3664	0.3886	0.0000	0.0000
0.3674	0.3893	0.0000	0.0000
0.3684	0.3900	0.0000	0.0000
0.3694	0.3907	0.0000	0.0000
0.3704	0.3914	0.0000	0.0000
0.3714	0.3921	0.0000	0.0000
0.3724	0.3928	0.0000	0.0000
0.3734	0.3935	0.0000	0.0000
0.3744	0.3942	0.0000	0.0000
0.3754	0.3949	0.0000	0.0000
0.3764	0.3956	0.0000	0.0000
0.3774	0.3963	0.0000	0.0000
0.3784	0.3970	0.0000	0.0000
0.3794	0.3977	0.0000	0.0000
0.3804	0.3984	0.0000	0.0000
0.3814	0.3992	0.0000	0.0000
0.3824	0.3999	0.0000	0.0000
0.3834	0.4006	0.0000	0.0000
0.3844	0.4013	0.0000	0.0000
0.3854	0.4020	0.0000	0.0000
0.3864	0.4028	0.0000	0.0000
0.3874	0.4035	0.0000	0.0000
0.3884	0.4042	0.0000	0.0000
0.3894	0.4049	0.0000	0.0000
0.3904	0.4057	0.0000	0.0000
0.3914	0.4064	0.0000	0.0000
0.3924	0.4071	0.0000	0.0000
0.3934	0.4079	0.0000	0.0000
0.3944	0.4086	0.0000	0.0000
0.3954	0.4094	0.0000	0.0000
0.3964	0.4101	0.0000	0.0000
0.3974	0.4108	0.0000	0.0000
0.3984	0.4116	0.0000	0.0000
0.3994	0.4123	0.0000	0.0000
0.4004	0.4131	0.0000	0.0000
0.4014	0.4138	0.0000	0.0000
0.4024	0.4146	0.0000	0.0000
0.4034	0.4153	0.0000	0.0000
0.4044	0.4161	0.0000	0.0000
0.4054	0.4169	0.0000	0.0000
0.4064	0.4176	0.0000	0.0000
0.4074	0.4184	0.0000	0.0000
0.4084	0.4191	0.0000	0.0000
0.4094	0.4199	0.0000	0.0000
0.4104	0.4207	0.0000	0.0000
0.4114	0.4215	0.0000	0.0000
0.4124	0.4222	0.0000	0.0000
0.4134	0.4230	0.0000	0.0000
0.4144	0.4238	0.0000	0.0000
0.4154	0.4246	0.0000	0.0000
0.4164	0.4253	0.0000	0.0000
0.4174	0.4261	0.0000	0.0000
0.4184	0.4269	0.0000	0.0000
0.4194	0.4277	0.0000	0.0000
0.4204	0.4285	0.0000	0.0000
0.4214	0.4293	0.0000	0.0000
0.4224	0.4301	0.0000	0.0000
0.4234	0.4309	0.0000	0.0000
0.4244	0.4317	0.0000	0.0000
0.4254	0.4325	0.0000	0.0000
0.4264	0.4333	0.0000	0.0000
0.4274	0.4341	0.0000	0.0000
0.4284	0.4349	0.0000	0.0000
0.4294	0.4357	0.0000	0.0000
0.4304	0.4365	0.0000	0.0000
0.4314	0.4373	0.0000	0.0000
0.4324	0.4381	0.0000	0.0000
0.4334	0.4390	0.0000	0.0000
0.4344	0.4398	0.0000	0.0000
0.4354	0.4406	0.0000	0.0000
0.4364	0.4414	0.0000	0.0000
0.4374	0.4423	0.0000	0.0000
0.4384	0.4431	0.0000	0.0000
0.4394	0.4439	0.0000	0.0000
0.4404	0.4448	0.0000	0.0000
0.4414	0.4456	0.0000	0.0000
0.4424	0.4464	0.0000	0.0000
0.4434	0.4473	0.0000	0.0000
0.4444	0.4481	0.0000	0.0000
0.4454	0.4490	0.0000	0.0000
0.4464	0.4498	0.0000	0.0000
0.4474	0.4507	0.0000	0.0000
0.4484	0.4516	0.0000	0.0000
0.4494	0.4524	0.0000	0.0000
0.4505	0.4533	0.0000	0.0000
0.4515	0.4541	0.0000	0.0000
0.4525	0.4550	0.0000	0.0000
0.4535	0.4559	0.0000	0.0000
0.4545	0.4568	0.0000	0.0000
0.4555	0.4576	0.0000	0.0000
0.4565	0.4585	0.0000	0.0000
0.4575	0.4594	0.0000	0.0000
0.4585	0.4603	0.0000	0.0000
0.4595	0.4612	0.0000	0.0000
0.4605	0.4621	0.0000	0.0000
0.4615	0.4630	0.0000	0.0000
0.4625	0.4639	0.0000	0.0000
0.4635	0.4648	0.0000	0.0000
0.4645	0.4657	0.0000	0.0000
0.4655	0.4666	0.0000	0.0000
0.4665	0.4675	0.0000	0.0000
0.4675	0.4684	0.0000	0.0000
0.4685	0.4693	0.0000	0.0000
0.4695	0.4703	0.0000	0.0000
0.4705	0.4712	0.0000	0.0000
0.4715	0.4721	0.0000	0.0000
0.4725	0.4730	0.0000	0.0000
0.4735	0.4740	0.0000	0.0000
0.4745	0.4749	0.0000	0.0000
0.4755	0.4759	0.0000	0.0000
0.4765	0.4768	0.0000	0.0000
0.4775	0.4777	0.0000	0.0000
0.4785	0.4787	0.0000	0.0000
0.4795	0.4797	0.0000	0.0000
0.4805	0.4806	0.0000	0.0000
0.4815	0.4816	0.0000	0.0000
0.4825	0.4825	0.0000	0.0000
0.4835	0.4835	0.0000	0.0000
0.4845	0.4845	0.0000	0.0000
0.4855	0.4855	0.0000	0.0000
0.4865	0.4864	0.0000	0.0000
0.4875	0.4874	0.0000	0.0000
0.4885	0.4884	0.0000	0.0000
0.4895	0.4894	0.0000	0.0000
0.4905	0.4904	0.0000	0.0000
0.4915	0.4914	0.0000	0.0000
0.4925	0.4924	0.0000	0.0000
0.4935	0.4934	0.0000	0.0000
0.4945	0.4944	0.0000	0.0000
0.4955	0.4954	0.0000	0.0000
0.4965	0.4965	0.0000	0.0000
0.4975	0.4975	0.0000	0.0000
0.4985	0.4985	0.0000	0.0000
0.4995	0.4995	0.0000	0.0000
0.5005	0.5006	0.0000	0.0000
0.5015	0.5016	0.0000	0.0000
0.5025	0.5026	0.0000	0.0000
0.5035	0.5037	0.0000	0.0000
0.5045	0.5047	0.0000	0.0000
0.5055	0.5057	0.0000	0.0000
0.5065	0.5067	0.0000	0.0000
0.5075	0.5077	0.0000	0.0000
0.5085	0.5087	0.0000	0.0000
0.5095	0.5097	0.0000	0.0000
0.5105	0.5107	0.0000	0.0000
0.5115	0.5117	0.0000	0.0000
0.5125	0.5127	0.0000	0.0000
0.5135	0.5137	0.0000	0.0000
0.5145	0.5147	0.0000	0.0000
0.5155	0.5156	0.0000	0.0000
0.5165	0.5166	0.0000	0.0000
0.5175	0.5176	0.0000	0.0000
0.5185	0.5185	0.0000	0.0000
0.5195	0.5195	0.0000	0.0000
0.5205	0.5205	0.0000	0.0000
0.5215	0.5214	0.0000	0.0000
0.5225	0.5224	0.0000	0.0000
0.5235	0.5233	0.0000	0.0000
0.5245	0.5243	0.0000	0.0000
0.5255	0.5252	0.0000	0.0000
0.5265	0.5262	0.0000	0.0000
0.5275	0.5271	0.0000	0.0000
0.5285	0.5280	0.0000	0.0000
0.5295	0.5289	0.0000	0.0000
0.5305	0.5299	0.0000	0.0000
0.5315	0.5308	0.0000	0.0000
0.5325	0.5317	0.0000	0.0000
0.5335	0.5326	0.0000	0.0000
0.5345	0.5335	0.0000	0.0000
0.5355	0.5344	0.0000	0.0000
0.5365	0.5354	0.0000	0.0000
0.5375	0.5363	0.0000	0.0000
0.5385	0.5372	0.0000	0.0000
0.5395	0.5381	0.0000	0.0000
0.5405	0.5389	0.0000	0.0000
0.5415	0.5398	0.0000	0.0000
0.5425	0.5407	0.0000	0.0000
0.5435	0.5416	0.0000	0.0000
0.5445	0.5425	0.0000	0.0000
0.5455	0.5434	0.0000	0.0000
0.5465	0.5442	0.0000	0.0000
0.5475	0.5451	0.0000	0.0000
0.5485	0.5460	0.0000	0.0000
0.5495	0.5469	0.0000	0.0000
0.5506	0.5477	0.0000	0.0000
0.5516	0.5486	0.0000	0.0000
0.5526	0.5494	0.0000	0.0000
0.5536	0.5503	0.0000	0.0000
0.5546	0.5511	0.0000	0.0000
0.5556	0.5520	0.0000	0.0000
0.5566	0.5528	0.0000	0.0000
0.5576	0.5537	0.0000	0.0000
0.5586	0.5545	0.0000	0.0000
0.5596	0.5554	0.0000	0.0000
0.5606	0.5562	0.0000	0.0000
0.5616	0.5570	0.0000	0.0000
0.5626	0.5579	0.0000	0.0000
0.5636	0.5587	0.0000	0.0000
0.5646	0.5595	0.0000	0.0000
0.5656	0.5604	0.0000	0.0000
0.5666	0.5612	0.0000	0.0000
0.5676	0.5620	0.0000	0.0000
0.5686	0.5628	0.0000	0.0000
0.5696	0.5636	0.0000	0.0000
0.5706	0.5644	0.0000	0.0000
0.5716	0.5653	0.0000	0.0000
0.5726	0.5661	0.0000	0.0000
0.5736	0.5669	0.0000	0.0000
0.5746	0.5677	0.0000	0.0000
0.5756	0.5685	0.0000	0.0000
0.5766	0.5693	0.0000	0.0000
0.5776	0.5701	0.0000	0.0000
0.5786	0.5709	0.0000	0.0000
0.5796	0.5717	0.0000	0.0000
0.5806	0.5724	0.0000	0.0000
0.5816	0.5732	0.0000	0.0000
0.5826	0.5740	0.0000	0.0000
0.5836	0.5748	0.0000	0.0000
0.5846	0.5756	0.0000	0.0000
0.5856	0.5764	0.0000	0.0000
0.5866	0.5771	0.0000	0.0000
0.5876	0.5779	0.0000	0.0000
0.5886	0.5787	0.0000	0.0000
0.5896	0.5795	0.0000	0.0000
0.5906	0.5802	0.0000	0.0000
0.5916	0.5810	0.0000	0.0000
0.5926	0.5818	0.0000	0.0000
0.5936	0.5825	0.0000	0.0000
0.5946	0.5833	0.0000	0.0000
0.5956	0.5840	0.0000	0.0000
0.5966	0.5848	0.0000	0.0000
0.5976	0.5855	0.0000	0.0000
0.5986	0.5863	0.0000	0.0000
0.5996	0.5871	0.0000	0.0000
0.6006	0.5878	0.0000	0.0000
0.6016	0.5885	0.0000	0.0000
0.6026	0.5893	0.0000	0.0000
0.6036	0.5900	0.0000	0.0000
0.6046	0.5908	0.0000	0.0000
0.6056	0.5915	0.0000	0.0000
0.6066	0.5923	0.0000	0.0000
0.6076	0.5930	0.0000	0.0000
0.6086	0.5937	0.0000	0.0000
0.6096	0.5945	0.0000	0.0000
0.6106	0.5952	0.0000	0.0000
0.6116	0.5959	0.0000	0.0000
0.6126	0.5966	0.0000	0.0000
0.6136	0.5974	0.0000	0.0000
0.6146	0.5981	0.0000	0.0000
0.6156	0.5988	0.0000	0.0000
0.6166	0.5995	0.0000	0.0000
0.6176	0.6003	0.0000	0.0000
0.6186	0.6010	0.0000	0.0000
0.6196	0.6017	0.0000	0.0000
0.6206	0.6024	0.0000	0.0000
0.6216	0.6031	0.0000	0.0000
0.6226	0.6038	0.0000	0.0000
0.6236	0.6045	0.0000	0.0000
0.6246	0.6053	0.0000	0.0000
0.6256	0.6060	0.0000	0.0000
0.6266	0.6067	0.0000	0.0000
0.6276	0.6074	0.0000	0.0000
0.6286	0.6081	0.0000	0.0000
0.6296	0.6088	0.0000	0.0000
0.6306	0.6095	0.0000	0.0000
0.6316	0.6102	0.0000	0.0000
0.6326	0.6109	0.0000	0.0000
0.6336	0.6116	0.0000	0.0000
0.6346	0.6123	0.0000	0.0000
0.6356	0.6130	0.0000	0.0000
0.6366	0.6136	0.0000	0.0000
0.6376	0.6143	0.0000	0.0000
0.6386	0.6150	0.0000	0.0000
0.6396	0.6157	0.0000	0.0000
0.6406	0.6164	0.0000	0.0000
0.6416	0.6171	0.0000	0.0000
0.6426	0.6178	0.0000	0.0000
0.6436	0.6184	0.0000	0.0000
0.6446	0.6191	0.0000	0.0000
0.6456	0.6198	0.0000	0.0000
0.6466	0.6205	0.0000	0.0000
0.6476	0.6212	0.0000	0.0000
0.6486	0.6218	0.0000	0.0000
0.6496	0.6225	0.0000	0.0000
0.6507	0.6232	0.0000	0.0000
0.6517	0.6239	0.0000	0.0000
0.6527	0.6245	0.0000	0.0000
0.6537	0.6252	0.0000	0.0000
0.6547	0.6259	0.0000	0.0000
0.6557	0.6265	0.0000	0.0000
0.6567	0.6272	0.0000	0.0000
0.6577	0.6279	0.0000	0.0000
0.6587	0.6285	0.0000	0.0000
0.6597	0.6292	0.0000	0.0000
0.6607	0.6299	0.0000	0.0000
0.6617	0.6305	0.0000	0.0000
0.6627	0.6312	0.0000	0.0000
0.6637	0.6318	0.0000	0.0000
0.6647	0.6325	0.0000	0.0000
0.6657	0.6331	0.0000	0.0000
0.6667	0.6338	0.0000	0.0000
0.6677	0.6345	0.0000	0.0000
0.6687	0.6351	0.0000	0.0000
0.6697	0.6358	0.0000	0.0000
0.6707	0.6364	0.0000	0.0000
0.6717	0.6371	0.0000	0.0000
0.6727	0.6377	0.0000	0.0000
0.6737	0.6384	0.0000	0.0000
0.6747	0.6390	0.0000	0.0000
0.6757	0.6397	0.0000	0.0000
0.6767	0.6403	0.0000	0.0000
0.6777	0.6409	0.0000	0.0000
0.6787	0.6416	0.0000	0.0000
0.6797	0.6422	0.0000	0.0000
0.6807	0.6429	0.0000	0.0000
0.6817	0.6435	0.0000	0.0000
0.6827	0.6442	0.0000	0.0000
0.6837	0.6448	0.0000	0.0000
0.6847	0.6454	0.0000	0.0000
0.6857	0.6461	0.0000	0.0000
0.6867	0.6467	0.0000	0.0000
0.6877	0.6473	0.0000	0.0000
0.6887	0.6480	0.0000	0.0000
0.6897	0.6486	0.0000	0.0000
0.6907	0.6493	0.0000	0.0000
0.6917	0.6499	0.0000	0.0000
0.6927	0.6505	0.0000	0.0000
0.6937	0.6511	0.0000	0.0000
0.6947	0.6518	0.0000	0.0000
0.6957	0.6524	0.0000	0.0000
0.6967	0.6530	0.0000	0.0000
0.6977	0.6537	0.0000	0.0000
0.6987	0.6543	0.0000	0.0000
0.6997	0.6549	0.0000	0.0000
0.7007	0.6556	0.0000	0.0000
0.7017	0.6562	0.0000	0.0000
0.7027	0.6568	0.0000	0.0000
0.7037	0.6574	0.0000	0.0000
0.7047	0.6580	0.0000	0.0000
0.7057	0.6587	0.0000	0.0000
0.7067	0.6593	0.0000	0.0000
0.7077	0.6599	0.0000	0.0000
0.7087	0.6605	0.0000	0.0000
0.7097	0.6612	0.0000	0.0000
0.7107	0.6618	0.0000	0.0000
0.7117	0.6624	0.0000	0.0000
0.7127	0.6630	0.0000	0.0000
0.7137	0.6636	0.0000	0.0000
0.7147	0.6643	0.0000	0.0000
0.7157	0.6649	0.0000	0.0000
0.7167	0.6655	0.0000	0.0000
0.7177	0.6661	0.0000	0.0000
0.7187	0.6667	0.0000	0.0000
0.7197	0.6673	0.0000	0.0000
0.7207	0.6679	0.0000	0.0000
0.7217	0.6686	0.0000	0.0000
0.7227	0.6692	0.0000	0.0000
0.7237	0.6698	0.0000	0.0000
0.7247	0.6704	0.0000	0.0000
0.7257	0.6710	0.0000	0.0000
0.7267	0.6716	0.0000	0.0000
0.7277	0.6722	0.0000	0.0000
0.7287	0.6728	0.0000	0.0000
0.7297	0.6734	0.0000	0.0000
0.7307	0.6741	0.0000	0.0000
0.7317	0.6747	0.0000	0.0000
0.7327	0.6753	0.0000	0.0000
0.7337	0.6759	0.0000	0.0000
0.7347	0.6765	0.0000	0.0000
0.7357	0.6771	0.0000	0.0000
0.7367	0.6777	0.0000	0.0000
0.7377	0.6783	0.0000	0.0000
0.7387	0.6789	0.0000	0.0000
0.7397	0.6795	0.0000	0.0000
0.7407	0.6801	0.0000	0.0000
0.7417	0.6807	0.0000	0.0000
0.7427	0.6813	0.0000	0.0000
0.7437	0.6819	0.0000	0.0000
0.7447	0.6825	0.0000	0.0000
0.7457	0.6831	0.0000	0.0000
0.7467	0.6837	0.0000	0.0000
0.7477	0.6843	0.0000	0.0000
0.7487	0.6849	0.0000	0.0000
0.7497	0.6855	0.0000	0.0000
0.7508	0.6861	0.0000	0.0000
0.7518	0.6867	0.0000	0.0000
0.7528	0.6873	0.0000	0.0000
0.7538	0.6879	0.0000	0.0000
0.7548	0.6885	0.0000	0.0000
0.7558	0.6891	0.0000	0.0000
0.7568	0.6897	0.0000	0.0000
0.7578	0.6903	0.0000	0.0000
0.7588	0.6909	0.0000	0.0000
0.7598	0.6915	0.0000	0.0000
0.7608	0.6921	0.0000	0.0000
0.7618	0.6927	0.0000	0.0000
0.7628	0.6933	0.0000	0.0000
0.7638	0.6939	0.0000	0.0000
0.7648	0.6945	0.0000	0.0000
0.7658	0.6951	0.0000	0.0000
0.7668	0.6957	0.0000	0.0000
0.7678	0.6963	0.0000	0.0000
0.7688	0.6969	0.0000	0.0000
0.7698	0.6975	0.0000	0.0000
0.7708	0.6981	0.0000	0.0000
0.7718	0.6987	0.0000	0.0000
0.7728	0.6993	0.0000	0.0000
0.7738	0.6999	0.0000	0.0000
0.7748	0.7005	0.0000	0.0000
0.7758	0.7011	0.0000	0.0000
0.7768	0.7017	0.0000	0.0000
0.7778	0.7023	0.0000	0.0000
0.7788	0.7029	0.0000	0.0000
0.7798	0.7035	0.0000	0.0000
0.7808	0.7041	0.0000	0.0000
0.7818	0.7046	0.0000	0.0000
0.7828	0.7052	0.0000	0.0000
0.7838	0.7058	0.0000	0.0000
0.7848	0.7064	0.0000	0.0000
0.7858	0.7070	0.0000	0.0000
0.7868	0.7076	0.0000	0.0000
0.7878	0.7082	0.0000	0.0000
0.7888	0.7088	0.0000	0.0000
0.7898	0.7094	0.0000	0.0000
0.7908	0.7100	0.0000	0.0000
0.7918	0.7106	0.0000	0.0000
0.7928	0.7112	0.0000	0.0000
0.7938	0.7118	0.0000	0.0000
0.7948	0.7124	0.0000	0.0000
0.7958	0.7129	0.0000	0.0000
0.7968	0.7135	0.0000	0.0000
0.7978	0.7141	0.0000	0.0000
0.7988	0.7147	0.0000	0.0000
0.7998	0.7153	0.0000	0.0000
0.8008	0.7159	0.0000	0.0000
0.8018	0.7165	0.0000	0.0000
0.8028	0.7171	0.0000	0.0000
0.8038	0.7177	0.0000	0.0000
0.8048	0.7183	0.0000	0.0000
0.8058	0.7189	0.0000	0.0000
0.8068	0.7195	0.0000	0.0000
0.8078	0.7201	0.0000	0.0000
0.8088	0.7206	0.0000	0.0000
0.8098	0.7212	0.0000	0.0000
0.8108	0.7218	0.0000	0.0000
0.8118	0.7224	0.0000	0.0000
0.8128	0.7230	0.0000	0.0000
0.8138	0.7236	0.0000	0.0000
0.8148	0.7242	0.0000	0.0000
0.8158	0.7248	0.0000	0.0000
0.8168	0.7254	0.0000	0.0000
0.8178	0.7260	0.0000	0.0000
0.8188	0.7266	0.0000	0.0000
0.8198	0.7272	0.0000	0.0000
0.8208	0.7277	0.0000	0.0000
0.8218	0.7283	0.0000	0.0000
0.8228	0.7289	0.0000	0.0000
0.8238	0.7295	0.0000	0.0000
0.8248	0.7301	0.0000	0.0000
0.8258	0.7307	0.0000	0.0000
0.8268	0.7313	0.0000	0.0000
0.8278	0.7319	0.0000	0.0000
0.8288	0.7325	0.0000	0.0000
0.8298	0.7331	0.0000	0.0000
0.8308	0.7337	0.0000	0.0000
0.8318	0.7343	0.0000	0.0000
0.8328	0.7349	0.0000	0.0000
0.8338	0.7354	0.0000	0.0000
0.8348	0.7360	0.0000	0.0000
0.8358	0.7366	0.0000	0.0000
0.8368	0.7372	0.0000	0.0000
0.8378	0.7378	0.0000	0.0000
0.8388	0.7384	0.0000	0.0000
0.8398	0.7390	0.0000	0.0000
0.8408	0.7396	0.0000	0.0000
0.8418	0.7402	0.0000	0.0000
0.8428	0.7408	0.0000	0.0000
0.8438	0.7414	0.0000	0.0000
0.8448	0.7420	0.0000	0.0000
0.8458	0.7426	0.0000	0.0000
0.8468	0.7432	0.0000	0.0000
0.8478	0.7438	0.0000	0.0000
0.8488	0.7444	0.0000	0.0000
0.8498	0.7450	0.0000	0.0000
0.8509	0.7456	0.0000	0.0000
0.8519	0.7462	0.0000	0.0000
0.8529	0.7467	0.0000	0.0000
0.8539	0.7473	0.0000	0.0000
0.8549	0.7479	0.0000	0.0000
0.8559	0.7485	0.0000	0.0000
0.8569	0.7491	0.0000	0.0000
0.8579	0.7497	0.0000	0.0000
0.8589	0.7503	0.0000	0.0000
0.8599	0.7509	0.0000	0.0000
0.8609	0.7515	0.0000	0.0000
0.8619	0.7521	0.0000	0.0000
0.8629	0.7527	0.0000	0.0000
0.8639	0.7533	0.0000	0.0000
0.8649	0.7539	0.0000	0.0000
0.8659	0.7545	0.0000	0.0000
0.8669	0.7551	0.0000	0.0000
0.8679	0.7557	0.0000	0.0000
0.8689	0.7563	0.0000	0.0000
0.8699	0.7569	0.0000	0.0000
0.8709	0.7575	0.0000	0.0000
0.8719	0.7581	0.0000	0.0000
0.8729	0.7587	0.0000	0.0000
0.8739	0.7593	0.0000	0.0000
0.8749	0.7599	0.0000	0.0000
0.8759	0.7605	0.0000	0.0000
0.8769	0.7611	0.0000	0.0000
0.8779	0.7617	0.0000	0.0000
0.8789	0.7623	0.0000	0.0000
0.8799	0.7629	0.0000	0.0000
0.8809	0.7635	0.0000	0.0000
0.8819	0.7641	0.0000	0.0000
0.8829	0.7647	0.0000	0.0000
0.8839	0.7653	0.0000	0.0000
0.8849	0.7659	0.0000	0.0000
0.8859	0.7666	0.0000	0.0000
0.8869	0.7672	0.0000	0.0000
0.8879	0.7678	0.0000	0.0000
0.8889	0.7684	0.0000	0.0000
0.8899	0.7690	0.0000	0.0000
0.8909	0.7696	0.0000	0.0000
0.8919	0.7702	0.0000	0.0000
0.8929	0.7708	0.0000	0.0000
0.8939	0.7714	0.0000	0.0000
0.8949	0.7720	0.0000	0.0000
0.8959	0.7726	0.0000	0.0000
0.8969	0.7732	0.0000	0.0000
0.8979	0.7738	0.0000	0.0000
0.8989	0.7744	0.0000	0.0000
0.8999	0.7751	0.0000	0.0000
0.9009	0.7757	0.0000	0.0000
0.9019	0.7763	0.0000	0.0000
0.9029	0.7769	0.0000	0.0000
0.9039	0.7775	0.0000	0.0000
0.9049	0.7781	0.0000	0.0000
0.9059	0.7787	0.0000	0.0000
0.9069	0.7793	0.0000	0.0000
0.9079	0.7799	0.0000	0.0000
0.9089	0.7806	0.0000	0.0000
0.9099	0.7812	0.0000	0.0000
0.9109	0.7818	0.0000	0.0000
0.9119	0.7824	0.0000	0.0000
0.9129	0.7830	0.0000	0.0000
0.9139	0.7836	0.0000	0.0000
0.9149	0.7842	0.0000	0.0000
0.9159	0.7849	0.0000	0.0000
0.9169	0.7855	0.0000	0.0000
0.9179	0.7861	0.0000	0.0000
0.9189	0.7867	0.0000	0.0000
0.9199	0.7873	0.0000	0.0000
0.9209	0.7879	0.0000	0.0000
0.9219	0.7886	0.0000	0.0000
0.9229	0.7892	0.0000	0.0000
0.9239	0.7898	0.0000	0.0000
0.9249	0.7904	0.0000	0.0000
0.9259	0.7910	0.0000	0.0000
0.9269	0.7917	0.0000	0.0000
0.9279	0.7923	0.0000	0.0000
0.9289	0.7929	0.0000	0.0000
0.9299	0.7935	0.0000	0.0000
0.9309	0.7941	0.0000	0.0000
0.9319	0.7948	0.0000	0.0000
0.9329	0.7954	0.0000	0.0000
0.9339	0.7960	0.0000	0.0000
0.9349	0.7966	0.0000	0.0000
0.9359	0.7973	0.0000	0.0000
0.9369	0.7979	0.0000	0.0000
0.9379	0.7985	0.0000	0.0000
0.9389	0.7991	0.0000	0.0000
0.9399	0.7998	0.0000	0.0000
0.9409	0.8004	0.0000	0.0000
0.9419	0.8010	0.0000	0.0000
0.9429	0.8016	0.0000	0.0000
0.9439	0.8023	0.0000	0.0000
0.9449	0.8029	0.0000	0.0000
0.9459	0.8035	0.0000	0.0000
0.9469	0.8042	0.0000	0.0000
0.9479	0.8048	0.0000	0.0000
0.9489	0.8054	0.0000	0.0000
0.9499	0.8061	0.0000	0.0000
0.9510	0.8067	0.0000	0.0000
0.9520	0.8073	0.0000	0.0000
0.9530	0.8080	0.0000	0.0000
0.9540	0.8086	0.0000	0.0000
0.9550	0.8092	0.0000	0.0000
0.9560	0.8099	0.0000	0.0000
0.9570	0.8105	0.0000	0.0000
0.9580	0.8111	0.0000	0.0000
0.9590	0.8118	0.0000	0.0000
0.9600	0.8124	0.0000	0.0000
0.9610	0.8130	0.0000	0.0000
0.9620	0.8137	0.0000	0.0000
0.9630	0.8143	0.0000	0.0000
0.9640	0.8150	0.0000	0.0000
0.9650	0.8156	0.0000	0.0000
0.9660	0.8162	0.0000	0.0000
0.9670	0.8169	0.0000	0.0000
0.9680	0.8175	0.0000	0.0000
0.9690	0.8182	0.0000	0.0000
0.9700	0.8188	0.0000	0.0000
0.9710	0.8195	0.0000	0.0000
0.9720	0.8201	0.0000	0.0000
0.9730	0.8207	0.0000	0.0000
0.9740	0.8214	0.0000	0.0000
0.9750	0.8220	0.0000	0.0000
0.9760	0.8227	0.0000	0.0000
0.9770	0.8233	0.0000	0.0000
0.9780	0.8240	0.0000	0.0000
0.9790	0.8246	0.0000	0.0000
0.9800	0.8253	0.0000	0.0000
0.9810	0.8259	0.0000	0.0000
0.9820	0.8266	0.0000	0.0000
0.9830	0.8272	0.0000	0.0000
0.9840	0.8279	0.0000	0.0000
0.9850	0.8285	0.0000	0.0000
0.9860	0.8292	0.0000	0.0000
0.9870	0.8298	0.0000	0.0000
0.9880	0.8305	0.0000	0.0000
0.9890	0.8311	0.0000	0.0000
0.9900	0.8318	0.0000	0.0000
0.9910	0.8325	0.0000	0.0000
0.9920	0.8331	0.0000	0.0000
0.9930	0.8338	0.0000	0.0000
0.9940	0.8344	0.0000	0.0000
0.9950	0.8351	0.0000	0.0000
0.9960	0.8357	0.0000	0.0000
0.9970	0.8364	0.0000	0.0000
0.9980	0.8371	0.0000	0.0000
0.9990	0.8377	0.0000	0.0000
1.0000	0.8384	0.0000	0.0000
0.4845
0.4985
0.5195
