0.0000	0.0635	0.0000	0.0000
0.0010	0.0641	0.0000	0.0000
0.0020	0.0646	0.0000	0.0000
0.0030	0.0652	0.0000	0.0000
0.0040	0.0658	0.0000	0.0000
0.0050	0.0663	0.0000	0.0000
0.0060	0.0669	0.0000	0.0000
0.0070	0.0675	0.0000	0.0000
0.0080	0.0680	0.0000	0.0000
0.0090	0.0686	0.0000	0.0000
0.0100	0.0692	0.0000	0.0000
0.0110	0.0697	0.0000	0.0000
0.0120	0.0703	0.0000	0.0000
0.0130	0.0708	0.0000	0.0000
0.0140	0.0714	0.0000	0.0000
0.0150	0.0720	0.0000	0.0000
0.0160	0.0725	0.0000	0.0000
0.0170	0.0731	0.0000	0.0000
0.0180	0.0737	0.0000	0.0000
0.0190	0.0742	0.0000	0.0000
0.0200	0.0748	0.0000	0.0000
0.0210	0.0754	0.0000	0.0000
0.0220	0.0759	0.0000	0.0000
0.0230	0.0765	0.0000	0.0000
0.0240	0.0770	0.0000	0.0000
0.0250	0.0776	0.0000	0.0000
0.0260	0.0782	0.0000	0.0000
0.0270	0.0787	0.0000	0.0000
0.0280	0.0793	0.0000	0.0000
0.0290	0.0799	0.0000	0.0000
0.0300	0.0804	0.0000	0.0000
0.0310	0.0810	0.0000	0.0000
0.0320	0.0816	0.0000	0.0000
0.0330	0.0821	0.0000	0.0000
0.0340	0.0827	0.0000	0.0000
0.0350	0.0833	0.0000	0.0000
0.0360	0.0839	0.0000	0.0000
0.0370	0.0844	0.0000	0.0000
0.0380	0.0850	0.0000	0.0000
0.0390	0.0856	0.0000	0.0000
0.0400	0.0861	0.0000	0.0000
0.0410	0.0867	0.0000	0.0000
0.0420	0.0873	0.0000	0.0000
0.0430	0.0878	0.0000	0.0000
0.0440	0.0884	0.0000	0.0000
0.0450	0.0890	0.0000	0.0000
0.0460	0.0896	0.0000	0.0000
0.0470	0.0901	0.0000	0.0000
0.0480	0.0907	0.0000	0.0000
0.0490	0.0913	0.0000	0.0000
0.0501	0.0919	0.0000	0.0000
0.0511	0.0924	0.0000	0.0000
0.0521	0.0930	0.0000	0.0000
0.0531	0.0936	0.0000	0.0000
0.0541	0.0942	0.0000	0.0000
0.0551	0.0947	0.0000	0.0000
0.0561	0.0953	0.0000	0.0000
0.0571	0.0959	0.0000	0.0000
0.0581	0.0965	0.0000	0.0000
0.0591	0.0970	0.0000	0.0000
0.0601	0.0976	0.0000	0.0000
0.0611	0.0982	0.0000	0.0000
0.0621	0.0988	0.0000	0.0000
0.0631	0.0994	0.0000	0.0000
0.0641	0.0999	0.0000	0.0000
0.0651	0.1005	0.0000	0.0000
0.0661	0.1011	0.0000	0.0000
0.0671	0.1017	0.0000	0.0000
0.0681	0.1023	0.0000	0.0000
0.0691	0.1029	0.0000	0.0000
0.0701	0.1034	0.0000	0.0000
0.0711	0.1040	0.0000	0.0000
0.0721	0.1046	0.0000	0.0000
0.0731	0.1052	0.0000	0.0000
0.0741	0.1058	0.0000	0.0000
0.0751	0.1064	0.0000	0.0000
0.0761	0.1070	0.0000	0.0000
0.0771	0.1075	0.0000	0.0000
0.0781	0.1081	0.0000	0.0000
0.0791	0.1087	0.0000	0.0000
0.0801	0.1093	0.0000	0.0000
0.0811	0.1099	0.0000	0.0000
0.0821	0.1105	0.0000	0.0000
0.0831	0.1111	0.0000	0.0000
0.0841	0.1117	0.0000	0.0000
0.0851	0.1123	0.0000	0.0000
0.0861	0.1129	0.0000	0.0000
0.0871	0.1134	0.0000	0.0000
0.0881	0.1140	0.0000	0.0000
0.0891	0.1146	0.0000	0.0000
0.0901	0.1152	0.0000	0.0000
0.0911	0.1158	0.0000	0.0000
0.0921	0.1164	0.0000	0.0000
0.0931	0.1170	0.0000	0.0000
0.0941	0.1176	0.0000	0.0000
0.0951	0.1182	0.0000	0.0000
0.0961	0.1188	0.0000	0.0000
0.0971	0.1194	0.0000	0.0000
0.0981	0.1200	0.0000	0.0000
0.0991	0.1206	0.0000	0.0000
0.1001	0.1212	0.0000	0.0000
0.1011	0.1218	0.0000	0.0000
0.1021	0.1224	0.0000	0.0000
0.1031	0.1230	0.0000	0.0000
0.1041	0.1236	0.0000	0.0000
0.1051	0.1242	0.0000	0.0000
0.1061	0.1249	0.0000	0.0000
0.1071	0.1255	0.0000	0.0000
0.1081	0.1261	0.0000	0.0000
0.1091	0.1267	0.0000	0.0000
0.1101	0.1273	0.0000	0.0000
0.1111	0.1279	0.0000	0.0000
0.1121	0.1285	0.0000	0.0000
0.1131	0.1291	0.0000	0.0000
0.1141	0.1297	0.0000	0.0000
0.1151	0.1303	0.0000	0.0000
0.1161	0.1310	0.0000	0.0000
0.1171	0.1316	0.0000	0.0000
0.1181	0.1322	0.0000	0.0000
0.1191	0.1328	0.0000	0.0000
0.1201	0.1334	0.0000	0.0000
0.1211	0.1340	0.0000	0.0000
0.1221	0.1347	0.0000	0.0000
0.1231	0.1353	0.0000	0.0000
0.1241	0.1359	0.0000	0.0000
0.1251	0.1365	0.0000	0.0000
0.1261	0.1371	0.0000	0.0000
0.1271	0.1378	0.0000	0.0000
0.1281	0.1384	0.0000	0.0000
0.1291	0.1390	0.0000	0.0000
0.1301	0.1396	0.0000	0.0000
0.1311	0.1403	0.0000	0.0000
0.1321	0.1409	0.0000	0.0000
0.1331	0.1415	0.0000	0.0000
0.1341	0.1422	0.0000	0.0000
0.1351	0.1428	0.0000	0.0000
0.1361	0.1434	0.0000	0.0000
0.1371	0.1440	0.0000	0.0000
0.1381	0.1447	0.0000	0.0000
0.1391	0.1453	0.0000	0.0000
0.1401	0.1459	0.0000	0.0000
0.1411	0.1466	0.0000	0.0000
0.1421	0.1472	0.0000	0.0000
0.1431	0.1479	0.0000	0.0000
0.1441	0.1485	0.0000	0.0000
0.1451	0.1491	0.0000	0.0000
0.1461	0.1498	0.0000	0.0000
0.1471	0.1504	0.0000	0.0000
0.1481	0.1511	0.0000	0.0000
0.1491	0.1517	0.0000	0.0000
0.1502	0.1523	0.0000	0.0000
0.1512	0.1530	0.0000	0.0000
0.1522	0.1536	0.0000	0.0000
0.1532	0.1543	0.0000	0.0000
0.1542	0.1549	0.0000	0.0000
0.1552	0.1556	0.0000	0.0000
0.1562	0.1562	0.0000	0.0000
0.1572	0.1569	0.0000	0.0000
0.1582	0.1575	0.0000	0.0000
0.1592	0.1582	0.0000	0.0000
0.1602	0.1588	0.0000	0.0000
0.1612	0.1595	0.0000	0.0000
0.1622	0.1601	0.0000	0.0000
0.1632	0.1608	0.0000	0.0000
0.1642	0.1615	0.0000	0.0000
0.1652	0.1621	0.0000	0.0000
0.1662	0.1628	0.0000	0.0000
0.1672	0.1634	0.0000	0.0000
0.1682	0.1641	0.0000	0.0000
0.1692	0.1648	0.0000	0.0000
0.1702	0.1654	0.0000	0.0000
0.1712	0.1661	0.0000	0.0000
0.1722	0.1668	0.0000	0.0000
0.1732	0.1674	0.0000	0.0000
0.1742	0.1681	0.0000	0.0000
0.1752	0.1688	0.0000	0.0000
0.1762	0.1694	0.0000	0.0000
0.1772	0.1701	0.0000	0.0000
0.1782	0.1708	0.0000	0.0000
0.1792	0.1715	0.0000	0.0000
0.1802	0.1721	0.0000	0.0000
0.1812	0.1728	0.0000	0.0000
0.1822	0.1735	0.0000	0.0000
0.1832	0.1742	0.0000	0.0000
0.1842	0.1748	0.0000	0.0000
0.1852	0.1755	0.0000	0.0000
0.1862	0.1762	0.0000	0.0000
0.1872	0.1769	0.0000	0.0000
0.1882	0.1776	0.0000	0.0000
0.1892	0.1783	0.0000	0.0000
0.1902	0.1790	0.0000	0.0000
0.1912	0.1796	0.0000	0.0000
0.1922	0.1803	0.0000	0.0000
0.1932	0.1810	0.0000	0.0000
0.1942	0.1817	0.0000	0.0000
0.1952	0.1824	0.0000	0.0000
0.1962	0.1831	0.0000	0.0000
0.1972	0.1838	0.0000	0.0000
0.1982	0.1845	0.0000	0.0000
0.1992	0.1852	0.0000	0.0000
0.2002	0.1859	0.0000	0.0000
0.2012	0.1866	0.0000	0.0000
0.2022	0.1873	0.0000	0.0000
0.2032	0.1880	0.0000	0.0000
0.2042	0.1887	0.0000	0.0000
0.2052	0.1894	0.0000	0.0000
0.2062	0.1901	0.0000	0.0000
0.2072	0.1908	0.0000	0.0000
0.2082	0.1915	0.0000	0.0000
0.2092	0.1923	0.0000	0.0000
0.2102	0.1930	0.0000	0.0000
0.2112	0.1937	0.0000	0.0000
0.2122	0.1944	0.0000	0.0000
0.2132	0.1951	0.0000	0.0000
0.2142	0.1958	0.0000	0.0000
0.2152	0.1965	0.0000	0.0000
0.2162	0.1973	0.0000	0.0000
0.2172	0.1980	0.0000	0.0000
0.2182	0.1987	0.0000	0.0000
0.2192	0.1994	0.0000	0.0000
0.2202	0.2002	0.0000	0.0000
0.2212	0.2009	0.0000	0.0000
0.2222	0.2016	0.0000	0.0000
0.2232	0.2024	0.0000	0.0000
0.2242	0.2031	0.0000	0.0000
0.2252	0.2038	0.0000	0.0000
0.2262	0.2046	0.0000	0.0000
0.2272	0.2053	0.0000	0.0000
0.2282	0.2060	0.0000	0.0000
0.2292	0.2068	0.0000	0.0000
0.2302	0.2075	0.0000	0.0000
0.2312	0.2083	0.0000	0.0000
0.2322	0.2090	0.0000	0.0000
0.2332	0.2097	0.0000	0.0000
0.2342	0.2105	0.0000	0.0000
0.2352	0.2112	0.0000	0.0000
0.2362	0.2120	0.0000	0.0000
0.2372	0.2127	0.0000	0.0000
0.2382	0.2135	0.0000	0.0000
0.2392	0.2143	0.0000	0.0000
0.2402	0.2150	0.0000	0.0000
0.2412	0.2158	0.0000	0.0000
0.2422	0.2165	0.0000	0.0000
0.2432	0.2173	0.0000	0.0000
0.2442	0.2181	0.0000	0.0000
0.2452	0.2188	0.0000	0.0000
0.2462	0.2196	0.0000	0.0000
0.2472	0.2204	0.0000	0.0000
0.2482	0.2211	0.0000	0.0000
0.2492	0.2219	0.0000	0.0000
0.2503	0.2227	0.0000	0.0000
0.2513	0.2234	0.0000	0.0000
0.2523	0.2242	0.0000	0.0000
0.2533	0.2250	0.0000	0.0000
0.2543	0.2258	0.0000	0.0000
0.2553	0.2266	0.0000	0.0000
0.2563	0.2273	0.0000	0.0000
0.2573	0.2281	0.0000	0.0000
0.2583	0.2289	0.0000	0.0000
0.2593	0.2297	0.0000	0.0000
0.2603	0.2305	0.0000	0.0000
0.2613	0.2313	0.0000	0.0000
0.2623	0.2321	0.0000	0.0000
0.2633	0.2329	0.0000	0.0000
0.2643	0.2337	0.0000	0.0000
0.2653	0.2345	0.0000	0.0000
0.2663	0.2353	0.0000	0.0000
0.2673	0.2361	0.0000	0.0000
0.2683	0.2369	0.0000	0.0000
0.2693	0.2377	0.0000	0.0000
0.2703	0.2385	0.0000	0.0000
0.2713	0.2393	0.0000	0.0000
0.2723	0.2401	0.0000	0.0000
0.2733	0.2409	0.0000	0.0000
0.2743	0.2417	0.0000	0.0000
0.2753	0.2426	0.0000	0.0000
0.2763	0.2434	0.0000	0.0000
0.2773	0.2442	0.0000	0.0000
0.2783	0.2450	0.0000	0.0000
0.2793	0.2458	0.0000	0.0000
0.2803	0.2467	0.0000	0.0000
0.2813	0.2475	0.0000	0.0000
0.2823	0.2483	0.0000	0.0000
0.2833	0.2492	0.0000	0.0000
0.2843	0.2500	0.0000	0.0000
0.2853	0.2508	0.0000	0.0000
0.2863	0.2517	0.0000	0.0000
0.2873	0.2525	0.0000	0.0000
0.2883	0.2534	0.0000	0.0000
0.2893	0.2542	0.0000	0.0000
0.2903	0.2550	0.0000	0.0000
0.2913	0.2559	0.0000	0.0000
0.2923	0.2567	0.0000	0.0000
0.2933	0.2576	0.0000	0.0000
0.2943	0.2585	0.0000	0.0000
0.2953	0.2593	0.0000	0.0000
0.2963	0.2602	0.0000	0.0000
0.2973	0.2610	0.0000	0.0000
0.2983	0.2619	0.0000	0.0000
0.2993	0.2628	0.0000	0.0000
0.3003	0.2636	0.0000	0.0000
0.3013	0.2645	0.0000	0.0000
0.3023	0.2654	0.0000	0.0000
0.3033	0.2662	0.0000	0.0000
0.3043	0.2671	0.0000	0.0000
0.3053	0.2680	0.0000	0.0000
0.3063	0.2689	0.0000	0.0000
0.3073	0.2698	0.0000	0.0000
0.3083	0.2706	0.0000	0.0000
0.3093	0.2715	0.0000	0.0000
0.3103	0.2724	0.0000	0.0000
0.3113	0.2733	0.0000	0.0000
0.3123	0.2742	0.0000	0.0000
0.3133	0.2751	0.0000	0.0000
0.3143	0.2760	0.0000	0.0000
0.3153	0.2769	0.0000	0.0000
0.3163	0.2778	0.0000	0.0000
0.3173	0.2787	0.0000	0.0000
0.3183	0.2796	0.0000	0.0000
0.3193	0.2805	0.0000	0.0000
0.3203	0.2814	0.0000	0.0000
0.3213	0.2824	0.0000	0.0000
0.3223	0.2833	0.0000	0.0000
0.3233	0.2842	0.0000	0.0000
0.3243	0.2851	0.0000	0.0000
0.3253	0.2860	0.0000	0.0000
0.3263	0.2870	0.0000	0.0000
0.3273	0.2879	0.0000	0.0000
0.3283	0.2888	0.0000	0.0000
0.3293	0.2898	0.0000	0.0000
0.3303	0.2907	0.0000	0.0000
0.3313	0.2916	0.0000	0.0000
0.3323	0.2926	0.0000	0.0000
0.3333	0.2935	0.0000	0.0000
0.3343	0.2945	0.0000	0.0000
0.3353	0.2954	0.0000	0.0000
0.3363	0.2964	0.0000	0.0000
0.3373	0.2973	0.0000	0.0000
0.3383	0.2983	0.0000	0.0000
0.3393	0.2993	0.0000	0.0000
0.3403	0.3002	0.0000	0.0000
0.3413	0.3012	0.0000	0.0000
0.3423	0.3022	0.0000	0.0000
0.3433	0.3031	0.0000	0.0000
0.3443	0.3041	0.0000	0.0000
0.3453	0.3051	0.0000	0.0000
0.3463	0.3061	0.0000	0.0000
0.3473	0.3070	0.0000	0.0000
0.3483	0.3080	0.0000	0.0000
0.3493	0.3090	0.0000	0.0000
0.3504	0.3100	0.0000	0.0000
0.3514	0.3110	0.0000	0.0000
0.3524	0.3120	0.0000	0.0000
0.3534	0.3130	0.0000	0.0000
0.3544	0.3140	0.0000	0.0000
0.3554	0.3150	0.0000	0.0000
0.3564	0.3160	0.0000	0.0000
0.3574	0.3170	0.0000	0.0000
0.3584	0.3180	0.0000	0.0000
0.3594	0.3190	0.0000	0.0000
0.3604	0.3201	0.0000	0.0000
0.3614	0.3211	0.0000	0.0000
0.3624	0.3221	0.0000	0.0000
0.3634	0.3231	0.0000	0.0000
0.3644	0.3242	0.0000	0.0000
0.3654	0.3252	0.0000	0.0000
0.3664	0.3262	0.0000	0.0000
0.3674	0.3273	0.0000	0.0000
0.3684	0.3283	0.0000	0.0000
0.3694	0.3294	0.0000	0.0000
0.3704	0.3304	0.0000	0.0000
0.3714	0.3315	0.0000	0.0000
0.3724	0.3325	0.0000	0.0000
0.3734	0.3336	0.0000	0.0000
0.3744	0.3346	0.0000	0.0000
0.3754	0.3357	0.0000	0.0000
0.3764	0.3368	0.0000	0.0000
0.3774	0.3378	0.0000	0.0000
0.3784	0.3389	0.0000	0.0000
0.3794	0.3400	0.0000	0.0000
0.3804	0.3411	0.0000	0.0000
0.3814	0.3422	0.0000	0.0000
0.3824	0.3432	0.0000	0.0000
0.3834	0.3443	0.0000	0.0000
0.3844	0.3454	0.0000	0.0000
0.3854	0.3465	0.0000	0.0000
0.3864	0.3476	0.0000	0.0000
0.3874	0.3487	0.0000	0.0000
0.3884	0.3498	0.0000	0.0000
0.3894	0.3509	0.0000	0.0000
0.3904	0.3521	0.0000	0.0000
0.3914	0.3532	0.0000	0.0000
0.3924	0.3543	0.0000	0.0000
0.3934	0.3554	0.0000	0.0000
0.3944	0.3565	0.0000	0.0000
0.3954	0.3577	0.0000	0.0000
0.3964	0.3588	0.0000	0.0000
0.3974	0.3600	0.0000	0.0000
0.3984	0.3611	0.0000	0.0000
0.3994	0.3622	0.0000	0.0000
0.4004	0.3634	0.0000	0.0000
0.4014	0.3645	0.0000	0.0000
0.4024	0.3657	0.0000	0.0000
0.4034	0.3669	0.0000	0.0000
0.4044	0.3680	0.0000	0.0000
0.4054	0.3692	0.0000	0.0000
0.4064	0.3704	0.0000	0.0000
0.4074	0.3715	0.0000	0.0000
0.4084	0.3727	0.0000	0.0000
0.4094	0.3739	0.0000	0.0000
0.4104	0.3751	0.0000	0.0000
0.4114	0.3763	0.0000	0.0000
0.4124	0.3775	0.0000	0.0000
0.4134	0.3787	0.0000	0.0000
0.4144	0.3799	0.0000	0.0000
0.4154	0.3811	0.0000	0.0000
0.4164	0.3823	0.0000	0.0000
0.4174	0.3835	0.0000	0.0000
0.4184	0.3847	0.0000	0.0000
0.4194	0.3860	0.0000	0.0000
0.4204	0.3872	0.0000	0.0000
0.4214	0.3884	0.0000	0.0000
0.4224	0.3897	0.0000	0.0000
0.4234	0.3909	0.0000	0.0000
0.4244	0.3921	0.0000	0.0000
0.4254	0.3934	0.0000	0.0000
0.4264	0.3946	0.0000	0.0000
0.4274	0.3959	0.0000	0.0000
0.4284	0.3971	0.0000	0.0000
0.4294	0.3984	0.0000	0.0000
0.4304	0.3997	0.0000	0.0000
0.4314	0.4010	0.0000	0.0000
0.4324	0.4022	0.0000	0.0000
0.4334	0.4035	0.0000	0.0000
0.4344	0.4048	0.0000	0.0000
0.4354	0.4061	0.0000	0.0000
0.4364	0.4074	0.0000	0.0000
0.4374	0.4087	0.0000	0.0000
0.4384	0.4100	0.0000	0.0000
0.4394	0.4113	0.0000	0.0000
0.4404	0.4126	0.0000	0.0000
0.4414	0.4139	0.0000	0.0000
0.4424	0.4153	0.0000	0.0000
0.4434	0.4166	0.0000	0.0000
0.4444	0.4179	0.0000	0.0000
0.4454	0.4192	0.0000	0.0000
0.4464	0.4206	0.0000	0.0000
0.4474	0.4219	0.0000	0.0000
0.4484	0.4233	0.0000	0.0000
0.4494	0.4246	0.0000	0.0000
0.4505	0.4260	0.0000	0.0000
0.4515	0.4274	0.0000	0.0000
0.4525	0.4287	0.0000	0.0000
0.4535	0.4301	0.0000	0.0000
0.4545	0.4315	0.0000	0.0000
0.4555	0.4329	0.0000	0.0000
0.4565	0.4343	0.0000	0.0000
0.4575	0.4357	0.0000	0.0000
0.4585	0.4371	0.0000	0.0000
0.4595	0.4385	0.0000	0.0000
0.4605	0.4399	0.0000	0.0000
0.4615	0.4413	0.0000	0.0000
0.4625	0.4427	0.0000	0.0000
0.4635	0.4441	0.0000	0.0000
0.4645	0.4456	0.0000	0.0000
0.4655	0.4470	0.0000	0.0000
0.4665	0.4485	0.0000	0.0000
0.4675	0.4499	0.0000	0.0000
0.4685	0.4514	0.0000	0.0000
0.4695	0.4528	0.0000	0.0000
0.4705	0.4543	0.0000	0.0000
0.4715	0.4557	0.0000	0.0000
0.4725	0.4572	0.0000	0.0000
0.4735	0.4587	0.0000	0.0000
0.4745	0.4602	0.0000	0.0000
0.4755	0.4617	0.0000	0.0000
0.4765	0.4632	0.0000	0.0000
0.4775	0.4647	0.0000	0.0000
0.4785	0.4662	0.0000	0.0000
0.4795	0.4677	0.0000	0.0000
0.4805	0.4692	0.0000	0.0000
0.4815	0.4707	0.0000	0.0000
0.4825	0.4723	0.0000	0.0000
0.4835	0.4738	0.0000	0.0000
0.4845	0.4754	0.0000	0.0000
0.4855	0.4769	0.0000	0.0000
0.4865	0.4785	0.0000	0.0000
0.4875	0.4800	0.0000	0.0000
0.4885	0.4816	0.0000	0.0000
0.4895	0.4832	0.0000	0.0000
0.4905	0.4847	0.0000	0.0000
0.4915	0.4863	0.0000	0.0000
0.4925	0.4879	0.0000	0.0000
0.4935	0.4895	0.0000	0.0000
0.4945	0.4911	0.0000	0.0000
0.4955	0.4927	0.0000	0.0000
0.4965	0.4944	0.0000	0.0000
0.4975	0.4960	0.0000	0.0000
0.4985	0.4976	0.0000	0.0000
0.4995	0.4992	0.0000	0.0000
0.5005	0.5009	0.0000	0.0000
0.5015	0.5025	0.0000	0.0000
0.5025	0.5041	0.0000	0.0000
0.5035	0.5058	0.0000	0.0000
0.5045	0.5074	0.0000	0.0000
0.5055	0.5090	0.0000	0.0000
0.5065	0.5106	0.0000	0.0000
0.5075	0.5122	0.0000	0.0000
0.5085	0.5138	0.0000	0.0000
0.5095	0.5154	0.0000	0.0000
0.5105	0.5170	0.0000	0.0000
0.5115	0.5185	0.0000	0.0000
0.5125	0.5201	0.0000	0.0000
0.5135	0.5216	0.0000	0.0000
0.5145	0.5232	0.0000	0.0000
0.5155	0.5248	0.0000	0.0000
0.5165	0.5263	0.0000	0.0000
0.5175	0.5278	0.0000	0.0000
0.5185	0.5294	0.0000	0.0000
0.5195	0.5309	0.0000	0.0000
0.5205	0.5324	0.0000	0.0000
0.5215	0.5339	0.0000	0.0000
0.5225	0.5354	0.0000	0.0000
0.5235	0.5369	0.0000	0.0000
0.5245	0.5384	0.0000	0.0000
0.5255	0.5399	0.0000	0.0000
0.5265	0.5414	0.0000	0.0000
0.5275	0.5429	0.0000	0.0000
0.5285	0.5443	0.0000	0.0000
0.5295	0.5458	0.0000	0.0000
0.5305	0.5473	0.0000	0.0000
0.5315	0.5487	0.0000	0.0000
0.5325	0.5502	0.0000	0.0000
0.5335	0.5516	0.0000	0.0000
0.5345	0.5531	0.0000	0.0000
0.5355	0.5545	0.0000	0.0000
0.5365	0.5559	0.0000	0.0000
0.5375	0.5574	0.0000	0.0000
0.5385	0.5588	0.0000	0.0000
0.5395	0.5602	0.0000	0.0000
0.5405	0.5616	0.0000	0.0000
0.5415	0.5630	0.0000	0.0000
0.5425	0.5644	0.0000	0.0000
0.5435	0.5658	0.0000	0.0000
0.5445	0.5672	0.0000	0.0000
0.5455	0.5686	0.0000	0.0000
0.5465	0.5700	0.0000	0.0000
0.5475	0.5713	0.0000	0.0000
0.5485	0.5727	0.0000	0.0000
0.5495	0.5741	0.0000	0.0000
0.5506	0.5754	0.0000	0.0000
0.5516	0.5768	0.0000	0.0000
0.5526	0.5781	0.0000	0.0000
0.5536	0.5795	0.0000	0.0000
0.5546	0.5808	0.0000	0.0000
0.5556	0.5821	0.0000	0.0000
0.5566	0.5835	0.0000	0.0000
0.5576	0.5848	0.0000	0.0000
0.5586	0.5861	0.0000	0.0000
0.5596	0.5874	0.0000	0.0000
0.5606	0.5887	0.0000	0.0000
0.5616	0.5901	0.0000	0.0000
0.5626	0.5914	0.0000	0.0000
0.5636	0.5927	0.0000	0.0000
0.5646	0.5940	0.0000	0.0000
0.5656	0.5952	0.0000	0.0000
0.5666	0.5965	0.0000	0.0000
0.5676	0.5978	0.0000	0.0000
0.5686	0.5991	0.0000	0.0000
0.5696	0.6004	0.0000	0.0000
0.5706	0.6016	0.0000	0.0000
0.5716	0.6029	0.0000	0.0000
0.5726	0.6041	0.0000	0.0000
0.5736	0.6054	0.0000	0.0000
0.5746	0.6067	0.0000	0.0000
0.5756	0.6079	0.0000	0.0000
0.5766	0.6091	0.0000	0.0000
0.5776	0.6104	0.0000	0.0000
0.5786	0.6116	0.0000	0.0000
0.5796	0.6128	0.0000	0.0000
0.5806	0.6141	0.0000	0.0000
0.5816	0.6153	0.0000	0.0000
0.5826	0.6165	0.0000	0.0000
0.5836	0.6177	0.0000	0.0000
0.5846	0.6189	0.0000	0.0000
0.5856	0.6201	0.0000	0.0000
0.5866	0.6213	0.0000	0.0000
0.5876	0.6225	0.0000	0.0000
0.5886	0.6237	0.0000	0.0000
0.5896	0.6249	0.0000	0.0000
0.5906	0.6261	0.0000	0.0000
0.5916	0.6273	0.0000	0.0000
0.5926	0.6285	0.0000	0.0000
0.5936	0.6296	0.0000	0.0000
0.5946	0.6308	0.0000	0.0000
0.5956	0.6320	0.0000	0.0000
0.5966	0.6332	0.0000	0.0000
0.5976	0.6343	0.0000	0.0000
0.5986	0.6355	0.0000	0.0000
0.5996	0.6366	0.0000	0.0000
0.6006	0.6378	0.0000	0.0000
0.6016	0.6389	0.0000	0.0000
0.6026	0.6401	0.0000	0.0000
0.6036	0.6412	0.0000	0.0000
0.6046	0.6423	0.0000	0.0000
0.6056	0.6435	0.0000	0.0000
0.6066	0.6446	0.0000	0.0000
0.6076	0.6457	0.0000	0.0000
0.6086	0.6468	0.0000	0.0000
0.6096	0.6479	0.0000	0.0000
0.6106	0.6491	0.0000	0.0000
0.6116	0.6502	0.0000	0.0000
0.6126	0.6513	0.0000	0.0000
0.6136	0.6524	0.0000	0.0000
0.6146	0.6535	0.0000	0.0000
0.6156	0.6546	0.0000	0.0000
0.6166	0.6557	0.0000	0.0000
0.6176	0.6568	0.0000	0.0000
0.6186	0.6578	0.0000	0.0000
0.6196	0.6589	0.0000	0.0000
0.6206	0.6600	0.0000	0.0000
0.6216	0.6611	0.0000	0.0000
0.6226	0.6622	0.0000	0.0000
0.6236	0.6632	0.0000	0.0000
0.6246	0.6643	0.0000	0.0000
0.6256	0.6654	0.0000	0.0000
0.6266	0.6664	0.0000	0.0000
0.6276	0.6675	0.0000	0.0000
0.6286	0.6685	0.0000	0.0000
0.6296	0.6696	0.0000	0.0000
0.6306	0.6706	0.0000	0.0000
0.6316	0.6717	0.0000	0.0000
0.6326	0.6727	0.0000	0.0000
0.6336	0.6738	0.0000	0.0000
0.6346	0.6748	0.0000	0.0000
0.6356	0.6758	0.0000	0.0000
0.6366	0.6769	0.0000	0.0000
0.6376	0.6779	0.0000	0.0000
0.6386	0.6789	0.0000	0.0000
0.6396	0.6799	0.0000	0.0000
0.6406	0.6809	0.0000	0.0000
0.6416	0.6820	0.0000	0.0000
0.6426	0.6830	0.0000	0.0000
0.6436	0.6840	0.0000	0.0000
0.6446	0.6850	0.0000	0.0000
0.6456	0.6860	0.0000	0.0000
0.6466	0.6870	0.0000	0.0000
0.6476	0.6880	0.0000	0.0000
0.6486	0.6890	0.0000	0.0000
0.6496	0.6900	0.0000	0.0000
0.6507	0.6910	0.0000	0.0000
0.6517	0.6920	0.0000	0.0000
0.6527	0.6929	0.0000	0.0000
0.6537	0.6939	0.0000	0.0000
0.6547	0.6949	0.0000	0.0000
0.6557	0.6959	0.0000	0.0000
0.6567	0.6969	0.0000	0.0000
0.6577	0.6978	0.0000	0.0000
0.6587	0.6988	0.0000	0.0000
0.6597	0.6998	0.0000	0.0000
0.6607	0.7007	0.0000	0.0000
0.6617	0.7017	0.0000	0.0000
0.6627	0.7026	0.0000	0.0000
0.6637	0.7036	0.0000	0.0000
0.6647	0.7045	0.0000	0.0000
0.6657	0.7055	0.0000	0.0000
0.6667	0.7064	0.0000	0.0000
0.6677	0.7074	0.0000	0.0000
0.6687	0.7083	0.0000	0.0000
0.6697	0.7093	0.0000	0.0000
0.6707	0.7102	0.0000	0.0000
0.6717	0.7111	0.0000	0.0000
0.6727	0.7121	0.0000	0.0000
0.6737	0.7130	0.0000	0.0000
0.6747	0.7139	0.0000	0.0000
0.6757	0.7148	0.0000	0.0000
0.6767	0.7158	0.0000	0.0000
0.6777	0.7167	0.0000	0.0000
0.6787	0.7176	0.0000	0.0000
0.6797	0.7185	0.0000	0.0000
0.6807	0.7194	0.0000	0.0000
0.6817	0.7203	0.0000	0.0000
0.6827	0.7212	0.0000	0.0000
0.6837	0.7222	0.0000	0.0000
0.6847	0.7231	0.0000	0.0000
0.6857	0.7240	0.0000	0.0000
0.6867	0.7249	0.0000	0.0000
0.6877	0.7258	0.0000	0.0000
0.6887	0.7266	0.0000	0.0000
0.6897	0.7275	0.0000	0.0000
0.6907	0.7284	0.0000	0.0000
0.6917	0.7293	0.0000	0.0000
0.6927	0.7302	0.0000	0.0000
0.6937	0.7311	0.0000	0.0000
0.6947	0.7320	0.0000	0.0000
0.6957	0.7328	0.0000	0.0000
0.6967	0.7337	0.0000	0.0000
0.6977	0.7346	0.0000	0.0000
0.6987	0.7355	0.0000	0.0000
0.6997	0.7363	0.0000	0.0000
0.7007	0.7372	0.0000	0.0000
0.7017	0.7381	0.0000	0.0000
0.7027	0.7389	0.0000	0.0000
0.7037	0.7398	0.0000	0.0000
0.7047	0.7406	0.0000	0.0000
0.7057	0.7415	0.0000	0.0000
0.7067	0.7424	0.0000	0.0000
0.7077	0.7432	0.0000	0.0000
0.7087	0.7441	0.0000	0.0000
0.7097	0.7449	0.0000	0.0000
0.7107	0.7458	0.0000	0.0000
0.7117	0.7466	0.0000	0.0000
0.7127	0.7474	0.0000	0.0000
0.7137	0.7483	0.0000	0.0000
0.7147	0.7491	0.0000	0.0000
0.7157	0.7500	0.0000	0.0000
0.7167	0.7508	0.0000	0.0000
0.7177	0.7516	0.0000	0.0000
0.7187	0.7524	0.0000	0.0000
0.7197	0.7533	0.0000	0.0000
0.7207	0.7541	0.0000	0.0000
0.7217	0.7549	0.0000	0.0000
0.7227	0.7558	0.0000	0.0000
0.7237	0.7566	0.0000	0.0000
0.7247	0.7574	0.0000	0.0000
0.7257	0.7582	0.0000	0.0000
0.7267	0.7590	0.0000	0.0000
0.7277	0.7598	0.0000	0.0000
0.7287	0.7606	0.0000	0.0000
0.7297	0.7615	0.0000	0.0000
0.7307	0.7623	0.0000	0.0000
0.7317	0.7631	0.0000	0.0000
0.7327	0.7639	0.0000	0.0000
0.7337	0.7647	0.0000	0.0000
0.7347	0.7655	0.0000	0.0000
0.7357	0.7663	0.0000	0.0000
0.7367	0.7671	0.0000	0.0000
0.7377	0.7679	0.0000	0.0000
0.7387	0.7687	0.0000	0.0000
0.7397	0.7695	0.0000	0.0000
0.7407	0.7702	0.0000	0.0000
0.7417	0.7710	0.0000	0.0000
0.7427	0.7718	0.0000	0.0000
0.7437	0.7726	0.0000	0.0000
0.7447	0.7734	0.0000	0.0000
0.7457	0.7742	0.0000	0.0000
0.7467	0.7749	0.0000	0.0000
0.7477	0.7757	0.0000	0.0000
0.7487	0.7765	0.0000	0.0000
0.7497	0.7773	0.0000	0.0000
0.7508	0.7780	0.0000	0.0000
0.7518	0.7788	0.0000	0.0000
0.7528	0.7796	0.0000	0.0000
0.7538	0.7804	0.0000	0.0000
0.7548	0.7811	0.0000	0.0000
0.7558	0.7819	0.0000	0.0000
0.7568	0.7826	0.0000	0.0000
0.7578	0.7834	0.0000	0.0000
0.7588	0.7842	0.0000	0.0000
0.7598	0.7849	0.0000	0.0000
0.7608	0.7857	0.0000	0.0000
0.7618	0.7864	0.0000	0.0000
0.7628	0.7872	0.0000	0.0000
0.7638	0.7879	0.0000	0.0000
0.7648	0.7887	0.0000	0.0000
0.7658	0.7894	0.0000	0.0000
0.7668	0.7902	0.0000	0.0000
0.7678	0.7909	0.0000	0.0000
0.7688	0.7917	0.0000	0.0000
0.7698	0.7924	0.0000	0.0000
0.7708	0.7932	0.0000	0.0000
0.7718	0.7939	0.0000	0.0000
0.7728	0.7946	0.0000	0.0000
0.7738	0.7954	0.0000	0.0000
0.7748	0.7961	0.0000	0.0000
0.7758	0.7968	0.0000	0.0000
0.7768	0.7976	0.0000	0.0000
0.7778	0.7983	0.0000	0.0000
0.7788	0.7990	0.0000	0.0000
0.7798	0.7998	0.0000	0.0000
0.7808	0.8005	0.0000	0.0000
0.7818	0.8012	0.0000	0.0000
0.7828	0.8019	0.0000	0.0000
0.7838	0.8027	0.0000	0.0000
0.7848	0.8034	0.0000	0.0000
0.7858	0.8041	0.0000	0.0000
0.7868	0.8048	0.0000	0.0000
0.7878	0.8055	0.0000	0.0000
0.7888	0.8063	0.0000	0.0000
0.7898	0.8070	0.0000	0.0000
0.7908	0.8077	0.0000	0.0000
0.7918	0.8084	0.0000	0.0000
0.7928	0.8091	0.0000	0.0000
0.7938	0.8098	0.0000	0.0000
0.7948	0.8105	0.0000	0.0000
0.7958	0.8112	0.0000	0.0000
0.7968	0.8119	0.0000	0.0000
0.7978	0.8126	0.0000	0.0000
0.7988	0.8133	0.0000	0.0000
0.7998	0.8140	0.0000	0.0000
0.8008	0.8147	0.0000	0.0000
0.8018	0.8154	0.0000	0.0000
0.8028	0.8161	0.0000	0.0000
0.8038	0.8168	0.0000	0.0000
0.8048	0.8175	0.0000	0.0000
0.8058	0.8182	0.0000	0.0000
0.8068	0.8189	0.0000	0.0000
0.8078	0.8196	0.0000	0.0000
0.8088	0.8203	0.0000	0.0000
0.8098	0.8210	0.0000	0.0000
0.8108	0.8217	0.0000	0.0000
0.8118	0.8224	0.0000	0.0000
0.8128	0.8230	0.0000	0.0000
0.8138	0.8237	0.0000	0.0000
0.8148	0.8244	0.0000	0.0000
0.8158	0.8251	0.0000	0.0000
0.8168	0.8258	0.0000	0.0000
0.8178	0.8264	0.0000	0.0000
0.8188	0.8271	0.0000	0.0000
0.8198	0.8278	0.0000	0.0000
0.8208	0.8285	0.0000	0.0000
0.8218	0.8291	0.0000	0.0000
0.8228	0.8298	0.0000	0.0000
0.8238	0.8305	0.0000	0.0000
0.8248	0.8312	0.0000	0.0000
0.8258	0.8318	0.0000	0.0000
0.8268	0.8325	0.0000	0.0000
0.8278	0.8332	0.0000	0.0000
0.8288	0.8338	0.0000	0.0000
0.8298	0.8345	0.0000	0.0000
0.8308	0.8352	0.0000	0.0000
0.8318	0.8358	0.0000	0.0000
0.8328	0.8365	0.0000	0.0000
0.8338	0.8372	0.0000	0.0000
0.8348	0.8378	0.0000	0.0000
0.8358	0.8385	0.0000	0.0000
0.8368	0.8391	0.0000	0.0000
0.8378	0.8398	0.0000	0.0000
0.8388	0.8404	0.0000	0.0000
0.8398	0.8411	0.0000	0.0000
0.8408	0.8418	0.0000	0.0000
0.8418	0.8424	0.0000	0.0000
0.8428	0.8431	0.0000	0.0000
0.8438	0.8437	0.0000	0.0000
0.8448	0.8444	0.0000	0.0000
0.8458	0.8450	0.0000	0.0000
0.8468	0.8457	0.0000	0.0000
0.8478	0.8463	0.0000	0.0000
0.8488	0.8469	0.0000	0.0000
0.8498	0.8476	0.0000	0.0000
0.8509	0.8482	0.0000	0.0000
0.8519	0.8489	0.0000	0.0000
0.8529	0.8495	0.0000	0.0000
0.8539	0.8502	0.0000	0.0000
0.8549	0.8508	0.0000	0.0000
0.8559	0.8514	0.0000	0.0000
0.8569	0.8521	0.0000	0.0000
0.8579	0.8527	0.0000	0.0000
0.8589	0.8534	0.0000	0.0000
0.8599	0.8540	0.0000	0.0000
0.8609	0.8546	0.0000	0.0000
0.8619	0.8553	0.0000	0.0000
0.8629	0.8559	0.0000	0.0000
0.8639	0.8565	0.0000	0.0000
0.8649	0.8572	0.0000	0.0000
0.8659	0.8578	0.0000	0.0000
0.8669	0.8584	0.0000	0.0000
0.8679	0.8590	0.0000	0.0000
0.8689	0.8597	0.0000	0.0000
0.8699	0.8603	0.0000	0.0000
0.8709	0.8609	0.0000	0.0000
0.8719	0.8615	0.0000	0.0000
0.8729	0.8622	0.0000	0.0000
0.8739	0.8628	0.0000	0.0000
0.8749	0.8634	0.0000	0.0000
0.8759	0.8640	0.0000	0.0000
0.8769	0.8647	0.0000	0.0000
0.8779	0.8653	0.0000	0.0000
0.8789	0.8659	0.0000	0.0000
0.8799	0.8665	0.0000	0.0000
0.8809	0.8671	0.0000	0.0000
0.8819	0.8677	0.0000	0.0000
0.8829	0.8684	0.0000	0.0000
0.8839	0.8690	0.0000	0.0000
0.8849	0.8696	0.0000	0.0000
0.8859	0.8702	0.0000	0.0000
0.8869	0.8708	0.0000	0.0000
0.8879	0.8714	0.0000	0.0000
0.8889	0.8720	0.0000	0.0000
0.8899	0.8727	0.0000	0.0000
0.8909	0.8733	0.0000	0.0000
0.8919	0.8739	0.0000	0.0000
0.8929	0.8745	0.0000	0.0000
0.8939	0.8751	0.0000	0.0000
0.8949	0.8757	0.0000	0.0000
0.8959	0.8763	0.0000	0.0000
0.8969	0.8769	0.0000	0.0000
0.8979	0.8775	0.0000	0.0000
0.8989	0.8781	0.0000	0.0000
0.8999	0.8787	0.0000	0.0000
0.9009	0.8793	0.0000	0.0000
0.9019	0.8799	0.0000	0.0000
0.9029	0.8805	0.0000	0.0000
0.9039	0.8811	0.0000	0.0000
0.9049	0.8817	0.0000	0.0000
0.9059	0.8823	0.0000	0.0000
0.9069	0.8829	0.0000	0.0000
0.9079	0.8835	0.0000	0.0000
0.9089	0.8841	0.0000	0.0000
0.9099	0.8847	0.0000	0.0000
0.9109	0.8853	0.0000	0.0000
0.9119	0.8859	0.0000	0.0000
0.9129	0.8865	0.0000	0.0000
0.9139	0.8871	0.0000	0.0000
0.9149	0.8877	0.0000	0.0000
0.9159	0.8883	0.0000	0.0000
0.9169	0.8889	0.0000	0.0000
0.9179	0.8895	0.0000	0.0000
0.9189	0.8901	0.0000	0.0000
0.9199	0.8906	0.0000	0.0000
0.9209	0.8912	0.0000	0.0000
0.9219	0.8918	0.0000	0.0000
0.9229	0.8924	0.0000	0.0000
0.9239	0.8930	0.0000	0.0000
0.9249	0.8936	0.0000	0.0000
0.9259	0.8942	0.0000	0.0000
0.9269	0.8948	0.0000	0.0000
0.9279	0.8954	0.0000	0.0000
0.9289	0.8959	0.0000	0.0000
0.9299	0.8965	0.0000	0.0000
0.9309	0.8971	0.0000	0.0000
0.9319	0.8977	0.0000	0.0000
0.9329	0.8983	0.0000	0.0000
0.9339	0.8989	0.0000	0.0000
0.9349	0.8994	0.0000	0.0000
0.9359	0.9000	0.0000	0.0000
0.9369	0.9006	0.0000	0.0000
0.9379	0.9012	0.0000	0.0000
0.9389	0.9018	0.0000	0.0000
0.9399	0.9023	0.0000	0.0000
0.9409	0.9029	0.0000	0.0000
0.9419	0.9035	0.0000	0.0000
0.9429	0.9041	0.0000	0.0000
0.9439	0.9047	0.0000	0.0000
0.9449	0.9052	0.0000	0.0000
0.9459	0.9058	0.0000	0.0000
0.9469	0.9064	0.0000	0.0000
0.9479	0.9070	0.0000	0.0000
0.9489	0.9075	0.0000	0.0000
0.9499	0.9081	0.0000	0.0000
0.9510	0.9087	0.0000	0.0000
0.9520	0.9093	0.0000	0.0000
0.9530	0.9098	0.0000	0.0000
0.9540	0.9104	0.0000	0.0000
0.9550	0.9110	0.0000	0.0000
0.9560	0.9116	0.0000	0.0000
0.9570	0.9121	0.0000	0.0000
0.9580	0.9127	0.0000	0.0000
0.9590	0.9133	0.0000	0.0000
0.9600	0.9138	0.0000	0.0000
0.9610	0.9144	0.0000	0.0000
0.9620	0.9150	0.0000	0.0000
0.9630	0.9156	0.0000	0.0000
0.9640	0.9161	0.0000	0.0000
0.9650	0.9167	0.0000	0.0000
0.9660	0.9173	0.0000	0.0000
0.9670	0.9178	0.0000	0.0000
0.9680	0.9184	0.0000	0.0000
0.9690	0.9190	0.0000	0.0000
0.9700	0.9195	0.0000	0.0000
0.9710	0.9201	0.0000	0.0000
0.9720	0.9207	0.0000	0.0000
0.9730	0.9212	0.0000	0.0000
0.9740	0.9218	0.0000	0.0000
0.9750	0.9224	0.0000	0.0000
0.9760	0.9229	0.0000	0.0000
0.9770	0.9235	0.0000	0.0000
0.9780	0.9241	0.0000	0.0000
0.9790	0.9246	0.0000	0.0000
0.9800	0.9252	0.0000	0.0000
0.9810	0.9258	0.0000	0.0000
0.9820	0.9263	0.0000	0.0000
0.9830	0.9269	0.0000	0.0000
0.9840	0.9275	0.0000	0.0000
0.9850	0.9280	0.0000	0.0000
0.9860	0.9286	0.0000	0.0000
0.9870	0.9291	0.0000	0.0000
0.9880	0.9297	0.0000	0.0000
0.9890	0.9303	0.0000	0.0000
0.9900	0.9308	0.0000	0.0000
0.9910	0.9314	0.0000	0.0000
0.9920	0.9320	0.0000	0.0000
0.9930	0.9325	0.0000	0.0000
0.9940	0.9331	0.0000	0.0000
0.9950	0.9337	0.0000	0.0000
0.9960	0.9342	0.0000	0.0000
0.9970	0.9348	0.0000	0.0000
0.9980	0.9354	0.0000	0.0000
0.9990	0.9359	0.0000	0.0000
1.0000	0.9365	0.0000	0.0000
0.1572
0.5005
0.8438
