0.0000	0.1687	0.0000	0.0000
0.0010	0.1694	0.0000	0.0000
0.0020	0.1701	0.0000	0.0000
0.0030	0.1707	0.0000	0.0000
0.0040	0.1714	0.0000	0.0000
0.0050	0.1721	0.0000	0.0000
0.0060	0.1727	0.0000	0.0000
0.0070	0.1734	0.0000	0.0000
0.0080	0.1741	0.0000	0.0000
0.0090	0.1747	0.0000	0.0000
0.0100	0.1754	0.0000	0.0000
0.0110	0.1760	0.0000	0.0000
0.0120	0.1767	0.0000	0.0000
0.0130	0.1774	0.0000	0.0000
0.0140	0.1780	0.0000	0.0000
0.0150	0.1787	0.0000	0.0000
0.0160	0.1793	0.0000	0.0000
0.0170	0.1800	0.0000	0.0000
0.0180	0.1807	0.0000	0.0000
0.0190	0.1813	0.0000	0.0000
0.0200	0.1820	0.0000	0.0000
0.0210	0.1826	0.0000	0.0000
0.0220	0.1833	0.0000	0.0000
0.0230	0.1839	0.0000	0.0000
0.0240	0.1846	0.0000	0.0000
0.0250	0.1853	0.0000	0.0000
0.0260	0.1859	0.0000	0.0000
0.0270	0.1866	0.0000	0.0000
0.0280	0.1872	0.0000	0.0000
0.0290	0.1879	0.0000	0.0000
0.0300	0.1885	0.0000	0.0000
0.0310	0.1892	0.0000	0.0000
0.0320	0.1898	0.0000	0.0000
0.0330	0.1905	0.0000	0.0000
0.0340	0.1911	0.0000	0.0000
0.0350	0.1918	0.0000	0.0000
0.0360	0.1924	0.0000	0.0000
0.0370	0.1931	0.0000	0.0000
0.0380	0.1937	0.0000	0.0000
0.0390	0.1944	0.0000	0.0000
0.0400	0.1950	0.0000	0.0000
0.0410	0.1956	0.0000	0.0000
0.0420	0.1963	0.0000	0.0000
0.0430	0.1969	0.0000	0.0000
0.0440	0.1976	0.0000	0.0000
0.0450	0.1982	0.0000	0.0000
0.0460	0.1989	0.0000	0.0000
0.0470	0.1995	0.0000	0.0000
0.0480	0.2001	0.0000	0.0000
0.0490	0.2008	0.0000	0.0000
0.0501	0.2014	0.0000	0.0000
0.0511	0.2021	0.0000	0.0000
0.0521	0.2027	0.0000	0.0000
0.0531	0.2033	0.0000	0.0000
0.0541	0.2040	0.0000	0.0000
0.0551	0.2046	0.0000	0.0000
0.0561	0.2052	0.0000	0.0000
0.0571	0.2059	0.0000	0.0000
0.0581	0.2065	0.0000	0.0000
0.0591	0.2071	0.0000	0.0000
0.0601	0.2078	0.0000	0.0000
0.0611	0.2084	0.0000	0.0000
0.0621	0.2090	0.0000	0.0000
0.0631	0.2097	0.0000	0.0000
0.0641	0.2103	0.0000	0.0000
0.0651	0.2109	0.0000	0.0000
0.0661	0.2116	0.0000	0.0000
0.0671	0.2122	0.0000	0.0000
0.0681	0.2128	0.0000	0.0000
0.0691	0.2135	0.0000	0.0000
0.0701	0.2141	0.0000	0.0000
0.0711	0.2147	0.0000	0.0000
0.0721	0.2153	0.0000	0.0000
0.0731	0.2160	0.0000	0.0000
0.0741	0.2166	0.0000	0.0000
0.0751	0.2172	0.0000	0.0000
0.0761	0.2178	0.0000	0.0000
0.0771	0.2185	0.0000	0.0000
0.0781	0.2191	0.0000	0.0000
0.0791	0.2197	0.0000	0.0000
0.0801	0.2203	0.0000	0.0000
0.0811	0.2210	0.0000	0.0000
0.0821	0.2216	0.0000	0.0000
0.0831	0.2222	0.0000	0.0000
0.0841	0.2228	0.0000	0.0000
0.0851	0.2234	0.0000	0.0000
0.0861	0.2241	0.0000	0.0000
0.0871	0.2247	0.0000	0.0000
0.0881	0.2253	0.0000	0.0000
0.0891	0.2259	0.0000	0.0000
0.0901	0.2265	0.0000	0.0000
0.0911	0.2272	0.0000	0.0000
0.0921	0.2278	0.0000	0.0000
0.0931	0.2284	0.0000	0.0000
0.0941	0.2290	0.0000	0.0000
0.0951	0.2296	0.0000	0.0000
0.0961	0.2302	0.0000	0.0000
0.0971	0.2309	0.0000	0.0000
0.0981	0.2315	0.0000	0.0000
0.0991	0.2321	0.0000	0.0000
0.1001	0.2327	0.0000	0.0000
0.1011	0.2333	0.0000	0.0000
0.1021	0.2339	0.0000	0.0000
0.1031	0.2345	0.0000	0.0000
0.1041	0.2351	0.0000	0.0000
0.1051	0.2358	0.0000	0.0000
0.1061	0.2364	0.0000	0.0000
0.1071	0.2370	0.0000	0.0000
0.1081	0.2376	0.0000	0.0000
0.1091	0.2382	0.0000	0.0000
0.1101	0.2388	0.0000	0.0000
0.1111	0.2394	0.0000	0.0000
0.1121	0.2400	0.0000	0.0000
0.1131	0.2406	0.0000	0.0000
0.1141	0.2412	0.0000	0.0000
0.1151	0.2419	0.0000	0.0000
0.1161	0.2425	0.0000	0.0000
0.1171	0.2431	0.0000	0.0000
0.1181	0.2437	0.0000	0.0000
0.1191	0.2443	0.0000	0.0000
0.1201	0.2449	0.0000	0.0000
0.1211	0.2455	0.0000	0.0000
0.1221	0.2461	0.0000	0.0000
0.1231	0.2467	0.0000	0.0000
0.1241	0.2473	0.0000	0.0000
0.1251	0.2479	0.0000	0.0000
0.1261	0.2485	0.0000	0.0000
0.1271	0.2491	0.0000	0.0000
0.1281	0.2497	0.0000	0.0000
0.1291	0.2503	0.0000	0.0000
0.1301	0.2509	0.0000	0.0000
0.1311	0.2515	0.0000	0.0000
0.1321	0.2521	0.0000	0.0000
0.1331	0.2527	0.0000	0.0000
0.1341	0.2533	0.0000	0.0000
0.1351	0.2539	0.0000	0.0000
0.1361	0.2545	0.0000	0.0000
0.1371	0.2551	0.0000	0.0000
0.1381	0.2557	0.0000	0.0000
0.1391	0.2563	0.0000	0.0000
0.1401	0.2569	0.0000	0.0000
0.1411	0.2575	0.0000	0.0000
0.1421	0.2581	0.0000	0.0000
0.1431	0.2587	0.0000	0.0000
0.1441	0.2593	0.0000	0.0000
0.1451	0.2599	0.0000	0.0000
0.1461	0.2605	0.0000	0.0000
0.1471	0.2611	0.0000	0.0000
0.1481	0.2617	0.0000	0.0000
0.1491	0.2623	0.0000	0.0000
0.1502	0.2629	0.0000	0.0000
0.1512	0.2635	0.0000	0.0000
0.1522	0.2641	0.0000	0.0000
0.1532	0.2647	0.0000	0.0000
0.1542	0.2653	0.0000	0.0000
0.1552	0.2659	0.0000	0.0000
0.1562	0.2665	0.0000	0.0000
0.1572	0.2670	0.0000	0.0000
0.1582	0.2676	0.0000	0.0000
0.1592	0.2682	0.0000	0.0000
0.1602	0.2688	0.0000	0.0000
0.1612	0.2694	0.0000	0.0000
0.1622	0.2700	0.0000	0.0000
0.1632	0.2706	0.0000	0.0000
0.1642	0.2712	0.0000	0.0000
0.1652	0.2718	0.0000	0.0000
0.1662	0.2724	0.0000	0.0000
0.1672	0.2730	0.0000	0.0000
0.1682	0.2736	0.0000	0.0000
0.1692	0.2742	0.0000	0.0000
0.1702	0.2747	0.0000	0.0000
0.1712	0.2753	0.0000	0.0000
0.1722	0.2759	0.0000	0.0000
0.1732	0.2765	0.0000	0.0000
0.1742	0.2771	0.0000	0.0000
0.1752	0.2777	0.0000	0.0000
0.1762	0.2783	0.0000	0.0000
0.1772	0.2789	0.0000	0.0000
0.1782	0.2795	0.0000	0.0000
0.1792	0.2801	0.0000	0.0000
0.1802	0.2806	0.0000	0.0000
0.1812	0.2812	0.0000	0.0000
0.1822	0.2818	0.0000	0.0000
0.1832	0.2824	0.0000	0.0000
0.1842	0.2830	0.0000	0.0000
0.1852	0.2836	0.0000	0.0000
0.1862	0.2842	0.0000	0.0000
0.1872	0.2848	0.0000	0.0000
0.1882	0.2854	0.0000	0.0000
0.1892	0.2859	0.0000	0.0000
0.1902	0.2865	0.0000	0.0000
0.1912	0.2871	0.0000	0.0000
0.1922	0.2877	0.0000	0.0000
0.1932	0.2883	0.0000	0.0000
0.1942	0.2889	0.0000	0.0000
0.1952	0.2895	0.0000	0.0000
0.1962	0.2901	0.0000	0.0000
0.1972	0.2906	0.0000	0.0000
0.1982	0.2912	0.0000	0.0000
0.1992	0.2918	0.0000	0.0000
0.2002	0.2924	0.0000	0.0000
0.2012	0.2930	0.0000	0.0000
0.2022	0.2936	0.0000	0.0000
0.2032	0.2942	0.0000	0.0000
0.2042	0.2947	0.0000	0.0000
0.2052	0.2953	0.0000	0.0000
0.2062	0.2959	0.0000	0.0000
0.2072	0.2965	0.0000	0.0000
0.2082	0.2971	0.0000	0.0000
0.2092	0.2977	0.0000	0.0000
0.2102	0.2983	0.0000	0.0000
0.2112	0.2989	0.0000	0.0000
0.2122	0.2994	0.0000	0.0000
0.2132	0.3000	0.0000	0.0000
0.2142	0.3006	0.0000	0.0000
0.2152	0.3012	0.0000	0.0000
0.2162	0.3018	0.0000	0.0000
0.2172	0.3024	0.0000	0.0000
0.2182	0.3030	0.0000	0.0000
0.2192	0.3035	0.0000	0.0000
0.2202	0.3041	0.0000	0.0000
0.2212	0.3047	0.0000	0.0000
0.2222	0.3053	0.0000	0.0000
0.2232	0.3059	0.0000	0.0000
0.2242	0.3065	0.0000	0.0000
0.2252	0.3071	0.0000	0.0000
0.2262	0.3077	0.0000	0.0000
0.2272	0.3082	0.0000	0.0000
0.2282	0.3088	0.0000	0.0000
0.2292	0.3094	0.0000	0.0000
0.2302	0.3100	0.0000	0.0000
0.2312	0.3106	0.0000	0.0000
0.2322	0.3112	0.0000	0.0000
0.2332	0.3118	0.0000	0.0000
0.2342	0.3123	0.0000	0.0000
0.2352	0.3129	0.0000	0.0000
0.2362	0.3135	0.0000	0.0000
0.2372	0.3141	0.0000	0.0000
0.2382	0.3147	0.0000	0.0000
0.2392	0.3153	0.0000	0.0000
0.2402	0.3159	0.0000	0.0000
0.2412	0.3165	0.0000	0.0000
0.2422	0.3171	0.0000	0.0000
0.2432	0.3176	0.0000	0.0000
0.2442	0.3182	0.0000	0.0000
0.2452	0.3188	0.0000	0.0000
0.2462	0.3194	0.0000	0.0000
0.2472	0.3200	0.0000	0.0000
0.2482	0.3206	0.0000	0.0000
0.2492	0.3212	0.0000	0.0000
0.2503	0.3218	0.0000	0.0000
0.2513	0.3224	0.0000	0.0000
0.2523	0.3230	0.0000	0.0000
0.2533	0.3235	0.0000	0.0000
0.2543	0.3241	0.0000	0.0000
0.2553	0.3247	0.0000	0.0000
0.2563	0.3253	0.0000	0.0000
0.2573	0.3259	0.0000	0.0000
0.2583	0.3265	0.0000	0.0000
0.2593	0.3271	0.0000	0.0000
0.2603	0.3277	0.0000	0.0000
0.2613	0.3283	0.0000	0.0000
0.2623	0.3289	0.0000	0.0000
0.2633	0.3295	0.0000	0.0000
0.2643	0.3301	0.0000	0.0000
0.2653	0.3307	0.0000	0.0000
0.2663	0.3312	0.0000	0.0000
0.2673	0.3318	0.0000	0.0000
0.2683	0.3324	0.0000	0.0000
0.2693	0.3330	0.0000	0.0000
0.2703	0.3336	0.0000	0.0000
0.2713	0.3342	0.0000	0.0000
0.2723	0.3348	0.0000	0.0000
0.2733	0.3354	0.0000	0.0000
0.2743	0.3360	0.0000	0.0000
0.2753	0.3366	0.0000	0.0000
0.2763	0.3372	0.0000	0.0000
0.2773	0.3378	0.0000	0.0000
0.2783	0.3384	0.0000	0.0000
0.2793	0.3390	0.0000	0.0000
0.2803	0.3396	0.0000	0.0000
0.2813	0.3402	0.0000	0.0000
0.2823	0.3408	0.0000	0.0000
0.2833	0.3414	0.0000	0.0000
0.2843	0.3420	0.0000	0.0000
0.2853	0.3426	0.0000	0.0000
0.2863	0.3432	0.0000	0.0000
0.2873	0.3438	0.0000	0.0000
0.2883	0.3444	0.0000	0.0000
0.2893	0.3450	0.0000	0.0000
0.2903	0.3456	0.0000	0.0000
0.2913	0.3462	0.0000	0.0000
0.2923	0.3468	0.0000	0.0000
0.2933	0.3474	0.0000	0.0000
0.2943	0.3480	0.0000	0.0000
0.2953	0.3486	0.0000	0.0000
0.2963	0.3493	0.0000	0.0000
0.2973	0.3499	0.0000	0.0000
0.2983	0.3505	0.0000	0.0000
0.2993	0.3511	0.0000	0.0000
0.3003	0.3517	0.0000	0.0000
0.3013	0.3523	0.0000	0.0000
0.3023	0.3529	0.0000	0.0000
0.3033	0.3535	0.0000	0.0000
0.3043	0.3541	0.0000	0.0000
0.3053	0.3547	0.0000	0.0000
0.3063	0.3554	0.0000	0.0000
0.3073	0.3560	0.0000	0.0000
0.3083	0.3566	0.0000	0.0000
0.3093	0.3572	0.0000	0.0000
0.3103	0.3578	0.0000	0.0000
0.3113	0.3584	0.0000	0.0000
0.3123	0.3590	0.0000	0.0000
0.3133	0.3597	0.0000	0.0000
0.3143	0.3603	0.0000	0.0000
0.3153	0.3609	0.0000	0.0000
0.3163	0.3615	0.0000	0.0000
0.3173	0.3621	0.0000	0.0000
0.3183	0.3628	0.0000	0.0000
0.3193	0.3634	0.0000	0.0000
0.3203	0.3640	0.0000	0.0000
0.3213	0.3646	0.0000	0.0000
0.3223	0.3652	0.0000	0.0000
0.3233	0.3659	0.0000	0.0000
0.3243	0.3665	0.0000	0.0000
0.3253	0.3671	0.0000	0.0000
0.3263	0.3678	0.0000	0.0000
0.3273	0.3684	0.0000	0.0000
0.3283	0.3690	0.0000	0.0000
0.3293	0.3696	0.0000	0.0000
0.3303	0.3703	0.0000	0.0000
0.3313	0.3709	0.0000	0.0000
0.3323	0.3715	0.0000	0.0000
0.3333	0.3722	0.0000	0.0000
0.3343	0.3728	0.0000	0.0000
0.3353	0.3734	0.0000	0.0000
0.3363	0.3741	0.0000	0.0000
0.3373	0.3747	0.0000	0.0000
0.3383	0.3753	0.0000	0.0000
0.3393	0.3760	0.0000	0.0000
0.3403	0.3766	0.0000	0.0000
0.3413	0.3773	0.0000	0.0000
0.3423	0.3779	0.0000	0.0000
0.3433	0.3785	0.0000	0.0000
0.3443	0.3792	0.0000	0.0000
0.3453	0.3798	0.0000	0.0000
0.3463	0.3805	0.0000	0.0000
0.3473	0.3811	0.0000	0.0000
0.3483	0.3818	0.0000	0.0000
0.3493	0.3824	0.0000	0.0000
0.3504	0.3831	0.0000	0.0000
0.3514	0.3837	0.0000	0.0000
0.3524	0.3844	0.0000	0.0000
0.3534	0.3850	0.0000	0.0000
0.3544	0.3857	0.0000	0.0000
0.3554	0.3863	0.0000	0.0000
0.3564	0.3870	0.0000	0.0000
0.3574	0.3876	0.0000	0.0000
0.3584	0.3883	0.0000	0.0000
0.3594	0.3890	0.0000	0.0000
0.3604	0.3896	0.0000	0.0000
0.3614	0.3903	0.0000	0.0000
0.3624	0.3909	0.0000	0.0000
0.3634	0.3916	0.0000	0.0000
0.3644	0.3923	0.0000	0.0000
0.3654	0.3929	0.0000	0.0000
0.3664	0.3936	0.0000	0.0000
0.3674	0.3943	0.0000	0.0000
0.3684	0.3949	0.0000	0.0000
0.3694	0.3956	0.0000	0.0000
0.3704	0.3963	0.0000	0.0000
0.3714	0.3970	0.0000	0.0000
0.3724	0.3976	0.0000	0.0000
0.3734	0.3983	0.0000	0.0000
0.3744	0.3990	0.0000	0.0000
0.3754	0.3997	0.0000	0.0000
0.3764	0.4003	0.0000	0.0000
0.3774	0.4010	0.0000	0.0000
0.3784	0.4017	0.0000	0.0000
0.3794	0.4024	0.0000	0.0000
0.3804	0.4031	0.0000	0.0000
0.3814	0.4038	0.0000	0.0000
0.3824	0.4044	0.0000	0.0000
0.3834	0.4051	0.0000	0.0000
0.3844	0.4058	0.0000	0.0000
0.3854	0.4065	0.0000	0.0000
0.3864	0.4072	0.0000	0.0000
0.3874	0.4079	0.0000	0.0000
0.3884	0.4086	0.0000	0.0000
0.3894	0.4093	0.0000	0.0000
0.3904	0.4100	0.0000	0.0000
0.3914	0.4107	0.0000	0.0000
0.3924	0.4114	0.0000	0.0000
0.3934	0.4121	0.0000	0.0000
0.3944	0.4128	0.0000	0.0000
0.3954	0.4135	0.0000	0.0000
0.3964	0.4143	0.0000	0.0000
0.3974	0.4150	0.0000	0.0000
0.3984	0.4157	0.0000	0.0000
0.3994	0.4164	0.0000	0.0000
0.4004	0.4171	0.0000	0.0000
0.4014	0.4178	0.0000	0.0000
0.4024	0.4185	0.0000	0.0000
0.4034	0.4193	0.0000	0.0000
0.4044	0.4200	0.0000	0.0000
0.4054	0.4207	0.0000	0.0000
0.4064	0.4214	0.0000	0.0000
0.4074	0.4222	0.0000	0.0000
0.4084	0.4229	0.0000	0.0000
0.4094	0.4236	0.0000	0.0000
0.4104	0.4244	0.0000	0.0000
0.4114	0.4251	0.0000	0.0000
0.4124	0.4259	0.0000	0.0000
0.4134	0.4266	0.0000	0.0000
0.4144	0.4273	0.0000	0.0000
0.4154	0.4281	0.0000	0.0000
0.4164	0.4288	0.0000	0.0000
0.4174	0.4296	0.0000	0.0000
0.4184	0.4303	0.0000	0.0000
0.4194	0.4311	0.0000	0.0000
0.4204	0.4318	0.0000	0.0000
0.4214	0.4326	0.0000	0.0000
0.4224	0.4333	0.0000	0.0000
0.4234	0.4341	0.0000	0.0000
0.4244	0.4349	0.0000	0.0000
0.4254	0.4356	0.0000	0.0000
0.4264	0.4364	0.0000	0.0000
0.4274	0.4372	0.0000	0.0000
0.4284	0.4379	0.0000	0.0000
0.4294	0.4387	0.0000	0.0000
0.4304	0.4395	0.0000	0.0000
0.4314	0.4403	0.0000	0.0000
0.4324	0.4410	0.0000	0.0000
0.4334	0.4418	0.0000	0.0000
0.4344	0.4426	0.0000	0.0000
0.4354	0.4434	0.0000	0.0000
0.4364	0.4442	0.0000	0.0000
0.4374	0.4450	0.0000	0.0000
0.4384	0.4458	0.0000	0.0000
0.4394	0.4466	0.0000	0.0000
0.4404	0.4474	0.0000	0.0000
0.4414	0.4482	0.0000	0.0000
0.4424	0.4490	0.0000	0.0000
0.4434	0.4498	0.0000	0.0000
0.4444	0.4506	0.0000	0.0000
0.4454	0.4514	0.0000	0.0000
0.4464	0.4522	0.0000	0.0000
0.4474	0.4530	0.0000	0.0000
0.4484	0.4538	0.0000	0.0000
0.4494	0.4547	0.0000	0.0000
0.4505	0.4555	0.0000	0.0000
0.4515	0.4563	0.0000	0.0000
0.4525	0.4571	0.0000	0.0000
0.4535	0.4580	0.0000	0.0000
0.4545	0.4588	0.0000	0.0000
0.4555	0.4597	0.0000	0.0000
0.4565	0.4605	0.0000	0.0000
0.4575	0.4613	0.0000	0.0000
0.4585	0.4622	0.0000	0.0000
0.4595	0.4630	0.0000	0.0000
0.4605	0.4639	0.0000	0.0000
0.4615	0.4647	0.0000	0.0000
0.4625	0.4656	0.0000	0.0000
0.4635	0.4665	0.0000	0.0000
0.4645	0.4673	0.0000	0.0000
0.4655	0.4682	0.0000	0.0000
0.4665	0.4691	0.0000	0.0000
0.4675	0.4699	0.0000	0.0000
0.4685	0.4708	0.0000	0.0000
0.4695	0.4717	0.0000	0.0000
0.4705	0.4726	0.0000	0.0000
0.4715	0.4734	0.0000	0.0000
0.4725	0.4743	0.0000	0.0000
0.4735	0.4752	0.0000	0.0000
0.4745	0.4761	0.0000	0.0000
0.4755	0.4770	0.0000	0.0000
0.4765	0.4779	0.0000	0.0000
0.4775	0.4788	0.0000	0.0000
0.4785	0.4797	0.0000	0.0000
0.4795	0.4806	0.0000	0.0000
0.4805	0.4815	0.0000	0.0000
0.4815	0.4825	0.0000	0.0000
0.4825	0.4834	0.0000	0.0000
0.4835	0.4843	0.0000	0.0000
0.4845	0.4852	0.0000	0.0000
0.4855	0.4862	0.0000	0.0000
0.4865	0.4871	0.0000	0.0000
0.4875	0.4880	0.0000	0.0000
0.4885	0.4890	0.0000	0.0000
0.4895	0.4899	0.0000	0.0000
0.4905	0.4909	0.0000	0.0000
0.4915	0.4918	0.0000	0.0000
0.4925	0.4928	0.0000	0.0000
0.4935	0.4937	0.0000	0.0000
0.4945	0.4947	0.0000	0.0000
0.4955	0.4957	0.0000	0.0000
0.4965	0.4966	0.0000	0.0000
0.4975	0.4976	0.0000	0.0000
0.4985	0.4986	0.0000	0.0000
0.4995	0.4996	0.0000	0.0000
0.5005	0.5006	0.0000	0.0000
0.5015	0.5015	0.0000	0.0000
0.5025	0.5025	0.0000	0.0000
0.5035	0.5035	0.0000	0.0000
0.5045	0.5045	0.0000	0.0000
0.5055	0.5054	0.0000	0.0000
0.5065	0.5064	0.0000	0.0000
0.5075	0.5074	0.0000	0.0000
0.5085	0.5083	0.0000	0.0000
0.5095	0.5093	0.0000	0.0000
0.5105	0.5102	0.0000	0.0000
0.5115	0.5112	0.0000	0.0000
0.5125	0.5121	0.0000	0.0000
0.5135	0.5130	0.0000	0.0000
0.5145	0.5140	0.0000	0.0000
0.5155	0.5149	0.0000	0.0000
0.5165	0.5158	0.0000	0.0000
0.5175	0.5168	0.0000	0.0000
0.5185	0.5177	0.0000	0.0000
0.5195	0.5186	0.0000	0.0000
0.5205	0.5195	0.0000	0.0000
0.5215	0.5204	0.0000	0.0000
0.5225	0.5213	0.0000	0.0000
0.5235	0.5222	0.0000	0.0000
0.5245	0.5231	0.0000	0.0000
0.5255	0.5240	0.0000	0.0000
0.5265	0.5249	0.0000	0.0000
0.5275	0.5258	0.0000	0.0000
0.5285	0.5267	0.0000	0.0000
0.5295	0.5276	0.0000	0.0000
0.5305	0.5285	0.0000	0.0000
0.5315	0.5294	0.0000	0.0000
0.5325	0.5302	0.0000	0.0000
0.5335	0.5311	0.0000	0.0000
0.5345	0.5320	0.0000	0.0000
0.5355	0.5328	0.0000	0.0000
0.5365	0.5337	0.0000	0.0000
0.5375	0.5346	0.0000	0.0000
0.5385	0.5354	0.0000	0.0000
0.5395	0.5363	0.0000	0.0000
0.5405	0.5371	0.0000	0.0000
0.5415	0.5380	0.0000	0.0000
0.5425	0.5388	0.0000	0.0000
0.5435	0.5397	0.0000	0.0000
0.5445	0.5405	0.0000	0.0000
0.5455	0.5414	0.0000	0.0000
0.5465	0.5422	0.0000	0.0000
0.5475	0.5430	0.0000	0.0000
0.5485	0.5439	0.0000	0.0000
0.5495	0.5447	0.0000	0.0000
0.5506	0.5455	0.0000	0.0000
0.5516	0.5463	0.0000	0.0000
0.5526	0.5471	0.0000	0.0000
0.5536	0.5480	0.0000	0.0000
0.5546	0.5488	0.0000	0.0000
0.5556	0.5496	0.0000	0.0000
0.5566	0.5504	0.0000	0.0000
0.5576	0.5512	0.0000	0.0000
0.5586	0.5520	0.0000	0.0000
0.5596	0.5528	0.0000	0.0000
0.5606	0.5536	0.0000	0.0000
0.5616	0.5544	0.0000	0.0000
0.5626	0.5552	0.0000	0.0000
0.5636	0.5560	0.0000	0.0000
0.5646	0.5568	0.0000	0.0000
0.5656	0.5576	0.0000	0.0000
0.5666	0.5584	0.0000	0.0000
0.5676	0.5591	0.0000	0.0000
0.5686	0.5599	0.0000	0.0000
0.5696	0.5607	0.0000	0.0000
0.5706	0.5615	0.0000	0.0000
0.5716	0.5623	0.0000	0.0000
0.5726	0.5630	0.0000	0.0000
0.5736	0.5638	0.0000	0.0000
0.5746	0.5646	0.0000	0.0000
0.5756	0.5653	0.0000	0.0000
0.5766	0.5661	0.0000	0.0000
0.5776	0.5669	0.0000	0.0000
0.5786	0.5676	0.0000	0.0000
0.5796	0.5684	0.0000	0.0000
0.5806	0.5691	0.0000	0.0000
0.5816	0.5699	0.0000	0.0000
0.5826	0.5706	0.0000	0.0000
0.5836	0.5714	0.0000	0.0000
0.5846	0.5721	0.0000	0.0000
0.5856	0.5729	0.0000	0.0000
0.5866	0.5736	0.0000	0.0000
0.5876	0.5744	0.0000	0.0000
0.5886	0.5751	0.0000	0.0000
0.5896	0.5758	0.0000	0.0000
0.5906	0.5766	0.0000	0.0000
0.5916	0.5773	0.0000	0.0000
0.5926	0.5780	0.0000	0.0000
0.5936	0.5788	0.0000	0.0000
0.5946	0.5795	0.0000	0.0000
0.5956	0.5802	0.0000	0.0000
0.5966	0.5809	0.0000	0.0000
0.5976	0.5817	0.0000	0.0000
0.5986	0.5824	0.0000	0.0000
0.5996	0.5831	0.0000	0.0000
0.6006	0.5838	0.0000	0.0000
0.6016	0.5845	0.0000	0.0000
0.6026	0.5853	0.0000	0.0000
0.6036	0.5860	0.0000	0.0000
0.6046	0.5867	0.0000	0.0000
0.6056	0.5874	0.0000	0.0000
0.6066	0.5881	0.0000	0.0000
0.6076	0.5888	0.0000	0.0000
0.6086	0.5895	0.0000	0.0000
0.6096	0.5902	0.0000	0.0000
0.6106	0.5909	0.0000	0.0000
0.6116	0.5916	0.0000	0.0000
0.6126	0.5923	0.0000	0.0000
0.6136	0.5930	0.0000	0.0000
0.6146	0.5937	0.0000	0.0000
0.6156	0.5944	0.0000	0.0000
0.6166	0.5951	0.0000	0.0000
0.6176	0.5958	0.0000	0.0000
0.6186	0.5965	0.0000	0.0000
0.6196	0.5971	0.0000	0.0000
0.6206	0.5978	0.0000	0.0000
0.6216	0.5985	0.0000	0.0000
0.6226	0.5992	0.0000	0.0000
0.6236	0.5999	0.0000	0.0000
0.6246	0.6006	0.0000	0.0000
0.6256	0.6012	0.0000	0.0000
0.6266	0.6019	0.0000	0.0000
0.6276	0.6026	0.0000	0.0000
0.6286	0.6033	0.0000	0.0000
0.6296	0.6039	0.0000	0.0000
0.6306	0.6046	0.0000	0.0000
0.6316	0.6053	0.0000	0.0000
0.6326	0.6060	0.0000	0.0000
0.6336	0.6066	0.0000	0.0000
0.6346	0.6073	0.0000	0.0000
0.6356	0.6080	0.0000	0.0000
0.6366	0.6086	0.0000	0.0000
0.6376	0.6093	0.0000	0.0000
0.6386	0.6100	0.0000	0.0000
0.6396	0.6106	0.0000	0.0000
0.6406	0.6113	0.0000	0.0000
0.6416	0.6119	0.0000	0.0000
0.6426	0.6126	0.0000	0.0000
0.6436	0.6132	0.0000	0.0000
0.6446	0.6139	0.0000	0.0000
0.6456	0.6146	0.0000	0.0000
0.6466	0.6152	0.0000	0.0000
0.6476	0.6159	0.0000	0.0000
0.6486	0.6165	0.0000	0.0000
0.6496	0.6172	0.0000	0.0000
0.6507	0.6178	0.0000	0.0000
0.6517	0.6185	0.0000	0.0000
0.6527	0.6191	0.0000	0.0000
0.6537	0.6198	0.0000	0.0000
0.6547	0.6204	0.0000	0.0000
0.6557	0.6210	0.0000	0.0000
0.6567	0.6217	0.0000	0.0000
0.6577	0.6223	0.0000	0.0000
0.6587	0.6230	0.0000	0.0000
0.6597	0.6236	0.0000	0.0000
0.6607	0.6243	0.0000	0.0000
0.6617	0.6249	0.0000	0.0000
0.6627	0.6255	0.0000	0.0000
0.6637	0.6262	0.0000	0.0000
0.6647	0.6268	0.0000	0.0000
0.6657	0.6274	0.0000	0.0000
0.6667	0.6281	0.0000	0.0000
0.6677	0.6287	0.0000	0.0000
0.6687	0.6293	0.0000	0.0000
0.6697	0.6300	0.0000	0.0000
0.6707	0.6306	0.0000	0.0000
0.6717	0.6312	0.0000	0.0000
0.6727	0.6318	0.0000	0.0000
0.6737	0.6325	0.0000	0.0000
0.6747	0.6331	0.0000	0.0000
0.6757	0.6337	0.0000	0.0000
0.6767	0.6344	0.0000	0.0000
0.6777	0.6350	0.0000	0.0000
0.6787	0.6356	0.0000	0.0000
0.6797	0.6362	0.0000	0.0000
0.6807	0.6368	0.0000	0.0000
0.6817	0.6375	0.0000	0.0000
0.6827	0.6381	0.0000	0.0000
0.6837	0.6387	0.0000	0.0000
0.6847	0.6393	0.0000	0.0000
0.6857	0.6399	0.0000	0.0000
0.6867	0.6406	0.0000	0.0000
0.6877	0.6412	0.0000	0.0000
0.6887	0.6418	0.0000	0.0000
0.6897	0.6424	0.0000	0.0000
0.6907	0.6430	0.0000	0.0000
0.6917	0.6436	0.0000	0.0000
0.6927	0.6443	0.0000	0.0000
0.6937	0.6449	0.0000	0.0000
0.6947	0.6455	0.0000	0.0000
0.6957	0.6461	0.0000	0.0000
0.6967	0.6467	0.0000	0.0000
0.6977	0.6473	0.0000	0.0000
0.6987	0.6479	0.0000	0.0000
0.6997	0.6485	0.0000	0.0000
0.7007	0.6491	0.0000	0.0000
0.7017	0.6498	0.0000	0.0000
0.7027	0.6504	0.0000	0.0000
0.7037	0.6510	0.0000	0.0000
0.7047	0.6516	0.0000	0.0000
0.7057	0.6522	0.0000	0.0000
0.7067	0.6528	0.0000	0.0000
0.7077	0.6534	0.0000	0.0000
0.7087	0.6540	0.0000	0.0000
0.7097	0.6546	0.0000	0.0000
0.7107	0.6552	0.0000	0.0000
0.7117	0.6558	0.0000	0.0000
0.7127	0.6564	0.0000	0.0000
0.7137	0.6570	0.0000	0.0000
0.7147	0.6576	0.0000	0.0000
0.7157	0.6582	0.0000	0.0000
0.7167	0.6588	0.0000	0.0000
0.7177	0.6594	0.0000	0.0000
0.7187	0.6600	0.0000	0.0000
0.7197	0.6606	0.0000	0.0000
0.7207	0.6612	0.0000	0.0000
0.7217	0.6618	0.0000	0.0000
0.7227	0.6624	0.0000	0.0000
0.7237	0.6630	0.0000	0.0000
0.7247	0.6636	0.0000	0.0000
0.7257	0.6642	0.0000	0.0000
0.7267	0.6648	0.0000	0.0000
0.7277	0.6654	0.0000	0.0000
0.7287	0.6660	0.0000	0.0000
0.7297	0.6666	0.0000	0.0000
0.7307	0.6672	0.0000	0.0000
0.7317	0.6678	0.0000	0.0000
0.7327	0.6684	0.0000	0.0000
0.7337	0.6690	0.0000	0.0000
0.7347	0.6696	0.0000	0.0000
0.7357	0.6702	0.0000	0.0000
0.7367	0.6708	0.0000	0.0000
0.7377	0.6713	0.0000	0.0000
0.7387	0.6719	0.0000	0.0000
0.7397	0.6725	0.0000	0.0000
0.7407	0.6731	0.0000	0.0000
0.7417	0.6737	0.0000	0.0000
0.7427	0.6743	0.0000	0.0000
0.7437	0.6749	0.0000	0.0000
0.7447	0.6755	0.0000	0.0000
0.7457	0.6761	0.0000	0.0000
0.7467	0.6767	0.0000	0.0000
0.7477	0.6773	0.0000	0.0000
0.7487	0.6778	0.0000	0.0000
0.7497	0.6784	0.0000	0.0000
0.7508	0.6790	0.0000	0.0000
0.7518	0.6796	0.0000	0.0000
0.7528	0.6802	0.0000	0.0000
0.7538	0.6808	0.0000	0.0000
0.7548	0.6814	0.0000	0.0000
0.7558	0.6820	0.0000	0.0000
0.7568	0.6826	0.0000	0.0000
0.7578	0.6832	0.0000	0.0000
0.7588	0.6837	0.0000	0.0000
0.7598	0.6843	0.0000	0.0000
0.7608	0.6849	0.0000	0.0000
0.7618	0.6855	0.0000	0.0000
0.7628	0.6861	0.0000	0.0000
0.7638	0.6867	0.0000	0.0000
0.7648	0.6873	0.0000	0.0000
0.7658	0.6879	0.0000	0.0000
0.7668	0.6884	0.0000	0.0000
0.7678	0.6890	0.0000	0.0000
0.7688	0.6896	0.0000	0.0000
0.7698	0.6902	0.0000	0.0000
0.7708	0.6908	0.0000	0.0000
0.7718	0.6914	0.0000	0.0000
0.7728	0.6920	0.0000	0.0000
0.7738	0.6925	0.0000	0.0000
0.7748	0.6931	0.0000	0.0000
0.7758	0.6937	0.0000	0.0000
0.7768	0.6943	0.0000	0.0000
0.7778	0.6949	0.0000	0.0000
0.7788	0.6955	0.0000	0.0000
0.7798	0.6961	0.0000	0.0000
0.7808	0.6966	0.0000	0.0000
0.7818	0.6972	0.0000	0.0000
0.7828	0.6978	0.0000	0.0000
0.7838	0.6984	0.0000	0.0000
0.7848	0.6990	0.0000	0.0000
0.7858	0.6996	0.0000	0.0000
0.7868	0.7002	0.0000	0.0000
0.7878	0.7007	0.0000	0.0000
0.7888	0.7013	0.0000	0.0000
0.7898	0.7019	0.0000	0.0000
0.7908	0.7025	0.0000	0.0000
0.7918	0.7031	0.0000	0.0000
0.7928	0.7037	0.0000	0.0000
0.7938	0.7043	0.0000	0.0000
0.7948	0.7048	0.0000	0.0000
0.7958	0.7054	0.0000	0.0000
0.7968	0.7060	0.0000	0.0000
0.7978	0.7066	0.0000	0.0000
0.7988	0.7072	0.0000	0.0000
0.7998	0.7078	0.0000	0.0000
0.8008	0.7084	0.0000	0.0000
0.8018	0.7089	0.0000	0.0000
0.8028	0.7095	0.0000	0.0000
0.8038	0.7101	0.0000	0.0000
0.8048	0.7107	0.0000	0.0000
0.8058	0.7113	0.0000	0.0000
0.8068	0.7119	0.0000	0.0000
0.8078	0.7125	0.0000	0.0000
0.8088	0.7131	0.0000	0.0000
0.8098	0.7136	0.0000	0.0000
0.8108	0.7142	0.0000	0.0000
0.8118	0.7148	0.0000	0.0000
0.8128	0.7154	0.0000	0.0000
0.8138	0.7160	0.0000	0.0000
0.8148	0.7166	0.0000	0.0000
0.8158	0.7172	0.0000	0.0000
0.8168	0.7178	0.0000	0.0000
0.8178	0.7183	0.0000	0.0000
0.8188	0.7189	0.0000	0.0000
0.8198	0.7195	0.0000	0.0000
0.8208	0.7201	0.0000	0.0000
0.8218	0.7207	0.0000	0.0000
0.8228	0.7213	0.0000	0.0000
0.8238	0.7219	0.0000	0.0000
0.8248	0.7225	0.0000	0.0000
0.8258	0.7230	0.0000	0.0000
0.8268	0.7236	0.0000	0.0000
0.8278	0.7242	0.0000	0.0000
0.8288	0.7248	0.0000	0.0000
0.8298	0.7254	0.0000	0.0000
0.8308	0.7260	0.0000	0.0000
0.8318	0.7266	0.0000	0.0000
0.8328	0.7272	0.0000	0.0000
0.8338	0.7278	0.0000	0.0000
0.8348	0.7284	0.0000	0.0000
0.8358	0.7290	0.0000	0.0000
0.8368	0.7295	0.0000	0.0000
0.8378	0.7301	0.0000	0.0000
0.8388	0.7307	0.0000	0.0000
0.8398	0.7313	0.0000	0.0000
0.8408	0.7319	0.0000	0.0000
0.8418	0.7325	0.0000	0.0000
0.8428	0.7331	0.0000	0.0000
0.8438	0.7337	0.0000	0.0000
0.8448	0.7343	0.0000	0.0000
0.8458	0.7349	0.0000	0.0000
0.8468	0.7355	0.0000	0.0000
0.8478	0.7361	0.0000	0.0000
0.8488	0.7367	0.0000	0.0000
0.8498	0.7373	0.0000	0.0000
0.8509	0.7378	0.0000	0.0000
0.8519	0.7384	0.0000	0.0000
0.8529	0.7390	0.0000	0.0000
0.8539	0.7396	0.0000	0.0000
0.8549	0.7402	0.0000	0.0000
0.8559	0.7408	0.0000	0.0000
0.8569	0.7414	0.0000	0.0000
0.8579	0.7420	0.0000	0.0000
0.8589	0.7426	0.0000	0.0000
0.8599	0.7432	0.0000	0.0000
0.8609	0.7438	0.0000	0.0000
0.8619	0.7444	0.0000	0.0000
0.8629	0.7450	0.0000	0.0000
0.8639	0.7456	0.0000	0.0000
0.8649	0.7462	0.0000	0.0000
0.8659	0.7468	0.0000	0.0000
0.8669	0.7474	0.0000	0.0000
0.8679	0.7480	0.0000	0.0000
0.8689	0.7486	0.0000	0.0000
0.8699	0.7492	0.0000	0.0000
0.8709	0.7498	0.0000	0.0000
0.8719	0.7504	0.0000	0.0000
0.8729	0.7510	0.0000	0.0000
0.8739	0.7516	0.0000	0.0000
0.8749	0.7522	0.0000	0.0000
0.8759	0.7528	0.0000	0.0000
0.8769	0.7534	0.0000	0.0000
0.8779	0.7540	0.0000	0.0000
0.8789	0.7546	0.0000	0.0000
0.8799	0.7552	0.0000	0.0000
0.8809	0.7558	0.0000	0.0000
0.8819	0.7564	0.0000	0.0000
0.8829	0.7570	0.0000	0.0000
0.8839	0.7576	0.0000	0.0000
0.8849	0.7583	0.0000	0.0000
0.8859	0.7589	0.0000	0.0000
0.8869	0.7595	0.0000	0.0000
0.8879	0.7601	0.0000	0.0000
0.8889	0.7607	0.0000	0.0000
0.8899	0.7613	0.0000	0.0000
0.8909	0.7619	0.0000	0.0000
0.8919	0.7625	0.0000	0.0000
0.8929	0.7631	0.0000	0.0000
0.8939	0.7637	0.0000	0.0000
0.8949	0.7643	0.0000	0.0000
0.8959	0.7649	0.0000	0.0000
0.8969	0.7656	0.0000	0.0000
0.8979	0.7662	0.0000	0.0000
0.8989	0.7668	0.0000	0.0000
0.8999	0.7674	0.0000	0.0000
0.9009	0.7680	0.0000	0.0000
0.9019	0.7686	0.0000	0.0000
0.9029	0.7692	0.0000	0.0000
0.9039	0.7698	0.0000	0.0000
0.9049	0.7705	0.0000	0.0000
0.9059	0.7711	0.0000	0.0000
0.9069	0.7717	0.0000	0.0000
0.9079	0.7723	0.0000	0.0000
0.9089	0.7729	0.0000	0.0000
0.9099	0.7735	0.0000	0.0000
0.9109	0.7742	0.0000	0.0000
0.9119	0.7748	0.0000	0.0000
0.9129	0.7754	0.0000	0.0000
0.9139	0.7760	0.0000	0.0000
0.9149	0.7766	0.0000	0.0000
0.9159	0.7773	0.0000	0.0000
0.9169	0.7779	0.0000	0.0000
0.9179	0.7785	0.0000	0.0000
0.9189	0.7791	0.0000	0.0000
0.9199	0.7797	0.0000	0.0000
0.9209	0.7804	0.0000	0.0000
0.9219	0.7810	0.0000	0.0000
0.9229	0.7816	0.0000	0.0000
0.9239	0.7822	0.0000	0.0000
0.9249	0.7829	0.0000	0.0000
0.9259	0.7835	0.0000	0.0000
0.9269	0.7841	0.0000	0.0000
0.9279	0.7847	0.0000	0.0000
0.9289	0.7854	0.0000	0.0000
0.9299	0.7860	0.0000	0.0000
0.9309	0.7866	0.0000	0.0000
0.9319	0.7872	0.0000	0.0000
0.9329	0.7879	0.0000	0.0000
0.9339	0.7885	0.0000	0.0000
0.9349	0.7891	0.0000	0.0000
0.9359	0.7898	0.0000	0.0000
0.9369	0.7904	0.0000	0.0000
0.9379	0.7910	0.0000	0.0000
0.9389	0.7916	0.0000	0.0000
0.9399	0.7923	0.0000	0.0000
0.9409	0.7929	0.0000	0.0000
0.9419	0.7935	0.0000	0.0000
0.9429	0.7942	0.0000	0.0000
0.9439	0.7948	0.0000	0.0000
0.9449	0.7954	0.0000	0.0000
0.9459	0.7961	0.0000	0.0000
0.9469	0.7967	0.0000	0.0000
0.9479	0.7974	0.0000	0.0000
0.9489	0.7980	0.0000	0.0000
0.9499	0.7986	0.0000	0.0000
0.9510	0.7993	0.0000	0.0000
0.9520	0.7999	0.0000	0.0000
0.9530	0.8005	0.0000	0.0000
0.9540	0.8012	0.0000	0.0000
0.9550	0.8018	0.0000	0.0000
0.9560	0.8025	0.0000	0.0000
0.9570	0.8031	0.0000	0.0000
0.9580	0.8038	0.0000	0.0000
0.9590	0.8044	0.0000	0.0000
0.9600	0.8050	0.0000	0.0000
0.9610	0.8057	0.0000	0.0000
0.9620	0.8063	0.0000	0.0000
0.9630	0.8070	0.0000	0.0000
0.9640	0.8076	0.0000	0.0000
0.9650	0.8083	0.0000	0.0000
0.9660	0.8089	0.0000	0.0000
0.9670	0.8096	0.0000	0.0000
0.9680	0.8102	0.0000	0.0000
0.9690	0.8109	0.0000	0.0000
0.9700	0.8115	0.0000	0.0000
0.9710	0.8122	0.0000	0.0000
0.9720	0.8128	0.0000	0.0000
0.9730	0.8135	0.0000	0.0000
0.9740	0.8141	0.0000	0.0000
0.9750	0.8148	0.0000	0.0000
0.9760	0.8154	0.0000	0.0000
0.9770	0.8161	0.0000	0.0000
0.9780	0.8167	0.0000	0.0000
0.9790	0.8174	0.0000	0.0000
0.9800	0.8180	0.0000	0.0000
0.9810	0.8187	0.0000	0.0000
0.9820	0.8193	0.0000	0.0000
0.9830	0.8200	0.0000	0.0000
0.9840	0.8207	0.0000	0.0000
0.9850	0.8213	0.0000	0.0000
0.9860	0.8220	0.0000	0.0000
0.9870	0.8226	0.0000	0.0000
0.9880	0.8233	0.0000	0.0000
0.9890	0.8240	0.0000	0.0000
0.9900	0.8246	0.0000	0.0000
0.9910	0.8253	0.0000	0.0000
0.9920	0.8260	0.0000	0.0000
0.9930	0.8266	0.0000	0.0000
0.9940	0.8273	0.0000	0.0000
0.9950	0.8279	0.0000	0.0000
0.9960	0.8286	0.0000	0.0000
0.9970	0.8293	0.0000	0.0000
0.9980	0.8299	0.0000	0.0000
0.9990	0.8306	0.0000	0.0000
1.0000	0.8313	0.0000	0.0000
0.5035
