0.0000	0.0033	0.0000	0.0000
0.0010	0.0040	0.0000	0.0000
0.0020	0.0047	0.0000	0.0000
0.0030	0.0054	0.0000	0.0000
0.0040	0.0061	0.0000	0.0000
0.0050	0.0068	0.0000	0.0000
0.0060	0.0075	0.0000	0.0000
0.0070	0.0082	0.0000	0.0000
0.0080	0.0089	0.0000	0.0000
0.0090	0.0096	0.0000	0.0000
0.0100	0.0103	0.0000	0.0000
0.0110	0.0110	0.0000	0.0000
0.0120	0.0117	0.0000	0.0000
0.0130	0.0124	0.0000	0.0000
0.0140	0.0131	0.0000	0.0000
0.0150	0.0139	0.0000	0.0000
0.0160	0.0146	0.0000	0.0000
0.0170	0.0153	0.0000	0.0000
0.0180	0.0160	0.0000	0.0000
0.0190	0.0167	0.0000	0.0000
0.0200	0.0174	0.0000	0.0000
0.0210	0.0181	0.0000	0.0000
0.0220	0.0188	0.0000	0.0000
0.0230	0.0196	0.0000	0.0000
0.0240	0.0203	0.0000	0.0000
0.0250	0.0210	0.0000	0.0000
0.0260	0.0217	0.0000	0.0000
0.0270	0.0224	0.0000	0.0000
0.0280	0.0231	0.0000	0.0000
0.0290	0.0239	0.0000	0.0000
0.0300	0.0246	0.0000	0.0000
0.0310	0.0253	0.0000	0.0000
0.0320	0.0260	0.0000	0.0000
0.0330	0.0267	0.0000	0.0000
0.0340	0.0275	0.0000	0.0000
0.0350	0.0282	0.0000	0.0000
0.0360	0.0289	0.0000	0.0000
0.0370	0.0296	0.0000	0.0000
0.0380	0.0304	0.0000	0.0000
0.0390	0.0311	0.0000	0.0000
0.0400	0.0318	0.0000	0.0000
0.0410	0.0325	0.0000	0.0000
0.0420	0.0333	0.0000	0.0000
0.0430	0.0340	0.0000	0.0000
0.0440	0.0347	0.0000	0.0000
0.0450	0.0354	0.0000	0.0000
0.0460	0.0362	0.0000	0.0000
0.0470	0.0369	0.0000	0.0000
0.0480	0.0376	0.0000	0.0000
0.0490	0.0384	0.0000	0.0000
0.0501	0.0391	0.0000	0.0000
0.0511	0.0398	0.0000	0.0000
0.0521	0.0406	0.0000	0.0000
0.0531	0.0413	0.0000	0.0000
0.0541	0.0420	0.0000	0.0000
0.0551	0.0428	0.0000	0.0000
0.0561	0.0435	0.0000	0.0000
0.0571	0.0442	0.0000	0.0000
0.0581	0.0450	0.0000	0.0000
0.0591	0.0457	0.0000	0.0000
0.0601	0.0465	0.0000	0.0000
0.0611	0.0472	0.0000	0.0000
0.0621	0.0479	0.0000	0.0000
0.0631	0.0487	0.0000	0.0000
0.0641	0.0494	0.0000	0.0000
0.0651	0.0502	0.0000	0.0000
0.0661	0.0509	0.0000	0.0000
0.0671	0.0517	0.0000	0.0000
0.0681	0.0524	0.0000	0.0000
0.0691	0.0531	0.0000	0.0000
0.0701	0.0539	0.0000	0.0000
0.0711	0.0546	0.0000	0.0000
0.0721	0.0554	0.0000	0.0000
0.0731	0.0561	0.0000	0.0000
0.0741	0.0569	0.0000	0.0000
0.0751	0.0576	0.0000	0.0000
0.0761	0.0584	0.0000	0.0000
0.0771	0.0591	0.0000	0.0000
0.0781	0.0599	0.0000	0.0000
0.0791	0.0606	0.0000	0.0000
0.0801	0.0614	0.0000	0.0000
0.0811	0.0621	0.0000	0.0000
0.0821	0.0629	0.0000	0.0000
0.0831	0.0637	0.0000	0.0000
0.0841	0.0644	0.0000	0.0000
0.0851	0.0652	0.0000	0.0000
0.0861	0.0659	0.0000	0.0000
0.0871	0.0667	0.0000	0.0000
0.0881	0.0674	0.0000	0.0000
0.0891	0.0682	0.0000	0.0000
0.0901	0.0690	0.0000	0.0000
0.0911	0.0697	0.0000	0.0000
0.0921	0.0705	0.0000	0.0000
0.0931	0.0712	0.0000	0.0000
0.0941	0.0720	0.0000	0.0000
0.0951	0.0728	0.0000	0.0000
0.0961	0.0735	0.0000	0.0000
0.0971	0.0743	0.0000	0.0000
0.0981	0.0751	0.0000	0.0000
0.0991	0.0758	0.0000	0.0000
0.1001	0.0766	0.0000	0.0000
0.1011	0.0774	0.0000	0.0000
0.1021	0.0782	0.0000	0.0000
0.1031	0.0789	0.0000	0.0000
0.1041	0.0797	0.0000	0.0000
0.1051	0.0805	0.0000	0.0000
0.1061	0.0812	0.0000	0.0000
0.1071	0.0820	0.0000	0.0000
0.1081	0.0828	0.0000	0.0000
0.1091	0.0836	0.0000	0.0000
0.1101	0.0843	0.0000	0.0000
0.1111	0.0851	0.0000	0.0000
0.1121	0.0859	0.0000	0.0000
0.1131	0.0867	0.0000	0.0000
0.1141	0.0875	0.0000	0.0000
0.1151	0.0882	0.0000	0.0000
0.1161	0.0890	0.0000	0.0000
0.1171	0.0898	0.0000	0.0000
0.1181	0.0906	0.0000	0.0000
0.1191	0.0914	0.0000	0.0000
0.1201	0.0922	0.0000	0.0000
0.1211	0.0929	0.0000	0.0000
0.1221	0.0937	0.0000	0.0000
0.1231	0.0945	0.0000	0.0000
0.1241	0.0953	0.0000	0.0000
0.1251	0.0961	0.0000	0.0000
0.1261	0.0969	0.0000	0.0000
0.1271	0.0977	0.0000	0.0000
0.1281	0.0985	0.0000	0.0000
0.1291	0.0993	0.0000	0.0000
0.1301	0.1001	0.0000	0.0000
0.1311	0.1009	0.0000	0.0000
0.1321	0.1016	0.0000	0.0000
0.1331	0.1024	0.0000	0.0000
0.1341	0.1032	0.0000	0.0000
0.1351	0.1040	0.0000	0.0000
0.1361	0.1048	0.0000	0.0000
0.1371	0.1056	0.0000	0.0000
0.1381	0.1064	0.0000	0.0000
0.1391	0.1072	0.0000	0.0000
0.1401	0.1080	0.0000	0.0000
0.1411	0.1088	0.0000	0.0000
0.1421	0.1097	0.0000	0.0000
0.1431	0.1105	0.0000	0.0000
0.1441	0.1113	0.0000	0.0000
0.1451	0.1121	0.0000	0.0000
0.1461	0.1129	0.0000	0.0000
0.1471	0.1137	0.0000	0.0000
0.1481	0.1145	0.0000	0.0000
0.1491	0.1153	0.0000	0.0000
0.1502	0.1161	0.0000	0.0000
0.1512	0.1169	0.0000	0.0000
0.1522	0.1178	0.0000	0.0000
0.1532	0.1186	0.0000	0.0000
0.1542	0.1194	0.0000	0.0000
0.1552	0.1202	0.0000	0.0000
0.1562	0.1210	0.0000	0.0000
0.1572	0.1218	0.0000	0.0000
0.1582	0.1227	0.0000	0.0000
0.1592	0.1235	0.0000	0.0000
0.1602	0.1243	0.0000	0.0000
0.1612	0.1251	0.0000	0.0000
0.1622	0.1259	0.0000	0.0000
0.1632	0.1268	0.0000	0.0000
0.1642	0.1276	0.0000	0.0000
0.1652	0.1284	0.0000	0.0000
0.1662	0.1293	0.0000	0.0000
0.1672	0.1301	0.0000	0.0000
0.1682	0.1309	0.0000	0.0000
0.1692	0.1317	0.0000	0.0000
0.1702	0.1326	0.0000	0.0000
0.1712	0.1334	0.0000	0.0000
0.1722	0.1342	0.0000	0.0000
0.1732	0.1351	0.0000	0.0000
0.1742	0.1359	0.0000	0.0000
0.1752	0.1368	0.0000	0.0000
0.1762	0.1376	0.0000	0.0000
0.1772	0.1384	0.0000	0.0000
0.1782	0.1393	0.0000	0.0000
0.1792	0.1401	0.0000	0.0000
0.1802	0.1410	0.0000	0.0000
0.1812	0.1418	0.0000	0.0000
0.1822	0.1426	0.0000	0.0000
0.1832	0.1435	0.0000	0.0000
0.1842	0.1443	0.0000	0.0000
0.1852	0.1452	0.0000	0.0000
0.1862	0.1460	0.0000	0.0000
0.1872	0.1469	0.0000	0.0000
0.1882	0.1477	0.0000	0.0000
0.1892	0.1486	0.0000	0.0000
0.1902	0.1494	0.0000	0.0000
0.1912	0.1503	0.0000	0.0000
0.1922	0.1511	0.0000	0.0000
0.1932	0.1520	0.0000	0.0000
0.1942	0.1529	0.0000	0.0000
0.1952	0.1537	0.0000	0.0000
0.1962	0.1546	0.0000	0.0000
0.1972	0.1554	0.0000	0.0000
0.1982	0.1563	0.0000	0.0000
0.1992	0.1572	0.0000	0.0000
0.2002	0.1580	0.0000	0.0000
0.2012	0.1589	0.0000	0.0000
0.2022	0.1598	0.0000	0.0000
0.2032	0.1606	0.0000	0.0000
0.2042	0.1615	0.0000	0.0000
0.2052	0.1624	0.0000	0.0000
0.2062	0.1632	0.0000	0.0000
0.2072	0.1641	0.0000	0.0000
0.2082	0.1650	0.0000	0.0000
0.2092	0.1659	0.0000	0.0000
0.2102	0.1667	0.0000	0.0000
0.2112	0.1676	0.0000	0.0000
0.2122	0.1685	0.0000	0.0000
0.2132	0.1694	0.0000	0.0000
0.2142	0.1703	0.0000	0.0000
0.2152	0.1711	0.0000	0.0000
0.2162	0.1720	0.0000	0.0000
0.2172	0.1729	0.0000	0.0000
0.2182	0.1738	0.0000	0.0000
0.2192	0.1747	0.0000	0.0000
0.2202	0.1756	0.0000	0.0000
0.2212	0.1765	0.0000	0.0000
0.2222	0.1774	0.0000	0.0000
0.2232	0.1782	0.0000	0.0000
0.2242	0.1791	0.0000	0.0000
0.2252	0.1800	0.0000	0.0000
0.2262	0.1809	0.0000	0.0000
0.2272	0.1818	0.0000	0.0000
0.2282	0.1827	0.0000	0.0000
0.2292	0.1836	0.0000	0.0000
0.2302	0.1845	0.0000	0.0000
0.2312	0.1854	0.0000	0.0000
0.2322	0.1863	0.0000	0.0000
0.2332	0.1872	0.0000	0.0000
0.2342	0.1881	0.0000	0.0000
0.2352	0.1891	0.0000	0.0000
0.2362	0.1900	0.0000	0.0000
0.2372	0.1909	0.0000	0.0000
0.2382	0.1918	0.0000	0.0000
0.2392	0.1927	0.0000	0.0000
0.2402	0.1936	0.0000	0.0000
0.2412	0.1945	0.0000	0.0000
0.2422	0.1954	0.0000	0.0000
0.2432	0.1964	0.0000	0.0000
0.2442	0.1973	0.0000	0.0000
0.2452	0.1982	0.0000	0.0000
0.2462	0.1991	0.0000	0.0000
0.2472	0.2001	0.0000	0.0000
0.2482	0.2010	0.0000	0.0000
0.2492	0.2019	0.0000	0.0000
0.2503	0.2028	0.0000	0.0000
0.2513	0.2038	0.0000	0.0000
0.2523	0.2047	0.0000	0.0000
0.2533	0.2056	0.0000	0.0000
0.2543	0.2066	0.0000	0.0000
0.2553	0.2075	0.0000	0.0000
0.2563	0.2084	0.0000	0.0000
0.2573	0.2094	0.0000	0.0000
0.2583	0.2103	0.0000	0.0000
0.2593	0.2112	0.0000	0.0000
0.2603	0.2122	0.0000	0.0000
0.2613	0.2131	0.0000	0.0000
0.2623	0.2141	0.0000	0.0000
0.2633	0.2150	0.0000	0.0000
0.2643	0.2160	0.0000	0.0000
0.2653	0.2169	0.0000	0.0000
0.2663	0.2179	0.0000	0.0000
0.2673	0.2188	0.0000	0.0000
0.2683	0.2198	0.0000	0.0000
0.2693	0.2207	0.0000	0.0000
0.2703	0.2217	0.0000	0.0000
0.2713	0.2227	0.0000	0.0000
0.2723	0.2236	0.0000	0.0000
0.2733	0.2246	0.0000	0.0000
0.2743	0.2255	0.0000	0.0000
0.2753	0.2265	0.0000	0.0000
0.2763	0.2275	0.0000	0.0000
0.2773	0.2284	0.0000	0.0000
0.2783	0.2294	0.0000	0.0000
0.2793	0.2304	0.0000	0.0000
0.2803	0.2314	0.0000	0.0000
0.2813	0.2323	0.0000	0.0000
0.2823	0.2333	0.0000	0.0000
0.2833	0.2343	0.0000	0.0000
0.2843	0.2353	0.0000	0.0000
0.2853	0.2362	0.0000	0.0000
0.2863	0.2372	0.0000	0.0000
0.2873	0.2382	0.0000	0.0000
0.2883	0.2392	0.0000	0.0000
0.2893	0.2402	0.0000	0.0000
0.2903	0.2412	0.0000	0.0000
0.2913	0.2422	0.0000	0.0000
0.2923	0.2432	0.0000	0.0000
0.2933	0.2441	0.0000	0.0000
0.2943	0.2451	0.0000	0.0000
0.2953	0.2461	0.0000	0.0000
0.2963	0.2471	0.0000	0.0000
0.2973	0.2481	0.0000	0.0000
0.2983	0.2491	0.0000	0.0000
0.2993	0.2501	0.0000	0.0000
0.3003	0.2512	0.0000	0.0000
0.3013	0.2522	0.0000	0.0000
0.3023	0.2532	0.0000	0.0000
0.3033	0.2542	0.0000	0.0000
0.3043	0.2552	0.0000	0.0000
0.3053	0.2562	0.0000	0.0000
0.3063	0.2572	0.0000	0.0000
0.3073	0.2582	0.0000	0.0000
0.3083	0.2593	0.0000	0.0000
0.3093	0.2603	0.0000	0.0000
0.3103	0.2613	0.0000	0.0000
0.3113	0.2623	0.0000	0.0000
0.3123	0.2634	0.0000	0.0000
0.3133	0.2644	0.0000	0.0000
0.3143	0.2654	0.0000	0.0000
0.3153	0.2665	0.0000	0.0000
0.3163	0.2675	0.0000	0.0000
0.3173	0.2685	0.0000	0.0000
0.3183	0.2696	0.0000	0.0000
0.3193	0.2706	0.0000	0.0000
0.3203	0.2716	0.0000	0.0000
0.3213	0.2727	0.0000	0.0000
0.3223	0.2737	0.0000	0.0000
0.3233	0.2748	0.0000	0.0000
0.3243	0.2758	0.0000	0.0000
0.3253	0.2769	0.0000	0.0000
0.3263	0.2779	0.0000	0.0000
0.3273	0.2790	0.0000	0.0000
0.3283	0.2800	0.0000	0.0000
0.3293	0.2811	0.0000	0.0000
0.3303	0.2822	0.0000	0.0000
0.3313	0.2832	0.0000	0.0000
0.3323	0.2843	0.0000	0.0000
0.3333	0.2854	0.0000	0.0000
0.3343	0.2864	0.0000	0.0000
0.3353	0.2875	0.0000	0.0000
0.3363	0.2886	0.0000	0.0000
0.3373	0.2896	0.0000	0.0000
0.3383	0.2907	0.0000	0.0000
0.3393	0.2918	0.0000	0.0000
0.3403	0.2929	0.0000	0.0000
0.3413	0.2940	0.0000	0.0000
0.3423	0.2951	0.0000	0.0000
0.3433	0.2961	0.0000	0.0000
0.3443	0.2972	0.0000	0.0000
0.3453	0.2983	0.0000	0.0000
0.3463	0.2994	0.0000	0.0000
0.3473	0.3005	0.0000	0.0000
0.3483	0.3016	0.0000	0.0000
0.3493	0.3027	0.0000	0.0000
0.3504	0.3038	0.0000	0.0000
0.3514	0.3049	0.0000	0.0000
0.3524	0.3060	0.0000	0.0000
0.3534	0.3071	0.0000	0.0000
0.3544	0.3082	0.0000	0.0000
0.3554	0.3094	0.0000	0.0000
0.3564	0.3105	0.0000	0.0000
0.3574	0.3116	0.0000	0.0000
0.3584	0.3127	0.0000	0.0000
0.3594	0.3138	0.0000	0.0000
0.3604	0.3150	0.0000	0.0000
0.3614	0.3161	0.0000	0.0000
0.3624	0.3172	0.0000	0.0000
0.3634	0.3183	0.0000	0.0000
0.3644	0.3195	0.0000	0.0000
0.3654	0.3206	0.0000	0.0000
0.3664	0.3218	0.0000	0.0000
0.3674	0.3229	0.0000	0.0000
0.3684	0.3240	0.0000	0.0000
0.3694	0.3252	0.0000	0.0000
0.3704	0.3263	0.0000	0.0000
0.3714	0.3275	0.0000	0.0000
0.3724	0.3286	0.0000	0.0000
0.3734	0.3298	0.0000	0.0000
0.3744	0.3309	0.0000	0.0000
0.3754	0.3321	0.0000	0.0000
0.3764	0.3333	0.0000	0.0000
0.3774	0.3344	0.0000	0.0000
0.3784	0.3356	0.0000	0.0000
0.3794	0.3368	0.0000	0.0000
0.3804	0.3379	0.0000	0.0000
0.3814	0.3391	0.0000	0.0000
0.3824	0.3403	0.0000	0.0000
0.3834	0.3415	0.0000	0.0000
0.3844	0.3427	0.0000	0.0000
0.3854	0.3438	0.0000	0.0000
0.3864	0.3450	0.0000	0.0000
0.3874	0.3462	0.0000	0.0000
0.3884	0.3474	0.0000	0.0000
0.3894	0.3486	0.0000	0.0000
0.3904	0.3498	0.0000	0.0000
0.3914	0.3510	0.0000	0.0000
0.3924	0.3522	0.0000	0.0000
0.3934	0.3534	0.0000	0.0000
0.3944	0.3546	0.0000	0.0000
0.3954	0.3558	0.0000	0.0000
0.3964	0.3570	0.0000	0.0000
0.3974	0.3583	0.0000	0.0000
0.3984	0.3595	0.0000	0.0000
0.3994	0.3607	0.0000	0.0000
0.4004	0.3619	0.0000	0.0000
0.4014	0.3632	0.0000	0.0000
0.4024	0.3644	0.0000	0.0000
0.4034	0.3656	0.0000	0.0000
0.4044	0.3669	0.0000	0.0000
0.4054	0.3681	0.0000	0.0000
0.4064	0.3693	0.0000	0.0000
0.4074	0.3706	0.0000	0.0000
0.4084	0.3718	0.0000	0.0000
0.4094	0.3731	0.0000	0.0000
0.4104	0.3743	0.0000	0.0000
0.4114	0.3756	0.0000	0.0000
0.4124	0.3768	0.0000	0.0000
0.4134	0.3781	0.0000	0.0000
0.4144	0.3794	0.0000	0.0000
0.4154	0.3806	0.0000	0.0000
0.4164	0.3819	0.0000	0.0000
0.4174	0.3832	0.0000	0.0000
0.4184	0.3845	0.0000	0.0000
0.4194	0.3857	0.0000	0.0000
0.4204	0.3870	0.0000	0.0000
0.4214	0.3883	0.0000	0.0000
0.4224	0.3896	0.0000	0.0000
0.4234	0.3909	0.0000	0.0000
0.4244	0.3922	0.0000	0.0000
0.4254	0.3935	0.0000	0.0000
0.4264	0.3948	0.0000	0.0000
0.4274	0.3961	0.0000	0.0000
0.4284	0.3974	0.0000	0.0000
0.4294	0.3987	0.0000	0.0000
0.4304	0.4000	0.0000	0.0000
0.4314	0.4013	0.0000	0.0000
0.4324	0.4026	0.0000	0.0000
0.4334	0.4040	0.0000	0.0000
0.4344	0.4053	0.0000	0.0000
0.4354	0.4066	0.0000	0.0000
0.4364	0.4080	0.0000	0.0000
0.4374	0.4093	0.0000	0.0000
0.4384	0.4106	0.0000	0.0000
0.4394	0.4120	0.0000	0.0000
0.4404	0.4133	0.0000	0.0000
0.4414	0.4147	0.0000	0.0000
0.4424	0.4160	0.0000	0.0000
0.4434	0.4174	0.0000	0.0000
0.4444	0.4187	0.0000	0.0000
0.4454	0.4201	0.0000	0.0000
0.4464	0.4215	0.0000	0.0000
0.4474	0.4228	0.0000	0.0000
0.4484	0.4242	0.0000	0.0000
0.4494	0.4256	0.0000	0.0000
0.4505	0.4270	0.0000	0.0000
0.4515	0.4284	0.0000	0.0000
0.4525	0.4298	0.0000	0.0000
0.4535	0.4311	0.0000	0.0000
0.4545	0.4325	0.0000	0.0000
0.4555	0.4339	0.0000	0.0000
0.4565	0.4353	0.0000	0.0000
0.4575	0.4368	0.0000	0.0000
0.4585	0.4382	0.0000	0.0000
0.4595	0.4396	0.0000	0.0000
0.4605	0.4410	0.0000	0.0000
0.4615	0.4424	0.0000	0.0000
0.4625	0.4438	0.0000	0.0000
0.4635	0.4453	0.0000	0.0000
0.4645	0.4467	0.0000	0.0000
0.4655	0.4481	0.0000	0.0000
0.4665	0.4496	0.0000	0.0000
0.4675	0.4510	0.0000	0.0000
0.4685	0.4525	0.0000	0.0000
0.4695	0.4539	0.0000	0.0000
0.4705	0.4554	0.0000	0.0000
0.4715	0.4569	0.0000	0.0000
0.4725	0.4583	0.0000	0.0000
0.4735	0.4598	0.0000	0.0000
0.4745	0.4613	0.0000	0.0000
0.4755	0.4627	0.0000	0.0000
0.4765	0.4642	0.0000	0.0000
0.4775	0.4657	0.0000	0.0000
0.4785	0.4672	0.0000	0.0000
0.4795	0.4687	0.0000	0.0000
0.4805	0.4702	0.0000	0.0000
0.4815	0.4717	0.0000	0.0000
0.4825	0.4732	0.0000	0.0000
0.4835	0.4747	0.0000	0.0000
0.4845	0.4762	0.0000	0.0000
0.4855	0.4777	0.0000	0.0000
0.4865	0.4793	0.0000	0.0000
0.4875	0.4808	0.0000	0.0000
0.4885	0.4823	0.0000	0.0000
0.4895	0.4839	0.0000	0.0000
0.4905	0.4854	0.0000	0.0000
0.4915	0.4870	0.0000	0.0000
0.4925	0.4885	0.0000	0.0000
0.4935	0.4901	0.0000	0.0000
0.4945	0.4916	0.0000	0.0000
0.4955	0.4932	0.0000	0.0000
0.4965	0.4948	0.0000	0.0000
0.4975	0.4963	0.0000	0.0000
0.4985	0.4979	0.0000	0.0000
0.4995	0.4995	0.0000	0.0000
0.5005	0.5015	0.0000	0.0000
0.5015	0.5039	0.0000	0.0000
0.5025	0.5062	0.0000	0.0000
0.5035	0.5086	0.0000	0.0000
0.5045	0.5109	0.0000	0.0000
0.5055	0.5132	0.0000	0.0000
0.5065	0.5155	0.0000	0.0000
0.5075	0.5179	0.0000	0.0000
0.5085	0.5202	0.0000	0.0000
0.5095	0.5224	0.0000	0.0000
0.5105	0.5247	0.0000	0.0000
0.5115	0.5270	0.0000	0.0000
0.5125	0.5292	0.0000	0.0000
0.5135	0.5315	0.0000	0.0000
0.5145	0.5337	0.0000	0.0000
0.5155	0.5359	0.0000	0.0000
0.5165	0.5381	0.0000	0.0000
0.5175	0.5403	0.0000	0.0000
0.5185	0.5425	0.0000	0.0000
0.5195	0.5447	0.0000	0.0000
0.5205	0.5469	0.0000	0.0000
0.5215	0.5491	0.0000	0.0000
0.5225	0.5512	0.0000	0.0000
0.5235	0.5534	0.0000	0.0000
0.5245	0.5555	0.0000	0.0000
0.5255	0.5576	0.0000	0.0000
0.5265	0.5597	0.0000	0.0000
0.5275	0.5618	0.0000	0.0000
0.5285	0.5639	0.0000	0.0000
0.5295	0.5660	0.0000	0.0000
0.5305	0.5681	0.0000	0.0000
0.5315	0.5702	0.0000	0.0000
0.5325	0.5722	0.0000	0.0000
0.5335	0.5743	0.0000	0.0000
0.5345	0.5763	0.0000	0.0000
0.5355	0.5783	0.0000	0.0000
0.5365	0.5804	0.0000	0.0000
0.5375	0.5824	0.0000	0.0000
0.5385	0.5844	0.0000	0.0000
0.5395	0.5864	0.0000	0.0000
0.5405	0.5884	0.0000	0.0000
0.5415	0.5903	0.0000	0.0000
0.5425	0.5923	0.0000	0.0000
0.5435	0.5943	0.0000	0.0000
0.5445	0.5962	0.0000	0.0000
0.5455	0.5982	0.0000	0.0000
0.5465	0.6001	0.0000	0.0000
0.5475	0.6020	0.0000	0.0000
0.5485	0.6039	0.0000	0.0000
0.5495	0.6058	0.0000	0.0000
0.5506	0.6077	0.0000	0.0000
0.5516	0.6096	0.0000	0.0000
0.5526	0.6115	0.0000	0.0000
0.5536	0.6134	0.0000	0.0000
0.5546	0.6153	0.0000	0.0000
0.5556	0.6171	0.0000	0.0000
0.5566	0.6190	0.0000	0.0000
0.5576	0.6208	0.0000	0.0000
0.5586	0.6226	0.0000	0.0000
0.5596	0.6245	0.0000	0.0000
0.5606	0.6263	0.0000	0.0000
0.5616	0.6281	0.0000	0.0000
0.5626	0.6299	0.0000	0.0000
0.5636	0.6317	0.0000	0.0000
0.5646	0.6335	0.0000	0.0000
0.5656	0.6353	0.0000	0.0000
0.5666	0.6370	0.0000	0.0000
0.5676	0.6388	0.0000	0.0000
0.5686	0.6406	0.0000	0.0000
0.5696	0.6423	0.0000	0.0000
0.5706	0.6441	0.0000	0.0000
0.5716	0.6458	0.0000	0.0000
0.5726	0.6475	0.0000	0.0000
0.5736	0.6492	0.0000	0.0000
0.5746	0.6509	0.0000	0.0000
0.5756	0.6526	0.0000	0.0000
0.5766	0.6543	0.0000	0.0000
0.5776	0.6560	0.0000	0.0000
0.5786	0.6577	0.0000	0.0000
0.5796	0.6594	0.0000	0.0000
0.5806	0.6611	0.0000	0.0000
0.5816	0.6627	0.0000	0.0000
0.5826	0.6644	0.0000	0.0000
0.5836	0.6660	0.0000	0.0000
0.5846	0.6677	0.0000	0.0000
0.5856	0.6693	0.0000	0.0000
0.5866	0.6709	0.0000	0.0000
0.5876	0.6725	0.0000	0.0000
0.5886	0.6742	0.0000	0.0000
0.5896	0.6758	0.0000	0.0000
0.5906	0.6774	0.0000	0.0000
0.5916	0.6790	0.0000	0.0000
0.5926	0.6805	0.0000	0.0000
0.5936	0.6821	0.0000	0.0000
0.5946	0.6837	0.0000	0.0000
0.5956	0.6853	0.0000	0.0000
0.5966	0.6868	0.0000	0.0000
0.5976	0.6884	0.0000	0.0000
0.5986	0.6899	0.0000	0.0000
0.5996	0.6915	0.0000	0.0000
0.6006	0.6930	0.0000	0.0000
0.6016	0.6945	0.0000	0.0000
0.6026	0.6960	0.0000	0.0000
0.6036	0.6976	0.0000	0.0000
0.6046	0.6991	0.0000	0.0000
0.6056	0.7006	0.0000	0.0000
0.6066	0.7021	0.0000	0.0000
0.6076	0.7035	0.0000	0.0000
0.6086	0.7050	0.0000	0.0000
0.6096	0.7065	0.0000	0.0000
0.6106	0.7080	0.0000	0.0000
0.6116	0.7094	0.0000	0.0000
0.6126	0.7109	0.0000	0.0000
0.6136	0.7124	0.0000	0.0000
0.6146	0.7138	0.0000	0.0000
0.6156	0.7152	0.0000	0.0000
0.6166	0.7167	0.0000	0.0000
0.6176	0.7181	0.0000	0.0000
0.6186	0.7195	0.0000	0.0000
0.6196	0.7209	0.0000	0.0000
0.6206	0.7224	0.0000	0.0000
0.6216	0.7238	0.0000	0.0000
0.6226	0.7252	0.0000	0.0000
0.6236	0.7265	0.0000	0.0000
0.6246	0.7279	0.0000	0.0000
0.6256	0.7293	0.0000	0.0000
0.6266	0.7307	0.0000	0.0000
0.6276	0.7321	0.0000	0.0000
0.6286	0.7334	0.0000	0.0000
0.6296	0.7348	0.0000	0.0000
0.6306	0.7361	0.0000	0.0000
0.6316	0.7375	0.0000	0.0000
0.6326	0.7388	0.0000	0.0000
0.6336	0.7402	0.0000	0.0000
0.6346	0.7415	0.0000	0.0000
0.6356	0.7428	0.0000	0.0000
0.6366	0.7442	0.0000	0.0000
0.6376	0.7455	0.0000	0.0000
0.6386	0.7468	0.0000	0.0000
0.6396	0.7481	0.0000	0.0000
0.6406	0.7494	0.0000	0.0000
0.6416	0.7507	0.0000	0.0000
0.6426	0.7520	0.0000	0.0000
0.6436	0.7532	0.0000	0.0000
0.6446	0.7545	0.0000	0.0000
0.6456	0.7558	0.0000	0.0000
0.6466	0.7571	0.0000	0.0000
0.6476	0.7583	0.0000	0.0000
0.6486	0.7596	0.0000	0.0000
0.6496	0.7608	0.0000	0.0000
0.6507	0.7621	0.0000	0.0000
0.6517	0.7633	0.0000	0.0000
0.6527	0.7646	0.0000	0.0000
0.6537	0.7658	0.0000	0.0000
0.6547	0.7670	0.0000	0.0000
0.6557	0.7683	0.0000	0.0000
0.6567	0.7695	0.0000	0.0000
0.6577	0.7707	0.0000	0.0000
0.6587	0.7719	0.0000	0.0000
0.6597	0.7731	0.0000	0.0000
0.6607	0.7743	0.0000	0.0000
0.6617	0.7755	0.0000	0.0000
0.6627	0.7767	0.0000	0.0000
0.6637	0.7779	0.0000	0.0000
0.6647	0.7790	0.0000	0.0000
0.6657	0.7802	0.0000	0.0000
0.6667	0.7814	0.0000	0.0000
0.6677	0.7826	0.0000	0.0000
0.6687	0.7837	0.0000	0.0000
0.6697	0.7849	0.0000	0.0000
0.6707	0.7860	0.0000	0.0000
0.6717	0.7872	0.0000	0.0000
0.6727	0.7883	0.0000	0.0000
0.6737	0.7894	0.0000	0.0000
0.6747	0.7906	0.0000	0.0000
0.6757	0.7917	0.0000	0.0000
0.6767	0.7928	0.0000	0.0000
0.6777	0.7940	0.0000	0.0000
0.6787	0.7951	0.0000	0.0000
0.6797	0.7962	0.0000	0.0000
0.6807	0.7973	0.0000	0.0000
0.6817	0.7984	0.0000	0.0000
0.6827	0.7995	0.0000	0.0000
0.6837	0.8006	0.0000	0.0000
0.6847	0.8017	0.0000	0.0000
0.6857	0.8027	0.0000	0.0000
0.6867	0.8038	0.0000	0.0000
0.6877	0.8049	0.0000	0.0000
0.6887	0.8060	0.0000	0.0000
0.6897	0.8070	0.0000	0.0000
0.6907	0.8081	0.0000	0.0000
0.6917	0.8092	0.0000	0.0000
0.6927	0.8102	0.0000	0.0000
0.6937	0.8113	0.0000	0.0000
0.6947	0.8123	0.0000	0.0000
0.6957	0.8134	0.0000	0.0000
0.6967	0.8144	0.0000	0.0000
0.6977	0.8154	0.0000	0.0000
0.6987	0.8165	0.0000	0.0000
0.6997	0.8175	0.0000	0.0000
0.7007	0.8185	0.0000	0.0000
0.7017	0.8195	0.0000	0.0000
0.7027	0.8205	0.0000	0.0000
0.7037	0.8216	0.0000	0.0000
0.7047	0.8226	0.0000	0.0000
0.7057	0.8236	0.0000	0.0000
0.7067	0.8246	0.0000	0.0000
0.7077	0.8255	0.0000	0.0000
0.7087	0.8265	0.0000	0.0000
0.7097	0.8275	0.0000	0.0000
0.7107	0.8285	0.0000	0.0000
0.7117	0.8295	0.0000	0.0000
0.7127	0.8305	0.0000	0.0000
0.7137	0.8314	0.0000	0.0000
0.7147	0.8324	0.0000	0.0000
0.7157	0.8334	0.0000	0.0000
0.7167	0.8343	0.0000	0.0000
0.7177	0.8353	0.0000	0.0000
0.7187	0.8362	0.0000	0.0000
0.7197	0.8372	0.0000	0.0000
0.7207	0.8381	0.0000	0.0000
0.7217	0.8391	0.0000	0.0000
0.7227	0.8400	0.0000	0.0000
0.7237	0.8409	0.0000	0.0000
0.7247	0.8419	0.0000	0.0000
0.7257	0.8428	0.0000	0.0000
0.7267	0.8437	0.0000	0.0000
0.7277	0.8446	0.0000	0.0000
0.7287	0.8455	0.0000	0.0000
0.7297	0.8465	0.0000	0.0000
0.7307	0.8474	0.0000	0.0000
0.7317	0.8483	0.0000	0.0000
0.7327	0.8492	0.0000	0.0000
0.7337	0.8501	0.0000	0.0000
0.7347	0.8510	0.0000	0.0000
0.7357	0.8518	0.0000	0.0000
0.7367	0.8527	0.0000	0.0000
0.7377	0.8536	0.0000	0.0000
0.7387	0.8545	0.0000	0.0000
0.7397	0.8554	0.0000	0.0000
0.7407	0.8562	0.0000	0.0000
0.7417	0.8571	0.0000	0.0000
0.7427	0.8580	0.0000	0.0000
0.7437	0.8588	0.0000	0.0000
0.7447	0.8597	0.0000	0.0000
0.7457	0.8606	0.0000	0.0000
0.7467	0.8614	0.0000	0.0000
0.7477	0.8623	0.0000	0.0000
0.7487	0.8631	0.0000	0.0000
0.7497	0.8640	0.0000	0.0000
0.7508	0.8648	0.0000	0.0000
0.7518	0.8656	0.0000	0.0000
0.7528	0.8665	0.0000	0.0000
0.7538	0.8673	0.0000	0.0000
0.7548	0.8681	0.0000	0.0000
0.7558	0.8689	0.0000	0.0000
0.7568	0.8698	0.0000	0.0000
0.7578	0.8706	0.0000	0.0000
0.7588	0.8714	0.0000	0.0000
0.7598	0.8722	0.0000	0.0000
0.7608	0.8730	0.0000	0.0000
0.7618	0.8738	0.0000	0.0000
0.7628	0.8746	0.0000	0.0000
0.7638	0.8754	0.0000	0.0000
0.7648	0.8762	0.0000	0.0000
0.7658	0.8770	0.0000	0.0000
0.7668	0.8778	0.0000	0.0000
0.7678	0.8786	0.0000	0.0000
0.7688	0.8794	0.0000	0.0000
0.7698	0.8801	0.0000	0.0000
0.7708	0.8809	0.0000	0.0000
0.7718	0.8817	0.0000	0.0000
0.7728	0.8825	0.0000	0.0000
0.7738	0.8832	0.0000	0.0000
0.7748	0.8840	0.0000	0.0000
0.7758	0.8847	0.0000	0.0000
0.7768	0.8855	0.0000	0.0000
0.7778	0.8863	0.0000	0.0000
0.7788	0.8870	0.0000	0.0000
0.7798	0.8878	0.0000	0.0000
0.7808	0.8885	0.0000	0.0000
0.7818	0.8893	0.0000	0.0000
0.7828	0.8900	0.0000	0.0000
0.7838	0.8907	0.0000	0.0000
0.7848	0.8915	0.0000	0.0000
0.7858	0.8922	0.0000	0.0000
0.7868	0.8929	0.0000	0.0000
0.7878	0.8937	0.0000	0.0000
0.7888	0.8944	0.0000	0.0000
0.7898	0.8951	0.0000	0.0000
0.7908	0.8958	0.0000	0.0000
0.7918	0.8965	0.0000	0.0000
0.7928	0.8972	0.0000	0.0000
0.7938	0.8980	0.0000	0.0000
0.7948	0.8987	0.0000	0.0000
0.7958	0.8994	0.0000	0.0000
0.7968	0.9001	0.0000	0.0000
0.7978	0.9008	0.0000	0.0000
0.7988	0.9015	0.0000	0.0000
0.7998	0.9022	0.0000	0.0000
0.8008	0.9028	0.0000	0.0000
0.8018	0.9035	0.0000	0.0000
0.8028	0.9042	0.0000	0.0000
0.8038	0.9049	0.0000	0.0000
0.8048	0.9056	0.0000	0.0000
0.8058	0.9063	0.0000	0.0000
0.8068	0.9069	0.0000	0.0000
0.8078	0.9076	0.0000	0.0000
0.8088	0.9083	0.0000	0.0000
0.8098	0.9089	0.0000	0.0000
0.8108	0.9096	0.0000	0.0000
0.8118	0.9103	0.0000	0.0000
0.8128	0.9109	0.0000	0.0000
0.8138	0.9116	0.0000	0.0000
0.8148	0.9122	0.0000	0.0000
0.8158	0.9129	0.0000	0.0000
0.8168	0.9135	0.0000	0.0000
0.8178	0.9142	0.0000	0.0000
0.8188	0.9148	0.0000	0.0000
0.8198	0.9155	0.0000	0.0000
0.8208	0.9161	0.0000	0.0000
0.8218	0.9167	0.0000	0.0000
0.8228	0.9174	0.0000	0.0000
0.8238	0.9180	0.0000	0.0000
0.8248	0.9186	0.0000	0.0000
0.8258	0.9193	0.0000	0.0000
0.8268	0.9199	0.0000	0.0000
0.8278	0.9205	0.0000	0.0000
0.8288	0.9211	0.0000	0.0000
0.8298	0.9217	0.0000	0.0000
0.8308	0.9224	0.0000	0.0000
0.8318	0.9230	0.0000	0.0000
0.8328	0.9236	0.0000	0.0000
0.8338	0.9242	0.0000	0.0000
0.8348	0.9248	0.0000	0.0000
0.8358	0.9254	0.0000	0.0000
0.8368	0.9260	0.0000	0.0000
0.8378	0.9266	0.0000	0.0000
0.8388	0.9272	0.0000	0.0000
0.8398	0.9278	0.0000	0.0000
0.8408	0.9284	0.0000	0.0000
0.8418	0.9289	0.0000	0.0000
0.8428	0.9295	0.0000	0.0000
0.8438	0.9301	0.0000	0.0000
0.8448	0.9307	0.0000	0.0000
0.8458	0.9313	0.0000	0.0000
0.8468	0.9319	0.0000	0.0000
0.8478	0.9324	0.0000	0.0000
0.8488	0.9330	0.0000	0.0000
0.8498	0.9336	0.0000	0.0000
0.8509	0.9341	0.0000	0.0000
0.8519	0.9347	0.0000	0.0000
0.8529	0.9353	0.0000	0.0000
0.8539	0.9358	0.0000	0.0000
0.8549	0.9364	0.0000	0.0000
0.8559	0.9369	0.0000	0.0000
0.8569	0.9375	0.0000	0.0000
0.8579	0.9380	0.0000	0.0000
0.8589	0.9386	0.0000	0.0000
0.8599	0.9391	0.0000	0.0000
0.8609	0.9397	0.0000	0.0000
0.8619	0.9402	0.0000	0.0000
0.8629	0.9408	0.0000	0.0000
0.8639	0.9413	0.0000	0.0000
0.8649	0.9418	0.0000	0.0000
0.8659	0.9424	0.0000	0.0000
0.8669	0.9429	0.0000	0.0000
0.8679	0.9434	0.0000	0.0000
0.8689	0.9440	0.0000	0.0000
0.8699	0.9445	0.0000	0.0000
0.8709	0.9450	0.0000	0.0000
0.8719	0.9455	0.0000	0.0000
0.8729	0.9461	0.0000	0.0000
0.8739	0.9466	0.0000	0.0000
0.8749	0.9471	0.0000	0.0000
0.8759	0.9476	0.0000	0.0000
0.8769	0.9481	0.0000	0.0000
0.8779	0.9486	0.0000	0.0000
0.8789	0.9491	0.0000	0.0000
0.8799	0.9496	0.0000	0.0000
0.8809	0.9501	0.0000	0.0000
0.8819	0.9506	0.0000	0.0000
0.8829	0.9511	0.0000	0.0000
0.8839	0.9516	0.0000	0.0000
0.8849	0.9521	0.0000	0.0000
0.8859	0.9526	0.0000	0.0000
0.8869	0.9531	0.0000	0.0000
0.8879	0.9536	0.0000	0.0000
0.8889	0.9541	0.0000	0.0000
0.8899	0.9546	0.0000	0.0000
0.8909	0.9551	0.0000	0.0000
0.8919	0.9555	0.0000	0.0000
0.8929	0.9560	0.0000	0.0000
0.8939	0.9565	0.0000	0.0000
0.8949	0.9570	0.0000	0.0000
0.8959	0.9575	0.0000	0.0000
0.8969	0.9579	0.0000	0.0000
0.8979	0.9584	0.0000	0.0000
0.8989	0.9589	0.0000	0.0000
0.8999	0.9593	0.0000	0.0000
0.9009	0.9598	0.0000	0.0000
0.9019	0.9603	0.0000	0.0000
0.9029	0.9607	0.0000	0.0000
0.9039	0.9612	0.0000	0.0000
0.9049	0.9616	0.0000	0.0000
0.9059	0.9621	0.0000	0.0000
0.9069	0.9625	0.0000	0.0000
0.9079	0.9630	0.0000	0.0000
0.9089	0.9634	0.0000	0.0000
0.9099	0.9639	0.0000	0.0000
0.9109	0.9643	0.0000	0.0000
0.9119	0.9648	0.0000	0.0000
0.9129	0.9652	0.0000	0.0000
0.9139	0.9657	0.0000	0.0000
0.9149	0.9661	0.0000	0.0000
0.9159	0.9665	0.0000	0.0000
0.9169	0.9670	0.0000	0.0000
0.9179	0.9674	0.0000	0.0000
0.9189	0.9678	0.0000	0.0000
0.9199	0.9683	0.0000	0.0000
0.9209	0.9687	0.0000	0.0000
0.9219	0.9691	0.0000	0.0000
0.9229	0.9695	0.0000	0.0000
0.9239	0.9700	0.0000	0.0000
0.9249	0.9704	0.0000	0.0000
0.9259	0.9708	0.0000	0.0000
0.9269	0.9712	0.0000	0.0000
0.9279	0.9716	0.0000	0.0000
0.9289	0.9721	0.0000	0.0000
0.9299	0.9725	0.0000	0.0000
0.9309	0.9729	0.0000	0.0000
0.9319	0.9733	0.0000	0.0000
0.9329	0.9737	0.0000	0.0000
0.9339	0.9741	0.0000	0.0000
0.9349	0.9745	0.0000	0.0000
0.9359	0.9749	0.0000	0.0000
0.9369	0.9753	0.0000	0.0000
0.9379	0.9757	0.0000	0.0000
0.9389	0.9761	0.0000	0.0000
0.9399	0.9765	0.0000	0.0000
0.9409	0.9769	0.0000	0.0000
0.9419	0.9773	0.0000	0.0000
0.9429	0.9777	0.0000	0.0000
0.9439	0.9781	0.0000	0.0000
0.9449	0.9784	0.0000	0.0000
0.9459	0.9788	0.0000	0.0000
0.9469	0.9792	0.0000	0.0000
0.9479	0.9796	0.0000	0.0000
0.9489	0.9800	0.0000	0.0000
0.9499	0.9804	0.0000	0.0000
0.9510	0.9807	0.0000	0.0000
0.9520	0.9811	0.0000	0.0000
0.9530	0.9815	0.0000	0.0000
0.9540	0.9819	0.0000	0.0000
0.9550	0.9822	0.0000	0.0000
0.9560	0.9826	0.0000	0.0000
0.9570	0.9830	0.0000	0.0000
0.9580	0.9833	0.0000	0.0000
0.9590	0.9837	0.0000	0.0000
0.9600	0.9841	0.0000	0.0000
0.9610	0.9844	0.0000	0.0000
0.9620	0.9848	0.0000	0.0000
0.9630	0.9851	0.0000	0.0000
0.9640	0.9855	0.0000	0.0000
0.9650	0.9859	0.0000	0.0000
0.9660	0.9862	0.0000	0.0000
0.9670	0.9866	0.0000	0.0000
0.9680	0.9869	0.0000	0.0000
0.9690	0.9873	0.0000	0.0000
0.9700	0.9876	0.0000	0.0000
0.9710	0.9880	0.0000	0.0000
0.9720	0.9883	0.0000	0.0000
0.9730	0.9886	0.0000	0.0000
0.9740	0.9890	0.0000	0.0000
0.9750	0.9893	0.0000	0.0000
0.9760	0.9897	0.0000	0.0000
0.9770	0.9900	0.0000	0.0000
0.9780	0.9903	0.0000	0.0000
0.9790	0.9907	0.0000	0.0000
0.9800	0.9910	0.0000	0.0000
0.9810	0.9913	0.0000	0.0000
0.9820	0.9917	0.0000	0.0000
0.9830	0.9920	0.0000	0.0000
0.9840	0.9923	0.0000	0.0000
0.9850	0.9927	0.0000	0.0000
0.9860	0.9930	0.0000	0.0000
0.9870	0.9933	0.0000	0.0000
0.9880	0.9936	0.0000	0.0000
0.9890	0.9939	0.0000	0.0000
0.9900	0.9943	0.0000	0.0000
0.9910	0.9946	0.0000	0.0000
0.9920	0.9949	0.0000	0.0000
0.9930	0.9952	0.0000	0.0000
0.9940	0.9955	0.0000	0.0000
0.9950	0.9958	0.0000	0.0000
0.9960	0.9961	0.0000	0.0000
0.9970	0.9965	0.0000	0.0000
0.9980	0.9968	0.0000	0.0000
0.9990	0.9971	0.0000	0.0000
1.0000	0.9974	0.0000	0.0000
0.0120
0.5005
0.9970
