0.0000	0.0085	0.0000	0.0000
0.0010	0.0092	0.0000	0.0000
0.0020	0.0100	0.0000	0.0000
0.0030	0.0107	0.0000	0.0000
0.0040	0.0114	0.0000	0.0000
0.0050	0.0121	0.0000	0.0000
0.0060	0.0128	0.0000	0.0000
0.0070	0.0135	0.0000	0.0000
0.0080	0.0142	0.0000	0.0000
0.0090	0.0149	0.0000	0.0000
0.0100	0.0156	0.0000	0.0000
0.0110	0.0164	0.0000	0.0000
0.0120	0.0171	0.0000	0.0000
0.0130	0.0178	0.0000	0.0000
0.0140	0.0185	0.0000	0.0000
0.0150	0.0192	0.0000	0.0000
0.0160	0.0199	0.0000	0.0000
0.0170	0.0206	0.0000	0.0000
0.0180	0.0214	0.0000	0.0000
0.0190	0.0221	0.0000	0.0000
0.0200	0.0228	0.0000	0.0000
0.0210	0.0235	0.0000	0.0000
0.0220	0.0242	0.0000	0.0000
0.0230	0.0249	0.0000	0.0000
0.0240	0.0257	0.0000	0.0000
0.0250	0.0264	0.0000	0.0000
0.0260	0.0271	0.0000	0.0000
0.0270	0.0278	0.0000	0.0000
0.0280	0.0285	0.0000	0.0000
0.0290	0.0293	0.0000	0.0000
0.0300	0.0300	0.0000	0.0000
0.0310	0.0307	0.0000	0.0000
0.0320	0.0314	0.0000	0.0000
0.0330	0.0322	0.0000	0.0000
0.0340	0.0329	0.0000	0.0000
0.0350	0.0336	0.0000	0.0000
0.0360	0.0343	0.0000	0.0000
0.0370	0.0351	0.0000	0.0000
0.0380	0.0358	0.0000	0.0000
0.0390	0.0365	0.0000	0.0000
0.0400	0.0372	0.0000	0.0000
0.0410	0.0380	0.0000	0.0000
0.0420	0.0387	0.0000	0.0000
0.0430	0.0394	0.0000	0.0000
0.0440	0.0402	0.0000	0.0000
0.0450	0.0409	0.0000	0.0000
0.0460	0.0416	0.0000	0.0000
0.0470	0.0424	0.0000	0.0000
0.0480	0.0431	0.0000	0.0000
0.0490	0.0438	0.0000	0.0000
0.0501	0.0446	0.0000	0.0000
0.0511	0.0453	0.0000	0.0000
0.0521	0.0460	0.0000	0.0000
0.0531	0.0468	0.0000	0.0000
0.0541	0.0475	0.0000	0.0000
0.0551	0.0482	0.0000	0.0000
0.0561	0.0490	0.0000	0.0000
0.0571	0.0497	0.0000	0.0000
0.0581	0.0504	0.0000	0.0000
0.0591	0.0512	0.0000	0.0000
0.0601	0.0519	0.0000	0.0000
0.0611	0.0527	0.0000	0.0000
0.0621	0.0534	0.0000	0.0000
0.0631	0.0541	0.0000	0.0000
0.0641	0.0549	0.0000	0.0000
0.0651	0.0556	0.0000	0.0000
0.0661	0.0564	0.0000	0.0000
0.0671	0.0571	0.0000	0.0000
0.0681	0.0579	0.0000	0.0000
0.0691	0.0586	0.0000	0.0000
0.0701	0.0594	0.0000	0.0000
0.0711	0.0601	0.0000	0.0000
0.0721	0.0609	0.0000	0.0000
0.0731	0.0616	0.0000	0.0000
0.0741	0.0624	0.0000	0.0000
0.0751	0.0631	0.0000	0.0000
0.0761	0.0639	0.0000	0.0000
0.0771	0.0646	0.0000	0.0000
0.0781	0.0654	0.0000	0.0000
0.0791	0.0661	0.0000	0.0000
0.0801	0.0669	0.0000	0.0000
0.0811	0.0676	0.0000	0.0000
0.0821	0.0684	0.0000	0.0000
0.0831	0.0691	0.0000	0.0000
0.0841	0.0699	0.0000	0.0000
0.0851	0.0706	0.0000	0.0000
0.0861	0.0714	0.0000	0.0000
0.0871	0.0722	0.0000	0.0000
0.0881	0.0729	0.0000	0.0000
0.0891	0.0737	0.0000	0.0000
0.0901	0.0744	0.0000	0.0000
0.0911	0.0752	0.0000	0.0000
0.0921	0.0760	0.0000	0.0000
0.0931	0.0767	0.0000	0.0000
0.0941	0.0775	0.0000	0.0000
0.0951	0.0782	0.0000	0.0000
0.0961	0.0790	0.0000	0.0000
0.0971	0.0798	0.0000	0.0000
0.0981	0.0805	0.0000	0.0000
0.0991	0.0813	0.0000	0.0000
0.1001	0.0821	0.0000	0.0000
0.1011	0.0828	0.0000	0.0000
0.1021	0.0836	0.0000	0.0000
0.1031	0.0844	0.0000	0.0000
0.1041	0.0851	0.0000	0.0000
0.1051	0.0859	0.0000	0.0000
0.1061	0.0867	0.0000	0.0000
0.1071	0.0875	0.0000	0.0000
0.1081	0.0882	0.0000	0.0000
0.1091	0.0890	0.0000	0.0000
0.1101	0.0898	0.0000	0.0000
0.1111	0.0906	0.0000	0.0000
0.1121	0.0913	0.0000	0.0000
0.1131	0.0921	0.0000	0.0000
0.1141	0.0929	0.0000	0.0000
0.1151	0.0937	0.0000	0.0000
0.1161	0.0944	0.0000	0.0000
0.1171	0.0952	0.0000	0.0000
0.1181	0.0960	0.0000	0.0000
0.1191	0.0968	0.0000	0.0000
0.1201	0.0976	0.0000	0.0000
0.1211	0.0984	0.0000	0.0000
0.1221	0.0991	0.0000	0.0000
0.1231	0.0999	0.0000	0.0000
0.1241	0.1007	0.0000	0.0000
0.1251	0.1015	0.0000	0.0000
0.1261	0.1023	0.0000	0.0000
0.1271	0.1031	0.0000	0.0000
0.1281	0.1039	0.0000	0.0000
0.1291	0.1047	0.0000	0.0000
0.1301	0.1054	0.0000	0.0000
0.1311	0.1062	0.0000	0.0000
0.1321	0.1070	0.0000	0.0000
0.1331	0.1078	0.0000	0.0000
0.1341	0.1086	0.0000	0.0000
0.1351	0.1094	0.0000	0.0000
0.1361	0.1102	0.0000	0.0000
0.1371	0.1110	0.0000	0.0000
0.1381	0.1118	0.0000	0.0000
0.1391	0.1126	0.0000	0.0000
0.1401	0.1134	0.0000	0.0000
0.1411	0.1142	0.0000	0.0000
0.1421	0.1150	0.0000	0.0000
0.1431	0.1158	0.0000	0.0000
0.1441	0.1166	0.0000	0.0000
0.1451	0.1174	0.0000	0.0000
0.1461	0.1182	0.0000	0.0000
0.1471	0.1190	0.0000	0.0000
0.1481	0.1198	0.0000	0.0000
0.1491	0.1206	0.0000	0.0000
0.1502	0.1214	0.0000	0.0000
0.1512	0.1222	0.0000	0.0000
0.1522	0.1231	0.0000	0.0000
0.1532	0.1239	0.0000	0.0000
0.1542	0.1247	0.0000	0.0000
0.1552	0.1255	0.0000	0.0000
0.1562	0.1263	0.0000	0.0000
0.1572	0.1271	0.0000	0.0000
0.1582	0.1279	0.0000	0.0000
0.1592	0.1288	0.0000	0.0000
0.1602	0.1296	0.0000	0.0000
0.1612	0.1304	0.0000	0.0000
0.1622	0.1312	0.0000	0.0000
0.1632	0.1320	0.0000	0.0000
0.1642	0.1328	0.0000	0.0000
0.1652	0.1337	0.0000	0.0000
0.1662	0.1345	0.0000	0.0000
0.1672	0.1353	0.0000	0.0000
0.1682	0.1361	0.0000	0.0000
0.1692	0.1370	0.0000	0.0000
0.1702	0.1378	0.0000	0.0000
0.1712	0.1386	0.0000	0.0000
0.1722	0.1395	0.0000	0.0000
0.1732	0.1403	0.0000	0.0000
0.1742	0.1411	0.0000	0.0000
0.1752	0.1419	0.0000	0.0000
0.1762	0.1428	0.0000	0.0000
0.1772	0.1436	0.0000	0.0000
0.1782	0.1444	0.0000	0.0000
0.1792	0.1453	0.0000	0.0000
0.1802	0.1461	0.0000	0.0000
0.1812	0.1470	0.0000	0.0000
0.1822	0.1478	0.0000	0.0000
0.1832	0.1486	0.0000	0.0000
0.1842	0.1495	0.0000	0.0000
0.1852	0.1503	0.0000	0.0000
0.1862	0.1512	0.0000	0.0000
0.1872	0.1520	0.0000	0.0000
0.1882	0.1528	0.0000	0.0000
0.1892	0.1537	0.0000	0.0000
0.1902	0.1545	0.0000	0.0000
0.1912	0.1554	0.0000	0.0000
0.1922	0.1562	0.0000	0.0000
0.1932	0.1571	0.0000	0.0000
0.1942	0.1579	0.0000	0.0000
0.1952	0.1588	0.0000	0.0000
0.1962	0.1596	0.0000	0.0000
0.1972	0.1605	0.0000	0.0000
0.1982	0.1613	0.0000	0.0000
0.1992	0.1622	0.0000	0.0000
0.2002	0.1631	0.0000	0.0000
0.2012	0.1639	0.0000	0.0000
0.2022	0.1648	0.0000	0.0000
0.2032	0.1656	0.0000	0.0000
0.2042	0.1665	0.0000	0.0000
0.2052	0.1674	0.0000	0.0000
0.2062	0.1682	0.0000	0.0000
0.2072	0.1691	0.0000	0.0000
0.2082	0.1700	0.0000	0.0000
0.2092	0.1708	0.0000	0.0000
0.2102	0.1717	0.0000	0.0000
0.2112	0.1726	0.0000	0.0000
0.2122	0.1734	0.0000	0.0000
0.2132	0.1743	0.0000	0.0000
0.2142	0.1752	0.0000	0.0000
0.2152	0.1761	0.0000	0.0000
0.2162	0.1769	0.0000	0.0000
0.2172	0.1778	0.0000	0.0000
0.2182	0.1787	0.0000	0.0000
0.2192	0.1796	0.0000	0.0000
0.2202	0.1804	0.0000	0.0000
0.2212	0.1813	0.0000	0.0000
0.2222	0.1822	0.0000	0.0000
0.2232	0.1831	0.0000	0.0000
0.2242	0.1840	0.0000	0.0000
0.2252	0.1849	0.0000	0.0000
0.2262	0.1858	0.0000	0.0000
0.2272	0.1866	0.0000	0.0000
0.2282	0.1875	0.0000	0.0000
0.2292	0.1884	0.0000	0.0000
0.2302	0.1893	0.0000	0.0000
0.2312	0.1902	0.0000	0.0000
0.2322	0.1911	0.0000	0.0000
0.2332	0.1920	0.0000	0.0000
0.2342	0.1929	0.0000	0.0000
0.2352	0.1938	0.0000	0.0000
0.2362	0.1947	0.0000	0.0000
0.2372	0.1956	0.0000	0.0000
0.2382	0.1965	0.0000	0.0000
0.2392	0.1974	0.0000	0.0000
0.2402	0.1983	0.0000	0.0000
0.2412	0.1992	0.0000	0.0000
0.2422	0.2001	0.0000	0.0000
0.2432	0.2010	0.0000	0.0000
0.2442	0.2019	0.0000	0.0000
0.2452	0.2029	0.0000	0.0000
0.2462	0.2038	0.0000	0.0000
0.2472	0.2047	0.0000	0.0000
0.2482	0.2056	0.0000	0.0000
0.2492	0.2065	0.0000	0.0000
0.2503	0.2074	0.0000	0.0000
0.2513	0.2083	0.0000	0.0000
0.2523	0.2093	0.0000	0.0000
0.2533	0.2102	0.0000	0.0000
0.2543	0.2111	0.0000	0.0000
0.2553	0.2120	0.0000	0.0000
0.2563	0.2130	0.0000	0.0000
0.2573	0.2139	0.0000	0.0000
0.2583	0.2148	0.0000	0.0000
0.2593	0.2157	0.0000	0.0000
0.2603	0.2167	0.0000	0.0000
0.2613	0.2176	0.0000	0.0000
0.2623	0.2185	0.0000	0.0000
0.2633	0.2195	0.0000	0.0000
0.2643	0.2204	0.0000	0.0000
0.2653	0.2214	0.0000	0.0000
0.2663	0.2223	0.0000	0.0000
0.2673	0.2232	0.0000	0.0000
0.2683	0.2242	0.0000	0.0000
0.2693	0.2251	0.0000	0.0000
0.2703	0.2261	0.0000	0.0000
0.2713	0.2270	0.0000	0.0000
0.2723	0.2280	0.0000	0.0000
0.2733	0.2289	0.0000	0.0000
0.2743	0.2299	0.0000	0.0000
0.2753	0.2308	0.0000	0.0000
0.2763	0.2318	0.0000	0.0000
0.2773	0.2327	0.0000	0.0000
0.2783	0.2337	0.0000	0.0000
0.2793	0.2347	0.0000	0.0000
0.2803	0.2356	0.0000	0.0000
0.2813	0.2366	0.0000	0.0000
0.2823	0.2375	0.0000	0.0000
0.2833	0.2385	0.0000	0.0000
0.2843	0.2395	0.0000	0.0000
0.2853	0.2404	0.0000	0.0000
0.2863	0.2414	0.0000	0.0000
0.2873	0.2424	0.0000	0.0000
0.2883	0.2434	0.0000	0.0000
0.2893	0.2443	0.0000	0.0000
0.2903	0.2453	0.0000	0.0000
0.2913	0.2463	0.0000	0.0000
0.2923	0.2473	0.0000	0.0000
0.2933	0.2482	0.0000	0.0000
0.2943	0.2492	0.0000	0.0000
0.2953	0.2502	0.0000	0.0000
0.2963	0.2512	0.0000	0.0000
0.2973	0.2522	0.0000	0.0000
0.2983	0.2532	0.0000	0.0000
0.2993	0.2542	0.0000	0.0000
0.3003	0.2552	0.0000	0.0000
0.3013	0.2561	0.0000	0.0000
0.3023	0.2571	0.0000	0.0000
0.3033	0.2581	0.0000	0.0000
0.3043	0.2591	0.0000	0.0000
0.3053	0.2601	0.0000	0.0000
0.3063	0.2611	0.0000	0.0000
0.3073	0.2621	0.0000	0.0000
0.3083	0.2632	0.0000	0.0000
0.3093	0.2642	0.0000	0.0000
0.3103	0.2652	0.0000	0.0000
0.3113	0.2662	0.0000	0.0000
0.3123	0.2672	0.0000	0.0000
0.3133	0.2682	0.0000	0.0000
0.3143	0.2692	0.0000	0.0000
0.3153	0.2702	0.0000	0.0000
0.3163	0.2713	0.0000	0.0000
0.3173	0.2723	0.0000	0.0000
0.3183	0.2733	0.0000	0.0000
0.3193	0.2743	0.0000	0.0000
0.3203	0.2754	0.0000	0.0000
0.3213	0.2764	0.0000	0.0000
0.3223	0.2774	0.0000	0.0000
0.3233	0.2785	0.0000	0.0000
0.3243	0.2795	0.0000	0.0000
0.3253	0.2805	0.0000	0.0000
0.3263	0.2816	0.0000	0.0000
0.3273	0.2826	0.0000	0.0000
0.3283	0.2836	0.0000	0.0000
0.3293	0.2847	0.0000	0.0000
0.3303	0.2857	0.0000	0.0000
0.3313	0.2868	0.0000	0.0000
0.3323	0.2878	0.0000	0.0000
0.3333	0.2889	0.0000	0.0000
0.3343	0.2899	0.0000	0.0000
0.3353	0.2910	0.0000	0.0000
0.3363	0.2920	0.0000	0.0000
0.3373	0.2931	0.0000	0.0000
0.3383	0.2942	0.0000	0.0000
0.3393	0.2952	0.0000	0.0000
0.3403	0.2963	0.0000	0.0000
0.3413	0.2974	0.0000	0.0000
0.3423	0.2984	0.0000	0.0000
0.3433	0.2995	0.0000	0.0000
0.3443	0.3006	0.0000	0.0000
0.3453	0.3017	0.0000	0.0000
0.3463	0.3027	0.0000	0.0000
0.3473	0.3038	0.0000	0.0000
0.3483	0.3049	0.0000	0.0000
0.3493	0.3060	0.0000	0.0000
0.3504	0.3071	0.0000	0.0000
0.3514	0.3081	0.0000	0.0000
0.3524	0.3092	0.0000	0.0000
0.3534	0.3103	0.0000	0.0000
0.3544	0.3114	0.0000	0.0000
0.3554	0.3125	0.0000	0.0000
0.3564	0.3136	0.0000	0.0000
0.3574	0.3147	0.0000	0.0000
0.3584	0.3158	0.0000	0.0000
0.3594	0.3169	0.0000	0.0000
0.3604	0.3180	0.0000	0.0000
0.3614	0.3191	0.0000	0.0000
0.3624	0.3203	0.0000	0.0000
0.3634	0.3214	0.0000	0.0000
0.3644	0.3225	0.0000	0.0000
0.3654	0.3236	0.0000	0.0000
0.3664	0.3247	0.0000	0.0000
0.3674	0.3258	0.0000	0.0000
0.3684	0.3270	0.0000	0.0000
0.3694	0.3281	0.0000	0.0000
0.3704	0.3292	0.0000	0.0000
0.3714	0.3304	0.0000	0.0000
0.3724	0.3315	0.0000	0.0000
0.3734	0.3326	0.0000	0.0000
0.3744	0.3338	0.0000	0.0000
0.3754	0.3349	0.0000	0.0000
0.3764	0.3360	0.0000	0.0000
0.3774	0.3372	0.0000	0.0000
0.3784	0.3383	0.0000	0.0000
0.3794	0.3395	0.0000	0.0000
0.3804	0.3406	0.0000	0.0000
0.3814	0.3418	0.0000	0.0000
0.3824	0.3430	0.0000	0.0000
0.3834	0.3441	0.0000	0.0000
0.3844	0.3453	0.0000	0.0000
0.3854	0.3464	0.0000	0.0000
0.3864	0.3476	0.0000	0.0000
0.3874	0.3488	0.0000	0.0000
0.3884	0.3500	0.0000	0.0000
0.3894	0.3511	0.0000	0.0000
0.3904	0.3523	0.0000	0.0000
0.3914	0.3535	0.0000	0.0000
0.3924	0.3547	0.0000	0.0000
0.3934	0.3559	0.0000	0.0000
0.3944	0.3570	0.0000	0.0000
0.3954	0.3582	0.0000	0.0000
0.3964	0.3594	0.0000	0.0000
0.3974	0.3606	0.0000	0.0000
0.3984	0.3618	0.0000	0.0000
0.3994	0.3630	0.0000	0.0000
0.4004	0.3642	0.0000	0.0000
0.4014	0.3654	0.0000	0.0000
0.4024	0.3666	0.0000	0.0000
0.4034	0.3678	0.0000	0.0000
0.4044	0.3691	0.0000	0.0000
0.4054	0.3703	0.0000	0.0000
0.4064	0.3715	0.0000	0.0000
0.4074	0.3727	0.0000	0.0000
0.4084	0.3739	0.0000	0.0000
0.4094	0.3752	0.0000	0.0000
0.4104	0.3764	0.0000	0.0000
0.4114	0.3776	0.0000	0.0000
0.4124	0.3789	0.0000	0.0000
0.4134	0.3801	0.0000	0.0000
0.4144	0.3814	0.0000	0.0000
0.4154	0.3826	0.0000	0.0000
0.4164	0.3839	0.0000	0.0000
0.4174	0.3851	0.0000	0.0000
0.4184	0.3864	0.0000	0.0000
0.4194	0.3876	0.0000	0.0000
0.4204	0.3889	0.0000	0.0000
0.4214	0.3901	0.0000	0.0000
0.4224	0.3914	0.0000	0.0000
0.4234	0.3927	0.0000	0.0000
0.4244	0.3939	0.0000	0.0000
0.4254	0.3952	0.0000	0.0000
0.4264	0.3965	0.0000	0.0000
0.4274	0.3978	0.0000	0.0000
0.4284	0.3991	0.0000	0.0000
0.4294	0.4003	0.0000	0.0000
0.4304	0.4016	0.0000	0.0000
0.4314	0.4029	0.0000	0.0000
0.4324	0.4042	0.0000	0.0000
0.4334	0.4055	0.0000	0.0000
0.4344	0.4068	0.0000	0.0000
0.4354	0.4081	0.0000	0.0000
0.4364	0.4094	0.0000	0.0000
0.4374	0.4108	0.0000	0.0000
0.4384	0.4121	0.0000	0.0000
0.4394	0.4134	0.0000	0.0000
0.4404	0.4147	0.0000	0.0000
0.4414	0.4160	0.0000	0.0000
0.4424	0.4174	0.0000	0.0000
0.4434	0.4187	0.0000	0.0000
0.4444	0.4200	0.0000	0.0000
0.4454	0.4214	0.0000	0.0000
0.4464	0.4227	0.0000	0.0000
0.4474	0.4241	0.0000	0.0000
0.4484	0.4254	0.0000	0.0000
0.4494	0.4268	0.0000	0.0000
0.4505	0.4281	0.0000	0.0000
0.4515	0.4295	0.0000	0.0000
0.4525	0.4308	0.0000	0.0000
0.4535	0.4322	0.0000	0.0000
0.4545	0.4336	0.0000	0.0000
0.4555	0.4349	0.0000	0.0000
0.4565	0.4363	0.0000	0.0000
0.4575	0.4377	0.0000	0.0000
0.4585	0.4391	0.0000	0.0000
0.4595	0.4405	0.0000	0.0000
0.4605	0.4419	0.0000	0.0000
0.4615	0.4433	0.0000	0.0000
0.4625	0.4447	0.0000	0.0000
0.4635	0.4461	0.0000	0.0000
0.4645	0.4475	0.0000	0.0000
0.4655	0.4489	0.0000	0.0000
0.4665	0.4503	0.0000	0.0000
0.4675	0.4517	0.0000	0.0000
0.4685	0.4531	0.0000	0.0000
0.4695	0.4546	0.0000	0.0000
0.4705	0.4560	0.0000	0.0000
0.4715	0.4574	0.0000	0.0000
0.4725	0.4589	0.0000	0.0000
0.4735	0.4603	0.0000	0.0000
0.4745	0.4617	0.0000	0.0000
0.4755	0.4632	0.0000	0.0000
0.4765	0.4646	0.0000	0.0000
0.4775	0.4661	0.0000	0.0000
0.4785	0.4676	0.0000	0.0000
0.4795	0.4690	0.0000	0.0000
0.4805	0.4705	0.0000	0.0000
0.4815	0.4720	0.0000	0.0000
0.4825	0.4735	0.0000	0.0000
0.4835	0.4749	0.0000	0.0000
0.4845	0.4764	0.0000	0.0000
0.4855	0.4779	0.0000	0.0000
0.4865	0.4794	0.0000	0.0000
0.4875	0.4809	0.0000	0.0000
0.4885	0.4824	0.0000	0.0000
0.4895	0.4839	0.0000	0.0000
0.4905	0.4854	0.0000	0.0000
0.4915	0.4869	0.0000	0.0000
0.4925	0.4885	0.0000	0.0000
0.4935	0.4900	0.0000	0.0000
0.4945	0.4915	0.0000	0.0000
0.4955	0.4931	0.0000	0.0000
0.4965	0.4946	0.0000	0.0000
0.4975	0.4961	0.0000	0.0000
0.4985	0.4977	0.0000	0.0000
0.4995	0.4992	0.0000	0.0000
0.5005	0.5012	0.0000	0.0000
0.5015	0.5035	0.0000	0.0000
0.5025	0.5059	0.0000	0.0000
0.5035	0.5082	0.0000	0.0000
0.5045	0.5105	0.0000	0.0000
0.5055	0.5128	0.0000	0.0000
0.5065	0.5151	0.0000	0.0000
0.5075	0.5173	0.0000	0.0000
0.5085	0.5196	0.0000	0.0000
0.5095	0.5219	0.0000	0.0000
0.5105	0.5241	0.0000	0.0000
0.5115	0.5263	0.0000	0.0000
0.5125	0.5286	0.0000	0.0000
0.5135	0.5308	0.0000	0.0000
0.5145	0.5330	0.0000	0.0000
0.5155	0.5352	0.0000	0.0000
0.5165	0.5374	0.0000	0.0000
0.5175	0.5395	0.0000	0.0000
0.5185	0.5417	0.0000	0.0000
0.5195	0.5439	0.0000	0.0000
0.5205	0.5460	0.0000	0.0000
0.5215	0.5481	0.0000	0.0000
0.5225	0.5503	0.0000	0.0000
0.5235	0.5524	0.0000	0.0000
0.5245	0.5545	0.0000	0.0000
0.5255	0.5566	0.0000	0.0000
0.5265	0.5587	0.0000	0.0000
0.5275	0.5607	0.0000	0.0000
0.5285	0.5628	0.0000	0.0000
0.5295	0.5649	0.0000	0.0000
0.5305	0.5669	0.0000	0.0000
0.5315	0.5690	0.0000	0.0000
0.5325	0.5710	0.0000	0.0000
0.5335	0.5730	0.0000	0.0000
0.5345	0.5750	0.0000	0.0000
0.5355	0.5770	0.0000	0.0000
0.5365	0.5790	0.0000	0.0000
0.5375	0.5810	0.0000	0.0000
0.5385	0.5830	0.0000	0.0000
0.5395	0.5850	0.0000	0.0000
0.5405	0.5869	0.0000	0.0000
0.5415	0.5889	0.0000	0.0000
0.5425	0.5908	0.0000	0.0000
0.5435	0.5927	0.0000	0.0000
0.5445	0.5947	0.0000	0.0000
0.5455	0.5966	0.0000	0.0000
0.5465	0.5985	0.0000	0.0000
0.5475	0.6004	0.0000	0.0000
0.5485	0.6023	0.0000	0.0000
0.5495	0.6042	0.0000	0.0000
0.5506	0.6060	0.0000	0.0000
0.5516	0.6079	0.0000	0.0000
0.5526	0.6098	0.0000	0.0000
0.5536	0.6116	0.0000	0.0000
0.5546	0.6135	0.0000	0.0000
0.5556	0.6153	0.0000	0.0000
0.5566	0.6171	0.0000	0.0000
0.5576	0.6189	0.0000	0.0000
0.5586	0.6207	0.0000	0.0000
0.5596	0.6225	0.0000	0.0000
0.5606	0.6243	0.0000	0.0000
0.5616	0.6261	0.0000	0.0000
0.5626	0.6279	0.0000	0.0000
0.5636	0.6297	0.0000	0.0000
0.5646	0.6314	0.0000	0.0000
0.5656	0.6332	0.0000	0.0000
0.5666	0.6349	0.0000	0.0000
0.5676	0.6367	0.0000	0.0000
0.5686	0.6384	0.0000	0.0000
0.5696	0.6401	0.0000	0.0000
0.5706	0.6419	0.0000	0.0000
0.5716	0.6436	0.0000	0.0000
0.5726	0.6453	0.0000	0.0000
0.5736	0.6470	0.0000	0.0000
0.5746	0.6487	0.0000	0.0000
0.5756	0.6503	0.0000	0.0000
0.5766	0.6520	0.0000	0.0000
0.5776	0.6537	0.0000	0.0000
0.5786	0.6553	0.0000	0.0000
0.5796	0.6570	0.0000	0.0000
0.5806	0.6586	0.0000	0.0000
0.5816	0.6603	0.0000	0.0000
0.5826	0.6619	0.0000	0.0000
0.5836	0.6635	0.0000	0.0000
0.5846	0.6652	0.0000	0.0000
0.5856	0.6668	0.0000	0.0000
0.5866	0.6684	0.0000	0.0000
0.5876	0.6700	0.0000	0.0000
0.5886	0.6716	0.0000	0.0000
0.5896	0.6731	0.0000	0.0000
0.5906	0.6747	0.0000	0.0000
0.5916	0.6763	0.0000	0.0000
0.5926	0.6779	0.0000	0.0000
0.5936	0.6794	0.0000	0.0000
0.5946	0.6810	0.0000	0.0000
0.5956	0.6825	0.0000	0.0000
0.5966	0.6840	0.0000	0.0000
0.5976	0.6856	0.0000	0.0000
0.5986	0.6871	0.0000	0.0000
0.5996	0.6886	0.0000	0.0000
0.6006	0.6901	0.0000	0.0000
0.6016	0.6916	0.0000	0.0000
0.6026	0.6931	0.0000	0.0000
0.6036	0.6946	0.0000	0.0000
0.6046	0.6961	0.0000	0.0000
0.6056	0.6976	0.0000	0.0000
0.6066	0.6991	0.0000	0.0000
0.6076	0.7005	0.0000	0.0000
0.6086	0.7020	0.0000	0.0000
0.6096	0.7035	0.0000	0.0000
0.6106	0.7049	0.0000	0.0000
0.6116	0.7064	0.0000	0.0000
0.6126	0.7078	0.0000	0.0000
0.6136	0.7092	0.0000	0.0000
0.6146	0.7107	0.0000	0.0000
0.6156	0.7121	0.0000	0.0000
0.6166	0.7135	0.0000	0.0000
0.6176	0.7149	0.0000	0.0000
0.6186	0.7163	0.0000	0.0000
0.6196	0.7177	0.0000	0.0000
0.6206	0.7191	0.0000	0.0000
0.6216	0.7205	0.0000	0.0000
0.6226	0.7219	0.0000	0.0000
0.6236	0.7232	0.0000	0.0000
0.6246	0.7246	0.0000	0.0000
0.6256	0.7260	0.0000	0.0000
0.6266	0.7273	0.0000	0.0000
0.6276	0.7287	0.0000	0.0000
0.6286	0.7300	0.0000	0.0000
0.6296	0.7314	0.0000	0.0000
0.6306	0.7327	0.0000	0.0000
0.6316	0.7340	0.0000	0.0000
0.6326	0.7353	0.0000	0.0000
0.6336	0.7367	0.0000	0.0000
0.6346	0.7380	0.0000	0.0000
0.6356	0.7393	0.0000	0.0000
0.6366	0.7406	0.0000	0.0000
0.6376	0.7419	0.0000	0.0000
0.6386	0.7432	0.0000	0.0000
0.6396	0.7445	0.0000	0.0000
0.6406	0.7457	0.0000	0.0000
0.6416	0.7470	0.0000	0.0000
0.6426	0.7483	0.0000	0.0000
0.6436	0.7496	0.0000	0.0000
0.6446	0.7508	0.0000	0.0000
0.6456	0.7521	0.0000	0.0000
0.6466	0.7533	0.0000	0.0000
0.6476	0.7546	0.0000	0.0000
0.6486	0.7558	0.0000	0.0000
0.6496	0.7571	0.0000	0.0000
0.6507	0.7583	0.0000	0.0000
0.6517	0.7595	0.0000	0.0000
0.6527	0.7607	0.0000	0.0000
0.6537	0.7619	0.0000	0.0000
0.6547	0.7632	0.0000	0.0000
0.6557	0.7644	0.0000	0.0000
0.6567	0.7656	0.0000	0.0000
0.6577	0.7668	0.0000	0.0000
0.6587	0.7680	0.0000	0.0000
0.6597	0.7691	0.0000	0.0000
0.6607	0.7703	0.0000	0.0000
0.6617	0.7715	0.0000	0.0000
0.6627	0.7727	0.0000	0.0000
0.6637	0.7738	0.0000	0.0000
0.6647	0.7750	0.0000	0.0000
0.6657	0.7762	0.0000	0.0000
0.6667	0.7773	0.0000	0.0000
0.6677	0.7785	0.0000	0.0000
0.6687	0.7796	0.0000	0.0000
0.6697	0.7808	0.0000	0.0000
0.6707	0.7819	0.0000	0.0000
0.6717	0.7830	0.0000	0.0000
0.6727	0.7841	0.0000	0.0000
0.6737	0.7853	0.0000	0.0000
0.6747	0.7864	0.0000	0.0000
0.6757	0.7875	0.0000	0.0000
0.6767	0.7886	0.0000	0.0000
0.6777	0.7897	0.0000	0.0000
0.6787	0.7908	0.0000	0.0000
0.6797	0.7919	0.0000	0.0000
0.6807	0.7930	0.0000	0.0000
0.6817	0.7941	0.0000	0.0000
0.6827	0.7952	0.0000	0.0000
0.6837	0.7962	0.0000	0.0000
0.6847	0.7973	0.0000	0.0000
0.6857	0.7984	0.0000	0.0000
0.6867	0.7995	0.0000	0.0000
0.6877	0.8005	0.0000	0.0000
0.6887	0.8016	0.0000	0.0000
0.6897	0.8026	0.0000	0.0000
0.6907	0.8037	0.0000	0.0000
0.6917	0.8047	0.0000	0.0000
0.6927	0.8058	0.0000	0.0000
0.6937	0.8068	0.0000	0.0000
0.6947	0.8078	0.0000	0.0000
0.6957	0.8089	0.0000	0.0000
0.6967	0.8099	0.0000	0.0000
0.6977	0.8109	0.0000	0.0000
0.6987	0.8119	0.0000	0.0000
0.6997	0.8129	0.0000	0.0000
0.7007	0.8139	0.0000	0.0000
0.7017	0.8149	0.0000	0.0000
0.7027	0.8159	0.0000	0.0000
0.7037	0.8169	0.0000	0.0000
0.7047	0.8179	0.0000	0.0000
0.7057	0.8189	0.0000	0.0000
0.7067	0.8199	0.0000	0.0000
0.7077	0.8209	0.0000	0.0000
0.7087	0.8219	0.0000	0.0000
0.7097	0.8228	0.0000	0.0000
0.7107	0.8238	0.0000	0.0000
0.7117	0.8248	0.0000	0.0000
0.7127	0.8257	0.0000	0.0000
0.7137	0.8267	0.0000	0.0000
0.7147	0.8276	0.0000	0.0000
0.7157	0.8286	0.0000	0.0000
0.7167	0.8295	0.0000	0.0000
0.7177	0.8305	0.0000	0.0000
0.7187	0.8314	0.0000	0.0000
0.7197	0.8324	0.0000	0.0000
0.7207	0.8333	0.0000	0.0000
0.7217	0.8342	0.0000	0.0000
0.7227	0.8351	0.0000	0.0000
0.7237	0.8361	0.0000	0.0000
0.7247	0.8370	0.0000	0.0000
0.7257	0.8379	0.0000	0.0000
0.7267	0.8388	0.0000	0.0000
0.7277	0.8397	0.0000	0.0000
0.7287	0.8406	0.0000	0.0000
0.7297	0.8415	0.0000	0.0000
0.7307	0.8424	0.0000	0.0000
0.7317	0.8433	0.0000	0.0000
0.7327	0.8442	0.0000	0.0000
0.7337	0.8451	0.0000	0.0000
0.7347	0.8460	0.0000	0.0000
0.7357	0.8468	0.0000	0.0000
0.7367	0.8477	0.0000	0.0000
0.7377	0.8486	0.0000	0.0000
0.7387	0.8495	0.0000	0.0000
0.7397	0.8503	0.0000	0.0000
0.7407	0.8512	0.0000	0.0000
0.7417	0.8520	0.0000	0.0000
0.7427	0.8529	0.0000	0.0000
0.7437	0.8538	0.0000	0.0000
0.7447	0.8546	0.0000	0.0000
0.7457	0.8554	0.0000	0.0000
0.7467	0.8563	0.0000	0.0000
0.7477	0.8571	0.0000	0.0000
0.7487	0.8580	0.0000	0.0000
0.7497	0.8588	0.0000	0.0000
0.7508	0.8596	0.0000	0.0000
0.7518	0.8605	0.0000	0.0000
0.7528	0.8613	0.0000	0.0000
0.7538	0.8621	0.0000	0.0000
0.7548	0.8629	0.0000	0.0000
0.7558	0.8637	0.0000	0.0000
0.7568	0.8645	0.0000	0.0000
0.7578	0.8653	0.0000	0.0000
0.7588	0.8661	0.0000	0.0000
0.7598	0.8669	0.0000	0.0000
0.7608	0.8677	0.0000	0.0000
0.7618	0.8685	0.0000	0.0000
0.7628	0.8693	0.0000	0.0000
0.7638	0.8701	0.0000	0.0000
0.7648	0.8709	0.0000	0.0000
0.7658	0.8717	0.0000	0.0000
0.7668	0.8725	0.0000	0.0000
0.7678	0.8732	0.0000	0.0000
0.7688	0.8740	0.0000	0.0000
0.7698	0.8748	0.0000	0.0000
0.7708	0.8755	0.0000	0.0000
0.7718	0.8763	0.0000	0.0000
0.7728	0.8771	0.0000	0.0000
0.7738	0.8778	0.0000	0.0000
0.7748	0.8786	0.0000	0.0000
0.7758	0.8793	0.0000	0.0000
0.7768	0.8801	0.0000	0.0000
0.7778	0.8808	0.0000	0.0000
0.7788	0.8816	0.0000	0.0000
0.7798	0.8823	0.0000	0.0000
0.7808	0.8831	0.0000	0.0000
0.7818	0.8838	0.0000	0.0000
0.7828	0.8845	0.0000	0.0000
0.7838	0.8853	0.0000	0.0000
0.7848	0.8860	0.0000	0.0000
0.7858	0.8867	0.0000	0.0000
0.7868	0.8874	0.0000	0.0000
0.7878	0.8881	0.0000	0.0000
0.7888	0.8889	0.0000	0.0000
0.7898	0.8896	0.0000	0.0000
0.7908	0.8903	0.0000	0.0000
0.7918	0.8910	0.0000	0.0000
0.7928	0.8917	0.0000	0.0000
0.7938	0.8924	0.0000	0.0000
0.7948	0.8931	0.0000	0.0000
0.7958	0.8938	0.0000	0.0000
0.7968	0.8945	0.0000	0.0000
0.7978	0.8952	0.0000	0.0000
0.7988	0.8959	0.0000	0.0000
0.7998	0.8966	0.0000	0.0000
0.8008	0.8972	0.0000	0.0000
0.8018	0.8979	0.0000	0.0000
0.8028	0.8986	0.0000	0.0000
0.8038	0.8993	0.0000	0.0000
0.8048	0.8999	0.0000	0.0000
0.8058	0.9006	0.0000	0.0000
0.8068	0.9013	0.0000	0.0000
0.8078	0.9019	0.0000	0.0000
0.8088	0.9026	0.0000	0.0000
0.8098	0.9033	0.0000	0.0000
0.8108	0.9039	0.0000	0.0000
0.8118	0.9046	0.0000	0.0000
0.8128	0.9052	0.0000	0.0000
0.8138	0.9059	0.0000	0.0000
0.8148	0.9065	0.0000	0.0000
0.8158	0.9072	0.0000	0.0000
0.8168	0.9078	0.0000	0.0000
0.8178	0.9085	0.0000	0.0000
0.8188	0.9091	0.0000	0.0000
0.8198	0.9097	0.0000	0.0000
0.8208	0.9104	0.0000	0.0000
0.8218	0.9110	0.0000	0.0000
0.8228	0.9116	0.0000	0.0000
0.8238	0.9122	0.0000	0.0000
0.8248	0.9129	0.0000	0.0000
0.8258	0.9135	0.0000	0.0000
0.8268	0.9141	0.0000	0.0000
0.8278	0.9147	0.0000	0.0000
0.8288	0.9153	0.0000	0.0000
0.8298	0.9159	0.0000	0.0000
0.8308	0.9165	0.0000	0.0000
0.8318	0.9171	0.0000	0.0000
0.8328	0.9178	0.0000	0.0000
0.8338	0.9184	0.0000	0.0000
0.8348	0.9190	0.0000	0.0000
0.8358	0.9195	0.0000	0.0000
0.8368	0.9201	0.0000	0.0000
0.8378	0.9207	0.0000	0.0000
0.8388	0.9213	0.0000	0.0000
0.8398	0.9219	0.0000	0.0000
0.8408	0.9225	0.0000	0.0000
0.8418	0.9231	0.0000	0.0000
0.8428	0.9237	0.0000	0.0000
0.8438	0.9242	0.0000	0.0000
0.8448	0.9248	0.0000	0.0000
0.8458	0.9254	0.0000	0.0000
0.8468	0.9260	0.0000	0.0000
0.8478	0.9265	0.0000	0.0000
0.8488	0.9271	0.0000	0.0000
0.8498	0.9277	0.0000	0.0000
0.8509	0.9282	0.0000	0.0000
0.8519	0.9288	0.0000	0.0000
0.8529	0.9293	0.0000	0.0000
0.8539	0.9299	0.0000	0.0000
0.8549	0.9305	0.0000	0.0000
0.8559	0.9310	0.0000	0.0000
0.8569	0.9316	0.0000	0.0000
0.8579	0.9321	0.0000	0.0000
0.8589	0.9326	0.0000	0.0000
0.8599	0.9332	0.0000	0.0000
0.8609	0.9337	0.0000	0.0000
0.8619	0.9343	0.0000	0.0000
0.8629	0.9348	0.0000	0.0000
0.8639	0.9353	0.0000	0.0000
0.8649	0.9359	0.0000	0.0000
0.8659	0.9364	0.0000	0.0000
0.8669	0.9369	0.0000	0.0000
0.8679	0.9375	0.0000	0.0000
0.8689	0.9380	0.0000	0.0000
0.8699	0.9385	0.0000	0.0000
0.8709	0.9390	0.0000	0.0000
0.8719	0.9395	0.0000	0.0000
0.8729	0.9401	0.0000	0.0000
0.8739	0.9406	0.0000	0.0000
0.8749	0.9411	0.0000	0.0000
0.8759	0.9416	0.0000	0.0000
0.8769	0.9421	0.0000	0.0000
0.8779	0.9426	0.0000	0.0000
0.8789	0.9431	0.0000	0.0000
0.8799	0.9436	0.0000	0.0000
0.8809	0.9441	0.0000	0.0000
0.8819	0.9446	0.0000	0.0000
0.8829	0.9451	0.0000	0.0000
0.8839	0.9456	0.0000	0.0000
0.8849	0.9461	0.0000	0.0000
0.8859	0.9466	0.0000	0.0000
0.8869	0.9471	0.0000	0.0000
0.8879	0.9476	0.0000	0.0000
0.8889	0.9481	0.0000	0.0000
0.8899	0.9485	0.0000	0.0000
0.8909	0.9490	0.0000	0.0000
0.8919	0.9495	0.0000	0.0000
0.8929	0.9500	0.0000	0.0000
0.8939	0.9504	0.0000	0.0000
0.8949	0.9509	0.0000	0.0000
0.8959	0.9514	0.0000	0.0000
0.8969	0.9519	0.0000	0.0000
0.8979	0.9523	0.0000	0.0000
0.8989	0.9528	0.0000	0.0000
0.8999	0.9533	0.0000	0.0000
0.9009	0.9537	0.0000	0.0000
0.9019	0.9542	0.0000	0.0000
0.9029	0.9546	0.0000	0.0000
0.9039	0.9551	0.0000	0.0000
0.9049	0.9556	0.0000	0.0000
0.9059	0.9560	0.0000	0.0000
0.9069	0.9565	0.0000	0.0000
0.9079	0.9569	0.0000	0.0000
0.9089	0.9574	0.0000	0.0000
0.9099	0.9578	0.0000	0.0000
0.9109	0.9583	0.0000	0.0000
0.9119	0.9587	0.0000	0.0000
0.9129	0.9591	0.0000	0.0000
0.9139	0.9596	0.0000	0.0000
0.9149	0.9600	0.0000	0.0000
0.9159	0.9604	0.0000	0.0000
0.9169	0.9609	0.0000	0.0000
0.9179	0.9613	0.0000	0.0000
0.9189	0.9617	0.0000	0.0000
0.9199	0.9622	0.0000	0.0000
0.9209	0.9626	0.0000	0.0000
0.9219	0.9630	0.0000	0.0000
0.9229	0.9635	0.0000	0.0000
0.9239	0.9639	0.0000	0.0000
0.9249	0.9643	0.0000	0.0000
0.9259	0.9647	0.0000	0.0000
0.9269	0.9651	0.0000	0.0000
0.9279	0.9655	0.0000	0.0000
0.9289	0.9660	0.0000	0.0000
0.9299	0.9664	0.0000	0.0000
0.9309	0.9668	0.0000	0.0000
0.9319	0.9672	0.0000	0.0000
0.9329	0.9676	0.0000	0.0000
0.9339	0.9680	0.0000	0.0000
0.9349	0.9684	0.0000	0.0000
0.9359	0.9688	0.0000	0.0000
0.9369	0.9692	0.0000	0.0000
0.9379	0.9696	0.0000	0.0000
0.9389	0.9700	0.0000	0.0000
0.9399	0.9704	0.0000	0.0000
0.9409	0.9708	0.0000	0.0000
0.9419	0.9712	0.0000	0.0000
0.9429	0.9716	0.0000	0.0000
0.9439	0.9720	0.0000	0.0000
0.9449	0.9724	0.0000	0.0000
0.9459	0.9727	0.0000	0.0000
0.9469	0.9731	0.0000	0.0000
0.9479	0.9735	0.0000	0.0000
0.9489	0.9739	0.0000	0.0000
0.9499	0.9743	0.0000	0.0000
0.9510	0.9747	0.0000	0.0000
0.9520	0.9750	0.0000	0.0000
0.9530	0.9754	0.0000	0.0000
0.9540	0.9758	0.0000	0.0000
0.9550	0.9762	0.0000	0.0000
0.9560	0.9765	0.0000	0.0000
0.9570	0.9769	0.0000	0.0000
0.9580	0.9773	0.0000	0.0000
0.9590	0.9776	0.0000	0.0000
0.9600	0.9780	0.0000	0.0000
0.9610	0.9784	0.0000	0.0000
0.9620	0.9787	0.0000	0.0000
0.9630	0.9791	0.0000	0.0000
0.9640	0.9794	0.0000	0.0000
0.9650	0.9798	0.0000	0.0000
0.9660	0.9802	0.0000	0.0000
0.9670	0.9805	0.0000	0.0000
0.9680	0.9809	0.0000	0.0000
0.9690	0.9812	0.0000	0.0000
0.9700	0.9816	0.0000	0.0000
0.9710	0.9819	0.0000	0.0000
0.9720	0.9823	0.0000	0.0000
0.9730	0.9826	0.0000	0.0000
0.9740	0.9830	0.0000	0.0000
0.9750	0.9833	0.0000	0.0000
0.9760	0.9836	0.0000	0.0000
0.9770	0.9840	0.0000	0.0000
0.9780	0.9843	0.0000	0.0000
0.9790	0.9847	0.0000	0.0000
0.9800	0.9850	0.0000	0.0000
0.9810	0.9853	0.0000	0.0000
0.9820	0.9857	0.0000	0.0000
0.9830	0.9860	0.0000	0.0000
0.9840	0.9863	0.0000	0.0000
0.9850	0.9867	0.0000	0.0000
0.9860	0.9870	0.0000	0.0000
0.9870	0.9873	0.0000	0.0000
0.9880	0.9876	0.0000	0.0000
0.9890	0.9880	0.0000	0.0000
0.9900	0.9883	0.0000	0.0000
0.9910	0.9886	0.0000	0.0000
0.9920	0.9889	0.0000	0.0000
0.9930	0.9893	0.0000	0.0000
0.9940	0.9896	0.0000	0.0000
0.9950	0.9899	0.0000	0.0000
0.9960	0.9902	0.0000	0.0000
0.9970	0.9905	0.0000	0.0000
0.9980	0.9908	0.0000	0.0000
0.9990	0.9911	0.0000	0.0000
1.0000	0.9915	0.0000	0.0000
0.0300
0.5005
0.9880
