0.0000	0.0138	0.0000	0.0000
0.0010	0.0146	0.0000	0.0000
0.0020	0.0153	0.0000	0.0000
0.0030	0.0160	0.0000	0.0000
0.0040	0.0167	0.0000	0.0000
0.0050	0.0174	0.0000	0.0000
0.0060	0.0181	0.0000	0.0000
0.0070	0.0188	0.0000	0.0000
0.0080	0.0196	0.0000	0.0000
0.0090	0.0203	0.0000	0.0000
0.0100	0.0210	0.0000	0.0000
0.0110	0.0217	0.0000	0.0000
0.0120	0.0224	0.0000	0.0000
0.0130	0.0231	0.0000	0.0000
0.0140	0.0239	0.0000	0.0000
0.0150	0.0246	0.0000	0.0000
0.0160	0.0253	0.0000	0.0000
0.0170	0.0260	0.0000	0.0000
0.0180	0.0267	0.0000	0.0000
0.0190	0.0275	0.0000	0.0000
0.0200	0.0282	0.0000	0.0000
0.0210	0.0289	0.0000	0.0000
0.0220	0.0296	0.0000	0.0000
0.0230	0.0303	0.0000	0.0000
0.0240	0.0311	0.0000	0.0000
0.0250	0.0318	0.0000	0.0000
0.0260	0.0325	0.0000	0.0000
0.0270	0.0332	0.0000	0.0000
0.0280	0.0340	0.0000	0.0000
0.0290	0.0347	0.0000	0.0000
0.0300	0.0354	0.0000	0.0000
0.0310	0.0361	0.0000	0.0000
0.0320	0.0369	0.0000	0.0000
0.0330	0.0376	0.0000	0.0000
0.0340	0.0383	0.0000	0.0000
0.0350	0.0390	0.0000	0.0000
0.0360	0.0398	0.0000	0.0000
0.0370	0.0405	0.0000	0.0000
0.0380	0.0412	0.0000	0.0000
0.0390	0.0420	0.0000	0.0000
0.0400	0.0427	0.0000	0.0000
0.0410	0.0434	0.0000	0.0000
0.0420	0.0442	0.0000	0.0000
0.0430	0.0449	0.0000	0.0000
0.0440	0.0456	0.0000	0.0000
0.0450	0.0463	0.0000	0.0000
0.0460	0.0471	0.0000	0.0000
0.0470	0.0478	0.0000	0.0000
0.0480	0.0486	0.0000	0.0000
0.0490	0.0493	0.0000	0.0000
0.0501	0.0500	0.0000	0.0000
0.0511	0.0508	0.0000	0.0000
0.0521	0.0515	0.0000	0.0000
0.0531	0.0522	0.0000	0.0000
0.0541	0.0530	0.0000	0.0000
0.0551	0.0537	0.0000	0.0000
0.0561	0.0544	0.0000	0.0000
0.0571	0.0552	0.0000	0.0000
0.0581	0.0559	0.0000	0.0000
0.0591	0.0567	0.0000	0.0000
0.0601	0.0574	0.0000	0.0000
0.0611	0.0581	0.0000	0.0000
0.0621	0.0589	0.0000	0.0000
0.0631	0.0596	0.0000	0.0000
0.0641	0.0604	0.0000	0.0000
0.0651	0.0611	0.0000	0.0000
0.0661	0.0619	0.0000	0.0000
0.0671	0.0626	0.0000	0.0000
0.0681	0.0634	0.0000	0.0000
0.0691	0.0641	0.0000	0.0000
0.0701	0.0649	0.0000	0.0000
0.0711	0.0656	0.0000	0.0000
0.0721	0.0663	0.0000	0.0000
0.0731	0.0671	0.0000	0.0000
0.0741	0.0678	0.0000	0.0000
0.0751	0.0686	0.0000	0.0000
0.0761	0.0693	0.0000	0.0000
0.0771	0.0701	0.0000	0.0000
0.0781	0.0708	0.0000	0.0000
0.0791	0.0716	0.0000	0.0000
0.0801	0.0724	0.0000	0.0000
0.0811	0.0731	0.0000	0.0000
0.0821	0.0739	0.0000	0.0000
0.0831	0.0746	0.0000	0.0000
0.0841	0.0754	0.0000	0.0000
0.0851	0.0761	0.0000	0.0000
0.0861	0.0769	0.0000	0.0000
0.0871	0.0776	0.0000	0.0000
0.0881	0.0784	0.0000	0.0000
0.0891	0.0792	0.0000	0.0000
0.0901	0.0799	0.0000	0.0000
0.0911	0.0807	0.0000	0.0000
0.0921	0.0814	0.0000	0.0000
0.0931	0.0822	0.0000	0.0000
0.0941	0.0830	0.0000	0.0000
0.0951	0.0837	0.0000	0.0000
0.0961	0.0845	0.0000	0.0000
0.0971	0.0853	0.0000	0.0000
0.0981	0.0860	0.0000	0.0000
0.0991	0.0868	0.0000	0.0000
0.1001	0.0876	0.0000	0.0000
0.1011	0.0883	0.0000	0.0000
0.1021	0.0891	0.0000	0.0000
0.1031	0.0899	0.0000	0.0000
0.1041	0.0906	0.0000	0.0000
0.1051	0.0914	0.0000	0.0000
0.1061	0.0922	0.0000	0.0000
0.1071	0.0929	0.0000	0.0000
0.1081	0.0937	0.0000	0.0000
0.1091	0.0945	0.0000	0.0000
0.1101	0.0953	0.0000	0.0000
0.1111	0.0960	0.0000	0.0000
0.1121	0.0968	0.0000	0.0000
0.1131	0.0976	0.0000	0.0000
0.1141	0.0984	0.0000	0.0000
0.1151	0.0991	0.0000	0.0000
0.1161	0.0999	0.0000	0.0000
0.1171	0.1007	0.0000	0.0000
0.1181	0.1015	0.0000	0.0000
0.1191	0.1022	0.0000	0.0000
0.1201	0.1030	0.0000	0.0000
0.1211	0.1038	0.0000	0.0000
0.1221	0.1046	0.0000	0.0000
0.1231	0.1054	0.0000	0.0000
0.1241	0.1062	0.0000	0.0000
0.1251	0.1069	0.0000	0.0000
0.1261	0.1077	0.0000	0.0000
0.1271	0.1085	0.0000	0.0000
0.1281	0.1093	0.0000	0.0000
0.1291	0.1101	0.0000	0.0000
0.1301	0.1109	0.0000	0.0000
0.1311	0.1117	0.0000	0.0000
0.1321	0.1124	0.0000	0.0000
0.1331	0.1132	0.0000	0.0000
0.1341	0.1140	0.0000	0.0000
0.1351	0.1148	0.0000	0.0000
0.1361	0.1156	0.0000	0.0000
0.1371	0.1164	0.0000	0.0000
0.1381	0.1172	0.0000	0.0000
0.1391	0.1180	0.0000	0.0000
0.1401	0.1188	0.0000	0.0000
0.1411	0.1196	0.0000	0.0000
0.1421	0.1204	0.0000	0.0000
0.1431	0.1212	0.0000	0.0000
0.1441	0.1220	0.0000	0.0000
0.1451	0.1228	0.0000	0.0000
0.1461	0.1236	0.0000	0.0000
0.1471	0.1244	0.0000	0.0000
0.1481	0.1252	0.0000	0.0000
0.1491	0.1260	0.0000	0.0000
0.1502	0.1268	0.0000	0.0000
0.1512	0.1276	0.0000	0.0000
0.1522	0.1284	0.0000	0.0000
0.1532	0.1292	0.0000	0.0000
0.1542	0.1300	0.0000	0.0000
0.1552	0.1308	0.0000	0.0000
0.1562	0.1316	0.0000	0.0000
0.1572	0.1325	0.0000	0.0000
0.1582	0.1333	0.0000	0.0000
0.1592	0.1341	0.0000	0.0000
0.1602	0.1349	0.0000	0.0000
0.1612	0.1357	0.0000	0.0000
0.1622	0.1365	0.0000	0.0000
0.1632	0.1373	0.0000	0.0000
0.1642	0.1381	0.0000	0.0000
0.1652	0.1390	0.0000	0.0000
0.1662	0.1398	0.0000	0.0000
0.1672	0.1406	0.0000	0.0000
0.1682	0.1414	0.0000	0.0000
0.1692	0.1422	0.0000	0.0000
0.1702	0.1431	0.0000	0.0000
0.1712	0.1439	0.0000	0.0000
0.1722	0.1447	0.0000	0.0000
0.1732	0.1455	0.0000	0.0000
0.1742	0.1464	0.0000	0.0000
0.1752	0.1472	0.0000	0.0000
0.1762	0.1480	0.0000	0.0000
0.1772	0.1488	0.0000	0.0000
0.1782	0.1497	0.0000	0.0000
0.1792	0.1505	0.0000	0.0000
0.1802	0.1513	0.0000	0.0000
0.1812	0.1522	0.0000	0.0000
0.1822	0.1530	0.0000	0.0000
0.1832	0.1538	0.0000	0.0000
0.1842	0.1547	0.0000	0.0000
0.1852	0.1555	0.0000	0.0000
0.1862	0.1563	0.0000	0.0000
0.1872	0.1572	0.0000	0.0000
0.1882	0.1580	0.0000	0.0000
0.1892	0.1589	0.0000	0.0000
0.1902	0.1597	0.0000	0.0000
0.1912	0.1605	0.0000	0.0000
0.1922	0.1614	0.0000	0.0000
0.1932	0.1622	0.0000	0.0000
0.1942	0.1631	0.0000	0.0000
0.1952	0.1639	0.0000	0.0000
0.1962	0.1648	0.0000	0.0000
0.1972	0.1656	0.0000	0.0000
0.1982	0.1665	0.0000	0.0000
0.1992	0.1673	0.0000	0.0000
0.2002	0.1682	0.0000	0.0000
0.2012	0.1690	0.0000	0.0000
0.2022	0.1699	0.0000	0.0000
0.2032	0.1707	0.0000	0.0000
0.2042	0.1716	0.0000	0.0000
0.2052	0.1724	0.0000	0.0000
0.2062	0.1733	0.0000	0.0000
0.2072	0.1741	0.0000	0.0000
0.2082	0.1750	0.0000	0.0000
0.2092	0.1759	0.0000	0.0000
0.2102	0.1767	0.0000	0.0000
0.2112	0.1776	0.0000	0.0000
0.2122	0.1785	0.0000	0.0000
0.2132	0.1793	0.0000	0.0000
0.2142	0.1802	0.0000	0.0000
0.2152	0.1811	0.0000	0.0000
0.2162	0.1819	0.0000	0.0000
0.2172	0.1828	0.0000	0.0000
0.2182	0.1837	0.0000	0.0000
0.2192	0.1845	0.0000	0.0000
0.2202	0.1854	0.0000	0.0000
0.2212	0.1863	0.0000	0.0000
0.2222	0.1872	0.0000	0.0000
0.2232	0.1880	0.0000	0.0000
0.2242	0.1889	0.0000	0.0000
0.2252	0.1898	0.0000	0.0000
0.2262	0.1907	0.0000	0.0000
0.2272	0.1915	0.0000	0.0000
0.2282	0.1924	0.0000	0.0000
0.2292	0.1933	0.0000	0.0000
0.2302	0.1942	0.0000	0.0000
0.2312	0.1951	0.0000	0.0000
0.2322	0.1960	0.0000	0.0000
0.2332	0.1969	0.0000	0.0000
0.2342	0.1977	0.0000	0.0000
0.2352	0.1986	0.0000	0.0000
0.2362	0.1995	0.0000	0.0000
0.2372	0.2004	0.0000	0.0000
0.2382	0.2013	0.0000	0.0000
0.2392	0.2022	0.0000	0.0000
0.2402	0.2031	0.0000	0.0000
0.2412	0.2040	0.0000	0.0000
0.2422	0.2049	0.0000	0.0000
0.2432	0.2058	0.0000	0.0000
0.2442	0.2067	0.0000	0.0000
0.2452	0.2076	0.0000	0.0000
0.2462	0.2085	0.0000	0.0000
0.2472	0.2094	0.0000	0.0000
0.2482	0.2103	0.0000	0.0000
0.2492	0.2112	0.0000	0.0000
0.2503	0.2121	0.0000	0.0000
0.2513	0.2130	0.0000	0.0000
0.2523	0.2139	0.0000	0.0000
0.2533	0.2149	0.0000	0.0000
0.2543	0.2158	0.0000	0.0000
0.2553	0.2167	0.0000	0.0000
0.2563	0.2176	0.0000	0.0000
0.2573	0.2185	0.0000	0.0000
0.2583	0.2194	0.0000	0.0000
0.2593	0.2204	0.0000	0.0000
0.2603	0.2213	0.0000	0.0000
0.2613	0.2222	0.0000	0.0000
0.2623	0.2231	0.0000	0.0000
0.2633	0.2241	0.0000	0.0000
0.2643	0.2250	0.0000	0.0000
0.2653	0.2259	0.0000	0.0000
0.2663	0.2268	0.0000	0.0000
0.2673	0.2278	0.0000	0.0000
0.2683	0.2287	0.0000	0.0000
0.2693	0.2296	0.0000	0.0000
0.2703	0.2306	0.0000	0.0000
0.2713	0.2315	0.0000	0.0000
0.2723	0.2324	0.0000	0.0000
0.2733	0.2334	0.0000	0.0000
0.2743	0.2343	0.0000	0.0000
0.2753	0.2353	0.0000	0.0000
0.2763	0.2362	0.0000	0.0000
0.2773	0.2372	0.0000	0.0000
0.2783	0.2381	0.0000	0.0000
0.2793	0.2391	0.0000	0.0000
0.2803	0.2400	0.0000	0.0000
0.2813	0.2410	0.0000	0.0000
0.2823	0.2419	0.0000	0.0000
0.2833	0.2429	0.0000	0.0000
0.2843	0.2438	0.0000	0.0000
0.2853	0.2448	0.0000	0.0000
0.2863	0.2457	0.0000	0.0000
0.2873	0.2467	0.0000	0.0000
0.2883	0.2477	0.0000	0.0000
0.2893	0.2486	0.0000	0.0000
0.2903	0.2496	0.0000	0.0000
0.2913	0.2505	0.0000	0.0000
0.2923	0.2515	0.0000	0.0000
0.2933	0.2525	0.0000	0.0000
0.2943	0.2535	0.0000	0.0000
0.2953	0.2544	0.0000	0.0000
0.2963	0.2554	0.0000	0.0000
0.2973	0.2564	0.0000	0.0000
0.2983	0.2574	0.0000	0.0000
0.2993	0.2583	0.0000	0.0000
0.3003	0.2593	0.0000	0.0000
0.3013	0.2603	0.0000	0.0000
0.3023	0.2613	0.0000	0.0000
0.3033	0.2623	0.0000	0.0000
0.3043	0.2632	0.0000	0.0000
0.3053	0.2642	0.0000	0.0000
0.3063	0.2652	0.0000	0.0000
0.3073	0.2662	0.0000	0.0000
0.3083	0.2672	0.0000	0.0000
0.3093	0.2682	0.0000	0.0000
0.3103	0.2692	0.0000	0.0000
0.3113	0.2702	0.0000	0.0000
0.3123	0.2712	0.0000	0.0000
0.3133	0.2722	0.0000	0.0000
0.3143	0.2732	0.0000	0.0000
0.3153	0.2742	0.0000	0.0000
0.3163	0.2752	0.0000	0.0000
0.3173	0.2762	0.0000	0.0000
0.3183	0.2772	0.0000	0.0000
0.3193	0.2782	0.0000	0.0000
0.3203	0.2793	0.0000	0.0000
0.3213	0.2803	0.0000	0.0000
0.3223	0.2813	0.0000	0.0000
0.3233	0.2823	0.0000	0.0000
0.3243	0.2833	0.0000	0.0000
0.3253	0.2843	0.0000	0.0000
0.3263	0.2854	0.0000	0.0000
0.3273	0.2864	0.0000	0.0000
0.3283	0.2874	0.0000	0.0000
0.3293	0.2885	0.0000	0.0000
0.3303	0.2895	0.0000	0.0000
0.3313	0.2905	0.0000	0.0000
0.3323	0.2916	0.0000	0.0000
0.3333	0.2926	0.0000	0.0000
0.3343	0.2936	0.0000	0.0000
0.3353	0.2947	0.0000	0.0000
0.3363	0.2957	0.0000	0.0000
0.3373	0.2968	0.0000	0.0000
0.3383	0.2978	0.0000	0.0000
0.3393	0.2988	0.0000	0.0000
0.3403	0.2999	0.0000	0.0000
0.3413	0.3010	0.0000	0.0000
0.3423	0.3020	0.0000	0.0000
0.3433	0.3031	0.0000	0.0000
0.3443	0.3041	0.0000	0.0000
0.3453	0.3052	0.0000	0.0000
0.3463	0.3062	0.0000	0.0000
0.3473	0.3073	0.0000	0.0000
0.3483	0.3084	0.0000	0.0000
0.3493	0.3094	0.0000	0.0000
0.3504	0.3105	0.0000	0.0000
0.3514	0.3116	0.0000	0.0000
0.3524	0.3127	0.0000	0.0000
0.3534	0.3137	0.0000	0.0000
0.3544	0.3148	0.0000	0.0000
0.3554	0.3159	0.0000	0.0000
0.3564	0.3170	0.0000	0.0000
0.3574	0.3181	0.0000	0.0000
0.3584	0.3191	0.0000	0.0000
0.3594	0.3202	0.0000	0.0000
0.3604	0.3213	0.0000	0.0000
0.3614	0.3224	0.0000	0.0000
0.3624	0.3235	0.0000	0.0000
0.3634	0.3246	0.0000	0.0000
0.3644	0.3257	0.0000	0.0000
0.3654	0.3268	0.0000	0.0000
0.3664	0.3279	0.0000	0.0000
0.3674	0.3290	0.0000	0.0000
0.3684	0.3301	0.0000	0.0000
0.3694	0.3312	0.0000	0.0000
0.3704	0.3323	0.0000	0.0000
0.3714	0.3335	0.0000	0.0000
0.3724	0.3346	0.0000	0.0000
0.3734	0.3357	0.0000	0.0000
0.3744	0.3368	0.0000	0.0000
0.3754	0.3379	0.0000	0.0000
0.3764	0.3391	0.0000	0.0000
0.3774	0.3402	0.0000	0.0000
0.3784	0.3413	0.0000	0.0000
0.3794	0.3424	0.0000	0.0000
0.3804	0.3436	0.0000	0.0000
0.3814	0.3447	0.0000	0.0000
0.3824	0.3459	0.0000	0.0000
0.3834	0.3470	0.0000	0.0000
0.3844	0.3481	0.0000	0.0000
0.3854	0.3493	0.0000	0.0000
0.3864	0.3504	0.0000	0.0000
0.3874	0.3516	0.0000	0.0000
0.3884	0.3527	0.0000	0.0000
0.3894	0.3539	0.0000	0.0000
0.3904	0.3551	0.0000	0.0000
0.3914	0.3562	0.0000	0.0000
0.3924	0.3574	0.0000	0.0000
0.3934	0.3585	0.0000	0.0000
0.3944	0.3597	0.0000	0.0000
0.3954	0.3609	0.0000	0.0000
0.3964	0.3621	0.0000	0.0000
0.3974	0.3632	0.0000	0.0000
0.3984	0.3644	0.0000	0.0000
0.3994	0.3656	0.0000	0.0000
0.4004	0.3668	0.0000	0.0000
0.4014	0.3680	0.0000	0.0000
0.4024	0.3692	0.0000	0.0000
0.4034	0.3703	0.0000	0.0000
0.4044	0.3715	0.0000	0.0000
0.4054	0.3727	0.0000	0.0000
0.4064	0.3739	0.0000	0.0000
0.4074	0.3751	0.0000	0.0000
0.4084	0.3763	0.0000	0.0000
0.4094	0.3776	0.0000	0.0000
0.4104	0.3788	0.0000	0.0000
0.4114	0.3800	0.0000	0.0000
0.4124	0.3812	0.0000	0.0000
0.4134	0.3824	0.0000	0.0000
0.4144	0.3836	0.0000	0.0000
0.4154	0.3849	0.0000	0.0000
0.4164	0.3861	0.0000	0.0000
0.4174	0.3873	0.0000	0.0000
0.4184	0.3885	0.0000	0.0000
0.4194	0.3898	0.0000	0.0000
0.4204	0.3910	0.0000	0.0000
0.4214	0.3923	0.0000	0.0000
0.4224	0.3935	0.0000	0.0000
0.4234	0.3947	0.0000	0.0000
0.4244	0.3960	0.0000	0.0000
0.4254	0.3972	0.0000	0.0000
0.4264	0.3985	0.0000	0.0000
0.4274	0.3998	0.0000	0.0000
0.4284	0.4010	0.0000	0.0000
0.4294	0.4023	0.0000	0.0000
0.4304	0.4036	0.0000	0.0000
0.4314	0.4048	0.0000	0.0000
0.4324	0.4061	0.0000	0.0000
0.4334	0.4074	0.0000	0.0000
0.4344	0.4087	0.0000	0.0000
0.4354	0.4099	0.0000	0.0000
0.4364	0.4112	0.0000	0.0000
0.4374	0.4125	0.0000	0.0000
0.4384	0.4138	0.0000	0.0000
0.4394	0.4151	0.0000	0.0000
0.4404	0.4164	0.0000	0.0000
0.4414	0.4177	0.0000	0.0000
0.4424	0.4190	0.0000	0.0000
0.4434	0.4203	0.0000	0.0000
0.4444	0.4216	0.0000	0.0000
0.4454	0.4229	0.0000	0.0000
0.4464	0.4243	0.0000	0.0000
0.4474	0.4256	0.0000	0.0000
0.4484	0.4269	0.0000	0.0000
0.4494	0.4282	0.0000	0.0000
0.4505	0.4296	0.0000	0.0000
0.4515	0.4309	0.0000	0.0000
0.4525	0.4322	0.0000	0.0000
0.4535	0.4336	0.0000	0.0000
0.4545	0.4349	0.0000	0.0000
0.4555	0.4363	0.0000	0.0000
0.4565	0.4376	0.0000	0.0000
0.4575	0.4390	0.0000	0.0000
0.4585	0.4403	0.0000	0.0000
0.4595	0.4417	0.0000	0.0000
0.4605	0.4431	0.0000	0.0000
0.4615	0.4444	0.0000	0.0000
0.4625	0.4458	0.0000	0.0000
0.4635	0.4472	0.0000	0.0000
0.4645	0.4486	0.0000	0.0000
0.4655	0.4500	0.0000	0.0000
0.4665	0.4513	0.0000	0.0000
0.4675	0.4527	0.0000	0.0000
0.4685	0.4541	0.0000	0.0000
0.4695	0.4555	0.0000	0.0000
0.4705	0.4569	0.0000	0.0000
0.4715	0.4583	0.0000	0.0000
0.4725	0.4598	0.0000	0.0000
0.4735	0.4612	0.0000	0.0000
0.4745	0.4626	0.0000	0.0000
0.4755	0.4640	0.0000	0.0000
0.4765	0.4654	0.0000	0.0000
0.4775	0.4669	0.0000	0.0000
0.4785	0.4683	0.0000	0.0000
0.4795	0.4697	0.0000	0.0000
0.4805	0.4712	0.0000	0.0000
0.4815	0.4726	0.0000	0.0000
0.4825	0.4741	0.0000	0.0000
0.4835	0.4755	0.0000	0.0000
0.4845	0.4770	0.0000	0.0000
0.4855	0.4784	0.0000	0.0000
0.4865	0.4799	0.0000	0.0000
0.4875	0.4814	0.0000	0.0000
0.4885	0.4829	0.0000	0.0000
0.4895	0.4843	0.0000	0.0000
0.4905	0.4858	0.0000	0.0000
0.4915	0.4873	0.0000	0.0000
0.4925	0.4888	0.0000	0.0000
0.4935	0.4903	0.0000	0.0000
0.4945	0.4918	0.0000	0.0000
0.4955	0.4933	0.0000	0.0000
0.4965	0.4948	0.0000	0.0000
0.4975	0.4963	0.0000	0.0000
0.4985	0.4978	0.0000	0.0000
0.4995	0.4994	0.0000	0.0000
0.5005	0.5013	0.0000	0.0000
0.5015	0.5036	0.0000	0.0000
0.5025	0.5059	0.0000	0.0000
0.5035	0.5082	0.0000	0.0000
0.5045	0.5105	0.0000	0.0000
0.5055	0.5127	0.0000	0.0000
0.5065	0.5150	0.0000	0.0000
0.5075	0.5172	0.0000	0.0000
0.5085	0.5195	0.0000	0.0000
0.5095	0.5217	0.0000	0.0000
0.5105	0.5239	0.0000	0.0000
0.5115	0.5261	0.0000	0.0000
0.5125	0.5283	0.0000	0.0000
0.5135	0.5305	0.0000	0.0000
0.5145	0.5327	0.0000	0.0000
0.5155	0.5349	0.0000	0.0000
0.5165	0.5370	0.0000	0.0000
0.5175	0.5392	0.0000	0.0000
0.5185	0.5413	0.0000	0.0000
0.5195	0.5434	0.0000	0.0000
0.5205	0.5455	0.0000	0.0000
0.5215	0.5476	0.0000	0.0000
0.5225	0.5497	0.0000	0.0000
0.5235	0.5518	0.0000	0.0000
0.5245	0.5539	0.0000	0.0000
0.5255	0.5560	0.0000	0.0000
0.5265	0.5580	0.0000	0.0000
0.5275	0.5601	0.0000	0.0000
0.5285	0.5621	0.0000	0.0000
0.5295	0.5642	0.0000	0.0000
0.5305	0.5662	0.0000	0.0000
0.5315	0.5682	0.0000	0.0000
0.5325	0.5702	0.0000	0.0000
0.5335	0.5722	0.0000	0.0000
0.5345	0.5742	0.0000	0.0000
0.5355	0.5762	0.0000	0.0000
0.5365	0.5781	0.0000	0.0000
0.5375	0.5801	0.0000	0.0000
0.5385	0.5820	0.0000	0.0000
0.5395	0.5840	0.0000	0.0000
0.5405	0.5859	0.0000	0.0000
0.5415	0.5879	0.0000	0.0000
0.5425	0.5898	0.0000	0.0000
0.5435	0.5917	0.0000	0.0000
0.5445	0.5936	0.0000	0.0000
0.5455	0.5955	0.0000	0.0000
0.5465	0.5974	0.0000	0.0000
0.5475	0.5992	0.0000	0.0000
0.5485	0.6011	0.0000	0.0000
0.5495	0.6030	0.0000	0.0000
0.5506	0.6048	0.0000	0.0000
0.5516	0.6066	0.0000	0.0000
0.5526	0.6085	0.0000	0.0000
0.5536	0.6103	0.0000	0.0000
0.5546	0.6121	0.0000	0.0000
0.5556	0.6139	0.0000	0.0000
0.5566	0.6157	0.0000	0.0000
0.5576	0.6175	0.0000	0.0000
0.5586	0.6193	0.0000	0.0000
0.5596	0.6211	0.0000	0.0000
0.5606	0.6229	0.0000	0.0000
0.5616	0.6246	0.0000	0.0000
0.5626	0.6264	0.0000	0.0000
0.5636	0.6281	0.0000	0.0000
0.5646	0.6299	0.0000	0.0000
0.5656	0.6316	0.0000	0.0000
0.5666	0.6333	0.0000	0.0000
0.5676	0.6350	0.0000	0.0000
0.5686	0.6368	0.0000	0.0000
0.5696	0.6385	0.0000	0.0000
0.5706	0.6402	0.0000	0.0000
0.5716	0.6418	0.0000	0.0000
0.5726	0.6435	0.0000	0.0000
0.5736	0.6452	0.0000	0.0000
0.5746	0.6469	0.0000	0.0000
0.5756	0.6485	0.0000	0.0000
0.5766	0.6502	0.0000	0.0000
0.5776	0.6518	0.0000	0.0000
0.5786	0.6535	0.0000	0.0000
0.5796	0.6551	0.0000	0.0000
0.5806	0.6567	0.0000	0.0000
0.5816	0.6583	0.0000	0.0000
0.5826	0.6599	0.0000	0.0000
0.5836	0.6615	0.0000	0.0000
0.5846	0.6631	0.0000	0.0000
0.5856	0.6647	0.0000	0.0000
0.5866	0.6663	0.0000	0.0000
0.5876	0.6679	0.0000	0.0000
0.5886	0.6695	0.0000	0.0000
0.5896	0.6710	0.0000	0.0000
0.5906	0.6726	0.0000	0.0000
0.5916	0.6741	0.0000	0.0000
0.5926	0.6757	0.0000	0.0000
0.5936	0.6772	0.0000	0.0000
0.5946	0.6787	0.0000	0.0000
0.5956	0.6803	0.0000	0.0000
0.5966	0.6818	0.0000	0.0000
0.5976	0.6833	0.0000	0.0000
0.5986	0.6848	0.0000	0.0000
0.5996	0.6863	0.0000	0.0000
0.6006	0.6878	0.0000	0.0000
0.6016	0.6893	0.0000	0.0000
0.6026	0.6908	0.0000	0.0000
0.6036	0.6922	0.0000	0.0000
0.6046	0.6937	0.0000	0.0000
0.6056	0.6952	0.0000	0.0000
0.6066	0.6966	0.0000	0.0000
0.6076	0.6981	0.0000	0.0000
0.6086	0.6995	0.0000	0.0000
0.6096	0.7009	0.0000	0.0000
0.6106	0.7024	0.0000	0.0000
0.6116	0.7038	0.0000	0.0000
0.6126	0.7052	0.0000	0.0000
0.6136	0.7066	0.0000	0.0000
0.6146	0.7080	0.0000	0.0000
0.6156	0.7094	0.0000	0.0000
0.6166	0.7108	0.0000	0.0000
0.6176	0.7122	0.0000	0.0000
0.6186	0.7136	0.0000	0.0000
0.6196	0.7150	0.0000	0.0000
0.6206	0.7164	0.0000	0.0000
0.6216	0.7177	0.0000	0.0000
0.6226	0.7191	0.0000	0.0000
0.6236	0.7205	0.0000	0.0000
0.6246	0.7218	0.0000	0.0000
0.6256	0.7231	0.0000	0.0000
0.6266	0.7245	0.0000	0.0000
0.6276	0.7258	0.0000	0.0000
0.6286	0.7272	0.0000	0.0000
0.6296	0.7285	0.0000	0.0000
0.6306	0.7298	0.0000	0.0000
0.6316	0.7311	0.0000	0.0000
0.6326	0.7324	0.0000	0.0000
0.6336	0.7337	0.0000	0.0000
0.6346	0.7350	0.0000	0.0000
0.6356	0.7363	0.0000	0.0000
0.6366	0.7376	0.0000	0.0000
0.6376	0.7389	0.0000	0.0000
0.6386	0.7401	0.0000	0.0000
0.6396	0.7414	0.0000	0.0000
0.6406	0.7427	0.0000	0.0000
0.6416	0.7439	0.0000	0.0000
0.6426	0.7452	0.0000	0.0000
0.6436	0.7464	0.0000	0.0000
0.6446	0.7477	0.0000	0.0000
0.6456	0.7489	0.0000	0.0000
0.6466	0.7502	0.0000	0.0000
0.6476	0.7514	0.0000	0.0000
0.6486	0.7526	0.0000	0.0000
0.6496	0.7538	0.0000	0.0000
0.6507	0.7550	0.0000	0.0000
0.6517	0.7563	0.0000	0.0000
0.6527	0.7575	0.0000	0.0000
0.6537	0.7587	0.0000	0.0000
0.6547	0.7599	0.0000	0.0000
0.6557	0.7610	0.0000	0.0000
0.6567	0.7622	0.0000	0.0000
0.6577	0.7634	0.0000	0.0000
0.6587	0.7646	0.0000	0.0000
0.6597	0.7658	0.0000	0.0000
0.6607	0.7669	0.0000	0.0000
0.6617	0.7681	0.0000	0.0000
0.6627	0.7692	0.0000	0.0000
0.6637	0.7704	0.0000	0.0000
0.6647	0.7715	0.0000	0.0000
0.6657	0.7727	0.0000	0.0000
0.6667	0.7738	0.0000	0.0000
0.6677	0.7750	0.0000	0.0000
0.6687	0.7761	0.0000	0.0000
0.6697	0.7772	0.0000	0.0000
0.6707	0.7783	0.0000	0.0000
0.6717	0.7795	0.0000	0.0000
0.6727	0.7806	0.0000	0.0000
0.6737	0.7817	0.0000	0.0000
0.6747	0.7828	0.0000	0.0000
0.6757	0.7839	0.0000	0.0000
0.6767	0.7850	0.0000	0.0000
0.6777	0.7861	0.0000	0.0000
0.6787	0.7871	0.0000	0.0000
0.6797	0.7882	0.0000	0.0000
0.6807	0.7893	0.0000	0.0000
0.6817	0.7904	0.0000	0.0000
0.6827	0.7914	0.0000	0.0000
0.6837	0.7925	0.0000	0.0000
0.6847	0.7936	0.0000	0.0000
0.6857	0.7946	0.0000	0.0000
0.6867	0.7957	0.0000	0.0000
0.6877	0.7967	0.0000	0.0000
0.6887	0.7978	0.0000	0.0000
0.6897	0.7988	0.0000	0.0000
0.6907	0.7998	0.0000	0.0000
0.6917	0.8009	0.0000	0.0000
0.6927	0.8019	0.0000	0.0000
0.6937	0.8029	0.0000	0.0000
0.6947	0.8039	0.0000	0.0000
0.6957	0.8050	0.0000	0.0000
0.6967	0.8060	0.0000	0.0000
0.6977	0.8070	0.0000	0.0000
0.6987	0.8080	0.0000	0.0000
0.6997	0.8090	0.0000	0.0000
0.7007	0.8100	0.0000	0.0000
0.7017	0.8110	0.0000	0.0000
0.7027	0.8120	0.0000	0.0000
0.7037	0.8129	0.0000	0.0000
0.7047	0.8139	0.0000	0.0000
0.7057	0.8149	0.0000	0.0000
0.7067	0.8159	0.0000	0.0000
0.7077	0.8168	0.0000	0.0000
0.7087	0.8178	0.0000	0.0000
0.7097	0.8188	0.0000	0.0000
0.7107	0.8197	0.0000	0.0000
0.7117	0.8207	0.0000	0.0000
0.7127	0.8216	0.0000	0.0000
0.7137	0.8226	0.0000	0.0000
0.7147	0.8235	0.0000	0.0000
0.7157	0.8244	0.0000	0.0000
0.7167	0.8254	0.0000	0.0000
0.7177	0.8263	0.0000	0.0000
0.7187	0.8272	0.0000	0.0000
0.7197	0.8282	0.0000	0.0000
0.7207	0.8291	0.0000	0.0000
0.7217	0.8300	0.0000	0.0000
0.7227	0.8309	0.0000	0.0000
0.7237	0.8318	0.0000	0.0000
0.7247	0.8327	0.0000	0.0000
0.7257	0.8336	0.0000	0.0000
0.7267	0.8345	0.0000	0.0000
0.7277	0.8354	0.0000	0.0000
0.7287	0.8363	0.0000	0.0000
0.7297	0.8372	0.0000	0.0000
0.7307	0.8381	0.0000	0.0000
0.7317	0.8390	0.0000	0.0000
0.7327	0.8398	0.0000	0.0000
0.7337	0.8407	0.0000	0.0000
0.7347	0.8416	0.0000	0.0000
0.7357	0.8425	0.0000	0.0000
0.7367	0.8433	0.0000	0.0000
0.7377	0.8442	0.0000	0.0000
0.7387	0.8450	0.0000	0.0000
0.7397	0.8459	0.0000	0.0000
0.7407	0.8467	0.0000	0.0000
0.7417	0.8476	0.0000	0.0000
0.7427	0.8484	0.0000	0.0000
0.7437	0.8493	0.0000	0.0000
0.7447	0.8501	0.0000	0.0000
0.7457	0.8510	0.0000	0.0000
0.7467	0.8518	0.0000	0.0000
0.7477	0.8526	0.0000	0.0000
0.7487	0.8534	0.0000	0.0000
0.7497	0.8543	0.0000	0.0000
0.7508	0.8551	0.0000	0.0000
0.7518	0.8559	0.0000	0.0000
0.7528	0.8567	0.0000	0.0000
0.7538	0.8575	0.0000	0.0000
0.7548	0.8583	0.0000	0.0000
0.7558	0.8591	0.0000	0.0000
0.7568	0.8599	0.0000	0.0000
0.7578	0.8607	0.0000	0.0000
0.7588	0.8615	0.0000	0.0000
0.7598	0.8623	0.0000	0.0000
0.7608	0.8631	0.0000	0.0000
0.7618	0.8639	0.0000	0.0000
0.7628	0.8647	0.0000	0.0000
0.7638	0.8654	0.0000	0.0000
0.7648	0.8662	0.0000	0.0000
0.7658	0.8670	0.0000	0.0000
0.7668	0.8678	0.0000	0.0000
0.7678	0.8685	0.0000	0.0000
0.7688	0.8693	0.0000	0.0000
0.7698	0.8701	0.0000	0.0000
0.7708	0.8708	0.0000	0.0000
0.7718	0.8716	0.0000	0.0000
0.7728	0.8723	0.0000	0.0000
0.7738	0.8731	0.0000	0.0000
0.7748	0.8738	0.0000	0.0000
0.7758	0.8746	0.0000	0.0000
0.7768	0.8753	0.0000	0.0000
0.7778	0.8760	0.0000	0.0000
0.7788	0.8768	0.0000	0.0000
0.7798	0.8775	0.0000	0.0000
0.7808	0.8782	0.0000	0.0000
0.7818	0.8790	0.0000	0.0000
0.7828	0.8797	0.0000	0.0000
0.7838	0.8804	0.0000	0.0000
0.7848	0.8811	0.0000	0.0000
0.7858	0.8818	0.0000	0.0000
0.7868	0.8826	0.0000	0.0000
0.7878	0.8833	0.0000	0.0000
0.7888	0.8840	0.0000	0.0000
0.7898	0.8847	0.0000	0.0000
0.7908	0.8854	0.0000	0.0000
0.7918	0.8861	0.0000	0.0000
0.7928	0.8868	0.0000	0.0000
0.7938	0.8875	0.0000	0.0000
0.7948	0.8882	0.0000	0.0000
0.7958	0.8889	0.0000	0.0000
0.7968	0.8895	0.0000	0.0000
0.7978	0.8902	0.0000	0.0000
0.7988	0.8909	0.0000	0.0000
0.7998	0.8916	0.0000	0.0000
0.8008	0.8923	0.0000	0.0000
0.8018	0.8929	0.0000	0.0000
0.8028	0.8936	0.0000	0.0000
0.8038	0.8943	0.0000	0.0000
0.8048	0.8949	0.0000	0.0000
0.8058	0.8956	0.0000	0.0000
0.8068	0.8963	0.0000	0.0000
0.8078	0.8969	0.0000	0.0000
0.8088	0.8976	0.0000	0.0000
0.8098	0.8982	0.0000	0.0000
0.8108	0.8989	0.0000	0.0000
0.8118	0.8995	0.0000	0.0000
0.8128	0.9002	0.0000	0.0000
0.8138	0.9008	0.0000	0.0000
0.8148	0.9015	0.0000	0.0000
0.8158	0.9021	0.0000	0.0000
0.8168	0.9027	0.0000	0.0000
0.8178	0.9034	0.0000	0.0000
0.8188	0.9040	0.0000	0.0000
0.8198	0.9046	0.0000	0.0000
0.8208	0.9052	0.0000	0.0000
0.8218	0.9059	0.0000	0.0000
0.8228	0.9065	0.0000	0.0000
0.8238	0.9071	0.0000	0.0000
0.8248	0.9077	0.0000	0.0000
0.8258	0.9083	0.0000	0.0000
0.8268	0.9090	0.0000	0.0000
0.8278	0.9096	0.0000	0.0000
0.8288	0.9102	0.0000	0.0000
0.8298	0.9108	0.0000	0.0000
0.8308	0.9114	0.0000	0.0000
0.8318	0.9120	0.0000	0.0000
0.8328	0.9126	0.0000	0.0000
0.8338	0.9132	0.0000	0.0000
0.8348	0.9138	0.0000	0.0000
0.8358	0.9144	0.0000	0.0000
0.8368	0.9149	0.0000	0.0000
0.8378	0.9155	0.0000	0.0000
0.8388	0.9161	0.0000	0.0000
0.8398	0.9167	0.0000	0.0000
0.8408	0.9173	0.0000	0.0000
0.8418	0.9179	0.0000	0.0000
0.8428	0.9184	0.0000	0.0000
0.8438	0.9190	0.0000	0.0000
0.8448	0.9196	0.0000	0.0000
0.8458	0.9201	0.0000	0.0000
0.8468	0.9207	0.0000	0.0000
0.8478	0.9213	0.0000	0.0000
0.8488	0.9218	0.0000	0.0000
0.8498	0.9224	0.0000	0.0000
0.8509	0.9230	0.0000	0.0000
0.8519	0.9235	0.0000	0.0000
0.8529	0.9241	0.0000	0.0000
0.8539	0.9246	0.0000	0.0000
0.8549	0.9252	0.0000	0.0000
0.8559	0.9257	0.0000	0.0000
0.8569	0.9263	0.0000	0.0000
0.8579	0.9268	0.0000	0.0000
0.8589	0.9273	0.0000	0.0000
0.8599	0.9279	0.0000	0.0000
0.8609	0.9284	0.0000	0.0000
0.8619	0.9290	0.0000	0.0000
0.8629	0.9295	0.0000	0.0000
0.8639	0.9300	0.0000	0.0000
0.8649	0.9305	0.0000	0.0000
0.8659	0.9311	0.0000	0.0000
0.8669	0.9316	0.0000	0.0000
0.8679	0.9321	0.0000	0.0000
0.8689	0.9326	0.0000	0.0000
0.8699	0.9332	0.0000	0.0000
0.8709	0.9337	0.0000	0.0000
0.8719	0.9342	0.0000	0.0000
0.8729	0.9347	0.0000	0.0000
0.8739	0.9352	0.0000	0.0000
0.8749	0.9357	0.0000	0.0000
0.8759	0.9362	0.0000	0.0000
0.8769	0.9367	0.0000	0.0000
0.8779	0.9372	0.0000	0.0000
0.8789	0.9377	0.0000	0.0000
0.8799	0.9382	0.0000	0.0000
0.8809	0.9387	0.0000	0.0000
0.8819	0.9392	0.0000	0.0000
0.8829	0.9397	0.0000	0.0000
0.8839	0.9402	0.0000	0.0000
0.8849	0.9407	0.0000	0.0000
0.8859	0.9412	0.0000	0.0000
0.8869	0.9417	0.0000	0.0000
0.8879	0.9422	0.0000	0.0000
0.8889	0.9427	0.0000	0.0000
0.8899	0.9431	0.0000	0.0000
0.8909	0.9436	0.0000	0.0000
0.8919	0.9441	0.0000	0.0000
0.8929	0.9446	0.0000	0.0000
0.8939	0.9450	0.0000	0.0000
0.8949	0.9455	0.0000	0.0000
0.8959	0.9460	0.0000	0.0000
0.8969	0.9464	0.0000	0.0000
0.8979	0.9469	0.0000	0.0000
0.8989	0.9474	0.0000	0.0000
0.8999	0.9478	0.0000	0.0000
0.9009	0.9483	0.0000	0.0000
0.9019	0.9488	0.0000	0.0000
0.9029	0.9492	0.0000	0.0000
0.9039	0.9497	0.0000	0.0000
0.9049	0.9501	0.0000	0.0000
0.9059	0.9506	0.0000	0.0000
0.9069	0.9510	0.0000	0.0000
0.9079	0.9515	0.0000	0.0000
0.9089	0.9519	0.0000	0.0000
0.9099	0.9524	0.0000	0.0000
0.9109	0.9528	0.0000	0.0000
0.9119	0.9533	0.0000	0.0000
0.9129	0.9537	0.0000	0.0000
0.9139	0.9541	0.0000	0.0000
0.9149	0.9546	0.0000	0.0000
0.9159	0.9550	0.0000	0.0000
0.9169	0.9554	0.0000	0.0000
0.9179	0.9559	0.0000	0.0000
0.9189	0.9563	0.0000	0.0000
0.9199	0.9567	0.0000	0.0000
0.9209	0.9572	0.0000	0.0000
0.9219	0.9576	0.0000	0.0000
0.9229	0.9580	0.0000	0.0000
0.9239	0.9584	0.0000	0.0000
0.9249	0.9588	0.0000	0.0000
0.9259	0.9593	0.0000	0.0000
0.9269	0.9597	0.0000	0.0000
0.9279	0.9601	0.0000	0.0000
0.9289	0.9605	0.0000	0.0000
0.9299	0.9609	0.0000	0.0000
0.9309	0.9613	0.0000	0.0000
0.9319	0.9617	0.0000	0.0000
0.9329	0.9621	0.0000	0.0000
0.9339	0.9626	0.0000	0.0000
0.9349	0.9630	0.0000	0.0000
0.9359	0.9634	0.0000	0.0000
0.9369	0.9638	0.0000	0.0000
0.9379	0.9642	0.0000	0.0000
0.9389	0.9646	0.0000	0.0000
0.9399	0.9650	0.0000	0.0000
0.9409	0.9653	0.0000	0.0000
0.9419	0.9657	0.0000	0.0000
0.9429	0.9661	0.0000	0.0000
0.9439	0.9665	0.0000	0.0000
0.9449	0.9669	0.0000	0.0000
0.9459	0.9673	0.0000	0.0000
0.9469	0.9677	0.0000	0.0000
0.9479	0.9681	0.0000	0.0000
0.9489	0.9685	0.0000	0.0000
0.9499	0.9688	0.0000	0.0000
0.9510	0.9692	0.0000	0.0000
0.9520	0.9696	0.0000	0.0000
0.9530	0.9700	0.0000	0.0000
0.9540	0.9703	0.0000	0.0000
0.9550	0.9707	0.0000	0.0000
0.9560	0.9711	0.0000	0.0000
0.9570	0.9715	0.0000	0.0000
0.9580	0.9718	0.0000	0.0000
0.9590	0.9722	0.0000	0.0000
0.9600	0.9726	0.0000	0.0000
0.9610	0.9729	0.0000	0.0000
0.9620	0.9733	0.0000	0.0000
0.9630	0.9737	0.0000	0.0000
0.9640	0.9740	0.0000	0.0000
0.9650	0.9744	0.0000	0.0000
0.9660	0.9747	0.0000	0.0000
0.9670	0.9751	0.0000	0.0000
0.9680	0.9755	0.0000	0.0000
0.9690	0.9758	0.0000	0.0000
0.9700	0.9762	0.0000	0.0000
0.9710	0.9765	0.0000	0.0000
0.9720	0.9769	0.0000	0.0000
0.9730	0.9772	0.0000	0.0000
0.9740	0.9776	0.0000	0.0000
0.9750	0.9779	0.0000	0.0000
0.9760	0.9783	0.0000	0.0000
0.9770	0.9786	0.0000	0.0000
0.9780	0.9789	0.0000	0.0000
0.9790	0.9793	0.0000	0.0000
0.9800	0.9796	0.0000	0.0000
0.9810	0.9800	0.0000	0.0000
0.9820	0.9803	0.0000	0.0000
0.9830	0.9806	0.0000	0.0000
0.9840	0.9810	0.0000	0.0000
0.9850	0.9813	0.0000	0.0000
0.9860	0.9816	0.0000	0.0000
0.9870	0.9820	0.0000	0.0000
0.9880	0.9823	0.0000	0.0000
0.9890	0.9826	0.0000	0.0000
0.9900	0.9830	0.0000	0.0000
0.9910	0.9833	0.0000	0.0000
0.9920	0.9836	0.0000	0.0000
0.9930	0.9839	0.0000	0.0000
0.9940	0.9842	0.0000	0.0000
0.9950	0.9846	0.0000	0.0000
0.9960	0.9849	0.0000	0.0000
0.9970	0.9852	0.0000	0.0000
0.9980	0.9855	0.0000	0.0000
0.9990	0.9858	0.0000	0.0000
1.0000	0.9862	0.0000	0.0000
0.0501
0.5005
0.9800
