0.0000	0.0164	0.0000	0.0000
0.0010	0.0172	0.0000	0.0000
0.0020	0.0179	0.0000	0.0000
0.0030	0.0186	0.0000	0.0000
0.0040	0.0193	0.0000	0.0000
0.0050	0.0200	0.0000	0.0000
0.0060	0.0207	0.0000	0.0000
0.0070	0.0215	0.0000	0.0000
0.0080	0.0222	0.0000	0.0000
0.0090	0.0229	0.0000	0.0000
0.0100	0.0236	0.0000	0.0000
0.0110	0.0243	0.0000	0.0000
0.0120	0.0250	0.0000	0.0000
0.0130	0.0258	0.0000	0.0000
0.0140	0.0265	0.0000	0.0000
0.0150	0.0272	0.0000	0.0000
0.0160	0.0279	0.0000	0.0000
0.0170	0.0286	0.0000	0.0000
0.0180	0.0294	0.0000	0.0000
0.0190	0.0301	0.0000	0.0000
0.0200	0.0308	0.0000	0.0000
0.0210	0.0315	0.0000	0.0000
0.0220	0.0323	0.0000	0.0000
0.0230	0.0330	0.0000	0.0000
0.0240	0.0337	0.0000	0.0000
0.0250	0.0344	0.0000	0.0000
0.0260	0.0352	0.0000	0.0000
0.0270	0.0359	0.0000	0.0000
0.0280	0.0366	0.0000	0.0000
0.0290	0.0373	0.0000	0.0000
0.0300	0.0381	0.0000	0.0000
0.0310	0.0388	0.0000	0.0000
0.0320	0.0395	0.0000	0.0000
0.0330	0.0402	0.0000	0.0000
0.0340	0.0410	0.0000	0.0000
0.0350	0.0417	0.0000	0.0000
0.0360	0.0424	0.0000	0.0000
0.0370	0.0432	0.0000	0.0000
0.0380	0.0439	0.0000	0.0000
0.0390	0.0446	0.0000	0.0000
0.0400	0.0453	0.0000	0.0000
0.0410	0.0461	0.0000	0.0000
0.0420	0.0468	0.0000	0.0000
0.0430	0.0475	0.0000	0.0000
0.0440	0.0483	0.0000	0.0000
0.0450	0.0490	0.0000	0.0000
0.0460	0.0497	0.0000	0.0000
0.0470	0.0505	0.0000	0.0000
0.0480	0.0512	0.0000	0.0000
0.0490	0.0520	0.0000	0.0000
0.0501	0.0527	0.0000	0.0000
0.0511	0.0534	0.0000	0.0000
0.0521	0.0542	0.0000	0.0000
0.0531	0.0549	0.0000	0.0000
0.0541	0.0556	0.0000	0.0000
0.0551	0.0564	0.0000	0.0000
0.0561	0.0571	0.0000	0.0000
0.0571	0.0579	0.0000	0.0000
0.0581	0.0586	0.0000	0.0000
0.0591	0.0593	0.0000	0.0000
0.0601	0.0601	0.0000	0.0000
0.0611	0.0608	0.0000	0.0000
0.0621	0.0616	0.0000	0.0000
0.0631	0.0623	0.0000	0.0000
0.0641	0.0631	0.0000	0.0000
0.0651	0.0638	0.0000	0.0000
0.0661	0.0645	0.0000	0.0000
0.0671	0.0653	0.0000	0.0000
0.0681	0.0660	0.0000	0.0000
0.0691	0.0668	0.0000	0.0000
0.0701	0.0675	0.0000	0.0000
0.0711	0.0683	0.0000	0.0000
0.0721	0.0690	0.0000	0.0000
0.0731	0.0698	0.0000	0.0000
0.0741	0.0705	0.0000	0.0000
0.0751	0.0713	0.0000	0.0000
0.0761	0.0720	0.0000	0.0000
0.0771	0.0728	0.0000	0.0000
0.0781	0.0735	0.0000	0.0000
0.0791	0.0743	0.0000	0.0000
0.0801	0.0750	0.0000	0.0000
0.0811	0.0758	0.0000	0.0000
0.0821	0.0765	0.0000	0.0000
0.0831	0.0773	0.0000	0.0000
0.0841	0.0780	0.0000	0.0000
0.0851	0.0788	0.0000	0.0000
0.0861	0.0796	0.0000	0.0000
0.0871	0.0803	0.0000	0.0000
0.0881	0.0811	0.0000	0.0000
0.0891	0.0818	0.0000	0.0000
0.0901	0.0826	0.0000	0.0000
0.0911	0.0834	0.0000	0.0000
0.0921	0.0841	0.0000	0.0000
0.0931	0.0849	0.0000	0.0000
0.0941	0.0856	0.0000	0.0000
0.0951	0.0864	0.0000	0.0000
0.0961	0.0872	0.0000	0.0000
0.0971	0.0879	0.0000	0.0000
0.0981	0.0887	0.0000	0.0000
0.0991	0.0895	0.0000	0.0000
0.1001	0.0902	0.0000	0.0000
0.1011	0.0910	0.0000	0.0000
0.1021	0.0917	0.0000	0.0000
0.1031	0.0925	0.0000	0.0000
0.1041	0.0933	0.0000	0.0000
0.1051	0.0941	0.0000	0.0000
0.1061	0.0948	0.0000	0.0000
0.1071	0.0956	0.0000	0.0000
0.1081	0.0964	0.0000	0.0000
0.1091	0.0971	0.0000	0.0000
0.1101	0.0979	0.0000	0.0000
0.1111	0.0987	0.0000	0.0000
0.1121	0.0995	0.0000	0.0000
0.1131	0.1002	0.0000	0.0000
0.1141	0.1010	0.0000	0.0000
0.1151	0.1018	0.0000	0.0000
0.1161	0.1026	0.0000	0.0000
0.1171	0.1033	0.0000	0.0000
0.1181	0.1041	0.0000	0.0000
0.1191	0.1049	0.0000	0.0000
0.1201	0.1057	0.0000	0.0000
0.1211	0.1064	0.0000	0.0000
0.1221	0.1072	0.0000	0.0000
0.1231	0.1080	0.0000	0.0000
0.1241	0.1088	0.0000	0.0000
0.1251	0.1096	0.0000	0.0000
0.1261	0.1104	0.0000	0.0000
0.1271	0.1111	0.0000	0.0000
0.1281	0.1119	0.0000	0.0000
0.1291	0.1127	0.0000	0.0000
0.1301	0.1135	0.0000	0.0000
0.1311	0.1143	0.0000	0.0000
0.1321	0.1151	0.0000	0.0000
0.1331	0.1159	0.0000	0.0000
0.1341	0.1167	0.0000	0.0000
0.1351	0.1174	0.0000	0.0000
0.1361	0.1182	0.0000	0.0000
0.1371	0.1190	0.0000	0.0000
0.1381	0.1198	0.0000	0.0000
0.1391	0.1206	0.0000	0.0000
0.1401	0.1214	0.0000	0.0000
0.1411	0.1222	0.0000	0.0000
0.1421	0.1230	0.0000	0.0000
0.1431	0.1238	0.0000	0.0000
0.1441	0.1246	0.0000	0.0000
0.1451	0.1254	0.0000	0.0000
0.1461	0.1262	0.0000	0.0000
0.1471	0.1270	0.0000	0.0000
0.1481	0.1278	0.0000	0.0000
0.1491	0.1286	0.0000	0.0000
0.1502	0.1294	0.0000	0.0000
0.1512	0.1302	0.0000	0.0000
0.1522	0.1310	0.0000	0.0000
0.1532	0.1318	0.0000	0.0000
0.1542	0.1326	0.0000	0.0000
0.1552	0.1334	0.0000	0.0000
0.1562	0.1342	0.0000	0.0000
0.1572	0.1350	0.0000	0.0000
0.1582	0.1358	0.0000	0.0000
0.1592	0.1366	0.0000	0.0000
0.1602	0.1375	0.0000	0.0000
0.1612	0.1383	0.0000	0.0000
0.1622	0.1391	0.0000	0.0000
0.1632	0.1399	0.0000	0.0000
0.1642	0.1407	0.0000	0.0000
0.1652	0.1415	0.0000	0.0000
0.1662	0.1423	0.0000	0.0000
0.1672	0.1432	0.0000	0.0000
0.1682	0.1440	0.0000	0.0000
0.1692	0.1448	0.0000	0.0000
0.1702	0.1456	0.0000	0.0000
0.1712	0.1464	0.0000	0.0000
0.1722	0.1473	0.0000	0.0000
0.1732	0.1481	0.0000	0.0000
0.1742	0.1489	0.0000	0.0000
0.1752	0.1497	0.0000	0.0000
0.1762	0.1505	0.0000	0.0000
0.1772	0.1514	0.0000	0.0000
0.1782	0.1522	0.0000	0.0000
0.1792	0.1530	0.0000	0.0000
0.1802	0.1539	0.0000	0.0000
0.1812	0.1547	0.0000	0.0000
0.1822	0.1555	0.0000	0.0000
0.1832	0.1563	0.0000	0.0000
0.1842	0.1572	0.0000	0.0000
0.1852	0.1580	0.0000	0.0000
0.1862	0.1588	0.0000	0.0000
0.1872	0.1597	0.0000	0.0000
0.1882	0.1605	0.0000	0.0000
0.1892	0.1614	0.0000	0.0000
0.1902	0.1622	0.0000	0.0000
0.1912	0.1630	0.0000	0.0000
0.1922	0.1639	0.0000	0.0000
0.1932	0.1647	0.0000	0.0000
0.1942	0.1655	0.0000	0.0000
0.1952	0.1664	0.0000	0.0000
0.1962	0.1672	0.0000	0.0000
0.1972	0.1681	0.0000	0.0000
0.1982	0.1689	0.0000	0.0000
0.1992	0.1698	0.0000	0.0000
0.2002	0.1706	0.0000	0.0000
0.2012	0.1715	0.0000	0.0000
0.2022	0.1723	0.0000	0.0000
0.2032	0.1732	0.0000	0.0000
0.2042	0.1740	0.0000	0.0000
0.2052	0.1749	0.0000	0.0000
0.2062	0.1757	0.0000	0.0000
0.2072	0.1766	0.0000	0.0000
0.2082	0.1774	0.0000	0.0000
0.2092	0.1783	0.0000	0.0000
0.2102	0.1792	0.0000	0.0000
0.2112	0.1800	0.0000	0.0000
0.2122	0.1809	0.0000	0.0000
0.2132	0.1817	0.0000	0.0000
0.2142	0.1826	0.0000	0.0000
0.2152	0.1835	0.0000	0.0000
0.2162	0.1843	0.0000	0.0000
0.2172	0.1852	0.0000	0.0000
0.2182	0.1861	0.0000	0.0000
0.2192	0.1869	0.0000	0.0000
0.2202	0.1878	0.0000	0.0000
0.2212	0.1887	0.0000	0.0000
0.2222	0.1895	0.0000	0.0000
0.2232	0.1904	0.0000	0.0000
0.2242	0.1913	0.0000	0.0000
0.2252	0.1922	0.0000	0.0000
0.2262	0.1930	0.0000	0.0000
0.2272	0.1939	0.0000	0.0000
0.2282	0.1948	0.0000	0.0000
0.2292	0.1957	0.0000	0.0000
0.2302	0.1965	0.0000	0.0000
0.2312	0.1974	0.0000	0.0000
0.2322	0.1983	0.0000	0.0000
0.2332	0.1992	0.0000	0.0000
0.2342	0.2001	0.0000	0.0000
0.2352	0.2010	0.0000	0.0000
0.2362	0.2018	0.0000	0.0000
0.2372	0.2027	0.0000	0.0000
0.2382	0.2036	0.0000	0.0000
0.2392	0.2045	0.0000	0.0000
0.2402	0.2054	0.0000	0.0000
0.2412	0.2063	0.0000	0.0000
0.2422	0.2072	0.0000	0.0000
0.2432	0.2081	0.0000	0.0000
0.2442	0.2090	0.0000	0.0000
0.2452	0.2099	0.0000	0.0000
0.2462	0.2108	0.0000	0.0000
0.2472	0.2117	0.0000	0.0000
0.2482	0.2126	0.0000	0.0000
0.2492	0.2135	0.0000	0.0000
0.2503	0.2144	0.0000	0.0000
0.2513	0.2153	0.0000	0.0000
0.2523	0.2162	0.0000	0.0000
0.2533	0.2171	0.0000	0.0000
0.2543	0.2180	0.0000	0.0000
0.2553	0.2189	0.0000	0.0000
0.2563	0.2198	0.0000	0.0000
0.2573	0.2207	0.0000	0.0000
0.2583	0.2217	0.0000	0.0000
0.2593	0.2226	0.0000	0.0000
0.2603	0.2235	0.0000	0.0000
0.2613	0.2244	0.0000	0.0000
0.2623	0.2253	0.0000	0.0000
0.2633	0.2263	0.0000	0.0000
0.2643	0.2272	0.0000	0.0000
0.2653	0.2281	0.0000	0.0000
0.2663	0.2290	0.0000	0.0000
0.2673	0.2299	0.0000	0.0000
0.2683	0.2309	0.0000	0.0000
0.2693	0.2318	0.0000	0.0000
0.2703	0.2327	0.0000	0.0000
0.2713	0.2337	0.0000	0.0000
0.2723	0.2346	0.0000	0.0000
0.2733	0.2355	0.0000	0.0000
0.2743	0.2365	0.0000	0.0000
0.2753	0.2374	0.0000	0.0000
0.2763	0.2383	0.0000	0.0000
0.2773	0.2393	0.0000	0.0000
0.2783	0.2402	0.0000	0.0000
0.2793	0.2412	0.0000	0.0000
0.2803	0.2421	0.0000	0.0000
0.2813	0.2431	0.0000	0.0000
0.2823	0.2440	0.0000	0.0000
0.2833	0.2450	0.0000	0.0000
0.2843	0.2459	0.0000	0.0000
0.2853	0.2469	0.0000	0.0000
0.2863	0.2478	0.0000	0.0000
0.2873	0.2488	0.0000	0.0000
0.2883	0.2497	0.0000	0.0000
0.2893	0.2507	0.0000	0.0000
0.2903	0.2516	0.0000	0.0000
0.2913	0.2526	0.0000	0.0000
0.2923	0.2536	0.0000	0.0000
0.2933	0.2545	0.0000	0.0000
0.2943	0.2555	0.0000	0.0000
0.2953	0.2564	0.0000	0.0000
0.2963	0.2574	0.0000	0.0000
0.2973	0.2584	0.0000	0.0000
0.2983	0.2594	0.0000	0.0000
0.2993	0.2603	0.0000	0.0000
0.3003	0.2613	0.0000	0.0000
0.3013	0.2623	0.0000	0.0000
0.3023	0.2633	0.0000	0.0000
0.3033	0.2642	0.0000	0.0000
0.3043	0.2652	0.0000	0.0000
0.3053	0.2662	0.0000	0.0000
0.3063	0.2672	0.0000	0.0000
0.3073	0.2682	0.0000	0.0000
0.3083	0.2691	0.0000	0.0000
0.3093	0.2701	0.0000	0.0000
0.3103	0.2711	0.0000	0.0000
0.3113	0.2721	0.0000	0.0000
0.3123	0.2731	0.0000	0.0000
0.3133	0.2741	0.0000	0.0000
0.3143	0.2751	0.0000	0.0000
0.3153	0.2761	0.0000	0.0000
0.3163	0.2771	0.0000	0.0000
0.3173	0.2781	0.0000	0.0000
0.3183	0.2791	0.0000	0.0000
0.3193	0.2801	0.0000	0.0000
0.3203	0.2811	0.0000	0.0000
0.3213	0.2821	0.0000	0.0000
0.3223	0.2831	0.0000	0.0000
0.3233	0.2841	0.0000	0.0000
0.3243	0.2852	0.0000	0.0000
0.3253	0.2862	0.0000	0.0000
0.3263	0.2872	0.0000	0.0000
0.3273	0.2882	0.0000	0.0000
0.3283	0.2892	0.0000	0.0000
0.3293	0.2903	0.0000	0.0000
0.3303	0.2913	0.0000	0.0000
0.3313	0.2923	0.0000	0.0000
0.3323	0.2933	0.0000	0.0000
0.3333	0.2944	0.0000	0.0000
0.3343	0.2954	0.0000	0.0000
0.3353	0.2964	0.0000	0.0000
0.3363	0.2975	0.0000	0.0000
0.3373	0.2985	0.0000	0.0000
0.3383	0.2995	0.0000	0.0000
0.3393	0.3006	0.0000	0.0000
0.3403	0.3016	0.0000	0.0000
0.3413	0.3027	0.0000	0.0000
0.3423	0.3037	0.0000	0.0000
0.3433	0.3048	0.0000	0.0000
0.3443	0.3058	0.0000	0.0000
0.3453	0.3069	0.0000	0.0000
0.3463	0.3079	0.0000	0.0000
0.3473	0.3090	0.0000	0.0000
0.3483	0.3100	0.0000	0.0000
0.3493	0.3111	0.0000	0.0000
0.3504	0.3122	0.0000	0.0000
0.3514	0.3132	0.0000	0.0000
0.3524	0.3143	0.0000	0.0000
0.3534	0.3154	0.0000	0.0000
0.3544	0.3164	0.0000	0.0000
0.3554	0.3175	0.0000	0.0000
0.3564	0.3186	0.0000	0.0000
0.3574	0.3196	0.0000	0.0000
0.3584	0.3207	0.0000	0.0000
0.3594	0.3218	0.0000	0.0000
0.3604	0.3229	0.0000	0.0000
0.3614	0.3240	0.0000	0.0000
0.3624	0.3251	0.0000	0.0000
0.3634	0.3261	0.0000	0.0000
0.3644	0.3272	0.0000	0.0000
0.3654	0.3283	0.0000	0.0000
0.3664	0.3294	0.0000	0.0000
0.3674	0.3305	0.0000	0.0000
0.3684	0.3316	0.0000	0.0000
0.3694	0.3327	0.0000	0.0000
0.3704	0.3338	0.0000	0.0000
0.3714	0.3349	0.0000	0.0000
0.3724	0.3360	0.0000	0.0000
0.3734	0.3371	0.0000	0.0000
0.3744	0.3383	0.0000	0.0000
0.3754	0.3394	0.0000	0.0000
0.3764	0.3405	0.0000	0.0000
0.3774	0.3416	0.0000	0.0000
0.3784	0.3427	0.0000	0.0000
0.3794	0.3439	0.0000	0.0000
0.3804	0.3450	0.0000	0.0000
0.3814	0.3461	0.0000	0.0000
0.3824	0.3472	0.0000	0.0000
0.3834	0.3484	0.0000	0.0000
0.3844	0.3495	0.0000	0.0000
0.3854	0.3506	0.0000	0.0000
0.3864	0.3518	0.0000	0.0000
0.3874	0.3529	0.0000	0.0000
0.3884	0.3541	0.0000	0.0000
0.3894	0.3552	0.0000	0.0000
0.3904	0.3564	0.0000	0.0000
0.3914	0.3575	0.0000	0.0000
0.3924	0.3587	0.0000	0.0000
0.3934	0.3598	0.0000	0.0000
0.3944	0.3610	0.0000	0.0000
0.3954	0.3622	0.0000	0.0000
0.3964	0.3633	0.0000	0.0000
0.3974	0.3645	0.0000	0.0000
0.3984	0.3657	0.0000	0.0000
0.3994	0.3668	0.0000	0.0000
0.4004	0.3680	0.0000	0.0000
0.4014	0.3692	0.0000	0.0000
0.4024	0.3704	0.0000	0.0000
0.4034	0.3715	0.0000	0.0000
0.4044	0.3727	0.0000	0.0000
0.4054	0.3739	0.0000	0.0000
0.4064	0.3751	0.0000	0.0000
0.4074	0.3763	0.0000	0.0000
0.4084	0.3775	0.0000	0.0000
0.4094	0.3787	0.0000	0.0000
0.4104	0.3799	0.0000	0.0000
0.4114	0.3811	0.0000	0.0000
0.4124	0.3823	0.0000	0.0000
0.4134	0.3835	0.0000	0.0000
0.4144	0.3847	0.0000	0.0000
0.4154	0.3859	0.0000	0.0000
0.4164	0.3871	0.0000	0.0000
0.4174	0.3884	0.0000	0.0000
0.4184	0.3896	0.0000	0.0000
0.4194	0.3908	0.0000	0.0000
0.4204	0.3920	0.0000	0.0000
0.4214	0.3933	0.0000	0.0000
0.4224	0.3945	0.0000	0.0000
0.4234	0.3957	0.0000	0.0000
0.4244	0.3970	0.0000	0.0000
0.4254	0.3982	0.0000	0.0000
0.4264	0.3995	0.0000	0.0000
0.4274	0.4007	0.0000	0.0000
0.4284	0.4020	0.0000	0.0000
0.4294	0.4032	0.0000	0.0000
0.4304	0.4045	0.0000	0.0000
0.4314	0.4057	0.0000	0.0000
0.4324	0.4070	0.0000	0.0000
0.4334	0.4083	0.0000	0.0000
0.4344	0.4095	0.0000	0.0000
0.4354	0.4108	0.0000	0.0000
0.4364	0.4121	0.0000	0.0000
0.4374	0.4134	0.0000	0.0000
0.4384	0.4146	0.0000	0.0000
0.4394	0.4159	0.0000	0.0000
0.4404	0.4172	0.0000	0.0000
0.4414	0.4185	0.0000	0.0000
0.4424	0.4198	0.0000	0.0000
0.4434	0.4211	0.0000	0.0000
0.4444	0.4224	0.0000	0.0000
0.4454	0.4237	0.0000	0.0000
0.4464	0.4250	0.0000	0.0000
0.4474	0.4263	0.0000	0.0000
0.4484	0.4276	0.0000	0.0000
0.4494	0.4289	0.0000	0.0000
0.4505	0.4303	0.0000	0.0000
0.4515	0.4316	0.0000	0.0000
0.4525	0.4329	0.0000	0.0000
0.4535	0.4342	0.0000	0.0000
0.4545	0.4356	0.0000	0.0000
0.4555	0.4369	0.0000	0.0000
0.4565	0.4383	0.0000	0.0000
0.4575	0.4396	0.0000	0.0000
0.4585	0.4409	0.0000	0.0000
0.4595	0.4423	0.0000	0.0000
0.4605	0.4437	0.0000	0.0000
0.4615	0.4450	0.0000	0.0000
0.4625	0.4464	0.0000	0.0000
0.4635	0.4477	0.0000	0.0000
0.4645	0.4491	0.0000	0.0000
0.4655	0.4505	0.0000	0.0000
0.4665	0.4519	0.0000	0.0000
0.4675	0.4532	0.0000	0.0000
0.4685	0.4546	0.0000	0.0000
0.4695	0.4560	0.0000	0.0000
0.4705	0.4574	0.0000	0.0000
0.4715	0.4588	0.0000	0.0000
0.4725	0.4602	0.0000	0.0000
0.4735	0.4616	0.0000	0.0000
0.4745	0.4630	0.0000	0.0000
0.4755	0.4644	0.0000	0.0000
0.4765	0.4658	0.0000	0.0000
0.4775	0.4672	0.0000	0.0000
0.4785	0.4687	0.0000	0.0000
0.4795	0.4701	0.0000	0.0000
0.4805	0.4715	0.0000	0.0000
0.4815	0.4729	0.0000	0.0000
0.4825	0.4744	0.0000	0.0000
0.4835	0.4758	0.0000	0.0000
0.4845	0.4773	0.0000	0.0000
0.4855	0.4787	0.0000	0.0000
0.4865	0.4802	0.0000	0.0000
0.4875	0.4816	0.0000	0.0000
0.4885	0.4831	0.0000	0.0000
0.4895	0.4845	0.0000	0.0000
0.4905	0.4860	0.0000	0.0000
0.4915	0.4875	0.0000	0.0000
0.4925	0.4890	0.0000	0.0000
0.4935	0.4905	0.0000	0.0000
0.4945	0.4919	0.0000	0.0000
0.4955	0.4934	0.0000	0.0000
0.4965	0.4949	0.0000	0.0000
0.4975	0.4964	0.0000	0.0000
0.4985	0.4979	0.0000	0.0000
0.4995	0.4994	0.0000	0.0000
0.5005	0.5013	0.0000	0.0000
0.5015	0.5036	0.0000	0.0000
0.5025	0.5059	0.0000	0.0000
0.5035	0.5082	0.0000	0.0000
0.5045	0.5105	0.0000	0.0000
0.5055	0.5127	0.0000	0.0000
0.5065	0.5150	0.0000	0.0000
0.5075	0.5172	0.0000	0.0000
0.5085	0.5194	0.0000	0.0000
0.5095	0.5216	0.0000	0.0000
0.5105	0.5238	0.0000	0.0000
0.5115	0.5260	0.0000	0.0000
0.5125	0.5282	0.0000	0.0000
0.5135	0.5304	0.0000	0.0000
0.5145	0.5325	0.0000	0.0000
0.5155	0.5347	0.0000	0.0000
0.5165	0.5368	0.0000	0.0000
0.5175	0.5390	0.0000	0.0000
0.5185	0.5411	0.0000	0.0000
0.5195	0.5432	0.0000	0.0000
0.5205	0.5453	0.0000	0.0000
0.5215	0.5474	0.0000	0.0000
0.5225	0.5495	0.0000	0.0000
0.5235	0.5516	0.0000	0.0000
0.5245	0.5536	0.0000	0.0000
0.5255	0.5557	0.0000	0.0000
0.5265	0.5577	0.0000	0.0000
0.5275	0.5598	0.0000	0.0000
0.5285	0.5618	0.0000	0.0000
0.5295	0.5638	0.0000	0.0000
0.5305	0.5658	0.0000	0.0000
0.5315	0.5678	0.0000	0.0000
0.5325	0.5698	0.0000	0.0000
0.5335	0.5718	0.0000	0.0000
0.5345	0.5738	0.0000	0.0000
0.5355	0.5757	0.0000	0.0000
0.5365	0.5777	0.0000	0.0000
0.5375	0.5796	0.0000	0.0000
0.5385	0.5816	0.0000	0.0000
0.5395	0.5835	0.0000	0.0000
0.5405	0.5854	0.0000	0.0000
0.5415	0.5873	0.0000	0.0000
0.5425	0.5892	0.0000	0.0000
0.5435	0.5911	0.0000	0.0000
0.5445	0.5930	0.0000	0.0000
0.5455	0.5949	0.0000	0.0000
0.5465	0.5968	0.0000	0.0000
0.5475	0.5986	0.0000	0.0000
0.5485	0.6005	0.0000	0.0000
0.5495	0.6023	0.0000	0.0000
0.5506	0.6042	0.0000	0.0000
0.5516	0.6060	0.0000	0.0000
0.5526	0.6078	0.0000	0.0000
0.5536	0.6096	0.0000	0.0000
0.5546	0.6115	0.0000	0.0000
0.5556	0.6132	0.0000	0.0000
0.5566	0.6150	0.0000	0.0000
0.5576	0.6168	0.0000	0.0000
0.5586	0.6186	0.0000	0.0000
0.5596	0.6204	0.0000	0.0000
0.5606	0.6221	0.0000	0.0000
0.5616	0.6239	0.0000	0.0000
0.5626	0.6256	0.0000	0.0000
0.5636	0.6274	0.0000	0.0000
0.5646	0.6291	0.0000	0.0000
0.5656	0.6308	0.0000	0.0000
0.5666	0.6325	0.0000	0.0000
0.5676	0.6342	0.0000	0.0000
0.5686	0.6359	0.0000	0.0000
0.5696	0.6376	0.0000	0.0000
0.5706	0.6393	0.0000	0.0000
0.5716	0.6410	0.0000	0.0000
0.5726	0.6426	0.0000	0.0000
0.5736	0.6443	0.0000	0.0000
0.5746	0.6460	0.0000	0.0000
0.5756	0.6476	0.0000	0.0000
0.5766	0.6493	0.0000	0.0000
0.5776	0.6509	0.0000	0.0000
0.5786	0.6525	0.0000	0.0000
0.5796	0.6541	0.0000	0.0000
0.5806	0.6557	0.0000	0.0000
0.5816	0.6574	0.0000	0.0000
0.5826	0.6590	0.0000	0.0000
0.5836	0.6605	0.0000	0.0000
0.5846	0.6621	0.0000	0.0000
0.5856	0.6637	0.0000	0.0000
0.5866	0.6653	0.0000	0.0000
0.5876	0.6669	0.0000	0.0000
0.5886	0.6684	0.0000	0.0000
0.5896	0.6700	0.0000	0.0000
0.5906	0.6715	0.0000	0.0000
0.5916	0.6730	0.0000	0.0000
0.5926	0.6746	0.0000	0.0000
0.5936	0.6761	0.0000	0.0000
0.5946	0.6776	0.0000	0.0000
0.5956	0.6791	0.0000	0.0000
0.5966	0.6806	0.0000	0.0000
0.5976	0.6822	0.0000	0.0000
0.5986	0.6836	0.0000	0.0000
0.5996	0.6851	0.0000	0.0000
0.6006	0.6866	0.0000	0.0000
0.6016	0.6881	0.0000	0.0000
0.6026	0.6896	0.0000	0.0000
0.6036	0.6910	0.0000	0.0000
0.6046	0.6925	0.0000	0.0000
0.6056	0.6939	0.0000	0.0000
0.6066	0.6954	0.0000	0.0000
0.6076	0.6968	0.0000	0.0000
0.6086	0.6983	0.0000	0.0000
0.6096	0.6997	0.0000	0.0000
0.6106	0.7011	0.0000	0.0000
0.6116	0.7025	0.0000	0.0000
0.6126	0.7039	0.0000	0.0000
0.6136	0.7053	0.0000	0.0000
0.6146	0.7067	0.0000	0.0000
0.6156	0.7081	0.0000	0.0000
0.6166	0.7095	0.0000	0.0000
0.6176	0.7109	0.0000	0.0000
0.6186	0.7123	0.0000	0.0000
0.6196	0.7136	0.0000	0.0000
0.6206	0.7150	0.0000	0.0000
0.6216	0.7164	0.0000	0.0000
0.6226	0.7177	0.0000	0.0000
0.6236	0.7191	0.0000	0.0000
0.6246	0.7204	0.0000	0.0000
0.6256	0.7217	0.0000	0.0000
0.6266	0.7231	0.0000	0.0000
0.6276	0.7244	0.0000	0.0000
0.6286	0.7257	0.0000	0.0000
0.6296	0.7270	0.0000	0.0000
0.6306	0.7283	0.0000	0.0000
0.6316	0.7296	0.0000	0.0000
0.6326	0.7309	0.0000	0.0000
0.6336	0.7322	0.0000	0.0000
0.6346	0.7335	0.0000	0.0000
0.6356	0.7348	0.0000	0.0000
0.6366	0.7361	0.0000	0.0000
0.6376	0.7373	0.0000	0.0000
0.6386	0.7386	0.0000	0.0000
0.6396	0.7399	0.0000	0.0000
0.6406	0.7411	0.0000	0.0000
0.6416	0.7424	0.0000	0.0000
0.6426	0.7436	0.0000	0.0000
0.6436	0.7449	0.0000	0.0000
0.6446	0.7461	0.0000	0.0000
0.6456	0.7473	0.0000	0.0000
0.6466	0.7486	0.0000	0.0000
0.6476	0.7498	0.0000	0.0000
0.6486	0.7510	0.0000	0.0000
0.6496	0.7522	0.0000	0.0000
0.6507	0.7534	0.0000	0.0000
0.6517	0.7546	0.0000	0.0000
0.6527	0.7558	0.0000	0.0000
0.6537	0.7570	0.0000	0.0000
0.6547	0.7582	0.0000	0.0000
0.6557	0.7594	0.0000	0.0000
0.6567	0.7606	0.0000	0.0000
0.6577	0.7617	0.0000	0.0000
0.6587	0.7629	0.0000	0.0000
0.6597	0.7641	0.0000	0.0000
0.6607	0.7652	0.0000	0.0000
0.6617	0.7664	0.0000	0.0000
0.6627	0.7675	0.0000	0.0000
0.6637	0.7687	0.0000	0.0000
0.6647	0.7698	0.0000	0.0000
0.6657	0.7709	0.0000	0.0000
0.6667	0.7721	0.0000	0.0000
0.6677	0.7732	0.0000	0.0000
0.6687	0.7743	0.0000	0.0000
0.6697	0.7754	0.0000	0.0000
0.6707	0.7766	0.0000	0.0000
0.6717	0.7777	0.0000	0.0000
0.6727	0.7788	0.0000	0.0000
0.6737	0.7799	0.0000	0.0000
0.6747	0.7810	0.0000	0.0000
0.6757	0.7821	0.0000	0.0000
0.6767	0.7831	0.0000	0.0000
0.6777	0.7842	0.0000	0.0000
0.6787	0.7853	0.0000	0.0000
0.6797	0.7864	0.0000	0.0000
0.6807	0.7874	0.0000	0.0000
0.6817	0.7885	0.0000	0.0000
0.6827	0.7896	0.0000	0.0000
0.6837	0.7906	0.0000	0.0000
0.6847	0.7917	0.0000	0.0000
0.6857	0.7927	0.0000	0.0000
0.6867	0.7938	0.0000	0.0000
0.6877	0.7948	0.0000	0.0000
0.6887	0.7959	0.0000	0.0000
0.6897	0.7969	0.0000	0.0000
0.6907	0.7979	0.0000	0.0000
0.6917	0.7989	0.0000	0.0000
0.6927	0.8000	0.0000	0.0000
0.6937	0.8010	0.0000	0.0000
0.6947	0.8020	0.0000	0.0000
0.6957	0.8030	0.0000	0.0000
0.6967	0.8040	0.0000	0.0000
0.6977	0.8050	0.0000	0.0000
0.6987	0.8060	0.0000	0.0000
0.6997	0.8070	0.0000	0.0000
0.7007	0.8080	0.0000	0.0000
0.7017	0.8090	0.0000	0.0000
0.7027	0.8099	0.0000	0.0000
0.7037	0.8109	0.0000	0.0000
0.7047	0.8119	0.0000	0.0000
0.7057	0.8129	0.0000	0.0000
0.7067	0.8138	0.0000	0.0000
0.7077	0.8148	0.0000	0.0000
0.7087	0.8158	0.0000	0.0000
0.7097	0.8167	0.0000	0.0000
0.7107	0.8177	0.0000	0.0000
0.7117	0.8186	0.0000	0.0000
0.7127	0.8195	0.0000	0.0000
0.7137	0.8205	0.0000	0.0000
0.7147	0.8214	0.0000	0.0000
0.7157	0.8224	0.0000	0.0000
0.7167	0.8233	0.0000	0.0000
0.7177	0.8242	0.0000	0.0000
0.7187	0.8251	0.0000	0.0000
0.7197	0.8261	0.0000	0.0000
0.7207	0.8270	0.0000	0.0000
0.7217	0.8279	0.0000	0.0000
0.7227	0.8288	0.0000	0.0000
0.7237	0.8297	0.0000	0.0000
0.7247	0.8306	0.0000	0.0000
0.7257	0.8315	0.0000	0.0000
0.7267	0.8324	0.0000	0.0000
0.7277	0.8333	0.0000	0.0000
0.7287	0.8342	0.0000	0.0000
0.7297	0.8350	0.0000	0.0000
0.7307	0.8359	0.0000	0.0000
0.7317	0.8368	0.0000	0.0000
0.7327	0.8377	0.0000	0.0000
0.7337	0.8385	0.0000	0.0000
0.7347	0.8394	0.0000	0.0000
0.7357	0.8403	0.0000	0.0000
0.7367	0.8411	0.0000	0.0000
0.7377	0.8420	0.0000	0.0000
0.7387	0.8428	0.0000	0.0000
0.7397	0.8437	0.0000	0.0000
0.7407	0.8445	0.0000	0.0000
0.7417	0.8454	0.0000	0.0000
0.7427	0.8462	0.0000	0.0000
0.7437	0.8470	0.0000	0.0000
0.7447	0.8479	0.0000	0.0000
0.7457	0.8487	0.0000	0.0000
0.7467	0.8495	0.0000	0.0000
0.7477	0.8504	0.0000	0.0000
0.7487	0.8512	0.0000	0.0000
0.7497	0.8520	0.0000	0.0000
0.7508	0.8528	0.0000	0.0000
0.7518	0.8536	0.0000	0.0000
0.7528	0.8544	0.0000	0.0000
0.7538	0.8552	0.0000	0.0000
0.7548	0.8560	0.0000	0.0000
0.7558	0.8568	0.0000	0.0000
0.7568	0.8576	0.0000	0.0000
0.7578	0.8584	0.0000	0.0000
0.7588	0.8592	0.0000	0.0000
0.7598	0.8600	0.0000	0.0000
0.7608	0.8608	0.0000	0.0000
0.7618	0.8616	0.0000	0.0000
0.7628	0.8623	0.0000	0.0000
0.7638	0.8631	0.0000	0.0000
0.7648	0.8639	0.0000	0.0000
0.7658	0.8647	0.0000	0.0000
0.7668	0.8654	0.0000	0.0000
0.7678	0.8662	0.0000	0.0000
0.7688	0.8669	0.0000	0.0000
0.7698	0.8677	0.0000	0.0000
0.7708	0.8685	0.0000	0.0000
0.7718	0.8692	0.0000	0.0000
0.7728	0.8700	0.0000	0.0000
0.7738	0.8707	0.0000	0.0000
0.7748	0.8714	0.0000	0.0000
0.7758	0.8722	0.0000	0.0000
0.7768	0.8729	0.0000	0.0000
0.7778	0.8736	0.0000	0.0000
0.7788	0.8744	0.0000	0.0000
0.7798	0.8751	0.0000	0.0000
0.7808	0.8758	0.0000	0.0000
0.7818	0.8766	0.0000	0.0000
0.7828	0.8773	0.0000	0.0000
0.7838	0.8780	0.0000	0.0000
0.7848	0.8787	0.0000	0.0000
0.7858	0.8794	0.0000	0.0000
0.7868	0.8801	0.0000	0.0000
0.7878	0.8808	0.0000	0.0000
0.7888	0.8815	0.0000	0.0000
0.7898	0.8822	0.0000	0.0000
0.7908	0.8829	0.0000	0.0000
0.7918	0.8836	0.0000	0.0000
0.7928	0.8843	0.0000	0.0000
0.7938	0.8850	0.0000	0.0000
0.7948	0.8857	0.0000	0.0000
0.7958	0.8864	0.0000	0.0000
0.7968	0.8871	0.0000	0.0000
0.7978	0.8878	0.0000	0.0000
0.7988	0.8884	0.0000	0.0000
0.7998	0.8891	0.0000	0.0000
0.8008	0.8898	0.0000	0.0000
0.8018	0.8905	0.0000	0.0000
0.8028	0.8911	0.0000	0.0000
0.8038	0.8918	0.0000	0.0000
0.8048	0.8924	0.0000	0.0000
0.8058	0.8931	0.0000	0.0000
0.8068	0.8938	0.0000	0.0000
0.8078	0.8944	0.0000	0.0000
0.8088	0.8951	0.0000	0.0000
0.8098	0.8957	0.0000	0.0000
0.8108	0.8964	0.0000	0.0000
0.8118	0.8970	0.0000	0.0000
0.8128	0.8977	0.0000	0.0000
0.8138	0.8983	0.0000	0.0000
0.8148	0.8989	0.0000	0.0000
0.8158	0.8996	0.0000	0.0000
0.8168	0.9002	0.0000	0.0000
0.8178	0.9008	0.0000	0.0000
0.8188	0.9015	0.0000	0.0000
0.8198	0.9021	0.0000	0.0000
0.8208	0.9027	0.0000	0.0000
0.8218	0.9033	0.0000	0.0000
0.8228	0.9039	0.0000	0.0000
0.8238	0.9046	0.0000	0.0000
0.8248	0.9052	0.0000	0.0000
0.8258	0.9058	0.0000	0.0000
0.8268	0.9064	0.0000	0.0000
0.8278	0.9070	0.0000	0.0000
0.8288	0.9076	0.0000	0.0000
0.8298	0.9082	0.0000	0.0000
0.8308	0.9088	0.0000	0.0000
0.8318	0.9094	0.0000	0.0000
0.8328	0.9100	0.0000	0.0000
0.8338	0.9106	0.0000	0.0000
0.8348	0.9112	0.0000	0.0000
0.8358	0.9118	0.0000	0.0000
0.8368	0.9124	0.0000	0.0000
0.8378	0.9129	0.0000	0.0000
0.8388	0.9135	0.0000	0.0000
0.8398	0.9141	0.0000	0.0000
0.8408	0.9147	0.0000	0.0000
0.8418	0.9153	0.0000	0.0000
0.8428	0.9158	0.0000	0.0000
0.8438	0.9164	0.0000	0.0000
0.8448	0.9170	0.0000	0.0000
0.8458	0.9175	0.0000	0.0000
0.8468	0.9181	0.0000	0.0000
0.8478	0.9187	0.0000	0.0000
0.8488	0.9192	0.0000	0.0000
0.8498	0.9198	0.0000	0.0000
0.8509	0.9203	0.0000	0.0000
0.8519	0.9209	0.0000	0.0000
0.8529	0.9214	0.0000	0.0000
0.8539	0.9220	0.0000	0.0000
0.8549	0.9225	0.0000	0.0000
0.8559	0.9231	0.0000	0.0000
0.8569	0.9236	0.0000	0.0000
0.8579	0.9242	0.0000	0.0000
0.8589	0.9247	0.0000	0.0000
0.8599	0.9253	0.0000	0.0000
0.8609	0.9258	0.0000	0.0000
0.8619	0.9263	0.0000	0.0000
0.8629	0.9269	0.0000	0.0000
0.8639	0.9274	0.0000	0.0000
0.8649	0.9279	0.0000	0.0000
0.8659	0.9284	0.0000	0.0000
0.8669	0.9290	0.0000	0.0000
0.8679	0.9295	0.0000	0.0000
0.8689	0.9300	0.0000	0.0000
0.8699	0.9305	0.0000	0.0000
0.8709	0.9310	0.0000	0.0000
0.8719	0.9315	0.0000	0.0000
0.8729	0.9321	0.0000	0.0000
0.8739	0.9326	0.0000	0.0000
0.8749	0.9331	0.0000	0.0000
0.8759	0.9336	0.0000	0.0000
0.8769	0.9341	0.0000	0.0000
0.8779	0.9346	0.0000	0.0000
0.8789	0.9351	0.0000	0.0000
0.8799	0.9356	0.0000	0.0000
0.8809	0.9361	0.0000	0.0000
0.8819	0.9366	0.0000	0.0000
0.8829	0.9371	0.0000	0.0000
0.8839	0.9376	0.0000	0.0000
0.8849	0.9380	0.0000	0.0000
0.8859	0.9385	0.0000	0.0000
0.8869	0.9390	0.0000	0.0000
0.8879	0.9395	0.0000	0.0000
0.8889	0.9400	0.0000	0.0000
0.8899	0.9405	0.0000	0.0000
0.8909	0.9409	0.0000	0.0000
0.8919	0.9414	0.0000	0.0000
0.8929	0.9419	0.0000	0.0000
0.8939	0.9424	0.0000	0.0000
0.8949	0.9428	0.0000	0.0000
0.8959	0.9433	0.0000	0.0000
0.8969	0.9438	0.0000	0.0000
0.8979	0.9442	0.0000	0.0000
0.8989	0.9447	0.0000	0.0000
0.8999	0.9452	0.0000	0.0000
0.9009	0.9456	0.0000	0.0000
0.9019	0.9461	0.0000	0.0000
0.9029	0.9465	0.0000	0.0000
0.9039	0.9470	0.0000	0.0000
0.9049	0.9474	0.0000	0.0000
0.9059	0.9479	0.0000	0.0000
0.9069	0.9483	0.0000	0.0000
0.9079	0.9488	0.0000	0.0000
0.9089	0.9492	0.0000	0.0000
0.9099	0.9497	0.0000	0.0000
0.9109	0.9501	0.0000	0.0000
0.9119	0.9506	0.0000	0.0000
0.9129	0.9510	0.0000	0.0000
0.9139	0.9514	0.0000	0.0000
0.9149	0.9519	0.0000	0.0000
0.9159	0.9523	0.0000	0.0000
0.9169	0.9528	0.0000	0.0000
0.9179	0.9532	0.0000	0.0000
0.9189	0.9536	0.0000	0.0000
0.9199	0.9540	0.0000	0.0000
0.9209	0.9545	0.0000	0.0000
0.9219	0.9549	0.0000	0.0000
0.9229	0.9553	0.0000	0.0000
0.9239	0.9557	0.0000	0.0000
0.9249	0.9562	0.0000	0.0000
0.9259	0.9566	0.0000	0.0000
0.9269	0.9570	0.0000	0.0000
0.9279	0.9574	0.0000	0.0000
0.9289	0.9578	0.0000	0.0000
0.9299	0.9582	0.0000	0.0000
0.9309	0.9586	0.0000	0.0000
0.9319	0.9591	0.0000	0.0000
0.9329	0.9595	0.0000	0.0000
0.9339	0.9599	0.0000	0.0000
0.9349	0.9603	0.0000	0.0000
0.9359	0.9607	0.0000	0.0000
0.9369	0.9611	0.0000	0.0000
0.9379	0.9615	0.0000	0.0000
0.9389	0.9619	0.0000	0.0000
0.9399	0.9623	0.0000	0.0000
0.9409	0.9627	0.0000	0.0000
0.9419	0.9631	0.0000	0.0000
0.9429	0.9635	0.0000	0.0000
0.9439	0.9638	0.0000	0.0000
0.9449	0.9642	0.0000	0.0000
0.9459	0.9646	0.0000	0.0000
0.9469	0.9650	0.0000	0.0000
0.9479	0.9654	0.0000	0.0000
0.9489	0.9658	0.0000	0.0000
0.9499	0.9662	0.0000	0.0000
0.9510	0.9665	0.0000	0.0000
0.9520	0.9669	0.0000	0.0000
0.9530	0.9673	0.0000	0.0000
0.9540	0.9677	0.0000	0.0000
0.9550	0.9680	0.0000	0.0000
0.9560	0.9684	0.0000	0.0000
0.9570	0.9688	0.0000	0.0000
0.9580	0.9692	0.0000	0.0000
0.9590	0.9695	0.0000	0.0000
0.9600	0.9699	0.0000	0.0000
0.9610	0.9703	0.0000	0.0000
0.9620	0.9706	0.0000	0.0000
0.9630	0.9710	0.0000	0.0000
0.9640	0.9714	0.0000	0.0000
0.9650	0.9717	0.0000	0.0000
0.9660	0.9721	0.0000	0.0000
0.9670	0.9724	0.0000	0.0000
0.9680	0.9728	0.0000	0.0000
0.9690	0.9732	0.0000	0.0000
0.9700	0.9735	0.0000	0.0000
0.9710	0.9739	0.0000	0.0000
0.9720	0.9742	0.0000	0.0000
0.9730	0.9746	0.0000	0.0000
0.9740	0.9749	0.0000	0.0000
0.9750	0.9753	0.0000	0.0000
0.9760	0.9756	0.0000	0.0000
0.9770	0.9760	0.0000	0.0000
0.9780	0.9763	0.0000	0.0000
0.9790	0.9766	0.0000	0.0000
0.9800	0.9770	0.0000	0.0000
0.9810	0.9773	0.0000	0.0000
0.9820	0.9777	0.0000	0.0000
0.9830	0.9780	0.0000	0.0000
0.9840	0.9783	0.0000	0.0000
0.9850	0.9787	0.0000	0.0000
0.9860	0.9790	0.0000	0.0000
0.9870	0.9793	0.0000	0.0000
0.9880	0.9797	0.0000	0.0000
0.9890	0.9800	0.0000	0.0000
0.9900	0.9803	0.0000	0.0000
0.9910	0.9807	0.0000	0.0000
0.9920	0.9810	0.0000	0.0000
0.9930	0.9813	0.0000	0.0000
0.9940	0.9816	0.0000	0.0000
0.9950	0.9820	0.0000	0.0000
0.9960	0.9823	0.0000	0.0000
0.9970	0.9826	0.0000	0.0000
0.9980	0.9829	0.0000	0.0000
0.9990	0.9832	0.0000	0.0000
1.0000	0.9836	0.0000	0.0000
0.0611
0.5005
0.9760
