0.0000	0.0189	0.0000	0.0000
0.0010	0.0197	0.0000	0.0000
0.0020	0.0204	0.0000	0.0000
0.0030	0.0211	0.0000	0.0000
0.0040	0.0218	0.0000	0.0000
0.0050	0.0225	0.0000	0.0000
0.0060	0.0233	0.0000	0.0000
0.0070	0.0240	0.0000	0.0000
0.0080	0.0247	0.0000	0.0000
0.0090	0.0254	0.0000	0.0000
0.0100	0.0261	0.0000	0.0000
0.0110	0.0269	0.0000	0.0000
0.0120	0.0276	0.0000	0.0000
0.0130	0.0283	0.0000	0.0000
0.0140	0.0290	0.0000	0.0000
0.0150	0.0297	0.0000	0.0000
0.0160	0.0305	0.0000	0.0000
0.0170	0.0312	0.0000	0.0000
0.0180	0.0319	0.0000	0.0000
0.0190	0.0326	0.0000	0.0000
0.0200	0.0334	0.0000	0.0000
0.0210	0.0341	0.0000	0.0000
0.0220	0.0348	0.0000	0.0000
0.0230	0.0355	0.0000	0.0000
0.0240	0.0363	0.0000	0.0000
0.0250	0.0370	0.0000	0.0000
0.0260	0.0377	0.0000	0.0000
0.0270	0.0384	0.0000	0.0000
0.0280	0.0392	0.0000	0.0000
0.0290	0.0399	0.0000	0.0000
0.0300	0.0406	0.0000	0.0000
0.0310	0.0414	0.0000	0.0000
0.0320	0.0421	0.0000	0.0000
0.0330	0.0428	0.0000	0.0000
0.0340	0.0435	0.0000	0.0000
0.0350	0.0443	0.0000	0.0000
0.0360	0.0450	0.0000	0.0000
0.0370	0.0457	0.0000	0.0000
0.0380	0.0465	0.0000	0.0000
0.0390	0.0472	0.0000	0.0000
0.0400	0.0479	0.0000	0.0000
0.0410	0.0487	0.0000	0.0000
0.0420	0.0494	0.0000	0.0000
0.0430	0.0501	0.0000	0.0000
0.0440	0.0509	0.0000	0.0000
0.0450	0.0516	0.0000	0.0000
0.0460	0.0523	0.0000	0.0000
0.0470	0.0531	0.0000	0.0000
0.0480	0.0538	0.0000	0.0000
0.0490	0.0545	0.0000	0.0000
0.0501	0.0553	0.0000	0.0000
0.0511	0.0560	0.0000	0.0000
0.0521	0.0568	0.0000	0.0000
0.0531	0.0575	0.0000	0.0000
0.0541	0.0582	0.0000	0.0000
0.0551	0.0590	0.0000	0.0000
0.0561	0.0597	0.0000	0.0000
0.0571	0.0605	0.0000	0.0000
0.0581	0.0612	0.0000	0.0000
0.0591	0.0619	0.0000	0.0000
0.0601	0.0627	0.0000	0.0000
0.0611	0.0634	0.0000	0.0000
0.0621	0.0642	0.0000	0.0000
0.0631	0.0649	0.0000	0.0000
0.0641	0.0657	0.0000	0.0000
0.0651	0.0664	0.0000	0.0000
0.0661	0.0672	0.0000	0.0000
0.0671	0.0679	0.0000	0.0000
0.0681	0.0686	0.0000	0.0000
0.0691	0.0694	0.0000	0.0000
0.0701	0.0701	0.0000	0.0000
0.0711	0.0709	0.0000	0.0000
0.0721	0.0716	0.0000	0.0000
0.0731	0.0724	0.0000	0.0000
0.0741	0.0731	0.0000	0.0000
0.0751	0.0739	0.0000	0.0000
0.0761	0.0746	0.0000	0.0000
0.0771	0.0754	0.0000	0.0000
0.0781	0.0761	0.0000	0.0000
0.0791	0.0769	0.0000	0.0000
0.0801	0.0776	0.0000	0.0000
0.0811	0.0784	0.0000	0.0000
0.0821	0.0792	0.0000	0.0000
0.0831	0.0799	0.0000	0.0000
0.0841	0.0807	0.0000	0.0000
0.0851	0.0814	0.0000	0.0000
0.0861	0.0822	0.0000	0.0000
0.0871	0.0829	0.0000	0.0000
0.0881	0.0837	0.0000	0.0000
0.0891	0.0844	0.0000	0.0000
0.0901	0.0852	0.0000	0.0000
0.0911	0.0860	0.0000	0.0000
0.0921	0.0867	0.0000	0.0000
0.0931	0.0875	0.0000	0.0000
0.0941	0.0882	0.0000	0.0000
0.0951	0.0890	0.0000	0.0000
0.0961	0.0898	0.0000	0.0000
0.0971	0.0905	0.0000	0.0000
0.0981	0.0913	0.0000	0.0000
0.0991	0.0921	0.0000	0.0000
0.1001	0.0928	0.0000	0.0000
0.1011	0.0936	0.0000	0.0000
0.1021	0.0944	0.0000	0.0000
0.1031	0.0951	0.0000	0.0000
0.1041	0.0959	0.0000	0.0000
0.1051	0.0967	0.0000	0.0000
0.1061	0.0974	0.0000	0.0000
0.1071	0.0982	0.0000	0.0000
0.1081	0.0990	0.0000	0.0000
0.1091	0.0997	0.0000	0.0000
0.1101	0.1005	0.0000	0.0000
0.1111	0.1013	0.0000	0.0000
0.1121	0.1021	0.0000	0.0000
0.1131	0.1028	0.0000	0.0000
0.1141	0.1036	0.0000	0.0000
0.1151	0.1044	0.0000	0.0000
0.1161	0.1052	0.0000	0.0000
0.1171	0.1059	0.0000	0.0000
0.1181	0.1067	0.0000	0.0000
0.1191	0.1075	0.0000	0.0000
0.1201	0.1083	0.0000	0.0000
0.1211	0.1090	0.0000	0.0000
0.1221	0.1098	0.0000	0.0000
0.1231	0.1106	0.0000	0.0000
0.1241	0.1114	0.0000	0.0000
0.1251	0.1122	0.0000	0.0000
0.1261	0.1129	0.0000	0.0000
0.1271	0.1137	0.0000	0.0000
0.1281	0.1145	0.0000	0.0000
0.1291	0.1153	0.0000	0.0000
0.1301	0.1161	0.0000	0.0000
0.1311	0.1169	0.0000	0.0000
0.1321	0.1177	0.0000	0.0000
0.1331	0.1184	0.0000	0.0000
0.1341	0.1192	0.0000	0.0000
0.1351	0.1200	0.0000	0.0000
0.1361	0.1208	0.0000	0.0000
0.1371	0.1216	0.0000	0.0000
0.1381	0.1224	0.0000	0.0000
0.1391	0.1232	0.0000	0.0000
0.1401	0.1240	0.0000	0.0000
0.1411	0.1248	0.0000	0.0000
0.1421	0.1256	0.0000	0.0000
0.1431	0.1264	0.0000	0.0000
0.1441	0.1272	0.0000	0.0000
0.1451	0.1280	0.0000	0.0000
0.1461	0.1288	0.0000	0.0000
0.1471	0.1296	0.0000	0.0000
0.1481	0.1304	0.0000	0.0000
0.1491	0.1312	0.0000	0.0000
0.1502	0.1320	0.0000	0.0000
0.1512	0.1328	0.0000	0.0000
0.1522	0.1336	0.0000	0.0000
0.1532	0.1344	0.0000	0.0000
0.1542	0.1352	0.0000	0.0000
0.1552	0.1360	0.0000	0.0000
0.1562	0.1368	0.0000	0.0000
0.1572	0.1376	0.0000	0.0000
0.1582	0.1384	0.0000	0.0000
0.1592	0.1392	0.0000	0.0000
0.1602	0.1400	0.0000	0.0000
0.1612	0.1408	0.0000	0.0000
0.1622	0.1416	0.0000	0.0000
0.1632	0.1424	0.0000	0.0000
0.1642	0.1432	0.0000	0.0000
0.1652	0.1441	0.0000	0.0000
0.1662	0.1449	0.0000	0.0000
0.1672	0.1457	0.0000	0.0000
0.1682	0.1465	0.0000	0.0000
0.1692	0.1473	0.0000	0.0000
0.1702	0.1481	0.0000	0.0000
0.1712	0.1489	0.0000	0.0000
0.1722	0.1498	0.0000	0.0000
0.1732	0.1506	0.0000	0.0000
0.1742	0.1514	0.0000	0.0000
0.1752	0.1522	0.0000	0.0000
0.1762	0.1531	0.0000	0.0000
0.1772	0.1539	0.0000	0.0000
0.1782	0.1547	0.0000	0.0000
0.1792	0.1555	0.0000	0.0000
0.1802	0.1563	0.0000	0.0000
0.1812	0.1572	0.0000	0.0000
0.1822	0.1580	0.0000	0.0000
0.1832	0.1588	0.0000	0.0000
0.1842	0.1597	0.0000	0.0000
0.1852	0.1605	0.0000	0.0000
0.1862	0.1613	0.0000	0.0000
0.1872	0.1622	0.0000	0.0000
0.1882	0.1630	0.0000	0.0000
0.1892	0.1638	0.0000	0.0000
0.1902	0.1647	0.0000	0.0000
0.1912	0.1655	0.0000	0.0000
0.1922	0.1663	0.0000	0.0000
0.1932	0.1672	0.0000	0.0000
0.1942	0.1680	0.0000	0.0000
0.1952	0.1688	0.0000	0.0000
0.1962	0.1697	0.0000	0.0000
0.1972	0.1705	0.0000	0.0000
0.1982	0.1714	0.0000	0.0000
0.1992	0.1722	0.0000	0.0000
0.2002	0.1731	0.0000	0.0000
0.2012	0.1739	0.0000	0.0000
0.2022	0.1748	0.0000	0.0000
0.2032	0.1756	0.0000	0.0000
0.2042	0.1764	0.0000	0.0000
0.2052	0.1773	0.0000	0.0000
0.2062	0.1781	0.0000	0.0000
0.2072	0.1790	0.0000	0.0000
0.2082	0.1799	0.0000	0.0000
0.2092	0.1807	0.0000	0.0000
0.2102	0.1816	0.0000	0.0000
0.2112	0.1824	0.0000	0.0000
0.2122	0.1833	0.0000	0.0000
0.2132	0.1841	0.0000	0.0000
0.2142	0.1850	0.0000	0.0000
0.2152	0.1858	0.0000	0.0000
0.2162	0.1867	0.0000	0.0000
0.2172	0.1876	0.0000	0.0000
0.2182	0.1884	0.0000	0.0000
0.2192	0.1893	0.0000	0.0000
0.2202	0.1902	0.0000	0.0000
0.2212	0.1910	0.0000	0.0000
0.2222	0.1919	0.0000	0.0000
0.2232	0.1928	0.0000	0.0000
0.2242	0.1936	0.0000	0.0000
0.2252	0.1945	0.0000	0.0000
0.2262	0.1954	0.0000	0.0000
0.2272	0.1963	0.0000	0.0000
0.2282	0.1971	0.0000	0.0000
0.2292	0.1980	0.0000	0.0000
0.2302	0.1989	0.0000	0.0000
0.2312	0.1998	0.0000	0.0000
0.2322	0.2006	0.0000	0.0000
0.2332	0.2015	0.0000	0.0000
0.2342	0.2024	0.0000	0.0000
0.2352	0.2033	0.0000	0.0000
0.2362	0.2042	0.0000	0.0000
0.2372	0.2050	0.0000	0.0000
0.2382	0.2059	0.0000	0.0000
0.2392	0.2068	0.0000	0.0000
0.2402	0.2077	0.0000	0.0000
0.2412	0.2086	0.0000	0.0000
0.2422	0.2095	0.0000	0.0000
0.2432	0.2104	0.0000	0.0000
0.2442	0.2113	0.0000	0.0000
0.2452	0.2122	0.0000	0.0000
0.2462	0.2130	0.0000	0.0000
0.2472	0.2139	0.0000	0.0000
0.2482	0.2148	0.0000	0.0000
0.2492	0.2157	0.0000	0.0000
0.2503	0.2166	0.0000	0.0000
0.2513	0.2175	0.0000	0.0000
0.2523	0.2184	0.0000	0.0000
0.2533	0.2193	0.0000	0.0000
0.2543	0.2202	0.0000	0.0000
0.2553	0.2212	0.0000	0.0000
0.2563	0.2221	0.0000	0.0000
0.2573	0.2230	0.0000	0.0000
0.2583	0.2239	0.0000	0.0000
0.2593	0.2248	0.0000	0.0000
0.2603	0.2257	0.0000	0.0000
0.2613	0.2266	0.0000	0.0000
0.2623	0.2275	0.0000	0.0000
0.2633	0.2284	0.0000	0.0000
0.2643	0.2294	0.0000	0.0000
0.2653	0.2303	0.0000	0.0000
0.2663	0.2312	0.0000	0.0000
0.2673	0.2321	0.0000	0.0000
0.2683	0.2330	0.0000	0.0000
0.2693	0.2340	0.0000	0.0000
0.2703	0.2349	0.0000	0.0000
0.2713	0.2358	0.0000	0.0000
0.2723	0.2367	0.0000	0.0000
0.2733	0.2377	0.0000	0.0000
0.2743	0.2386	0.0000	0.0000
0.2753	0.2395	0.0000	0.0000
0.2763	0.2405	0.0000	0.0000
0.2773	0.2414	0.0000	0.0000
0.2783	0.2423	0.0000	0.0000
0.2793	0.2433	0.0000	0.0000
0.2803	0.2442	0.0000	0.0000
0.2813	0.2452	0.0000	0.0000
0.2823	0.2461	0.0000	0.0000
0.2833	0.2470	0.0000	0.0000
0.2843	0.2480	0.0000	0.0000
0.2853	0.2489	0.0000	0.0000
0.2863	0.2499	0.0000	0.0000
0.2873	0.2508	0.0000	0.0000
0.2883	0.2518	0.0000	0.0000
0.2893	0.2527	0.0000	0.0000
0.2903	0.2537	0.0000	0.0000
0.2913	0.2546	0.0000	0.0000
0.2923	0.2556	0.0000	0.0000
0.2933	0.2566	0.0000	0.0000
0.2943	0.2575	0.0000	0.0000
0.2953	0.2585	0.0000	0.0000
0.2963	0.2594	0.0000	0.0000
0.2973	0.2604	0.0000	0.0000
0.2983	0.2614	0.0000	0.0000
0.2993	0.2623	0.0000	0.0000
0.3003	0.2633	0.0000	0.0000
0.3013	0.2643	0.0000	0.0000
0.3023	0.2652	0.0000	0.0000
0.3033	0.2662	0.0000	0.0000
0.3043	0.2672	0.0000	0.0000
0.3053	0.2682	0.0000	0.0000
0.3063	0.2691	0.0000	0.0000
0.3073	0.2701	0.0000	0.0000
0.3083	0.2711	0.0000	0.0000
0.3093	0.2721	0.0000	0.0000
0.3103	0.2731	0.0000	0.0000
0.3113	0.2740	0.0000	0.0000
0.3123	0.2750	0.0000	0.0000
0.3133	0.2760	0.0000	0.0000
0.3143	0.2770	0.0000	0.0000
0.3153	0.2780	0.0000	0.0000
0.3163	0.2790	0.0000	0.0000
0.3173	0.2800	0.0000	0.0000
0.3183	0.2810	0.0000	0.0000
0.3193	0.2820	0.0000	0.0000
0.3203	0.2830	0.0000	0.0000
0.3213	0.2840	0.0000	0.0000
0.3223	0.2850	0.0000	0.0000
0.3233	0.2860	0.0000	0.0000
0.3243	0.2870	0.0000	0.0000
0.3253	0.2880	0.0000	0.0000
0.3263	0.2890	0.0000	0.0000
0.3273	0.2900	0.0000	0.0000
0.3283	0.2911	0.0000	0.0000
0.3293	0.2921	0.0000	0.0000
0.3303	0.2931	0.0000	0.0000
0.3313	0.2941	0.0000	0.0000
0.3323	0.2951	0.0000	0.0000
0.3333	0.2961	0.0000	0.0000
0.3343	0.2972	0.0000	0.0000
0.3353	0.2982	0.0000	0.0000
0.3363	0.2992	0.0000	0.0000
0.3373	0.3003	0.0000	0.0000
0.3383	0.3013	0.0000	0.0000
0.3393	0.3023	0.0000	0.0000
0.3403	0.3034	0.0000	0.0000
0.3413	0.3044	0.0000	0.0000
0.3423	0.3054	0.0000	0.0000
0.3433	0.3065	0.0000	0.0000
0.3443	0.3075	0.0000	0.0000
0.3453	0.3086	0.0000	0.0000
0.3463	0.3096	0.0000	0.0000
0.3473	0.3107	0.0000	0.0000
0.3483	0.3117	0.0000	0.0000
0.3493	0.3128	0.0000	0.0000
0.3504	0.3138	0.0000	0.0000
0.3514	0.3149	0.0000	0.0000
0.3524	0.3159	0.0000	0.0000
0.3534	0.3170	0.0000	0.0000
0.3544	0.3181	0.0000	0.0000
0.3554	0.3191	0.0000	0.0000
0.3564	0.3202	0.0000	0.0000
0.3574	0.3213	0.0000	0.0000
0.3584	0.3223	0.0000	0.0000
0.3594	0.3234	0.0000	0.0000
0.3604	0.3245	0.0000	0.0000
0.3614	0.3255	0.0000	0.0000
0.3624	0.3266	0.0000	0.0000
0.3634	0.3277	0.0000	0.0000
0.3644	0.3288	0.0000	0.0000
0.3654	0.3299	0.0000	0.0000
0.3664	0.3310	0.0000	0.0000
0.3674	0.3320	0.0000	0.0000
0.3684	0.3331	0.0000	0.0000
0.3694	0.3342	0.0000	0.0000
0.3704	0.3353	0.0000	0.0000
0.3714	0.3364	0.0000	0.0000
0.3724	0.3375	0.0000	0.0000
0.3734	0.3386	0.0000	0.0000
0.3744	0.3397	0.0000	0.0000
0.3754	0.3408	0.0000	0.0000
0.3764	0.3419	0.0000	0.0000
0.3774	0.3431	0.0000	0.0000
0.3784	0.3442	0.0000	0.0000
0.3794	0.3453	0.0000	0.0000
0.3804	0.3464	0.0000	0.0000
0.3814	0.3475	0.0000	0.0000
0.3824	0.3486	0.0000	0.0000
0.3834	0.3498	0.0000	0.0000
0.3844	0.3509	0.0000	0.0000
0.3854	0.3520	0.0000	0.0000
0.3864	0.3532	0.0000	0.0000
0.3874	0.3543	0.0000	0.0000
0.3884	0.3554	0.0000	0.0000
0.3894	0.3566	0.0000	0.0000
0.3904	0.3577	0.0000	0.0000
0.3914	0.3588	0.0000	0.0000
0.3924	0.3600	0.0000	0.0000
0.3934	0.3611	0.0000	0.0000
0.3944	0.3623	0.0000	0.0000
0.3954	0.3634	0.0000	0.0000
0.3964	0.3646	0.0000	0.0000
0.3974	0.3658	0.0000	0.0000
0.3984	0.3669	0.0000	0.0000
0.3994	0.3681	0.0000	0.0000
0.4004	0.3692	0.0000	0.0000
0.4014	0.3704	0.0000	0.0000
0.4024	0.3716	0.0000	0.0000
0.4034	0.3727	0.0000	0.0000
0.4044	0.3739	0.0000	0.0000
0.4054	0.3751	0.0000	0.0000
0.4064	0.3763	0.0000	0.0000
0.4074	0.3775	0.0000	0.0000
0.4084	0.3786	0.0000	0.0000
0.4094	0.3798	0.0000	0.0000
0.4104	0.3810	0.0000	0.0000
0.4114	0.3822	0.0000	0.0000
0.4124	0.3834	0.0000	0.0000
0.4134	0.3846	0.0000	0.0000
0.4144	0.3858	0.0000	0.0000
0.4154	0.3870	0.0000	0.0000
0.4164	0.3882	0.0000	0.0000
0.4174	0.3894	0.0000	0.0000
0.4184	0.3906	0.0000	0.0000
0.4194	0.3919	0.0000	0.0000
0.4204	0.3931	0.0000	0.0000
0.4214	0.3943	0.0000	0.0000
0.4224	0.3955	0.0000	0.0000
0.4234	0.3967	0.0000	0.0000
0.4244	0.3980	0.0000	0.0000
0.4254	0.3992	0.0000	0.0000
0.4264	0.4004	0.0000	0.0000
0.4274	0.4017	0.0000	0.0000
0.4284	0.4029	0.0000	0.0000
0.4294	0.4042	0.0000	0.0000
0.4304	0.4054	0.0000	0.0000
0.4314	0.4067	0.0000	0.0000
0.4324	0.4079	0.0000	0.0000
0.4334	0.4092	0.0000	0.0000
0.4344	0.4104	0.0000	0.0000
0.4354	0.4117	0.0000	0.0000
0.4364	0.4130	0.0000	0.0000
0.4374	0.4142	0.0000	0.0000
0.4384	0.4155	0.0000	0.0000
0.4394	0.4168	0.0000	0.0000
0.4404	0.4180	0.0000	0.0000
0.4414	0.4193	0.0000	0.0000
0.4424	0.4206	0.0000	0.0000
0.4434	0.4219	0.0000	0.0000
0.4444	0.4232	0.0000	0.0000
0.4454	0.4245	0.0000	0.0000
0.4464	0.4258	0.0000	0.0000
0.4474	0.4271	0.0000	0.0000
0.4484	0.4284	0.0000	0.0000
0.4494	0.4297	0.0000	0.0000
0.4505	0.4310	0.0000	0.0000
0.4515	0.4323	0.0000	0.0000
0.4525	0.4336	0.0000	0.0000
0.4535	0.4349	0.0000	0.0000
0.4545	0.4362	0.0000	0.0000
0.4555	0.4376	0.0000	0.0000
0.4565	0.4389	0.0000	0.0000
0.4575	0.4402	0.0000	0.0000
0.4585	0.4416	0.0000	0.0000
0.4595	0.4429	0.0000	0.0000
0.4605	0.4442	0.0000	0.0000
0.4615	0.4456	0.0000	0.0000
0.4625	0.4469	0.0000	0.0000
0.4635	0.4483	0.0000	0.0000
0.4645	0.4496	0.0000	0.0000
0.4655	0.4510	0.0000	0.0000
0.4665	0.4524	0.0000	0.0000
0.4675	0.4537	0.0000	0.0000
0.4685	0.4551	0.0000	0.0000
0.4695	0.4565	0.0000	0.0000
0.4705	0.4579	0.0000	0.0000
0.4715	0.4592	0.0000	0.0000
0.4725	0.4606	0.0000	0.0000
0.4735	0.4620	0.0000	0.0000
0.4745	0.4634	0.0000	0.0000
0.4755	0.4648	0.0000	0.0000
0.4765	0.4662	0.0000	0.0000
0.4775	0.4676	0.0000	0.0000
0.4785	0.4690	0.0000	0.0000
0.4795	0.4704	0.0000	0.0000
0.4805	0.4718	0.0000	0.0000
0.4815	0.4733	0.0000	0.0000
0.4825	0.4747	0.0000	0.0000
0.4835	0.4761	0.0000	0.0000
0.4845	0.4775	0.0000	0.0000
0.4855	0.4790	0.0000	0.0000
0.4865	0.4804	0.0000	0.0000
0.4875	0.4819	0.0000	0.0000
0.4885	0.4833	0.0000	0.0000
0.4895	0.4848	0.0000	0.0000
0.4905	0.4862	0.0000	0.0000
0.4915	0.4877	0.0000	0.0000
0.4925	0.4891	0.0000	0.0000
0.4935	0.4906	0.0000	0.0000
0.4945	0.4921	0.0000	0.0000
0.4955	0.4936	0.0000	0.0000
0.4965	0.4950	0.0000	0.0000
0.4975	0.4965	0.0000	0.0000
0.4985	0.4980	0.0000	0.0000
0.4995	0.4995	0.0000	0.0000
0.5005	0.5014	0.0000	0.0000
0.5015	0.5037	0.0000	0.0000
0.5025	0.5060	0.0000	0.0000
0.5035	0.5082	0.0000	0.0000
0.5045	0.5105	0.0000	0.0000
0.5055	0.5127	0.0000	0.0000
0.5065	0.5149	0.0000	0.0000
0.5075	0.5172	0.0000	0.0000
0.5085	0.5194	0.0000	0.0000
0.5095	0.5216	0.0000	0.0000
0.5105	0.5238	0.0000	0.0000
0.5115	0.5259	0.0000	0.0000
0.5125	0.5281	0.0000	0.0000
0.5135	0.5303	0.0000	0.0000
0.5145	0.5324	0.0000	0.0000
0.5155	0.5346	0.0000	0.0000
0.5165	0.5367	0.0000	0.0000
0.5175	0.5388	0.0000	0.0000
0.5185	0.5409	0.0000	0.0000
0.5195	0.5430	0.0000	0.0000
0.5205	0.5451	0.0000	0.0000
0.5215	0.5472	0.0000	0.0000
0.5225	0.5493	0.0000	0.0000
0.5235	0.5513	0.0000	0.0000
0.5245	0.5534	0.0000	0.0000
0.5255	0.5554	0.0000	0.0000
0.5265	0.5575	0.0000	0.0000
0.5275	0.5595	0.0000	0.0000
0.5285	0.5615	0.0000	0.0000
0.5295	0.5635	0.0000	0.0000
0.5305	0.5655	0.0000	0.0000
0.5315	0.5675	0.0000	0.0000
0.5325	0.5695	0.0000	0.0000
0.5335	0.5714	0.0000	0.0000
0.5345	0.5734	0.0000	0.0000
0.5355	0.5753	0.0000	0.0000
0.5365	0.5773	0.0000	0.0000
0.5375	0.5792	0.0000	0.0000
0.5385	0.5812	0.0000	0.0000
0.5395	0.5831	0.0000	0.0000
0.5405	0.5850	0.0000	0.0000
0.5415	0.5869	0.0000	0.0000
0.5425	0.5888	0.0000	0.0000
0.5435	0.5907	0.0000	0.0000
0.5445	0.5925	0.0000	0.0000
0.5455	0.5944	0.0000	0.0000
0.5465	0.5963	0.0000	0.0000
0.5475	0.5981	0.0000	0.0000
0.5485	0.6000	0.0000	0.0000
0.5495	0.6018	0.0000	0.0000
0.5506	0.6036	0.0000	0.0000
0.5516	0.6054	0.0000	0.0000
0.5526	0.6072	0.0000	0.0000
0.5536	0.6091	0.0000	0.0000
0.5546	0.6108	0.0000	0.0000
0.5556	0.6126	0.0000	0.0000
0.5566	0.6144	0.0000	0.0000
0.5576	0.6162	0.0000	0.0000
0.5586	0.6179	0.0000	0.0000
0.5596	0.6197	0.0000	0.0000
0.5606	0.6215	0.0000	0.0000
0.5616	0.6232	0.0000	0.0000
0.5626	0.6249	0.0000	0.0000
0.5636	0.6266	0.0000	0.0000
0.5646	0.6284	0.0000	0.0000
0.5656	0.6301	0.0000	0.0000
0.5666	0.6318	0.0000	0.0000
0.5676	0.6335	0.0000	0.0000
0.5686	0.6352	0.0000	0.0000
0.5696	0.6368	0.0000	0.0000
0.5706	0.6385	0.0000	0.0000
0.5716	0.6402	0.0000	0.0000
0.5726	0.6418	0.0000	0.0000
0.5736	0.6435	0.0000	0.0000
0.5746	0.6451	0.0000	0.0000
0.5756	0.6468	0.0000	0.0000
0.5766	0.6484	0.0000	0.0000
0.5776	0.6500	0.0000	0.0000
0.5786	0.6517	0.0000	0.0000
0.5796	0.6533	0.0000	0.0000
0.5806	0.6549	0.0000	0.0000
0.5816	0.6565	0.0000	0.0000
0.5826	0.6581	0.0000	0.0000
0.5836	0.6596	0.0000	0.0000
0.5846	0.6612	0.0000	0.0000
0.5856	0.6628	0.0000	0.0000
0.5866	0.6643	0.0000	0.0000
0.5876	0.6659	0.0000	0.0000
0.5886	0.6674	0.0000	0.0000
0.5896	0.6690	0.0000	0.0000
0.5906	0.6705	0.0000	0.0000
0.5916	0.6721	0.0000	0.0000
0.5926	0.6736	0.0000	0.0000
0.5936	0.6751	0.0000	0.0000
0.5946	0.6766	0.0000	0.0000
0.5956	0.6781	0.0000	0.0000
0.5966	0.6796	0.0000	0.0000
0.5976	0.6811	0.0000	0.0000
0.5986	0.6826	0.0000	0.0000
0.5996	0.6841	0.0000	0.0000
0.6006	0.6855	0.0000	0.0000
0.6016	0.6870	0.0000	0.0000
0.6026	0.6885	0.0000	0.0000
0.6036	0.6899	0.0000	0.0000
0.6046	0.6914	0.0000	0.0000
0.6056	0.6928	0.0000	0.0000
0.6066	0.6942	0.0000	0.0000
0.6076	0.6957	0.0000	0.0000
0.6086	0.6971	0.0000	0.0000
0.6096	0.6985	0.0000	0.0000
0.6106	0.6999	0.0000	0.0000
0.6116	0.7013	0.0000	0.0000
0.6126	0.7027	0.0000	0.0000
0.6136	0.7041	0.0000	0.0000
0.6146	0.7055	0.0000	0.0000
0.6156	0.7069	0.0000	0.0000
0.6166	0.7083	0.0000	0.0000
0.6176	0.7097	0.0000	0.0000
0.6186	0.7110	0.0000	0.0000
0.6196	0.7124	0.0000	0.0000
0.6206	0.7137	0.0000	0.0000
0.6216	0.7151	0.0000	0.0000
0.6226	0.7164	0.0000	0.0000
0.6236	0.7178	0.0000	0.0000
0.6246	0.7191	0.0000	0.0000
0.6256	0.7204	0.0000	0.0000
0.6266	0.7218	0.0000	0.0000
0.6276	0.7231	0.0000	0.0000
0.6286	0.7244	0.0000	0.0000
0.6296	0.7257	0.0000	0.0000
0.6306	0.7270	0.0000	0.0000
0.6316	0.7283	0.0000	0.0000
0.6326	0.7296	0.0000	0.0000
0.6336	0.7309	0.0000	0.0000
0.6346	0.7321	0.0000	0.0000
0.6356	0.7334	0.0000	0.0000
0.6366	0.7347	0.0000	0.0000
0.6376	0.7359	0.0000	0.0000
0.6386	0.7372	0.0000	0.0000
0.6396	0.7385	0.0000	0.0000
0.6406	0.7397	0.0000	0.0000
0.6416	0.7410	0.0000	0.0000
0.6426	0.7422	0.0000	0.0000
0.6436	0.7434	0.0000	0.0000
0.6446	0.7447	0.0000	0.0000
0.6456	0.7459	0.0000	0.0000
0.6466	0.7471	0.0000	0.0000
0.6476	0.7483	0.0000	0.0000
0.6486	0.7495	0.0000	0.0000
0.6496	0.7507	0.0000	0.0000
0.6507	0.7519	0.0000	0.0000
0.6517	0.7531	0.0000	0.0000
0.6527	0.7543	0.0000	0.0000
0.6537	0.7555	0.0000	0.0000
0.6547	0.7567	0.0000	0.0000
0.6557	0.7578	0.0000	0.0000
0.6567	0.7590	0.0000	0.0000
0.6577	0.7602	0.0000	0.0000
0.6587	0.7613	0.0000	0.0000
0.6597	0.7625	0.0000	0.0000
0.6607	0.7636	0.0000	0.0000
0.6617	0.7648	0.0000	0.0000
0.6627	0.7659	0.0000	0.0000
0.6637	0.7671	0.0000	0.0000
0.6647	0.7682	0.0000	0.0000
0.6657	0.7693	0.0000	0.0000
0.6667	0.7705	0.0000	0.0000
0.6677	0.7716	0.0000	0.0000
0.6687	0.7727	0.0000	0.0000
0.6697	0.7738	0.0000	0.0000
0.6707	0.7749	0.0000	0.0000
0.6717	0.7760	0.0000	0.0000
0.6727	0.7771	0.0000	0.0000
0.6737	0.7782	0.0000	0.0000
0.6747	0.7793	0.0000	0.0000
0.6757	0.7804	0.0000	0.0000
0.6767	0.7815	0.0000	0.0000
0.6777	0.7825	0.0000	0.0000
0.6787	0.7836	0.0000	0.0000
0.6797	0.7847	0.0000	0.0000
0.6807	0.7857	0.0000	0.0000
0.6817	0.7868	0.0000	0.0000
0.6827	0.7878	0.0000	0.0000
0.6837	0.7889	0.0000	0.0000
0.6847	0.7899	0.0000	0.0000
0.6857	0.7910	0.0000	0.0000
0.6867	0.7920	0.0000	0.0000
0.6877	0.7931	0.0000	0.0000
0.6887	0.7941	0.0000	0.0000
0.6897	0.7951	0.0000	0.0000
0.6907	0.7961	0.0000	0.0000
0.6917	0.7972	0.0000	0.0000
0.6927	0.7982	0.0000	0.0000
0.6937	0.7992	0.0000	0.0000
0.6947	0.8002	0.0000	0.0000
0.6957	0.8012	0.0000	0.0000
0.6967	0.8022	0.0000	0.0000
0.6977	0.8032	0.0000	0.0000
0.6987	0.8042	0.0000	0.0000
0.6997	0.8052	0.0000	0.0000
0.7007	0.8061	0.0000	0.0000
0.7017	0.8071	0.0000	0.0000
0.7027	0.8081	0.0000	0.0000
0.7037	0.8091	0.0000	0.0000
0.7047	0.8100	0.0000	0.0000
0.7057	0.8110	0.0000	0.0000
0.7067	0.8119	0.0000	0.0000
0.7077	0.8129	0.0000	0.0000
0.7087	0.8139	0.0000	0.0000
0.7097	0.8148	0.0000	0.0000
0.7107	0.8158	0.0000	0.0000
0.7117	0.8167	0.0000	0.0000
0.7127	0.8176	0.0000	0.0000
0.7137	0.8186	0.0000	0.0000
0.7147	0.8195	0.0000	0.0000
0.7157	0.8204	0.0000	0.0000
0.7167	0.8213	0.0000	0.0000
0.7177	0.8223	0.0000	0.0000
0.7187	0.8232	0.0000	0.0000
0.7197	0.8241	0.0000	0.0000
0.7207	0.8250	0.0000	0.0000
0.7217	0.8259	0.0000	0.0000
0.7227	0.8268	0.0000	0.0000
0.7237	0.8277	0.0000	0.0000
0.7247	0.8286	0.0000	0.0000
0.7257	0.8295	0.0000	0.0000
0.7267	0.8304	0.0000	0.0000
0.7277	0.8313	0.0000	0.0000
0.7287	0.8321	0.0000	0.0000
0.7297	0.8330	0.0000	0.0000
0.7307	0.8339	0.0000	0.0000
0.7317	0.8348	0.0000	0.0000
0.7327	0.8356	0.0000	0.0000
0.7337	0.8365	0.0000	0.0000
0.7347	0.8374	0.0000	0.0000
0.7357	0.8382	0.0000	0.0000
0.7367	0.8391	0.0000	0.0000
0.7377	0.8399	0.0000	0.0000
0.7387	0.8408	0.0000	0.0000
0.7397	0.8416	0.0000	0.0000
0.7407	0.8425	0.0000	0.0000
0.7417	0.8433	0.0000	0.0000
0.7427	0.8441	0.0000	0.0000
0.7437	0.8450	0.0000	0.0000
0.7447	0.8458	0.0000	0.0000
0.7457	0.8466	0.0000	0.0000
0.7467	0.8474	0.0000	0.0000
0.7477	0.8483	0.0000	0.0000
0.7487	0.8491	0.0000	0.0000
0.7497	0.8499	0.0000	0.0000
0.7508	0.8507	0.0000	0.0000
0.7518	0.8515	0.0000	0.0000
0.7528	0.8523	0.0000	0.0000
0.7538	0.8531	0.0000	0.0000
0.7548	0.8539	0.0000	0.0000
0.7558	0.8547	0.0000	0.0000
0.7568	0.8555	0.0000	0.0000
0.7578	0.8563	0.0000	0.0000
0.7588	0.8571	0.0000	0.0000
0.7598	0.8578	0.0000	0.0000
0.7608	0.8586	0.0000	0.0000
0.7618	0.8594	0.0000	0.0000
0.7628	0.8602	0.0000	0.0000
0.7638	0.8609	0.0000	0.0000
0.7648	0.8617	0.0000	0.0000
0.7658	0.8625	0.0000	0.0000
0.7668	0.8632	0.0000	0.0000
0.7678	0.8640	0.0000	0.0000
0.7688	0.8647	0.0000	0.0000
0.7698	0.8655	0.0000	0.0000
0.7708	0.8662	0.0000	0.0000
0.7718	0.8670	0.0000	0.0000
0.7728	0.8677	0.0000	0.0000
0.7738	0.8685	0.0000	0.0000
0.7748	0.8692	0.0000	0.0000
0.7758	0.8699	0.0000	0.0000
0.7768	0.8707	0.0000	0.0000
0.7778	0.8714	0.0000	0.0000
0.7788	0.8721	0.0000	0.0000
0.7798	0.8729	0.0000	0.0000
0.7808	0.8736	0.0000	0.0000
0.7818	0.8743	0.0000	0.0000
0.7828	0.8750	0.0000	0.0000
0.7838	0.8757	0.0000	0.0000
0.7848	0.8764	0.0000	0.0000
0.7858	0.8772	0.0000	0.0000
0.7868	0.8779	0.0000	0.0000
0.7878	0.8786	0.0000	0.0000
0.7888	0.8793	0.0000	0.0000
0.7898	0.8800	0.0000	0.0000
0.7908	0.8807	0.0000	0.0000
0.7918	0.8813	0.0000	0.0000
0.7928	0.8820	0.0000	0.0000
0.7938	0.8827	0.0000	0.0000
0.7948	0.8834	0.0000	0.0000
0.7958	0.8841	0.0000	0.0000
0.7968	0.8848	0.0000	0.0000
0.7978	0.8854	0.0000	0.0000
0.7988	0.8861	0.0000	0.0000
0.7998	0.8868	0.0000	0.0000
0.8008	0.8875	0.0000	0.0000
0.8018	0.8881	0.0000	0.0000
0.8028	0.8888	0.0000	0.0000
0.8038	0.8894	0.0000	0.0000
0.8048	0.8901	0.0000	0.0000
0.8058	0.8908	0.0000	0.0000
0.8068	0.8914	0.0000	0.0000
0.8078	0.8921	0.0000	0.0000
0.8088	0.8927	0.0000	0.0000
0.8098	0.8934	0.0000	0.0000
0.8108	0.8940	0.0000	0.0000
0.8118	0.8946	0.0000	0.0000
0.8128	0.8953	0.0000	0.0000
0.8138	0.8959	0.0000	0.0000
0.8148	0.8966	0.0000	0.0000
0.8158	0.8972	0.0000	0.0000
0.8168	0.8978	0.0000	0.0000
0.8178	0.8984	0.0000	0.0000
0.8188	0.8991	0.0000	0.0000
0.8198	0.8997	0.0000	0.0000
0.8208	0.9003	0.0000	0.0000
0.8218	0.9009	0.0000	0.0000
0.8228	0.9015	0.0000	0.0000
0.8238	0.9022	0.0000	0.0000
0.8248	0.9028	0.0000	0.0000
0.8258	0.9034	0.0000	0.0000
0.8268	0.9040	0.0000	0.0000
0.8278	0.9046	0.0000	0.0000
0.8288	0.9052	0.0000	0.0000
0.8298	0.9058	0.0000	0.0000
0.8308	0.9064	0.0000	0.0000
0.8318	0.9070	0.0000	0.0000
0.8328	0.9076	0.0000	0.0000
0.8338	0.9082	0.0000	0.0000
0.8348	0.9088	0.0000	0.0000
0.8358	0.9093	0.0000	0.0000
0.8368	0.9099	0.0000	0.0000
0.8378	0.9105	0.0000	0.0000
0.8388	0.9111	0.0000	0.0000
0.8398	0.9117	0.0000	0.0000
0.8408	0.9122	0.0000	0.0000
0.8418	0.9128	0.0000	0.0000
0.8428	0.9134	0.0000	0.0000
0.8438	0.9140	0.0000	0.0000
0.8448	0.9145	0.0000	0.0000
0.8458	0.9151	0.0000	0.0000
0.8468	0.9156	0.0000	0.0000
0.8478	0.9162	0.0000	0.0000
0.8488	0.9168	0.0000	0.0000
0.8498	0.9173	0.0000	0.0000
0.8509	0.9179	0.0000	0.0000
0.8519	0.9184	0.0000	0.0000
0.8529	0.9190	0.0000	0.0000
0.8539	0.9195	0.0000	0.0000
0.8549	0.9201	0.0000	0.0000
0.8559	0.9206	0.0000	0.0000
0.8569	0.9212	0.0000	0.0000
0.8579	0.9217	0.0000	0.0000
0.8589	0.9222	0.0000	0.0000
0.8599	0.9228	0.0000	0.0000
0.8609	0.9233	0.0000	0.0000
0.8619	0.9238	0.0000	0.0000
0.8629	0.9244	0.0000	0.0000
0.8639	0.9249	0.0000	0.0000
0.8649	0.9254	0.0000	0.0000
0.8659	0.9259	0.0000	0.0000
0.8669	0.9265	0.0000	0.0000
0.8679	0.9270	0.0000	0.0000
0.8689	0.9275	0.0000	0.0000
0.8699	0.9280	0.0000	0.0000
0.8709	0.9285	0.0000	0.0000
0.8719	0.9290	0.0000	0.0000
0.8729	0.9295	0.0000	0.0000
0.8739	0.9301	0.0000	0.0000
0.8749	0.9306	0.0000	0.0000
0.8759	0.9311	0.0000	0.0000
0.8769	0.9316	0.0000	0.0000
0.8779	0.9321	0.0000	0.0000
0.8789	0.9326	0.0000	0.0000
0.8799	0.9331	0.0000	0.0000
0.8809	0.9336	0.0000	0.0000
0.8819	0.9340	0.0000	0.0000
0.8829	0.9345	0.0000	0.0000
0.8839	0.9350	0.0000	0.0000
0.8849	0.9355	0.0000	0.0000
0.8859	0.9360	0.0000	0.0000
0.8869	0.9365	0.0000	0.0000
0.8879	0.9370	0.0000	0.0000
0.8889	0.9374	0.0000	0.0000
0.8899	0.9379	0.0000	0.0000
0.8909	0.9384	0.0000	0.0000
0.8919	0.9389	0.0000	0.0000
0.8929	0.9394	0.0000	0.0000
0.8939	0.9398	0.0000	0.0000
0.8949	0.9403	0.0000	0.0000
0.8959	0.9408	0.0000	0.0000
0.8969	0.9412	0.0000	0.0000
0.8979	0.9417	0.0000	0.0000
0.8989	0.9422	0.0000	0.0000
0.8999	0.9426	0.0000	0.0000
0.9009	0.9431	0.0000	0.0000
0.9019	0.9435	0.0000	0.0000
0.9029	0.9440	0.0000	0.0000
0.9039	0.9444	0.0000	0.0000
0.9049	0.9449	0.0000	0.0000
0.9059	0.9453	0.0000	0.0000
0.9069	0.9458	0.0000	0.0000
0.9079	0.9462	0.0000	0.0000
0.9089	0.9467	0.0000	0.0000
0.9099	0.9471	0.0000	0.0000
0.9109	0.9476	0.0000	0.0000
0.9119	0.9480	0.0000	0.0000
0.9129	0.9484	0.0000	0.0000
0.9139	0.9489	0.0000	0.0000
0.9149	0.9493	0.0000	0.0000
0.9159	0.9498	0.0000	0.0000
0.9169	0.9502	0.0000	0.0000
0.9179	0.9506	0.0000	0.0000
0.9189	0.9510	0.0000	0.0000
0.9199	0.9515	0.0000	0.0000
0.9209	0.9519	0.0000	0.0000
0.9219	0.9523	0.0000	0.0000
0.9229	0.9527	0.0000	0.0000
0.9239	0.9532	0.0000	0.0000
0.9249	0.9536	0.0000	0.0000
0.9259	0.9540	0.0000	0.0000
0.9269	0.9544	0.0000	0.0000
0.9279	0.9548	0.0000	0.0000
0.9289	0.9553	0.0000	0.0000
0.9299	0.9557	0.0000	0.0000
0.9309	0.9561	0.0000	0.0000
0.9319	0.9565	0.0000	0.0000
0.9329	0.9569	0.0000	0.0000
0.9339	0.9573	0.0000	0.0000
0.9349	0.9577	0.0000	0.0000
0.9359	0.9581	0.0000	0.0000
0.9369	0.9585	0.0000	0.0000
0.9379	0.9589	0.0000	0.0000
0.9389	0.9593	0.0000	0.0000
0.9399	0.9597	0.0000	0.0000
0.9409	0.9601	0.0000	0.0000
0.9419	0.9605	0.0000	0.0000
0.9429	0.9609	0.0000	0.0000
0.9439	0.9613	0.0000	0.0000
0.9449	0.9617	0.0000	0.0000
0.9459	0.9621	0.0000	0.0000
0.9469	0.9624	0.0000	0.0000
0.9479	0.9628	0.0000	0.0000
0.9489	0.9632	0.0000	0.0000
0.9499	0.9636	0.0000	0.0000
0.9510	0.9640	0.0000	0.0000
0.9520	0.9643	0.0000	0.0000
0.9530	0.9647	0.0000	0.0000
0.9540	0.9651	0.0000	0.0000
0.9550	0.9655	0.0000	0.0000
0.9560	0.9659	0.0000	0.0000
0.9570	0.9662	0.0000	0.0000
0.9580	0.9666	0.0000	0.0000
0.9590	0.9670	0.0000	0.0000
0.9600	0.9673	0.0000	0.0000
0.9610	0.9677	0.0000	0.0000
0.9620	0.9681	0.0000	0.0000
0.9630	0.9684	0.0000	0.0000
0.9640	0.9688	0.0000	0.0000
0.9650	0.9692	0.0000	0.0000
0.9660	0.9695	0.0000	0.0000
0.9670	0.9699	0.0000	0.0000
0.9680	0.9702	0.0000	0.0000
0.9690	0.9706	0.0000	0.0000
0.9700	0.9710	0.0000	0.0000
0.9710	0.9713	0.0000	0.0000
0.9720	0.9717	0.0000	0.0000
0.9730	0.9720	0.0000	0.0000
0.9740	0.9724	0.0000	0.0000
0.9750	0.9727	0.0000	0.0000
0.9760	0.9731	0.0000	0.0000
0.9770	0.9734	0.0000	0.0000
0.9780	0.9738	0.0000	0.0000
0.9790	0.9741	0.0000	0.0000
0.9800	0.9744	0.0000	0.0000
0.9810	0.9748	0.0000	0.0000
0.9820	0.9751	0.0000	0.0000
0.9830	0.9755	0.0000	0.0000
0.9840	0.9758	0.0000	0.0000
0.9850	0.9761	0.0000	0.0000
0.9860	0.9765	0.0000	0.0000
0.9870	0.9768	0.0000	0.0000
0.9880	0.9771	0.0000	0.0000
0.9890	0.9775	0.0000	0.0000
0.9900	0.9778	0.0000	0.0000
0.9910	0.9781	0.0000	0.0000
0.9920	0.9785	0.0000	0.0000
0.9930	0.9788	0.0000	0.0000
0.9940	0.9791	0.0000	0.0000
0.9950	0.9794	0.0000	0.0000
0.9960	0.9798	0.0000	0.0000
0.9970	0.9801	0.0000	0.0000
0.9980	0.9804	0.0000	0.0000
0.9990	0.9807	0.0000	0.0000
1.0000	0.9811	0.0000	0.0000
0.0711
0.4995
0.9720
