0.0000	0.0213	0.0000	0.0000
0.0010	0.0221	0.0000	0.0000
0.0020	0.0228	0.0000	0.0000
0.0030	0.0235	0.0000	0.0000
0.0040	0.0242	0.0000	0.0000
0.0050	0.0249	0.0000	0.0000
0.0060	0.0257	0.0000	0.0000
0.0070	0.0264	0.0000	0.0000
0.0080	0.0271	0.0000	0.0000
0.0090	0.0278	0.0000	0.0000
0.0100	0.0286	0.0000	0.0000
0.0110	0.0293	0.0000	0.0000
0.0120	0.0300	0.0000	0.0000
0.0130	0.0307	0.0000	0.0000
0.0140	0.0315	0.0000	0.0000
0.0150	0.0322	0.0000	0.0000
0.0160	0.0329	0.0000	0.0000
0.0170	0.0336	0.0000	0.0000
0.0180	0.0343	0.0000	0.0000
0.0190	0.0351	0.0000	0.0000
0.0200	0.0358	0.0000	0.0000
0.0210	0.0365	0.0000	0.0000
0.0220	0.0373	0.0000	0.0000
0.0230	0.0380	0.0000	0.0000
0.0240	0.0387	0.0000	0.0000
0.0250	0.0394	0.0000	0.0000
0.0260	0.0402	0.0000	0.0000
0.0270	0.0409	0.0000	0.0000
0.0280	0.0416	0.0000	0.0000
0.0290	0.0424	0.0000	0.0000
0.0300	0.0431	0.0000	0.0000
0.0310	0.0438	0.0000	0.0000
0.0320	0.0445	0.0000	0.0000
0.0330	0.0453	0.0000	0.0000
0.0340	0.0460	0.0000	0.0000
0.0350	0.0467	0.0000	0.0000
0.0360	0.0475	0.0000	0.0000
0.0370	0.0482	0.0000	0.0000
0.0380	0.0489	0.0000	0.0000
0.0390	0.0497	0.0000	0.0000
0.0400	0.0504	0.0000	0.0000
0.0410	0.0511	0.0000	0.0000
0.0420	0.0519	0.0000	0.0000
0.0430	0.0526	0.0000	0.0000
0.0440	0.0533	0.0000	0.0000
0.0450	0.0541	0.0000	0.0000
0.0460	0.0548	0.0000	0.0000
0.0470	0.0555	0.0000	0.0000
0.0480	0.0563	0.0000	0.0000
0.0490	0.0570	0.0000	0.0000
0.0501	0.0578	0.0000	0.0000
0.0511	0.0585	0.0000	0.0000
0.0521	0.0592	0.0000	0.0000
0.0531	0.0600	0.0000	0.0000
0.0541	0.0607	0.0000	0.0000
0.0551	0.0615	0.0000	0.0000
0.0561	0.0622	0.0000	0.0000
0.0571	0.0629	0.0000	0.0000
0.0581	0.0637	0.0000	0.0000
0.0591	0.0644	0.0000	0.0000
0.0601	0.0652	0.0000	0.0000
0.0611	0.0659	0.0000	0.0000
0.0621	0.0667	0.0000	0.0000
0.0631	0.0674	0.0000	0.0000
0.0641	0.0681	0.0000	0.0000
0.0651	0.0689	0.0000	0.0000
0.0661	0.0696	0.0000	0.0000
0.0671	0.0704	0.0000	0.0000
0.0681	0.0711	0.0000	0.0000
0.0691	0.0719	0.0000	0.0000
0.0701	0.0726	0.0000	0.0000
0.0711	0.0734	0.0000	0.0000
0.0721	0.0741	0.0000	0.0000
0.0731	0.0749	0.0000	0.0000
0.0741	0.0756	0.0000	0.0000
0.0751	0.0764	0.0000	0.0000
0.0761	0.0771	0.0000	0.0000
0.0771	0.0779	0.0000	0.0000
0.0781	0.0786	0.0000	0.0000
0.0791	0.0794	0.0000	0.0000
0.0801	0.0801	0.0000	0.0000
0.0811	0.0809	0.0000	0.0000
0.0821	0.0816	0.0000	0.0000
0.0831	0.0824	0.0000	0.0000
0.0841	0.0831	0.0000	0.0000
0.0851	0.0839	0.0000	0.0000
0.0861	0.0847	0.0000	0.0000
0.0871	0.0854	0.0000	0.0000
0.0881	0.0862	0.0000	0.0000
0.0891	0.0869	0.0000	0.0000
0.0901	0.0877	0.0000	0.0000
0.0911	0.0885	0.0000	0.0000
0.0921	0.0892	0.0000	0.0000
0.0931	0.0900	0.0000	0.0000
0.0941	0.0907	0.0000	0.0000
0.0951	0.0915	0.0000	0.0000
0.0961	0.0923	0.0000	0.0000
0.0971	0.0930	0.0000	0.0000
0.0981	0.0938	0.0000	0.0000
0.0991	0.0945	0.0000	0.0000
0.1001	0.0953	0.0000	0.0000
0.1011	0.0961	0.0000	0.0000
0.1021	0.0968	0.0000	0.0000
0.1031	0.0976	0.0000	0.0000
0.1041	0.0984	0.0000	0.0000
0.1051	0.0991	0.0000	0.0000
0.1061	0.0999	0.0000	0.0000
0.1071	0.1007	0.0000	0.0000
0.1081	0.1015	0.0000	0.0000
0.1091	0.1022	0.0000	0.0000
0.1101	0.1030	0.0000	0.0000
0.1111	0.1038	0.0000	0.0000
0.1121	0.1045	0.0000	0.0000
0.1131	0.1053	0.0000	0.0000
0.1141	0.1061	0.0000	0.0000
0.1151	0.1069	0.0000	0.0000
0.1161	0.1076	0.0000	0.0000
0.1171	0.1084	0.0000	0.0000
0.1181	0.1092	0.0000	0.0000
0.1191	0.1100	0.0000	0.0000
0.1201	0.1107	0.0000	0.0000
0.1211	0.1115	0.0000	0.0000
0.1221	0.1123	0.0000	0.0000
0.1231	0.1131	0.0000	0.0000
0.1241	0.1139	0.0000	0.0000
0.1251	0.1146	0.0000	0.0000
0.1261	0.1154	0.0000	0.0000
0.1271	0.1162	0.0000	0.0000
0.1281	0.1170	0.0000	0.0000
0.1291	0.1178	0.0000	0.0000
0.1301	0.1185	0.0000	0.0000
0.1311	0.1193	0.0000	0.0000
0.1321	0.1201	0.0000	0.0000
0.1331	0.1209	0.0000	0.0000
0.1341	0.1217	0.0000	0.0000
0.1351	0.1225	0.0000	0.0000
0.1361	0.1233	0.0000	0.0000
0.1371	0.1241	0.0000	0.0000
0.1381	0.1248	0.0000	0.0000
0.1391	0.1256	0.0000	0.0000
0.1401	0.1264	0.0000	0.0000
0.1411	0.1272	0.0000	0.0000
0.1421	0.1280	0.0000	0.0000
0.1431	0.1288	0.0000	0.0000
0.1441	0.1296	0.0000	0.0000
0.1451	0.1304	0.0000	0.0000
0.1461	0.1312	0.0000	0.0000
0.1471	0.1320	0.0000	0.0000
0.1481	0.1328	0.0000	0.0000
0.1491	0.1336	0.0000	0.0000
0.1502	0.1344	0.0000	0.0000
0.1512	0.1352	0.0000	0.0000
0.1522	0.1360	0.0000	0.0000
0.1532	0.1368	0.0000	0.0000
0.1542	0.1376	0.0000	0.0000
0.1552	0.1384	0.0000	0.0000
0.1562	0.1392	0.0000	0.0000
0.1572	0.1400	0.0000	0.0000
0.1582	0.1408	0.0000	0.0000
0.1592	0.1416	0.0000	0.0000
0.1602	0.1424	0.0000	0.0000
0.1612	0.1432	0.0000	0.0000
0.1622	0.1440	0.0000	0.0000
0.1632	0.1448	0.0000	0.0000
0.1642	0.1456	0.0000	0.0000
0.1652	0.1465	0.0000	0.0000
0.1662	0.1473	0.0000	0.0000
0.1672	0.1481	0.0000	0.0000
0.1682	0.1489	0.0000	0.0000
0.1692	0.1497	0.0000	0.0000
0.1702	0.1505	0.0000	0.0000
0.1712	0.1513	0.0000	0.0000
0.1722	0.1522	0.0000	0.0000
0.1732	0.1530	0.0000	0.0000
0.1742	0.1538	0.0000	0.0000
0.1752	0.1546	0.0000	0.0000
0.1762	0.1554	0.0000	0.0000
0.1772	0.1562	0.0000	0.0000
0.1782	0.1571	0.0000	0.0000
0.1792	0.1579	0.0000	0.0000
0.1802	0.1587	0.0000	0.0000
0.1812	0.1595	0.0000	0.0000
0.1822	0.1604	0.0000	0.0000
0.1832	0.1612	0.0000	0.0000
0.1842	0.1620	0.0000	0.0000
0.1852	0.1628	0.0000	0.0000
0.1862	0.1637	0.0000	0.0000
0.1872	0.1645	0.0000	0.0000
0.1882	0.1653	0.0000	0.0000
0.1892	0.1662	0.0000	0.0000
0.1902	0.1670	0.0000	0.0000
0.1912	0.1678	0.0000	0.0000
0.1922	0.1687	0.0000	0.0000
0.1932	0.1695	0.0000	0.0000
0.1942	0.1703	0.0000	0.0000
0.1952	0.1712	0.0000	0.0000
0.1962	0.1720	0.0000	0.0000
0.1972	0.1729	0.0000	0.0000
0.1982	0.1737	0.0000	0.0000
0.1992	0.1745	0.0000	0.0000
0.2002	0.1754	0.0000	0.0000
0.2012	0.1762	0.0000	0.0000
0.2022	0.1771	0.0000	0.0000
0.2032	0.1779	0.0000	0.0000
0.2042	0.1788	0.0000	0.0000
0.2052	0.1796	0.0000	0.0000
0.2062	0.1804	0.0000	0.0000
0.2072	0.1813	0.0000	0.0000
0.2082	0.1821	0.0000	0.0000
0.2092	0.1830	0.0000	0.0000
0.2102	0.1838	0.0000	0.0000
0.2112	0.1847	0.0000	0.0000
0.2122	0.1856	0.0000	0.0000
0.2132	0.1864	0.0000	0.0000
0.2142	0.1873	0.0000	0.0000
0.2152	0.1881	0.0000	0.0000
0.2162	0.1890	0.0000	0.0000
0.2172	0.1898	0.0000	0.0000
0.2182	0.1907	0.0000	0.0000
0.2192	0.1916	0.0000	0.0000
0.2202	0.1924	0.0000	0.0000
0.2212	0.1933	0.0000	0.0000
0.2222	0.1941	0.0000	0.0000
0.2232	0.1950	0.0000	0.0000
0.2242	0.1959	0.0000	0.0000
0.2252	0.1967	0.0000	0.0000
0.2262	0.1976	0.0000	0.0000
0.2272	0.1985	0.0000	0.0000
0.2282	0.1993	0.0000	0.0000
0.2292	0.2002	0.0000	0.0000
0.2302	0.2011	0.0000	0.0000
0.2312	0.2020	0.0000	0.0000
0.2322	0.2028	0.0000	0.0000
0.2332	0.2037	0.0000	0.0000
0.2342	0.2046	0.0000	0.0000
0.2352	0.2055	0.0000	0.0000
0.2362	0.2063	0.0000	0.0000
0.2372	0.2072	0.0000	0.0000
0.2382	0.2081	0.0000	0.0000
0.2392	0.2090	0.0000	0.0000
0.2402	0.2099	0.0000	0.0000
0.2412	0.2108	0.0000	0.0000
0.2422	0.2116	0.0000	0.0000
0.2432	0.2125	0.0000	0.0000
0.2442	0.2134	0.0000	0.0000
0.2452	0.2143	0.0000	0.0000
0.2462	0.2152	0.0000	0.0000
0.2472	0.2161	0.0000	0.0000
0.2482	0.2170	0.0000	0.0000
0.2492	0.2179	0.0000	0.0000
0.2503	0.2188	0.0000	0.0000
0.2513	0.2197	0.0000	0.0000
0.2523	0.2206	0.0000	0.0000
0.2533	0.2215	0.0000	0.0000
0.2543	0.2224	0.0000	0.0000
0.2553	0.2233	0.0000	0.0000
0.2563	0.2242	0.0000	0.0000
0.2573	0.2251	0.0000	0.0000
0.2583	0.2260	0.0000	0.0000
0.2593	0.2269	0.0000	0.0000
0.2603	0.2278	0.0000	0.0000
0.2613	0.2287	0.0000	0.0000
0.2623	0.2296	0.0000	0.0000
0.2633	0.2305	0.0000	0.0000
0.2643	0.2314	0.0000	0.0000
0.2653	0.2324	0.0000	0.0000
0.2663	0.2333	0.0000	0.0000
0.2673	0.2342	0.0000	0.0000
0.2683	0.2351	0.0000	0.0000
0.2693	0.2360	0.0000	0.0000
0.2703	0.2369	0.0000	0.0000
0.2713	0.2379	0.0000	0.0000
0.2723	0.2388	0.0000	0.0000
0.2733	0.2397	0.0000	0.0000
0.2743	0.2406	0.0000	0.0000
0.2753	0.2416	0.0000	0.0000
0.2763	0.2425	0.0000	0.0000
0.2773	0.2434	0.0000	0.0000
0.2783	0.2444	0.0000	0.0000
0.2793	0.2453	0.0000	0.0000
0.2803	0.2462	0.0000	0.0000
0.2813	0.2472	0.0000	0.0000
0.2823	0.2481	0.0000	0.0000
0.2833	0.2490	0.0000	0.0000
0.2843	0.2500	0.0000	0.0000
0.2853	0.2509	0.0000	0.0000
0.2863	0.2518	0.0000	0.0000
0.2873	0.2528	0.0000	0.0000
0.2883	0.2537	0.0000	0.0000
0.2893	0.2547	0.0000	0.0000
0.2903	0.2556	0.0000	0.0000
0.2913	0.2566	0.0000	0.0000
0.2923	0.2575	0.0000	0.0000
0.2933	0.2585	0.0000	0.0000
0.2943	0.2594	0.0000	0.0000
0.2953	0.2604	0.0000	0.0000
0.2963	0.2613	0.0000	0.0000
0.2973	0.2623	0.0000	0.0000
0.2983	0.2633	0.0000	0.0000
0.2993	0.2642	0.0000	0.0000
0.3003	0.2652	0.0000	0.0000
0.3013	0.2662	0.0000	0.0000
0.3023	0.2671	0.0000	0.0000
0.3033	0.2681	0.0000	0.0000
0.3043	0.2691	0.0000	0.0000
0.3053	0.2700	0.0000	0.0000
0.3063	0.2710	0.0000	0.0000
0.3073	0.2720	0.0000	0.0000
0.3083	0.2729	0.0000	0.0000
0.3093	0.2739	0.0000	0.0000
0.3103	0.2749	0.0000	0.0000
0.3113	0.2759	0.0000	0.0000
0.3123	0.2769	0.0000	0.0000
0.3133	0.2778	0.0000	0.0000
0.3143	0.2788	0.0000	0.0000
0.3153	0.2798	0.0000	0.0000
0.3163	0.2808	0.0000	0.0000
0.3173	0.2818	0.0000	0.0000
0.3183	0.2828	0.0000	0.0000
0.3193	0.2838	0.0000	0.0000
0.3203	0.2848	0.0000	0.0000
0.3213	0.2858	0.0000	0.0000
0.3223	0.2868	0.0000	0.0000
0.3233	0.2878	0.0000	0.0000
0.3243	0.2888	0.0000	0.0000
0.3253	0.2898	0.0000	0.0000
0.3263	0.2908	0.0000	0.0000
0.3273	0.2918	0.0000	0.0000
0.3283	0.2928	0.0000	0.0000
0.3293	0.2938	0.0000	0.0000
0.3303	0.2948	0.0000	0.0000
0.3313	0.2958	0.0000	0.0000
0.3323	0.2968	0.0000	0.0000
0.3333	0.2978	0.0000	0.0000
0.3343	0.2989	0.0000	0.0000
0.3353	0.2999	0.0000	0.0000
0.3363	0.3009	0.0000	0.0000
0.3373	0.3019	0.0000	0.0000
0.3383	0.3029	0.0000	0.0000
0.3393	0.3040	0.0000	0.0000
0.3403	0.3050	0.0000	0.0000
0.3413	0.3060	0.0000	0.0000
0.3423	0.3071	0.0000	0.0000
0.3433	0.3081	0.0000	0.0000
0.3443	0.3091	0.0000	0.0000
0.3453	0.3102	0.0000	0.0000
0.3463	0.3112	0.0000	0.0000
0.3473	0.3123	0.0000	0.0000
0.3483	0.3133	0.0000	0.0000
0.3493	0.3143	0.0000	0.0000
0.3504	0.3154	0.0000	0.0000
0.3514	0.3164	0.0000	0.0000
0.3524	0.3175	0.0000	0.0000
0.3534	0.3185	0.0000	0.0000
0.3544	0.3196	0.0000	0.0000
0.3554	0.3207	0.0000	0.0000
0.3564	0.3217	0.0000	0.0000
0.3574	0.3228	0.0000	0.0000
0.3584	0.3238	0.0000	0.0000
0.3594	0.3249	0.0000	0.0000
0.3604	0.3260	0.0000	0.0000
0.3614	0.3270	0.0000	0.0000
0.3624	0.3281	0.0000	0.0000
0.3634	0.3292	0.0000	0.0000
0.3644	0.3303	0.0000	0.0000
0.3654	0.3313	0.0000	0.0000
0.3664	0.3324	0.0000	0.0000
0.3674	0.3335	0.0000	0.0000
0.3684	0.3346	0.0000	0.0000
0.3694	0.3357	0.0000	0.0000
0.3704	0.3368	0.0000	0.0000
0.3714	0.3378	0.0000	0.0000
0.3724	0.3389	0.0000	0.0000
0.3734	0.3400	0.0000	0.0000
0.3744	0.3411	0.0000	0.0000
0.3754	0.3422	0.0000	0.0000
0.3764	0.3433	0.0000	0.0000
0.3774	0.3444	0.0000	0.0000
0.3784	0.3455	0.0000	0.0000
0.3794	0.3466	0.0000	0.0000
0.3804	0.3478	0.0000	0.0000
0.3814	0.3489	0.0000	0.0000
0.3824	0.3500	0.0000	0.0000
0.3834	0.3511	0.0000	0.0000
0.3844	0.3522	0.0000	0.0000
0.3854	0.3533	0.0000	0.0000
0.3864	0.3545	0.0000	0.0000
0.3874	0.3556	0.0000	0.0000
0.3884	0.3567	0.0000	0.0000
0.3894	0.3578	0.0000	0.0000
0.3904	0.3590	0.0000	0.0000
0.3914	0.3601	0.0000	0.0000
0.3924	0.3612	0.0000	0.0000
0.3934	0.3624	0.0000	0.0000
0.3944	0.3635	0.0000	0.0000
0.3954	0.3647	0.0000	0.0000
0.3964	0.3658	0.0000	0.0000
0.3974	0.3670	0.0000	0.0000
0.3984	0.3681	0.0000	0.0000
0.3994	0.3693	0.0000	0.0000
0.4004	0.3704	0.0000	0.0000
0.4014	0.3716	0.0000	0.0000
0.4024	0.3727	0.0000	0.0000
0.4034	0.3739	0.0000	0.0000
0.4044	0.3751	0.0000	0.0000
0.4054	0.3762	0.0000	0.0000
0.4064	0.3774	0.0000	0.0000
0.4074	0.3786	0.0000	0.0000
0.4084	0.3798	0.0000	0.0000
0.4094	0.3809	0.0000	0.0000
0.4104	0.3821	0.0000	0.0000
0.4114	0.3833	0.0000	0.0000
0.4124	0.3845	0.0000	0.0000
0.4134	0.3857	0.0000	0.0000
0.4144	0.3869	0.0000	0.0000
0.4154	0.3881	0.0000	0.0000
0.4164	0.3893	0.0000	0.0000
0.4174	0.3905	0.0000	0.0000
0.4184	0.3917	0.0000	0.0000
0.4194	0.3929	0.0000	0.0000
0.4204	0.3941	0.0000	0.0000
0.4214	0.3953	0.0000	0.0000
0.4224	0.3965	0.0000	0.0000
0.4234	0.3977	0.0000	0.0000
0.4244	0.3989	0.0000	0.0000
0.4254	0.4002	0.0000	0.0000
0.4264	0.4014	0.0000	0.0000
0.4274	0.4026	0.0000	0.0000
0.4284	0.4038	0.0000	0.0000
0.4294	0.4051	0.0000	0.0000
0.4304	0.4063	0.0000	0.0000
0.4314	0.4075	0.0000	0.0000
0.4324	0.4088	0.0000	0.0000
0.4334	0.4100	0.0000	0.0000
0.4344	0.4113	0.0000	0.0000
0.4354	0.4125	0.0000	0.0000
0.4364	0.4138	0.0000	0.0000
0.4374	0.4150	0.0000	0.0000
0.4384	0.4163	0.0000	0.0000
0.4394	0.4176	0.0000	0.0000
0.4404	0.4188	0.0000	0.0000
0.4414	0.4201	0.0000	0.0000
0.4424	0.4214	0.0000	0.0000
0.4434	0.4227	0.0000	0.0000
0.4444	0.4239	0.0000	0.0000
0.4454	0.4252	0.0000	0.0000
0.4464	0.4265	0.0000	0.0000
0.4474	0.4278	0.0000	0.0000
0.4484	0.4291	0.0000	0.0000
0.4494	0.4304	0.0000	0.0000
0.4505	0.4317	0.0000	0.0000
0.4515	0.4330	0.0000	0.0000
0.4525	0.4343	0.0000	0.0000
0.4535	0.4356	0.0000	0.0000
0.4545	0.4369	0.0000	0.0000
0.4555	0.4382	0.0000	0.0000
0.4565	0.4395	0.0000	0.0000
0.4575	0.4408	0.0000	0.0000
0.4585	0.4422	0.0000	0.0000
0.4595	0.4435	0.0000	0.0000
0.4605	0.4448	0.0000	0.0000
0.4615	0.4462	0.0000	0.0000
0.4625	0.4475	0.0000	0.0000
0.4635	0.4488	0.0000	0.0000
0.4645	0.4502	0.0000	0.0000
0.4655	0.4515	0.0000	0.0000
0.4665	0.4529	0.0000	0.0000
0.4675	0.4542	0.0000	0.0000
0.4685	0.4556	0.0000	0.0000
0.4695	0.4570	0.0000	0.0000
0.4705	0.4583	0.0000	0.0000
0.4715	0.4597	0.0000	0.0000
0.4725	0.4611	0.0000	0.0000
0.4735	0.4624	0.0000	0.0000
0.4745	0.4638	0.0000	0.0000
0.4755	0.4652	0.0000	0.0000
0.4765	0.4666	0.0000	0.0000
0.4775	0.4680	0.0000	0.0000
0.4785	0.4694	0.0000	0.0000
0.4795	0.4708	0.0000	0.0000
0.4805	0.4722	0.0000	0.0000
0.4815	0.4736	0.0000	0.0000
0.4825	0.4750	0.0000	0.0000
0.4835	0.4764	0.0000	0.0000
0.4845	0.4778	0.0000	0.0000
0.4855	0.4793	0.0000	0.0000
0.4865	0.4807	0.0000	0.0000
0.4875	0.4821	0.0000	0.0000
0.4885	0.4836	0.0000	0.0000
0.4895	0.4850	0.0000	0.0000
0.4905	0.4864	0.0000	0.0000
0.4915	0.4879	0.0000	0.0000
0.4925	0.4893	0.0000	0.0000
0.4935	0.4908	0.0000	0.0000
0.4945	0.4923	0.0000	0.0000
0.4955	0.4937	0.0000	0.0000
0.4965	0.4952	0.0000	0.0000
0.4975	0.4967	0.0000	0.0000
0.4985	0.4981	0.0000	0.0000
0.4995	0.4996	0.0000	0.0000
0.5005	0.5015	0.0000	0.0000
0.5015	0.5038	0.0000	0.0000
0.5025	0.5060	0.0000	0.0000
0.5035	0.5083	0.0000	0.0000
0.5045	0.5105	0.0000	0.0000
0.5055	0.5127	0.0000	0.0000
0.5065	0.5150	0.0000	0.0000
0.5075	0.5172	0.0000	0.0000
0.5085	0.5194	0.0000	0.0000
0.5095	0.5215	0.0000	0.0000
0.5105	0.5237	0.0000	0.0000
0.5115	0.5259	0.0000	0.0000
0.5125	0.5280	0.0000	0.0000
0.5135	0.5302	0.0000	0.0000
0.5145	0.5323	0.0000	0.0000
0.5155	0.5344	0.0000	0.0000
0.5165	0.5366	0.0000	0.0000
0.5175	0.5387	0.0000	0.0000
0.5185	0.5408	0.0000	0.0000
0.5195	0.5429	0.0000	0.0000
0.5205	0.5449	0.0000	0.0000
0.5215	0.5470	0.0000	0.0000
0.5225	0.5491	0.0000	0.0000
0.5235	0.5511	0.0000	0.0000
0.5245	0.5532	0.0000	0.0000
0.5255	0.5552	0.0000	0.0000
0.5265	0.5572	0.0000	0.0000
0.5275	0.5592	0.0000	0.0000
0.5285	0.5612	0.0000	0.0000
0.5295	0.5632	0.0000	0.0000
0.5305	0.5652	0.0000	0.0000
0.5315	0.5672	0.0000	0.0000
0.5325	0.5691	0.0000	0.0000
0.5335	0.5711	0.0000	0.0000
0.5345	0.5731	0.0000	0.0000
0.5355	0.5750	0.0000	0.0000
0.5365	0.5769	0.0000	0.0000
0.5375	0.5788	0.0000	0.0000
0.5385	0.5808	0.0000	0.0000
0.5395	0.5827	0.0000	0.0000
0.5405	0.5846	0.0000	0.0000
0.5415	0.5865	0.0000	0.0000
0.5425	0.5883	0.0000	0.0000
0.5435	0.5902	0.0000	0.0000
0.5445	0.5921	0.0000	0.0000
0.5455	0.5939	0.0000	0.0000
0.5465	0.5958	0.0000	0.0000
0.5475	0.5976	0.0000	0.0000
0.5485	0.5995	0.0000	0.0000
0.5495	0.6013	0.0000	0.0000
0.5506	0.6031	0.0000	0.0000
0.5516	0.6049	0.0000	0.0000
0.5526	0.6067	0.0000	0.0000
0.5536	0.6085	0.0000	0.0000
0.5546	0.6103	0.0000	0.0000
0.5556	0.6120	0.0000	0.0000
0.5566	0.6138	0.0000	0.0000
0.5576	0.6156	0.0000	0.0000
0.5586	0.6173	0.0000	0.0000
0.5596	0.6191	0.0000	0.0000
0.5606	0.6208	0.0000	0.0000
0.5616	0.6225	0.0000	0.0000
0.5626	0.6243	0.0000	0.0000
0.5636	0.6260	0.0000	0.0000
0.5646	0.6277	0.0000	0.0000
0.5656	0.6294	0.0000	0.0000
0.5666	0.6311	0.0000	0.0000
0.5676	0.6328	0.0000	0.0000
0.5686	0.6344	0.0000	0.0000
0.5696	0.6361	0.0000	0.0000
0.5706	0.6378	0.0000	0.0000
0.5716	0.6394	0.0000	0.0000
0.5726	0.6411	0.0000	0.0000
0.5736	0.6427	0.0000	0.0000
0.5746	0.6444	0.0000	0.0000
0.5756	0.6460	0.0000	0.0000
0.5766	0.6476	0.0000	0.0000
0.5776	0.6492	0.0000	0.0000
0.5786	0.6508	0.0000	0.0000
0.5796	0.6524	0.0000	0.0000
0.5806	0.6540	0.0000	0.0000
0.5816	0.6556	0.0000	0.0000
0.5826	0.6572	0.0000	0.0000
0.5836	0.6588	0.0000	0.0000
0.5846	0.6603	0.0000	0.0000
0.5856	0.6619	0.0000	0.0000
0.5866	0.6634	0.0000	0.0000
0.5876	0.6650	0.0000	0.0000
0.5886	0.6665	0.0000	0.0000
0.5896	0.6681	0.0000	0.0000
0.5906	0.6696	0.0000	0.0000
0.5916	0.6711	0.0000	0.0000
0.5926	0.6726	0.0000	0.0000
0.5936	0.6741	0.0000	0.0000
0.5946	0.6756	0.0000	0.0000
0.5956	0.6771	0.0000	0.0000
0.5966	0.6786	0.0000	0.0000
0.5976	0.6801	0.0000	0.0000
0.5986	0.6816	0.0000	0.0000
0.5996	0.6830	0.0000	0.0000
0.6006	0.6845	0.0000	0.0000
0.6016	0.6860	0.0000	0.0000
0.6026	0.6874	0.0000	0.0000
0.6036	0.6889	0.0000	0.0000
0.6046	0.6903	0.0000	0.0000
0.6056	0.6917	0.0000	0.0000
0.6066	0.6932	0.0000	0.0000
0.6076	0.6946	0.0000	0.0000
0.6086	0.6960	0.0000	0.0000
0.6096	0.6974	0.0000	0.0000
0.6106	0.6988	0.0000	0.0000
0.6116	0.7002	0.0000	0.0000
0.6126	0.7016	0.0000	0.0000
0.6136	0.7030	0.0000	0.0000
0.6146	0.7044	0.0000	0.0000
0.6156	0.7057	0.0000	0.0000
0.6166	0.7071	0.0000	0.0000
0.6176	0.7085	0.0000	0.0000
0.6186	0.7098	0.0000	0.0000
0.6196	0.7112	0.0000	0.0000
0.6206	0.7125	0.0000	0.0000
0.6216	0.7139	0.0000	0.0000
0.6226	0.7152	0.0000	0.0000
0.6236	0.7165	0.0000	0.0000
0.6246	0.7179	0.0000	0.0000
0.6256	0.7192	0.0000	0.0000
0.6266	0.7205	0.0000	0.0000
0.6276	0.7218	0.0000	0.0000
0.6286	0.7231	0.0000	0.0000
0.6296	0.7244	0.0000	0.0000
0.6306	0.7257	0.0000	0.0000
0.6316	0.7270	0.0000	0.0000
0.6326	0.7283	0.0000	0.0000
0.6336	0.7295	0.0000	0.0000
0.6346	0.7308	0.0000	0.0000
0.6356	0.7321	0.0000	0.0000
0.6366	0.7333	0.0000	0.0000
0.6376	0.7346	0.0000	0.0000
0.6386	0.7358	0.0000	0.0000
0.6396	0.7371	0.0000	0.0000
0.6406	0.7383	0.0000	0.0000
0.6416	0.7396	0.0000	0.0000
0.6426	0.7408	0.0000	0.0000
0.6436	0.7420	0.0000	0.0000
0.6446	0.7432	0.0000	0.0000
0.6456	0.7445	0.0000	0.0000
0.6466	0.7457	0.0000	0.0000
0.6476	0.7469	0.0000	0.0000
0.6486	0.7481	0.0000	0.0000
0.6496	0.7493	0.0000	0.0000
0.6507	0.7505	0.0000	0.0000
0.6517	0.7517	0.0000	0.0000
0.6527	0.7528	0.0000	0.0000
0.6537	0.7540	0.0000	0.0000
0.6547	0.7552	0.0000	0.0000
0.6557	0.7564	0.0000	0.0000
0.6567	0.7575	0.0000	0.0000
0.6577	0.7587	0.0000	0.0000
0.6587	0.7598	0.0000	0.0000
0.6597	0.7610	0.0000	0.0000
0.6607	0.7621	0.0000	0.0000
0.6617	0.7633	0.0000	0.0000
0.6627	0.7644	0.0000	0.0000
0.6637	0.7655	0.0000	0.0000
0.6647	0.7667	0.0000	0.0000
0.6657	0.7678	0.0000	0.0000
0.6667	0.7689	0.0000	0.0000
0.6677	0.7700	0.0000	0.0000
0.6687	0.7711	0.0000	0.0000
0.6697	0.7722	0.0000	0.0000
0.6707	0.7733	0.0000	0.0000
0.6717	0.7744	0.0000	0.0000
0.6727	0.7755	0.0000	0.0000
0.6737	0.7766	0.0000	0.0000
0.6747	0.7777	0.0000	0.0000
0.6757	0.7787	0.0000	0.0000
0.6767	0.7798	0.0000	0.0000
0.6777	0.7809	0.0000	0.0000
0.6787	0.7820	0.0000	0.0000
0.6797	0.7830	0.0000	0.0000
0.6807	0.7841	0.0000	0.0000
0.6817	0.7851	0.0000	0.0000
0.6827	0.7862	0.0000	0.0000
0.6837	0.7872	0.0000	0.0000
0.6847	0.7883	0.0000	0.0000
0.6857	0.7893	0.0000	0.0000
0.6867	0.7903	0.0000	0.0000
0.6877	0.7914	0.0000	0.0000
0.6887	0.7924	0.0000	0.0000
0.6897	0.7934	0.0000	0.0000
0.6907	0.7944	0.0000	0.0000
0.6917	0.7954	0.0000	0.0000
0.6927	0.7964	0.0000	0.0000
0.6937	0.7974	0.0000	0.0000
0.6947	0.7984	0.0000	0.0000
0.6957	0.7994	0.0000	0.0000
0.6967	0.8004	0.0000	0.0000
0.6977	0.8014	0.0000	0.0000
0.6987	0.8024	0.0000	0.0000
0.6997	0.8034	0.0000	0.0000
0.7007	0.8044	0.0000	0.0000
0.7017	0.8053	0.0000	0.0000
0.7027	0.8063	0.0000	0.0000
0.7037	0.8073	0.0000	0.0000
0.7047	0.8082	0.0000	0.0000
0.7057	0.8092	0.0000	0.0000
0.7067	0.8101	0.0000	0.0000
0.7077	0.8111	0.0000	0.0000
0.7087	0.8120	0.0000	0.0000
0.7097	0.8130	0.0000	0.0000
0.7107	0.8139	0.0000	0.0000
0.7117	0.8148	0.0000	0.0000
0.7127	0.8158	0.0000	0.0000
0.7137	0.8167	0.0000	0.0000
0.7147	0.8176	0.0000	0.0000
0.7157	0.8186	0.0000	0.0000
0.7167	0.8195	0.0000	0.0000
0.7177	0.8204	0.0000	0.0000
0.7187	0.8213	0.0000	0.0000
0.7197	0.8222	0.0000	0.0000
0.7207	0.8231	0.0000	0.0000
0.7217	0.8240	0.0000	0.0000
0.7227	0.8249	0.0000	0.0000
0.7237	0.8258	0.0000	0.0000
0.7247	0.8267	0.0000	0.0000
0.7257	0.8276	0.0000	0.0000
0.7267	0.8285	0.0000	0.0000
0.7277	0.8293	0.0000	0.0000
0.7287	0.8302	0.0000	0.0000
0.7297	0.8311	0.0000	0.0000
0.7307	0.8319	0.0000	0.0000
0.7317	0.8328	0.0000	0.0000
0.7327	0.8337	0.0000	0.0000
0.7337	0.8345	0.0000	0.0000
0.7347	0.8354	0.0000	0.0000
0.7357	0.8362	0.0000	0.0000
0.7367	0.8371	0.0000	0.0000
0.7377	0.8379	0.0000	0.0000
0.7387	0.8388	0.0000	0.0000
0.7397	0.8396	0.0000	0.0000
0.7407	0.8405	0.0000	0.0000
0.7417	0.8413	0.0000	0.0000
0.7427	0.8421	0.0000	0.0000
0.7437	0.8429	0.0000	0.0000
0.7447	0.8438	0.0000	0.0000
0.7457	0.8446	0.0000	0.0000
0.7467	0.8454	0.0000	0.0000
0.7477	0.8462	0.0000	0.0000
0.7487	0.8470	0.0000	0.0000
0.7497	0.8478	0.0000	0.0000
0.7508	0.8486	0.0000	0.0000
0.7518	0.8494	0.0000	0.0000
0.7528	0.8502	0.0000	0.0000
0.7538	0.8510	0.0000	0.0000
0.7548	0.8518	0.0000	0.0000
0.7558	0.8526	0.0000	0.0000
0.7568	0.8534	0.0000	0.0000
0.7578	0.8542	0.0000	0.0000
0.7588	0.8550	0.0000	0.0000
0.7598	0.8557	0.0000	0.0000
0.7608	0.8565	0.0000	0.0000
0.7618	0.8573	0.0000	0.0000
0.7628	0.8581	0.0000	0.0000
0.7638	0.8588	0.0000	0.0000
0.7648	0.8596	0.0000	0.0000
0.7658	0.8604	0.0000	0.0000
0.7668	0.8611	0.0000	0.0000
0.7678	0.8619	0.0000	0.0000
0.7688	0.8626	0.0000	0.0000
0.7698	0.8634	0.0000	0.0000
0.7708	0.8641	0.0000	0.0000
0.7718	0.8649	0.0000	0.0000
0.7728	0.8656	0.0000	0.0000
0.7738	0.8663	0.0000	0.0000
0.7748	0.8671	0.0000	0.0000
0.7758	0.8678	0.0000	0.0000
0.7768	0.8685	0.0000	0.0000
0.7778	0.8693	0.0000	0.0000
0.7788	0.8700	0.0000	0.0000
0.7798	0.8707	0.0000	0.0000
0.7808	0.8714	0.0000	0.0000
0.7818	0.8721	0.0000	0.0000
0.7828	0.8728	0.0000	0.0000
0.7838	0.8735	0.0000	0.0000
0.7848	0.8743	0.0000	0.0000
0.7858	0.8750	0.0000	0.0000
0.7868	0.8757	0.0000	0.0000
0.7878	0.8764	0.0000	0.0000
0.7888	0.8771	0.0000	0.0000
0.7898	0.8778	0.0000	0.0000
0.7908	0.8784	0.0000	0.0000
0.7918	0.8791	0.0000	0.0000
0.7928	0.8798	0.0000	0.0000
0.7938	0.8805	0.0000	0.0000
0.7948	0.8812	0.0000	0.0000
0.7958	0.8819	0.0000	0.0000
0.7968	0.8825	0.0000	0.0000
0.7978	0.8832	0.0000	0.0000
0.7988	0.8839	0.0000	0.0000
0.7998	0.8845	0.0000	0.0000
0.8008	0.8852	0.0000	0.0000
0.8018	0.8859	0.0000	0.0000
0.8028	0.8865	0.0000	0.0000
0.8038	0.8872	0.0000	0.0000
0.8048	0.8879	0.0000	0.0000
0.8058	0.8885	0.0000	0.0000
0.8068	0.8892	0.0000	0.0000
0.8078	0.8898	0.0000	0.0000
0.8088	0.8904	0.0000	0.0000
0.8098	0.8911	0.0000	0.0000
0.8108	0.8917	0.0000	0.0000
0.8118	0.8924	0.0000	0.0000
0.8128	0.8930	0.0000	0.0000
0.8138	0.8936	0.0000	0.0000
0.8148	0.8943	0.0000	0.0000
0.8158	0.8949	0.0000	0.0000
0.8168	0.8955	0.0000	0.0000
0.8178	0.8962	0.0000	0.0000
0.8188	0.8968	0.0000	0.0000
0.8198	0.8974	0.0000	0.0000
0.8208	0.8980	0.0000	0.0000
0.8218	0.8986	0.0000	0.0000
0.8228	0.8992	0.0000	0.0000
0.8238	0.8998	0.0000	0.0000
0.8248	0.9005	0.0000	0.0000
0.8258	0.9011	0.0000	0.0000
0.8268	0.9017	0.0000	0.0000
0.8278	0.9023	0.0000	0.0000
0.8288	0.9029	0.0000	0.0000
0.8298	0.9035	0.0000	0.0000
0.8308	0.9041	0.0000	0.0000
0.8318	0.9047	0.0000	0.0000
0.8328	0.9052	0.0000	0.0000
0.8338	0.9058	0.0000	0.0000
0.8348	0.9064	0.0000	0.0000
0.8358	0.9070	0.0000	0.0000
0.8368	0.9076	0.0000	0.0000
0.8378	0.9082	0.0000	0.0000
0.8388	0.9087	0.0000	0.0000
0.8398	0.9093	0.0000	0.0000
0.8408	0.9099	0.0000	0.0000
0.8418	0.9105	0.0000	0.0000
0.8428	0.9110	0.0000	0.0000
0.8438	0.9116	0.0000	0.0000
0.8448	0.9122	0.0000	0.0000
0.8458	0.9127	0.0000	0.0000
0.8468	0.9133	0.0000	0.0000
0.8478	0.9138	0.0000	0.0000
0.8488	0.9144	0.0000	0.0000
0.8498	0.9149	0.0000	0.0000
0.8509	0.9155	0.0000	0.0000
0.8519	0.9160	0.0000	0.0000
0.8529	0.9166	0.0000	0.0000
0.8539	0.9171	0.0000	0.0000
0.8549	0.9177	0.0000	0.0000
0.8559	0.9182	0.0000	0.0000
0.8569	0.9188	0.0000	0.0000
0.8579	0.9193	0.0000	0.0000
0.8589	0.9198	0.0000	0.0000
0.8599	0.9204	0.0000	0.0000
0.8609	0.9209	0.0000	0.0000
0.8619	0.9214	0.0000	0.0000
0.8629	0.9220	0.0000	0.0000
0.8639	0.9225	0.0000	0.0000
0.8649	0.9230	0.0000	0.0000
0.8659	0.9235	0.0000	0.0000
0.8669	0.9240	0.0000	0.0000
0.8679	0.9246	0.0000	0.0000
0.8689	0.9251	0.0000	0.0000
0.8699	0.9256	0.0000	0.0000
0.8709	0.9261	0.0000	0.0000
0.8719	0.9266	0.0000	0.0000
0.8729	0.9271	0.0000	0.0000
0.8739	0.9276	0.0000	0.0000
0.8749	0.9281	0.0000	0.0000
0.8759	0.9286	0.0000	0.0000
0.8769	0.9291	0.0000	0.0000
0.8779	0.9296	0.0000	0.0000
0.8789	0.9301	0.0000	0.0000
0.8799	0.9306	0.0000	0.0000
0.8809	0.9311	0.0000	0.0000
0.8819	0.9316	0.0000	0.0000
0.8829	0.9321	0.0000	0.0000
0.8839	0.9326	0.0000	0.0000
0.8849	0.9331	0.0000	0.0000
0.8859	0.9336	0.0000	0.0000
0.8869	0.9340	0.0000	0.0000
0.8879	0.9345	0.0000	0.0000
0.8889	0.9350	0.0000	0.0000
0.8899	0.9355	0.0000	0.0000
0.8909	0.9360	0.0000	0.0000
0.8919	0.9364	0.0000	0.0000
0.8929	0.9369	0.0000	0.0000
0.8939	0.9374	0.0000	0.0000
0.8949	0.9378	0.0000	0.0000
0.8959	0.9383	0.0000	0.0000
0.8969	0.9388	0.0000	0.0000
0.8979	0.9392	0.0000	0.0000
0.8989	0.9397	0.0000	0.0000
0.8999	0.9402	0.0000	0.0000
0.9009	0.9406	0.0000	0.0000
0.9019	0.9411	0.0000	0.0000
0.9029	0.9415	0.0000	0.0000
0.9039	0.9420	0.0000	0.0000
0.9049	0.9424	0.0000	0.0000
0.9059	0.9429	0.0000	0.0000
0.9069	0.9433	0.0000	0.0000
0.9079	0.9438	0.0000	0.0000
0.9089	0.9442	0.0000	0.0000
0.9099	0.9447	0.0000	0.0000
0.9109	0.9451	0.0000	0.0000
0.9119	0.9455	0.0000	0.0000
0.9129	0.9460	0.0000	0.0000
0.9139	0.9464	0.0000	0.0000
0.9149	0.9469	0.0000	0.0000
0.9159	0.9473	0.0000	0.0000
0.9169	0.9477	0.0000	0.0000
0.9179	0.9482	0.0000	0.0000
0.9189	0.9486	0.0000	0.0000
0.9199	0.9490	0.0000	0.0000
0.9209	0.9494	0.0000	0.0000
0.9219	0.9499	0.0000	0.0000
0.9229	0.9503	0.0000	0.0000
0.9239	0.9507	0.0000	0.0000
0.9249	0.9511	0.0000	0.0000
0.9259	0.9515	0.0000	0.0000
0.9269	0.9520	0.0000	0.0000
0.9279	0.9524	0.0000	0.0000
0.9289	0.9528	0.0000	0.0000
0.9299	0.9532	0.0000	0.0000
0.9309	0.9536	0.0000	0.0000
0.9319	0.9540	0.0000	0.0000
0.9329	0.9544	0.0000	0.0000
0.9339	0.9548	0.0000	0.0000
0.9349	0.9552	0.0000	0.0000
0.9359	0.9556	0.0000	0.0000
0.9369	0.9560	0.0000	0.0000
0.9379	0.9564	0.0000	0.0000
0.9389	0.9568	0.0000	0.0000
0.9399	0.9572	0.0000	0.0000
0.9409	0.9576	0.0000	0.0000
0.9419	0.9580	0.0000	0.0000
0.9429	0.9584	0.0000	0.0000
0.9439	0.9588	0.0000	0.0000
0.9449	0.9592	0.0000	0.0000
0.9459	0.9596	0.0000	0.0000
0.9469	0.9600	0.0000	0.0000
0.9479	0.9604	0.0000	0.0000
0.9489	0.9607	0.0000	0.0000
0.9499	0.9611	0.0000	0.0000
0.9510	0.9615	0.0000	0.0000
0.9520	0.9619	0.0000	0.0000
0.9530	0.9623	0.0000	0.0000
0.9540	0.9626	0.0000	0.0000
0.9550	0.9630	0.0000	0.0000
0.9560	0.9634	0.0000	0.0000
0.9570	0.9638	0.0000	0.0000
0.9580	0.9641	0.0000	0.0000
0.9590	0.9645	0.0000	0.0000
0.9600	0.9649	0.0000	0.0000
0.9610	0.9652	0.0000	0.0000
0.9620	0.9656	0.0000	0.0000
0.9630	0.9660	0.0000	0.0000
0.9640	0.9663	0.0000	0.0000
0.9650	0.9667	0.0000	0.0000
0.9660	0.9671	0.0000	0.0000
0.9670	0.9674	0.0000	0.0000
0.9680	0.9678	0.0000	0.0000
0.9690	0.9681	0.0000	0.0000
0.9700	0.9685	0.0000	0.0000
0.9710	0.9689	0.0000	0.0000
0.9720	0.9692	0.0000	0.0000
0.9730	0.9696	0.0000	0.0000
0.9740	0.9699	0.0000	0.0000
0.9750	0.9703	0.0000	0.0000
0.9760	0.9706	0.0000	0.0000
0.9770	0.9710	0.0000	0.0000
0.9780	0.9713	0.0000	0.0000
0.9790	0.9717	0.0000	0.0000
0.9800	0.9720	0.0000	0.0000
0.9810	0.9723	0.0000	0.0000
0.9820	0.9727	0.0000	0.0000
0.9830	0.9730	0.0000	0.0000
0.9840	0.9734	0.0000	0.0000
0.9850	0.9737	0.0000	0.0000
0.9860	0.9740	0.0000	0.0000
0.9870	0.9744	0.0000	0.0000
0.9880	0.9747	0.0000	0.0000
0.9890	0.9751	0.0000	0.0000
0.9900	0.9754	0.0000	0.0000
0.9910	0.9757	0.0000	0.0000
0.9920	0.9761	0.0000	0.0000
0.9930	0.9764	0.0000	0.0000
0.9940	0.9767	0.0000	0.0000
0.9950	0.9770	0.0000	0.0000
0.9960	0.9774	0.0000	0.0000
0.9970	0.9777	0.0000	0.0000
0.9980	0.9780	0.0000	0.0000
0.9990	0.9783	0.0000	0.0000
1.0000	0.9787	0.0000	0.0000
0.0811
0.4995
0.9680
