0.0000	0.1713	0.0000	0.0000
0.0010	0.1720	0.0000	0.0000
0.0020	0.1726	0.0000	0.0000
0.0030	0.1733	0.0000	0.0000
0.0040	0.1740	0.0000	0.0000
0.0050	0.1747	0.0000	0.0000
0.0060	0.1753	0.0000	0.0000
0.0070	0.1760	0.0000	0.0000
0.0080	0.1767	0.0000	0.0000
0.0090	0.1773	0.0000	0.0000
0.0100	0.1780	0.0000	0.0000
0.0110	0.1787	0.0000	0.0000
0.0120	0.1793	0.0000	0.0000
0.0130	0.1800	0.0000	0.0000
0.0140	0.1806	0.0000	0.0000
0.0150	0.1813	0.0000	0.0000
0.0160	0.1820	0.0000	0.0000
0.0170	0.1826	0.0000	0.0000
0.0180	0.1833	0.0000	0.0000
0.0190	0.1840	0.0000	0.0000
0.0200	0.1846	0.0000	0.0000
0.0210	0.1853	0.0000	0.0000
0.0220	0.1859	0.0000	0.0000
0.0230	0.1866	0.0000	0.0000
0.0240	0.1872	0.0000	0.0000
0.0250	0.1879	0.0000	0.0000
0.0260	0.1886	0.0000	0.0000
0.0270	0.1892	0.0000	0.0000
0.0280	0.1899	0.0000	0.0000
0.0290	0.1905	0.0000	0.0000
0.0300	0.1912	0.0000	0.0000
0.0310	0.1918	0.0000	0.0000
0.0320	0.1925	0.0000	0.0000
0.0330	0.1931	0.0000	0.0000
0.0340	0.1938	0.0000	0.0000
0.0350	0.1944	0.0000	0.0000
0.0360	0.1951	0.0000	0.0000
0.0370	0.1957	0.0000	0.0000
0.0380	0.1964	0.0000	0.0000
0.0390	0.1970	0.0000	0.0000
0.0400	0.1977	0.0000	0.0000
0.0410	0.1983	0.0000	0.0000
0.0420	0.1990	0.0000	0.0000
0.0430	0.1996	0.0000	0.0000
0.0440	0.2003	0.0000	0.0000
0.0450	0.2009	0.0000	0.0000
0.0460	0.2015	0.0000	0.0000
0.0470	0.2022	0.0000	0.0000
0.0480	0.2028	0.0000	0.0000
0.0490	0.2035	0.0000	0.0000
0.0501	0.2041	0.0000	0.0000
0.0511	0.2048	0.0000	0.0000
0.0521	0.2054	0.0000	0.0000
0.0531	0.2060	0.0000	0.0000
0.0541	0.2067	0.0000	0.0000
0.0551	0.2073	0.0000	0.0000
0.0561	0.2080	0.0000	0.0000
0.0571	0.2086	0.0000	0.0000
0.0581	0.2092	0.0000	0.0000
0.0591	0.2099	0.0000	0.0000
0.0601	0.2105	0.0000	0.0000
0.0611	0.2111	0.0000	0.0000
0.0621	0.2118	0.0000	0.0000
0.0631	0.2124	0.0000	0.0000
0.0641	0.2130	0.0000	0.0000
0.0651	0.2137	0.0000	0.0000
0.0661	0.2143	0.0000	0.0000
0.0671	0.2149	0.0000	0.0000
0.0681	0.2156	0.0000	0.0000
0.0691	0.2162	0.0000	0.0000
0.0701	0.2168	0.0000	0.0000
0.0711	0.2175	0.0000	0.0000
0.0721	0.2181	0.0000	0.0000
0.0731	0.2187	0.0000	0.0000
0.0741	0.2193	0.0000	0.0000
0.0751	0.2200	0.0000	0.0000
0.0761	0.2206	0.0000	0.0000
0.0771	0.2212	0.0000	0.0000
0.0781	0.2218	0.0000	0.0000
0.0791	0.2225	0.0000	0.0000
0.0801	0.2231	0.0000	0.0000
0.0811	0.2237	0.0000	0.0000
0.0821	0.2243	0.0000	0.0000
0.0831	0.2250	0.0000	0.0000
0.0841	0.2256	0.0000	0.0000
0.0851	0.2262	0.0000	0.0000
0.0861	0.2268	0.0000	0.0000
0.0871	0.2275	0.0000	0.0000
0.0881	0.2281	0.0000	0.0000
0.0891	0.2287	0.0000	0.0000
0.0901	0.2293	0.0000	0.0000
0.0911	0.2299	0.0000	0.0000
0.0921	0.2306	0.0000	0.0000
0.0931	0.2312	0.0000	0.0000
0.0941	0.2318	0.0000	0.0000
0.0951	0.2324	0.0000	0.0000
0.0961	0.2330	0.0000	0.0000
0.0971	0.2336	0.0000	0.0000
0.0981	0.2343	0.0000	0.0000
0.0991	0.2349	0.0000	0.0000
0.1001	0.2355	0.0000	0.0000
0.1011	0.2361	0.0000	0.0000
0.1021	0.2367	0.0000	0.0000
0.1031	0.2373	0.0000	0.0000
0.1041	0.2379	0.0000	0.0000
0.1051	0.2386	0.0000	0.0000
0.1061	0.2392	0.0000	0.0000
0.1071	0.2398	0.0000	0.0000
0.1081	0.2404	0.0000	0.0000
0.1091	0.2410	0.0000	0.0000
0.1101	0.2416	0.0000	0.0000
0.1111	0.2422	0.0000	0.0000
0.1121	0.2428	0.0000	0.0000
0.1131	0.2434	0.0000	0.0000
0.1141	0.2441	0.0000	0.0000
0.1151	0.2447	0.0000	0.0000
0.1161	0.2453	0.0000	0.0000
0.1171	0.2459	0.0000	0.0000
0.1181	0.2465	0.0000	0.0000
0.1191	0.2471	0.0000	0.0000
0.1201	0.2477	0.0000	0.0000
0.1211	0.2483	0.0000	0.0000
0.1221	0.2489	0.0000	0.0000
0.1231	0.2495	0.0000	0.0000
0.1241	0.2501	0.0000	0.0000
0.1251	0.2507	0.0000	0.0000
0.1261	0.2513	0.0000	0.0000
0.1271	0.2519	0.0000	0.0000
0.1281	0.2525	0.0000	0.0000
0.1291	0.2531	0.0000	0.0000
0.1301	0.2537	0.0000	0.0000
0.1311	0.2543	0.0000	0.0000
0.1321	0.2549	0.0000	0.0000
0.1331	0.2555	0.0000	0.0000
0.1341	0.2561	0.0000	0.0000
0.1351	0.2567	0.0000	0.0000
0.1361	0.2573	0.0000	0.0000
0.1371	0.2579	0.0000	0.0000
0.1381	0.2585	0.0000	0.0000
0.1391	0.2591	0.0000	0.0000
0.1401	0.2597	0.0000	0.0000
0.1411	0.2603	0.0000	0.0000
0.1421	0.2609	0.0000	0.0000
0.1431	0.2615	0.0000	0.0000
0.1441	0.2621	0.0000	0.0000
0.1451	0.2627	0.0000	0.0000
0.1461	0.2633	0.0000	0.0000
0.1471	0.2639	0.0000	0.0000
0.1481	0.2645	0.0000	0.0000
0.1491	0.2651	0.0000	0.0000
0.1502	0.2657	0.0000	0.0000
0.1512	0.2663	0.0000	0.0000
0.1522	0.2669	0.0000	0.0000
0.1532	0.2675	0.0000	0.0000
0.1542	0.2681	0.0000	0.0000
0.1552	0.2687	0.0000	0.0000
0.1562	0.2693	0.0000	0.0000
0.1572	0.2699	0.0000	0.0000
0.1582	0.2705	0.0000	0.0000
0.1592	0.2711	0.0000	0.0000
0.1602	0.2716	0.0000	0.0000
0.1612	0.2722	0.0000	0.0000
0.1622	0.2728	0.0000	0.0000
0.1632	0.2734	0.0000	0.0000
0.1642	0.2740	0.0000	0.0000
0.1652	0.2746	0.0000	0.0000
0.1662	0.2752	0.0000	0.0000
0.1672	0.2758	0.0000	0.0000
0.1682	0.2764	0.0000	0.0000
0.1692	0.2770	0.0000	0.0000
0.1702	0.2776	0.0000	0.0000
0.1712	0.2782	0.0000	0.0000
0.1722	0.2787	0.0000	0.0000
0.1732	0.2793	0.0000	0.0000
0.1742	0.2799	0.0000	0.0000
0.1752	0.2805	0.0000	0.0000
0.1762	0.2811	0.0000	0.0000
0.1772	0.2817	0.0000	0.0000
0.1782	0.2823	0.0000	0.0000
0.1792	0.2829	0.0000	0.0000
0.1802	0.2834	0.0000	0.0000
0.1812	0.2840	0.0000	0.0000
0.1822	0.2846	0.0000	0.0000
0.1832	0.2852	0.0000	0.0000
0.1842	0.2858	0.0000	0.0000
0.1852	0.2864	0.0000	0.0000
0.1862	0.2870	0.0000	0.0000
0.1872	0.2876	0.0000	0.0000
0.1882	0.2881	0.0000	0.0000
0.1892	0.2887	0.0000	0.0000
0.1902	0.2893	0.0000	0.0000
0.1912	0.2899	0.0000	0.0000
0.1922	0.2905	0.0000	0.0000
0.1932	0.2911	0.0000	0.0000
0.1942	0.2917	0.0000	0.0000
0.1952	0.2922	0.0000	0.0000
0.1962	0.2928	0.0000	0.0000
0.1972	0.2934	0.0000	0.0000
0.1982	0.2940	0.0000	0.0000
0.1992	0.2946	0.0000	0.0000
0.2002	0.2952	0.0000	0.0000
0.2012	0.2958	0.0000	0.0000
0.2022	0.2963	0.0000	0.0000
0.2032	0.2969	0.0000	0.0000
0.2042	0.2975	0.0000	0.0000
0.2052	0.2981	0.0000	0.0000
0.2062	0.2987	0.0000	0.0000
0.2072	0.2993	0.0000	0.0000
0.2082	0.2999	0.0000	0.0000
0.2092	0.3004	0.0000	0.0000
0.2102	0.3010	0.0000	0.0000
0.2112	0.3016	0.0000	0.0000
0.2122	0.3022	0.0000	0.0000
0.2132	0.3028	0.0000	0.0000
0.2142	0.3034	0.0000	0.0000
0.2152	0.3039	0.0000	0.0000
0.2162	0.3045	0.0000	0.0000
0.2172	0.3051	0.0000	0.0000
0.2182	0.3057	0.0000	0.0000
0.2192	0.3063	0.0000	0.0000
0.2202	0.3069	0.0000	0.0000
0.2212	0.3074	0.0000	0.0000
0.2222	0.3080	0.0000	0.0000
0.2232	0.3086	0.0000	0.0000
0.2242	0.3092	0.0000	0.0000
0.2252	0.3098	0.0000	0.0000
0.2262	0.3104	0.0000	0.0000
0.2272	0.3109	0.0000	0.0000
0.2282	0.3115	0.0000	0.0000
0.2292	0.3121	0.0000	0.0000
0.2302	0.3127	0.0000	0.0000
0.2312	0.3133	0.0000	0.0000
0.2322	0.3139	0.0000	0.0000
0.2332	0.3145	0.0000	0.0000
0.2342	0.3150	0.0000	0.0000
0.2352	0.3156	0.0000	0.0000
0.2362	0.3162	0.0000	0.0000
0.2372	0.3168	0.0000	0.0000
0.2382	0.3174	0.0000	0.0000
0.2392	0.3180	0.0000	0.0000
0.2402	0.3185	0.0000	0.0000
0.2412	0.3191	0.0000	0.0000
0.2422	0.3197	0.0000	0.0000
0.2432	0.3203	0.0000	0.0000
0.2442	0.3209	0.0000	0.0000
0.2452	0.3215	0.0000	0.0000
0.2462	0.3221	0.0000	0.0000
0.2472	0.3226	0.0000	0.0000
0.2482	0.3232	0.0000	0.0000
0.2492	0.3238	0.0000	0.0000
0.2503	0.3244	0.0000	0.0000
0.2513	0.3250	0.0000	0.0000
0.2523	0.3256	0.0000	0.0000
0.2533	0.3262	0.0000	0.0000
0.2543	0.3267	0.0000	0.0000
0.2553	0.3273	0.0000	0.0000
0.2563	0.3279	0.0000	0.0000
0.2573	0.3285	0.0000	0.0000
0.2583	0.3291	0.0000	0.0000
0.2593	0.3297	0.0000	0.0000
0.2603	0.3303	0.0000	0.0000
0.2613	0.3309	0.0000	0.0000
0.2623	0.3314	0.0000	0.0000
0.2633	0.3320	0.0000	0.0000
0.2643	0.3326	0.0000	0.0000
0.2653	0.3332	0.0000	0.0000
0.2663	0.3338	0.0000	0.0000
0.2673	0.3344	0.0000	0.0000
0.2683	0.3350	0.0000	0.0000
0.2693	0.3356	0.0000	0.0000
0.2703	0.3362	0.0000	0.0000
0.2713	0.3368	0.0000	0.0000
0.2723	0.3373	0.0000	0.0000
0.2733	0.3379	0.0000	0.0000
0.2743	0.3385	0.0000	0.0000
0.2753	0.3391	0.0000	0.0000
0.2763	0.3397	0.0000	0.0000
0.2773	0.3403	0.0000	0.0000
0.2783	0.3409	0.0000	0.0000
0.2793	0.3415	0.0000	0.0000
0.2803	0.3421	0.0000	0.0000
0.2813	0.3427	0.0000	0.0000
0.2823	0.3433	0.0000	0.0000
0.2833	0.3439	0.0000	0.0000
0.2843	0.3445	0.0000	0.0000
0.2853	0.3451	0.0000	0.0000
0.2863	0.3457	0.0000	0.0000
0.2873	0.3463	0.0000	0.0000
0.2883	0.3469	0.0000	0.0000
0.2893	0.3475	0.0000	0.0000
0.2903	0.3481	0.0000	0.0000
0.2913	0.3487	0.0000	0.0000
0.2923	0.3492	0.0000	0.0000
0.2933	0.3498	0.0000	0.0000
0.2943	0.3504	0.0000	0.0000
0.2953	0.3510	0.0000	0.0000
0.2963	0.3517	0.0000	0.0000
0.2973	0.3523	0.0000	0.0000
0.2983	0.3529	0.0000	0.0000
0.2993	0.3535	0.0000	0.0000
0.3003	0.3541	0.0000	0.0000
0.3013	0.3547	0.0000	0.0000
0.3023	0.3553	0.0000	0.0000
0.3033	0.3559	0.0000	0.0000
0.3043	0.3565	0.0000	0.0000
0.3053	0.3571	0.0000	0.0000
0.3063	0.3577	0.0000	0.0000
0.3073	0.3583	0.0000	0.0000
0.3083	0.3589	0.0000	0.0000
0.3093	0.3595	0.0000	0.0000
0.3103	0.3601	0.0000	0.0000
0.3113	0.3607	0.0000	0.0000
0.3123	0.3613	0.0000	0.0000
0.3133	0.3619	0.0000	0.0000
0.3143	0.3626	0.0000	0.0000
0.3153	0.3632	0.0000	0.0000
0.3163	0.3638	0.0000	0.0000
0.3173	0.3644	0.0000	0.0000
0.3183	0.3650	0.0000	0.0000
0.3193	0.3656	0.0000	0.0000
0.3203	0.3662	0.0000	0.0000
0.3213	0.3669	0.0000	0.0000
0.3223	0.3675	0.0000	0.0000
0.3233	0.3681	0.0000	0.0000
0.3243	0.3687	0.0000	0.0000
0.3253	0.3693	0.0000	0.0000
0.3263	0.3699	0.0000	0.0000
0.3273	0.3706	0.0000	0.0000
0.3283	0.3712	0.0000	0.0000
0.3293	0.3718	0.0000	0.0000
0.3303	0.3724	0.0000	0.0000
0.3313	0.3730	0.0000	0.0000
0.3323	0.3737	0.0000	0.0000
0.3333	0.3743	0.0000	0.0000
0.3343	0.3749	0.0000	0.0000
0.3353	0.3756	0.0000	0.0000
0.3363	0.3762	0.0000	0.0000
0.3373	0.3768	0.0000	0.0000
0.3383	0.3774	0.0000	0.0000
0.3393	0.3781	0.0000	0.0000
0.3403	0.3787	0.0000	0.0000
0.3413	0.3793	0.0000	0.0000
0.3423	0.3800	0.0000	0.0000
0.3433	0.3806	0.0000	0.0000
0.3443	0.3812	0.0000	0.0000
0.3453	0.3819	0.0000	0.0000
0.3463	0.3825	0.0000	0.0000
0.3473	0.3831	0.0000	0.0000
0.3483	0.3838	0.0000	0.0000
0.3493	0.3844	0.0000	0.0000
0.3504	0.3851	0.0000	0.0000
0.3514	0.3857	0.0000	0.0000
0.3524	0.3863	0.0000	0.0000
0.3534	0.3870	0.0000	0.0000
0.3544	0.3876	0.0000	0.0000
0.3554	0.3883	0.0000	0.0000
0.3564	0.3889	0.0000	0.0000
0.3574	0.3896	0.0000	0.0000
0.3584	0.3902	0.0000	0.0000
0.3594	0.3909	0.0000	0.0000
0.3604	0.3915	0.0000	0.0000
0.3614	0.3922	0.0000	0.0000
0.3624	0.3928	0.0000	0.0000
0.3634	0.3935	0.0000	0.0000
0.3644	0.3941	0.0000	0.0000
0.3654	0.3948	0.0000	0.0000
0.3664	0.3954	0.0000	0.0000
0.3674	0.3961	0.0000	0.0000
0.3684	0.3968	0.0000	0.0000
0.3694	0.3974	0.0000	0.0000
0.3704	0.3981	0.0000	0.0000
0.3714	0.3987	0.0000	0.0000
0.3724	0.3994	0.0000	0.0000
0.3734	0.4001	0.0000	0.0000
0.3744	0.4007	0.0000	0.0000
0.3754	0.4014	0.0000	0.0000
0.3764	0.4021	0.0000	0.0000
0.3774	0.4028	0.0000	0.0000
0.3784	0.4034	0.0000	0.0000
0.3794	0.4041	0.0000	0.0000
0.3804	0.4048	0.0000	0.0000
0.3814	0.4055	0.0000	0.0000
0.3824	0.4061	0.0000	0.0000
0.3834	0.4068	0.0000	0.0000
0.3844	0.4075	0.0000	0.0000
0.3854	0.4082	0.0000	0.0000
0.3864	0.4089	0.0000	0.0000
0.3874	0.4095	0.0000	0.0000
0.3884	0.4102	0.0000	0.0000
0.3894	0.4109	0.0000	0.0000
0.3904	0.4116	0.0000	0.0000
0.3914	0.4123	0.0000	0.0000
0.3924	0.4130	0.0000	0.0000
0.3934	0.4137	0.0000	0.0000
0.3944	0.4144	0.0000	0.0000
0.3954	0.4151	0.0000	0.0000
0.3964	0.4158	0.0000	0.0000
0.3974	0.4165	0.0000	0.0000
0.3984	0.4172	0.0000	0.0000
0.3994	0.4179	0.0000	0.0000
0.4004	0.4186	0.0000	0.0000
0.4014	0.4193	0.0000	0.0000
0.4024	0.4200	0.0000	0.0000
0.4034	0.4207	0.0000	0.0000
0.4044	0.4214	0.0000	0.0000
0.4054	0.4221	0.0000	0.0000
0.4064	0.4229	0.0000	0.0000
0.4074	0.4236	0.0000	0.0000
0.4084	0.4243	0.0000	0.0000
0.4094	0.4250	0.0000	0.0000
0.4104	0.4257	0.0000	0.0000
0.4114	0.4265	0.0000	0.0000
0.4124	0.4272	0.0000	0.0000
0.4134	0.4279	0.0000	0.0000
0.4144	0.4286	0.0000	0.0000
0.4154	0.4294	0.0000	0.0000
0.4164	0.4301	0.0000	0.0000
0.4174	0.4308	0.0000	0.0000
0.4184	0.4316	0.0000	0.0000
0.4194	0.4323	0.0000	0.0000
0.4204	0.4331	0.0000	0.0000
0.4214	0.4338	0.0000	0.0000
0.4224	0.4346	0.0000	0.0000
0.4234	0.4353	0.0000	0.0000
0.4244	0.4360	0.0000	0.0000
0.4254	0.4368	0.0000	0.0000
0.4264	0.4376	0.0000	0.0000
0.4274	0.4383	0.0000	0.0000
0.4284	0.4391	0.0000	0.0000
0.4294	0.4398	0.0000	0.0000
0.4304	0.4406	0.0000	0.0000
0.4314	0.4414	0.0000	0.0000
0.4324	0.4421	0.0000	0.0000
0.4334	0.4429	0.0000	0.0000
0.4344	0.4437	0.0000	0.0000
0.4354	0.4444	0.0000	0.0000
0.4364	0.4452	0.0000	0.0000
0.4374	0.4460	0.0000	0.0000
0.4384	0.4468	0.0000	0.0000
0.4394	0.4475	0.0000	0.0000
0.4404	0.4483	0.0000	0.0000
0.4414	0.4491	0.0000	0.0000
0.4424	0.4499	0.0000	0.0000
0.4434	0.4507	0.0000	0.0000
0.4444	0.4515	0.0000	0.0000
0.4454	0.4523	0.0000	0.0000
0.4464	0.4531	0.0000	0.0000
0.4474	0.4539	0.0000	0.0000
0.4484	0.4547	0.0000	0.0000
0.4494	0.4555	0.0000	0.0000
0.4505	0.4563	0.0000	0.0000
0.4515	0.4571	0.0000	0.0000
0.4525	0.4579	0.0000	0.0000
0.4535	0.4588	0.0000	0.0000
0.4545	0.4596	0.0000	0.0000
0.4555	0.4604	0.0000	0.0000
0.4565	0.4612	0.0000	0.0000
0.4575	0.4621	0.0000	0.0000
0.4585	0.4629	0.0000	0.0000
0.4595	0.4637	0.0000	0.0000
0.4605	0.4646	0.0000	0.0000
0.4615	0.4654	0.0000	0.0000
0.4625	0.4662	0.0000	0.0000
0.4635	0.4671	0.0000	0.0000
0.4645	0.4679	0.0000	0.0000
0.4655	0.4688	0.0000	0.0000
0.4665	0.4696	0.0000	0.0000
0.4675	0.4705	0.0000	0.0000
0.4685	0.4713	0.0000	0.0000
0.4695	0.4722	0.0000	0.0000
0.4705	0.4731	0.0000	0.0000
0.4715	0.4739	0.0000	0.0000
0.4725	0.4748	0.0000	0.0000
0.4735	0.4757	0.0000	0.0000
0.4745	0.4766	0.0000	0.0000
0.4755	0.4774	0.0000	0.0000
0.4765	0.4783	0.0000	0.0000
0.4775	0.4792	0.0000	0.0000
0.4785	0.4801	0.0000	0.0000
0.4795	0.4810	0.0000	0.0000
0.4805	0.4819	0.0000	0.0000
0.4815	0.4828	0.0000	0.0000
0.4825	0.4837	0.0000	0.0000
0.4835	0.4846	0.0000	0.0000
0.4845	0.4855	0.0000	0.0000
0.4855	0.4864	0.0000	0.0000
0.4865	0.4873	0.0000	0.0000
0.4875	0.4883	0.0000	0.0000
0.4885	0.4892	0.0000	0.0000
0.4895	0.4901	0.0000	0.0000
0.4905	0.4910	0.0000	0.0000
0.4915	0.4920	0.0000	0.0000
0.4925	0.4929	0.0000	0.0000
0.4935	0.4939	0.0000	0.0000
0.4945	0.4948	0.0000	0.0000
0.4955	0.4958	0.0000	0.0000
0.4965	0.4967	0.0000	0.0000
0.4975	0.4977	0.0000	0.0000
0.4985	0.4986	0.0000	0.0000
0.4995	0.4996	0.0000	0.0000
0.5005	0.5006	0.0000	0.0000
0.5015	0.5015	0.0000	0.0000
0.5025	0.5025	0.0000	0.0000
0.5035	0.5034	0.0000	0.0000
0.5045	0.5044	0.0000	0.0000
0.5055	0.5053	0.0000	0.0000
0.5065	0.5063	0.0000	0.0000
0.5075	0.5072	0.0000	0.0000
0.5085	0.5082	0.0000	0.0000
0.5095	0.5091	0.0000	0.0000
0.5105	0.5100	0.0000	0.0000
0.5115	0.5110	0.0000	0.0000
0.5125	0.5119	0.0000	0.0000
0.5135	0.5128	0.0000	0.0000
0.5145	0.5137	0.0000	0.0000
0.5155	0.5146	0.0000	0.0000
0.5165	0.5156	0.0000	0.0000
0.5175	0.5165	0.0000	0.0000
0.5185	0.5174	0.0000	0.0000
0.5195	0.5183	0.0000	0.0000
0.5205	0.5192	0.0000	0.0000
0.5215	0.5201	0.0000	0.0000
0.5225	0.5209	0.0000	0.0000
0.5235	0.5218	0.0000	0.0000
0.5245	0.5227	0.0000	0.0000
0.5255	0.5236	0.0000	0.0000
0.5265	0.5245	0.0000	0.0000
0.5275	0.5254	0.0000	0.0000
0.5285	0.5262	0.0000	0.0000
0.5295	0.5271	0.0000	0.0000
0.5305	0.5280	0.0000	0.0000
0.5315	0.5288	0.0000	0.0000
0.5325	0.5297	0.0000	0.0000
0.5335	0.5305	0.0000	0.0000
0.5345	0.5314	0.0000	0.0000
0.5355	0.5322	0.0000	0.0000
0.5365	0.5331	0.0000	0.0000
0.5375	0.5339	0.0000	0.0000
0.5385	0.5348	0.0000	0.0000
0.5395	0.5356	0.0000	0.0000
0.5405	0.5365	0.0000	0.0000
0.5415	0.5373	0.0000	0.0000
0.5425	0.5381	0.0000	0.0000
0.5435	0.5389	0.0000	0.0000
0.5445	0.5398	0.0000	0.0000
0.5455	0.5406	0.0000	0.0000
0.5465	0.5414	0.0000	0.0000
0.5475	0.5422	0.0000	0.0000
0.5485	0.5430	0.0000	0.0000
0.5495	0.5439	0.0000	0.0000
0.5506	0.5447	0.0000	0.0000
0.5516	0.5455	0.0000	0.0000
0.5526	0.5463	0.0000	0.0000
0.5536	0.5471	0.0000	0.0000
0.5546	0.5479	0.0000	0.0000
0.5556	0.5487	0.0000	0.0000
0.5566	0.5495	0.0000	0.0000
0.5576	0.5503	0.0000	0.0000
0.5586	0.5511	0.0000	0.0000
0.5596	0.5518	0.0000	0.0000
0.5606	0.5526	0.0000	0.0000
0.5616	0.5534	0.0000	0.0000
0.5626	0.5542	0.0000	0.0000
0.5636	0.5550	0.0000	0.0000
0.5646	0.5557	0.0000	0.0000
0.5656	0.5565	0.0000	0.0000
0.5666	0.5573	0.0000	0.0000
0.5676	0.5581	0.0000	0.0000
0.5686	0.5588	0.0000	0.0000
0.5696	0.5596	0.0000	0.0000
0.5706	0.5604	0.0000	0.0000
0.5716	0.5611	0.0000	0.0000
0.5726	0.5619	0.0000	0.0000
0.5736	0.5626	0.0000	0.0000
0.5746	0.5634	0.0000	0.0000
0.5756	0.5641	0.0000	0.0000
0.5766	0.5649	0.0000	0.0000
0.5776	0.5656	0.0000	0.0000
0.5786	0.5664	0.0000	0.0000
0.5796	0.5671	0.0000	0.0000
0.5806	0.5679	0.0000	0.0000
0.5816	0.5686	0.0000	0.0000
0.5826	0.5693	0.0000	0.0000
0.5836	0.5701	0.0000	0.0000
0.5846	0.5708	0.0000	0.0000
0.5856	0.5715	0.0000	0.0000
0.5866	0.5723	0.0000	0.0000
0.5876	0.5730	0.0000	0.0000
0.5886	0.5737	0.0000	0.0000
0.5896	0.5745	0.0000	0.0000
0.5906	0.5752	0.0000	0.0000
0.5916	0.5759	0.0000	0.0000
0.5926	0.5766	0.0000	0.0000
0.5936	0.5773	0.0000	0.0000
0.5946	0.5781	0.0000	0.0000
0.5956	0.5788	0.0000	0.0000
0.5966	0.5795	0.0000	0.0000
0.5976	0.5802	0.0000	0.0000
0.5986	0.5809	0.0000	0.0000
0.5996	0.5816	0.0000	0.0000
0.6006	0.5823	0.0000	0.0000
0.6016	0.5830	0.0000	0.0000
0.6026	0.5837	0.0000	0.0000
0.6036	0.5844	0.0000	0.0000
0.6046	0.5851	0.0000	0.0000
0.6056	0.5858	0.0000	0.0000
0.6066	0.5865	0.0000	0.0000
0.6076	0.5872	0.0000	0.0000
0.6086	0.5879	0.0000	0.0000
0.6096	0.5886	0.0000	0.0000
0.6106	0.5893	0.0000	0.0000
0.6116	0.5900	0.0000	0.0000
0.6126	0.5907	0.0000	0.0000
0.6136	0.5913	0.0000	0.0000
0.6146	0.5920	0.0000	0.0000
0.6156	0.5927	0.0000	0.0000
0.6166	0.5934	0.0000	0.0000
0.6176	0.5941	0.0000	0.0000
0.6186	0.5947	0.0000	0.0000
0.6196	0.5954	0.0000	0.0000
0.6206	0.5961	0.0000	0.0000
0.6216	0.5968	0.0000	0.0000
0.6226	0.5974	0.0000	0.0000
0.6236	0.5981	0.0000	0.0000
0.6246	0.5988	0.0000	0.0000
0.6256	0.5995	0.0000	0.0000
0.6266	0.6001	0.0000	0.0000
0.6276	0.6008	0.0000	0.0000
0.6286	0.6015	0.0000	0.0000
0.6296	0.6021	0.0000	0.0000
0.6306	0.6028	0.0000	0.0000
0.6316	0.6034	0.0000	0.0000
0.6326	0.6041	0.0000	0.0000
0.6336	0.6048	0.0000	0.0000
0.6346	0.6054	0.0000	0.0000
0.6356	0.6061	0.0000	0.0000
0.6366	0.6067	0.0000	0.0000
0.6376	0.6074	0.0000	0.0000
0.6386	0.6080	0.0000	0.0000
0.6396	0.6087	0.0000	0.0000
0.6406	0.6093	0.0000	0.0000
0.6416	0.6100	0.0000	0.0000
0.6426	0.6106	0.0000	0.0000
0.6436	0.6113	0.0000	0.0000
0.6446	0.6119	0.0000	0.0000
0.6456	0.6126	0.0000	0.0000
0.6466	0.6132	0.0000	0.0000
0.6476	0.6139	0.0000	0.0000
0.6486	0.6145	0.0000	0.0000
0.6496	0.6151	0.0000	0.0000
0.6507	0.6158	0.0000	0.0000
0.6517	0.6164	0.0000	0.0000
0.6527	0.6171	0.0000	0.0000
0.6537	0.6177	0.0000	0.0000
0.6547	0.6183	0.0000	0.0000
0.6557	0.6190	0.0000	0.0000
0.6567	0.6196	0.0000	0.0000
0.6577	0.6202	0.0000	0.0000
0.6587	0.6209	0.0000	0.0000
0.6597	0.6215	0.0000	0.0000
0.6607	0.6221	0.0000	0.0000
0.6617	0.6228	0.0000	0.0000
0.6627	0.6234	0.0000	0.0000
0.6637	0.6240	0.0000	0.0000
0.6647	0.6246	0.0000	0.0000
0.6657	0.6253	0.0000	0.0000
0.6667	0.6259	0.0000	0.0000
0.6677	0.6265	0.0000	0.0000
0.6687	0.6271	0.0000	0.0000
0.6697	0.6278	0.0000	0.0000
0.6707	0.6284	0.0000	0.0000
0.6717	0.6290	0.0000	0.0000
0.6727	0.6296	0.0000	0.0000
0.6737	0.6303	0.0000	0.0000
0.6747	0.6309	0.0000	0.0000
0.6757	0.6315	0.0000	0.0000
0.6767	0.6321	0.0000	0.0000
0.6777	0.6327	0.0000	0.0000
0.6787	0.6333	0.0000	0.0000
0.6797	0.6340	0.0000	0.0000
0.6807	0.6346	0.0000	0.0000
0.6817	0.6352	0.0000	0.0000
0.6827	0.6358	0.0000	0.0000
0.6837	0.6364	0.0000	0.0000
0.6847	0.6370	0.0000	0.0000
0.6857	0.6376	0.0000	0.0000
0.6867	0.6382	0.0000	0.0000
0.6877	0.6389	0.0000	0.0000
0.6887	0.6395	0.0000	0.0000
0.6897	0.6401	0.0000	0.0000
0.6907	0.6407	0.0000	0.0000
0.6917	0.6413	0.0000	0.0000
0.6927	0.6419	0.0000	0.0000
0.6937	0.6425	0.0000	0.0000
0.6947	0.6431	0.0000	0.0000
0.6957	0.6437	0.0000	0.0000
0.6967	0.6443	0.0000	0.0000
0.6977	0.6449	0.0000	0.0000
0.6987	0.6455	0.0000	0.0000
0.6997	0.6461	0.0000	0.0000
0.7007	0.6467	0.0000	0.0000
0.7017	0.6473	0.0000	0.0000
0.7027	0.6479	0.0000	0.0000
0.7037	0.6485	0.0000	0.0000
0.7047	0.6491	0.0000	0.0000
0.7057	0.6497	0.0000	0.0000
0.7067	0.6503	0.0000	0.0000
0.7077	0.6509	0.0000	0.0000
0.7087	0.6515	0.0000	0.0000
0.7097	0.6521	0.0000	0.0000
0.7107	0.6527	0.0000	0.0000
0.7117	0.6533	0.0000	0.0000
0.7127	0.6539	0.0000	0.0000
0.7137	0.6545	0.0000	0.0000
0.7147	0.6551	0.0000	0.0000
0.7157	0.6557	0.0000	0.0000
0.7167	0.6563	0.0000	0.0000
0.7177	0.6569	0.0000	0.0000
0.7187	0.6575	0.0000	0.0000
0.7197	0.6581	0.0000	0.0000
0.7207	0.6587	0.0000	0.0000
0.7217	0.6593	0.0000	0.0000
0.7227	0.6599	0.0000	0.0000
0.7237	0.6605	0.0000	0.0000
0.7247	0.6611	0.0000	0.0000
0.7257	0.6616	0.0000	0.0000
0.7267	0.6622	0.0000	0.0000
0.7277	0.6628	0.0000	0.0000
0.7287	0.6634	0.0000	0.0000
0.7297	0.6640	0.0000	0.0000
0.7307	0.6646	0.0000	0.0000
0.7317	0.6652	0.0000	0.0000
0.7327	0.6658	0.0000	0.0000
0.7337	0.6664	0.0000	0.0000
0.7347	0.6670	0.0000	0.0000
0.7357	0.6676	0.0000	0.0000
0.7367	0.6681	0.0000	0.0000
0.7377	0.6687	0.0000	0.0000
0.7387	0.6693	0.0000	0.0000
0.7397	0.6699	0.0000	0.0000
0.7407	0.6705	0.0000	0.0000
0.7417	0.6711	0.0000	0.0000
0.7427	0.6717	0.0000	0.0000
0.7437	0.6723	0.0000	0.0000
0.7447	0.6728	0.0000	0.0000
0.7457	0.6734	0.0000	0.0000
0.7467	0.6740	0.0000	0.0000
0.7477	0.6746	0.0000	0.0000
0.7487	0.6752	0.0000	0.0000
0.7497	0.6758	0.0000	0.0000
0.7508	0.6764	0.0000	0.0000
0.7518	0.6769	0.0000	0.0000
0.7528	0.6775	0.0000	0.0000
0.7538	0.6781	0.0000	0.0000
0.7548	0.6787	0.0000	0.0000
0.7558	0.6793	0.0000	0.0000
0.7568	0.6799	0.0000	0.0000
0.7578	0.6805	0.0000	0.0000
0.7588	0.6810	0.0000	0.0000
0.7598	0.6816	0.0000	0.0000
0.7608	0.6822	0.0000	0.0000
0.7618	0.6828	0.0000	0.0000
0.7628	0.6834	0.0000	0.0000
0.7638	0.6840	0.0000	0.0000
0.7648	0.6845	0.0000	0.0000
0.7658	0.6851	0.0000	0.0000
0.7668	0.6857	0.0000	0.0000
0.7678	0.6863	0.0000	0.0000
0.7688	0.6869	0.0000	0.0000
0.7698	0.6875	0.0000	0.0000
0.7708	0.6880	0.0000	0.0000
0.7718	0.6886	0.0000	0.0000
0.7728	0.6892	0.0000	0.0000
0.7738	0.6898	0.0000	0.0000
0.7748	0.6904	0.0000	0.0000
0.7758	0.6910	0.0000	0.0000
0.7768	0.6915	0.0000	0.0000
0.7778	0.6921	0.0000	0.0000
0.7788	0.6927	0.0000	0.0000
0.7798	0.6933	0.0000	0.0000
0.7808	0.6939	0.0000	0.0000
0.7818	0.6945	0.0000	0.0000
0.7828	0.6950	0.0000	0.0000
0.7838	0.6956	0.0000	0.0000
0.7848	0.6962	0.0000	0.0000
0.7858	0.6968	0.0000	0.0000
0.7868	0.6974	0.0000	0.0000
0.7878	0.6980	0.0000	0.0000
0.7888	0.6985	0.0000	0.0000
0.7898	0.6991	0.0000	0.0000
0.7908	0.6997	0.0000	0.0000
0.7918	0.7003	0.0000	0.0000
0.7928	0.7009	0.0000	0.0000
0.7938	0.7015	0.0000	0.0000
0.7948	0.7020	0.0000	0.0000
0.7958	0.7026	0.0000	0.0000
0.7968	0.7032	0.0000	0.0000
0.7978	0.7038	0.0000	0.0000
0.7988	0.7044	0.0000	0.0000
0.7998	0.7050	0.0000	0.0000
0.8008	0.7056	0.0000	0.0000
0.8018	0.7061	0.0000	0.0000
0.8028	0.7067	0.0000	0.0000
0.8038	0.7073	0.0000	0.0000
0.8048	0.7079	0.0000	0.0000
0.8058	0.7085	0.0000	0.0000
0.8068	0.7091	0.0000	0.0000
0.8078	0.7096	0.0000	0.0000
0.8088	0.7102	0.0000	0.0000
0.8098	0.7108	0.0000	0.0000
0.8108	0.7114	0.0000	0.0000
0.8118	0.7120	0.0000	0.0000
0.8128	0.7126	0.0000	0.0000
0.8138	0.7132	0.0000	0.0000
0.8148	0.7137	0.0000	0.0000
0.8158	0.7143	0.0000	0.0000
0.8168	0.7149	0.0000	0.0000
0.8178	0.7155	0.0000	0.0000
0.8188	0.7161	0.0000	0.0000
0.8198	0.7167	0.0000	0.0000
0.8208	0.7173	0.0000	0.0000
0.8218	0.7179	0.0000	0.0000
0.8228	0.7184	0.0000	0.0000
0.8238	0.7190	0.0000	0.0000
0.8248	0.7196	0.0000	0.0000
0.8258	0.7202	0.0000	0.0000
0.8268	0.7208	0.0000	0.0000
0.8278	0.7214	0.0000	0.0000
0.8288	0.7220	0.0000	0.0000
0.8298	0.7226	0.0000	0.0000
0.8308	0.7231	0.0000	0.0000
0.8318	0.7237	0.0000	0.0000
0.8328	0.7243	0.0000	0.0000
0.8338	0.7249	0.0000	0.0000
0.8348	0.7255	0.0000	0.0000
0.8358	0.7261	0.0000	0.0000
0.8368	0.7267	0.0000	0.0000
0.8378	0.7273	0.0000	0.0000
0.8388	0.7279	0.0000	0.0000
0.8398	0.7285	0.0000	0.0000
0.8408	0.7291	0.0000	0.0000
0.8418	0.7296	0.0000	0.0000
0.8428	0.7302	0.0000	0.0000
0.8438	0.7308	0.0000	0.0000
0.8448	0.7314	0.0000	0.0000
0.8458	0.7320	0.0000	0.0000
0.8468	0.7326	0.0000	0.0000
0.8478	0.7332	0.0000	0.0000
0.8488	0.7338	0.0000	0.0000
0.8498	0.7344	0.0000	0.0000
0.8509	0.7350	0.0000	0.0000
0.8519	0.7356	0.0000	0.0000
0.8529	0.7362	0.0000	0.0000
0.8539	0.7368	0.0000	0.0000
0.8549	0.7374	0.0000	0.0000
0.8559	0.7380	0.0000	0.0000
0.8569	0.7386	0.0000	0.0000
0.8579	0.7392	0.0000	0.0000
0.8589	0.7398	0.0000	0.0000
0.8599	0.7404	0.0000	0.0000
0.8609	0.7410	0.0000	0.0000
0.8619	0.7416	0.0000	0.0000
0.8629	0.7422	0.0000	0.0000
0.8639	0.7428	0.0000	0.0000
0.8649	0.7434	0.0000	0.0000
0.8659	0.7440	0.0000	0.0000
0.8669	0.7446	0.0000	0.0000
0.8679	0.7452	0.0000	0.0000
0.8689	0.7458	0.0000	0.0000
0.8699	0.7464	0.0000	0.0000
0.8709	0.7470	0.0000	0.0000
0.8719	0.7476	0.0000	0.0000
0.8729	0.7482	0.0000	0.0000
0.8739	0.7488	0.0000	0.0000
0.8749	0.7494	0.0000	0.0000
0.8759	0.7500	0.0000	0.0000
0.8769	0.7506	0.0000	0.0000
0.8779	0.7512	0.0000	0.0000
0.8789	0.7518	0.0000	0.0000
0.8799	0.7524	0.0000	0.0000
0.8809	0.7530	0.0000	0.0000
0.8819	0.7536	0.0000	0.0000
0.8829	0.7542	0.0000	0.0000
0.8839	0.7548	0.0000	0.0000
0.8849	0.7554	0.0000	0.0000
0.8859	0.7560	0.0000	0.0000
0.8869	0.7566	0.0000	0.0000
0.8879	0.7572	0.0000	0.0000
0.8889	0.7579	0.0000	0.0000
0.8899	0.7585	0.0000	0.0000
0.8909	0.7591	0.0000	0.0000
0.8919	0.7597	0.0000	0.0000
0.8929	0.7603	0.0000	0.0000
0.8939	0.7609	0.0000	0.0000
0.8949	0.7615	0.0000	0.0000
0.8959	0.7621	0.0000	0.0000
0.8969	0.7627	0.0000	0.0000
0.8979	0.7634	0.0000	0.0000
0.8989	0.7640	0.0000	0.0000
0.8999	0.7646	0.0000	0.0000
0.9009	0.7652	0.0000	0.0000
0.9019	0.7658	0.0000	0.0000
0.9029	0.7664	0.0000	0.0000
0.9039	0.7670	0.0000	0.0000
0.9049	0.7677	0.0000	0.0000
0.9059	0.7683	0.0000	0.0000
0.9069	0.7689	0.0000	0.0000
0.9079	0.7695	0.0000	0.0000
0.9089	0.7701	0.0000	0.0000
0.9099	0.7707	0.0000	0.0000
0.9109	0.7714	0.0000	0.0000
0.9119	0.7720	0.0000	0.0000
0.9129	0.7726	0.0000	0.0000
0.9139	0.7732	0.0000	0.0000
0.9149	0.7738	0.0000	0.0000
0.9159	0.7745	0.0000	0.0000
0.9169	0.7751	0.0000	0.0000
0.9179	0.7757	0.0000	0.0000
0.9189	0.7763	0.0000	0.0000
0.9199	0.7770	0.0000	0.0000
0.9209	0.7776	0.0000	0.0000
0.9219	0.7782	0.0000	0.0000
0.9229	0.7788	0.0000	0.0000
0.9239	0.7795	0.0000	0.0000
0.9249	0.7801	0.0000	0.0000
0.9259	0.7807	0.0000	0.0000
0.9269	0.7813	0.0000	0.0000
0.9279	0.7820	0.0000	0.0000
0.9289	0.7826	0.0000	0.0000
0.9299	0.7832	0.0000	0.0000
0.9309	0.7839	0.0000	0.0000
0.9319	0.7845	0.0000	0.0000
0.9329	0.7851	0.0000	0.0000
0.9339	0.7857	0.0000	0.0000
0.9349	0.7864	0.0000	0.0000
0.9359	0.7870	0.0000	0.0000
0.9369	0.7876	0.0000	0.0000
0.9379	0.7883	0.0000	0.0000
0.9389	0.7889	0.0000	0.0000
0.9399	0.7895	0.0000	0.0000
0.9409	0.7902	0.0000	0.0000
0.9419	0.7908	0.0000	0.0000
0.9429	0.7914	0.0000	0.0000
0.9439	0.7921	0.0000	0.0000
0.9449	0.7927	0.0000	0.0000
0.9459	0.7934	0.0000	0.0000
0.9469	0.7940	0.0000	0.0000
0.9479	0.7946	0.0000	0.0000
0.9489	0.7953	0.0000	0.0000
0.9499	0.7959	0.0000	0.0000
0.9510	0.7966	0.0000	0.0000
0.9520	0.7972	0.0000	0.0000
0.9530	0.7978	0.0000	0.0000
0.9540	0.7985	0.0000	0.0000
0.9550	0.7991	0.0000	0.0000
0.9560	0.7998	0.0000	0.0000
0.9570	0.8004	0.0000	0.0000
0.9580	0.8011	0.0000	0.0000
0.9590	0.8017	0.0000	0.0000
0.9600	0.8023	0.0000	0.0000
0.9610	0.8030	0.0000	0.0000
0.9620	0.8036	0.0000	0.0000
0.9630	0.8043	0.0000	0.0000
0.9640	0.8049	0.0000	0.0000
0.9650	0.8056	0.0000	0.0000
0.9660	0.8062	0.0000	0.0000
0.9670	0.8069	0.0000	0.0000
0.9680	0.8075	0.0000	0.0000
0.9690	0.8082	0.0000	0.0000
0.9700	0.8088	0.0000	0.0000
0.9710	0.8095	0.0000	0.0000
0.9720	0.8101	0.0000	0.0000
0.9730	0.8108	0.0000	0.0000
0.9740	0.8115	0.0000	0.0000
0.9750	0.8121	0.0000	0.0000
0.9760	0.8128	0.0000	0.0000
0.9770	0.8134	0.0000	0.0000
0.9780	0.8141	0.0000	0.0000
0.9790	0.8147	0.0000	0.0000
0.9800	0.8154	0.0000	0.0000
0.9810	0.8161	0.0000	0.0000
0.9820	0.8167	0.0000	0.0000
0.9830	0.8174	0.0000	0.0000
0.9840	0.8180	0.0000	0.0000
0.9850	0.8187	0.0000	0.0000
0.9860	0.8194	0.0000	0.0000
0.9870	0.8200	0.0000	0.0000
0.9880	0.8207	0.0000	0.0000
0.9890	0.8214	0.0000	0.0000
0.9900	0.8220	0.0000	0.0000
0.9910	0.8227	0.0000	0.0000
0.9920	0.8233	0.0000	0.0000
0.9930	0.8240	0.0000	0.0000
0.9940	0.8247	0.0000	0.0000
0.9950	0.8253	0.0000	0.0000
0.9960	0.8260	0.0000	0.0000
0.9970	0.8267	0.0000	0.0000
0.9980	0.8274	0.0000	0.0000
0.9990	0.8280	0.0000	0.0000
1.0000	0.8287	0.0000	0.0000
0.5025
