0.0000	0.0663	0.0000	0.0000
0.0010	0.0669	0.0000	0.0000
0.0020	0.0674	0.0000	0.0000
0.0030	0.0680	0.0000	0.0000
0.0040	0.0686	0.0000	0.0000
0.0050	0.0691	0.0000	0.0000
0.0060	0.0697	0.0000	0.0000
0.0070	0.0702	0.0000	0.0000
0.0080	0.0708	0.0000	0.0000
0.0090	0.0714	0.0000	0.0000
0.0100	0.0719	0.0000	0.0000
0.0110	0.0725	0.0000	0.0000
0.0120	0.0731	0.0000	0.0000
0.0130	0.0736	0.0000	0.0000
0.0140	0.0742	0.0000	0.0000
0.0150	0.0748	0.0000	0.0000
0.0160	0.0753	0.0000	0.0000
0.0170	0.0759	0.0000	0.0000
0.0180	0.0765	0.0000	0.0000
0.0190	0.0770	0.0000	0.0000
0.0200	0.0776	0.0000	0.0000
0.0210	0.0782	0.0000	0.0000
0.0220	0.0787	0.0000	0.0000
0.0230	0.0793	0.0000	0.0000
0.0240	0.0799	0.0000	0.0000
0.0250	0.0804	0.0000	0.0000
0.0260	0.0810	0.0000	0.0000
0.0270	0.0816	0.0000	0.0000
0.0280	0.0821	0.0000	0.0000
0.0290	0.0827	0.0000	0.0000
0.0300	0.0833	0.0000	0.0000
0.0310	0.0839	0.0000	0.0000
0.0320	0.0844	0.0000	0.0000
0.0330	0.0850	0.0000	0.0000
0.0340	0.0856	0.0000	0.0000
0.0350	0.0861	0.0000	0.0000
0.0360	0.0867	0.0000	0.0000
0.0370	0.0873	0.0000	0.0000
0.0380	0.0878	0.0000	0.0000
0.0390	0.0884	0.0000	0.0000
0.0400	0.0890	0.0000	0.0000
0.0410	0.0896	0.0000	0.0000
0.0420	0.0901	0.0000	0.0000
0.0430	0.0907	0.0000	0.0000
0.0440	0.0913	0.0000	0.0000
0.0450	0.0918	0.0000	0.0000
0.0460	0.0924	0.0000	0.0000
0.0470	0.0930	0.0000	0.0000
0.0480	0.0936	0.0000	0.0000
0.0490	0.0941	0.0000	0.0000
0.0501	0.0947	0.0000	0.0000
0.0511	0.0953	0.0000	0.0000
0.0521	0.0959	0.0000	0.0000
0.0531	0.0964	0.0000	0.0000
0.0541	0.0970	0.0000	0.0000
0.0551	0.0976	0.0000	0.0000
0.0561	0.0982	0.0000	0.0000
0.0571	0.0988	0.0000	0.0000
0.0581	0.0993	0.0000	0.0000
0.0591	0.0999	0.0000	0.0000
0.0601	0.1005	0.0000	0.0000
0.0611	0.1011	0.0000	0.0000
0.0621	0.1017	0.0000	0.0000
0.0631	0.1022	0.0000	0.0000
0.0641	0.1028	0.0000	0.0000
0.0651	0.1034	0.0000	0.0000
0.0661	0.1040	0.0000	0.0000
0.0671	0.1046	0.0000	0.0000
0.0681	0.1051	0.0000	0.0000
0.0691	0.1057	0.0000	0.0000
0.0701	0.1063	0.0000	0.0000
0.0711	0.1069	0.0000	0.0000
0.0721	0.1075	0.0000	0.0000
0.0731	0.1081	0.0000	0.0000
0.0741	0.1087	0.0000	0.0000
0.0751	0.1092	0.0000	0.0000
0.0761	0.1098	0.0000	0.0000
0.0771	0.1104	0.0000	0.0000
0.0781	0.1110	0.0000	0.0000
0.0791	0.1116	0.0000	0.0000
0.0801	0.1122	0.0000	0.0000
0.0811	0.1128	0.0000	0.0000
0.0821	0.1134	0.0000	0.0000
0.0831	0.1140	0.0000	0.0000
0.0841	0.1146	0.0000	0.0000
0.0851	0.1151	0.0000	0.0000
0.0861	0.1157	0.0000	0.0000
0.0871	0.1163	0.0000	0.0000
0.0881	0.1169	0.0000	0.0000
0.0891	0.1175	0.0000	0.0000
0.0901	0.1181	0.0000	0.0000
0.0911	0.1187	0.0000	0.0000
0.0921	0.1193	0.0000	0.0000
0.0931	0.1199	0.0000	0.0000
0.0941	0.1205	0.0000	0.0000
0.0951	0.1211	0.0000	0.0000
0.0961	0.1217	0.0000	0.0000
0.0971	0.1223	0.0000	0.0000
0.0981	0.1229	0.0000	0.0000
0.0991	0.1235	0.0000	0.0000
0.1001	0.1241	0.0000	0.0000
0.1011	0.1247	0.0000	0.0000
0.1021	0.1253	0.0000	0.0000
0.1031	0.1259	0.0000	0.0000
0.1041	0.1265	0.0000	0.0000
0.1051	0.1271	0.0000	0.0000
0.1061	0.1277	0.0000	0.0000
0.1071	0.1283	0.0000	0.0000
0.1081	0.1289	0.0000	0.0000
0.1091	0.1296	0.0000	0.0000
0.1101	0.1302	0.0000	0.0000
0.1111	0.1308	0.0000	0.0000
0.1121	0.1314	0.0000	0.0000
0.1131	0.1320	0.0000	0.0000
0.1141	0.1326	0.0000	0.0000
0.1151	0.1332	0.0000	0.0000
0.1161	0.1338	0.0000	0.0000
0.1171	0.1344	0.0000	0.0000
0.1181	0.1351	0.0000	0.0000
0.1191	0.1357	0.0000	0.0000
0.1201	0.1363	0.0000	0.0000
0.1211	0.1369	0.0000	0.0000
0.1221	0.1375	0.0000	0.0000
0.1231	0.1381	0.0000	0.0000
0.1241	0.1388	0.0000	0.0000
0.1251	0.1394	0.0000	0.0000
0.1261	0.1400	0.0000	0.0000
0.1271	0.1406	0.0000	0.0000
0.1281	0.1412	0.0000	0.0000
0.1291	0.1419	0.0000	0.0000
0.1301	0.1425	0.0000	0.0000
0.1311	0.1431	0.0000	0.0000
0.1321	0.1437	0.0000	0.0000
0.1331	0.1444	0.0000	0.0000
0.1341	0.1450	0.0000	0.0000
0.1351	0.1456	0.0000	0.0000
0.1361	0.1463	0.0000	0.0000
0.1371	0.1469	0.0000	0.0000
0.1381	0.1475	0.0000	0.0000
0.1391	0.1482	0.0000	0.0000
0.1401	0.1488	0.0000	0.0000
0.1411	0.1494	0.0000	0.0000
0.1421	0.1501	0.0000	0.0000
0.1431	0.1507	0.0000	0.0000
0.1441	0.1513	0.0000	0.0000
0.1451	0.1520	0.0000	0.0000
0.1461	0.1526	0.0000	0.0000
0.1471	0.1532	0.0000	0.0000
0.1481	0.1539	0.0000	0.0000
0.1491	0.1545	0.0000	0.0000
0.1502	0.1552	0.0000	0.0000
0.1512	0.1558	0.0000	0.0000
0.1522	0.1564	0.0000	0.0000
0.1532	0.1571	0.0000	0.0000
0.1542	0.1577	0.0000	0.0000
0.1552	0.1584	0.0000	0.0000
0.1562	0.1590	0.0000	0.0000
0.1572	0.1597	0.0000	0.0000
0.1582	0.1603	0.0000	0.0000
0.1592	0.1610	0.0000	0.0000
0.1602	0.1616	0.0000	0.0000
0.1612	0.1623	0.0000	0.0000
0.1622	0.1629	0.0000	0.0000
0.1632	0.1636	0.0000	0.0000
0.1642	0.1643	0.0000	0.0000
0.1652	0.1649	0.0000	0.0000
0.1662	0.1656	0.0000	0.0000
0.1672	0.1662	0.0000	0.0000
0.1682	0.1669	0.0000	0.0000
0.1692	0.1675	0.0000	0.0000
0.1702	0.1682	0.0000	0.0000
0.1712	0.1689	0.0000	0.0000
0.1722	0.1695	0.0000	0.0000
0.1732	0.1702	0.0000	0.0000
0.1742	0.1709	0.0000	0.0000
0.1752	0.1715	0.0000	0.0000
0.1762	0.1722	0.0000	0.0000
0.1772	0.1729	0.0000	0.0000
0.1782	0.1735	0.0000	0.0000
0.1792	0.1742	0.0000	0.0000
0.1802	0.1749	0.0000	0.0000
0.1812	0.1756	0.0000	0.0000
0.1822	0.1762	0.0000	0.0000
0.1832	0.1769	0.0000	0.0000
0.1842	0.1776	0.0000	0.0000
0.1852	0.1783	0.0000	0.0000
0.1862	0.1789	0.0000	0.0000
0.1872	0.1796	0.0000	0.0000
0.1882	0.1803	0.0000	0.0000
0.1892	0.1810	0.0000	0.0000
0.1902	0.1817	0.0000	0.0000
0.1912	0.1824	0.0000	0.0000
0.1922	0.1830	0.0000	0.0000
0.1932	0.1837	0.0000	0.0000
0.1942	0.1844	0.0000	0.0000
0.1952	0.1851	0.0000	0.0000
0.1962	0.1858	0.0000	0.0000
0.1972	0.1865	0.0000	0.0000
0.1982	0.1872	0.0000	0.0000
0.1992	0.1879	0.0000	0.0000
0.2002	0.1886	0.0000	0.0000
0.2012	0.1893	0.0000	0.0000
0.2022	0.1900	0.0000	0.0000
0.2032	0.1907	0.0000	0.0000
0.2042	0.1914	0.0000	0.0000
0.2052	0.1921	0.0000	0.0000
0.2062	0.1928	0.0000	0.0000
0.2072	0.1935	0.0000	0.0000
0.2082	0.1942	0.0000	0.0000
0.2092	0.1949	0.0000	0.0000
0.2102	0.1956	0.0000	0.0000
0.2112	0.1963	0.0000	0.0000
0.2122	0.1970	0.0000	0.0000
0.2132	0.1978	0.0000	0.0000
0.2142	0.1985	0.0000	0.0000
0.2152	0.1992	0.0000	0.0000
0.2162	0.1999	0.0000	0.0000
0.2172	0.2006	0.0000	0.0000
0.2182	0.2013	0.0000	0.0000
0.2192	0.2021	0.0000	0.0000
0.2202	0.2028	0.0000	0.0000
0.2212	0.2035	0.0000	0.0000
0.2222	0.2042	0.0000	0.0000
0.2232	0.2050	0.0000	0.0000
0.2242	0.2057	0.0000	0.0000
0.2252	0.2064	0.0000	0.0000
0.2262	0.2071	0.0000	0.0000
0.2272	0.2079	0.0000	0.0000
0.2282	0.2086	0.0000	0.0000
0.2292	0.2093	0.0000	0.0000
0.2302	0.2101	0.0000	0.0000
0.2312	0.2108	0.0000	0.0000
0.2322	0.2116	0.0000	0.0000
0.2332	0.2123	0.0000	0.0000
0.2342	0.2130	0.0000	0.0000
0.2352	0.2138	0.0000	0.0000
0.2362	0.2145	0.0000	0.0000
0.2372	0.2153	0.0000	0.0000
0.2382	0.2160	0.0000	0.0000
0.2392	0.2168	0.0000	0.0000
0.2402	0.2175	0.0000	0.0000
0.2412	0.2183	0.0000	0.0000
0.2422	0.2190	0.0000	0.0000
0.2432	0.2198	0.0000	0.0000
0.2442	0.2206	0.0000	0.0000
0.2452	0.2213	0.0000	0.0000
0.2462	0.2221	0.0000	0.0000
0.2472	0.2228	0.0000	0.0000
0.2482	0.2236	0.0000	0.0000
0.2492	0.2244	0.0000	0.0000
0.2503	0.2251	0.0000	0.0000
0.2513	0.2259	0.0000	0.0000
0.2523	0.2267	0.0000	0.0000
0.2533	0.2275	0.0000	0.0000
0.2543	0.2282	0.0000	0.0000
0.2553	0.2290	0.0000	0.0000
0.2563	0.2298	0.0000	0.0000
0.2573	0.2306	0.0000	0.0000
0.2583	0.2313	0.0000	0.0000
0.2593	0.2321	0.0000	0.0000
0.2603	0.2329	0.0000	0.0000
0.2613	0.2337	0.0000	0.0000
0.2623	0.2345	0.0000	0.0000
0.2633	0.2353	0.0000	0.0000
0.2643	0.2361	0.0000	0.0000
0.2653	0.2369	0.0000	0.0000
0.2663	0.2377	0.0000	0.0000
0.2673	0.2385	0.0000	0.0000
0.2683	0.2393	0.0000	0.0000
0.2693	0.2401	0.0000	0.0000
0.2703	0.2409	0.0000	0.0000
0.2713	0.2417	0.0000	0.0000
0.2723	0.2425	0.0000	0.0000
0.2733	0.2433	0.0000	0.0000
0.2743	0.2441	0.0000	0.0000
0.2753	0.2449	0.0000	0.0000
0.2763	0.2457	0.0000	0.0000
0.2773	0.2465	0.0000	0.0000
0.2783	0.2473	0.0000	0.0000
0.2793	0.2482	0.0000	0.0000
0.2803	0.2490	0.0000	0.0000
0.2813	0.2498	0.0000	0.0000
0.2823	0.2506	0.0000	0.0000
0.2833	0.2515	0.0000	0.0000
0.2843	0.2523	0.0000	0.0000
0.2853	0.2531	0.0000	0.0000
0.2863	0.2539	0.0000	0.0000
0.2873	0.2548	0.0000	0.0000
0.2883	0.2556	0.0000	0.0000
0.2893	0.2565	0.0000	0.0000
0.2903	0.2573	0.0000	0.0000
0.2913	0.2581	0.0000	0.0000
0.2923	0.2590	0.0000	0.0000
0.2933	0.2598	0.0000	0.0000
0.2943	0.2607	0.0000	0.0000
0.2953	0.2615	0.0000	0.0000
0.2963	0.2624	0.0000	0.0000
0.2973	0.2632	0.0000	0.0000
0.2983	0.2641	0.0000	0.0000
0.2993	0.2650	0.0000	0.0000
0.3003	0.2658	0.0000	0.0000
0.3013	0.2667	0.0000	0.0000
0.3023	0.2675	0.0000	0.0000
0.3033	0.2684	0.0000	0.0000
0.3043	0.2693	0.0000	0.0000
0.3053	0.2702	0.0000	0.0000
0.3063	0.2710	0.0000	0.0000
0.3073	0.2719	0.0000	0.0000
0.3083	0.2728	0.0000	0.0000
0.3093	0.2737	0.0000	0.0000
0.3103	0.2745	0.0000	0.0000
0.3113	0.2754	0.0000	0.0000
0.3123	0.2763	0.0000	0.0000
0.3133	0.2772	0.0000	0.0000
0.3143	0.2781	0.0000	0.0000
0.3153	0.2790	0.0000	0.0000
0.3163	0.2799	0.0000	0.0000
0.3173	0.2808	0.0000	0.0000
0.3183	0.2817	0.0000	0.0000
0.3193	0.2826	0.0000	0.0000
0.3203	0.2835	0.0000	0.0000
0.3213	0.2844	0.0000	0.0000
0.3223	0.2853	0.0000	0.0000
0.3233	0.2862	0.0000	0.0000
0.3243	0.2871	0.0000	0.0000
0.3253	0.2881	0.0000	0.0000
0.3263	0.2890	0.0000	0.0000
0.3273	0.2899	0.0000	0.0000
0.3283	0.2908	0.0000	0.0000
0.3293	0.2917	0.0000	0.0000
0.3303	0.2927	0.0000	0.0000
0.3313	0.2936	0.0000	0.0000
0.3323	0.2945	0.0000	0.0000
0.3333	0.2955	0.0000	0.0000
0.3343	0.2964	0.0000	0.0000
0.3353	0.2974	0.0000	0.0000
0.3363	0.2983	0.0000	0.0000
0.3373	0.2993	0.0000	0.0000
0.3383	0.3002	0.0000	0.0000
0.3393	0.3012	0.0000	0.0000
0.3403	0.3021	0.0000	0.0000
0.3413	0.3031	0.0000	0.0000
0.3423	0.3040	0.0000	0.0000
0.3433	0.3050	0.0000	0.0000
0.3443	0.3060	0.0000	0.0000
0.3453	0.3069	0.0000	0.0000
0.3463	0.3079	0.0000	0.0000
0.3473	0.3089	0.0000	0.0000
0.3483	0.3098	0.0000	0.0000
0.3493	0.3108	0.0000	0.0000
0.3504	0.3118	0.0000	0.0000
0.3514	0.3128	0.0000	0.0000
0.3524	0.3138	0.0000	0.0000
0.3534	0.3148	0.0000	0.0000
0.3544	0.3158	0.0000	0.0000
0.3554	0.3168	0.0000	0.0000
0.3564	0.3178	0.0000	0.0000
0.3574	0.3188	0.0000	0.0000
0.3584	0.3198	0.0000	0.0000
0.3594	0.3208	0.0000	0.0000
0.3604	0.3218	0.0000	0.0000
0.3614	0.3228	0.0000	0.0000
0.3624	0.3238	0.0000	0.0000
0.3634	0.3248	0.0000	0.0000
0.3644	0.3258	0.0000	0.0000
0.3654	0.3269	0.0000	0.0000
0.3664	0.3279	0.0000	0.0000
0.3674	0.3289	0.0000	0.0000
0.3684	0.3300	0.0000	0.0000
0.3694	0.3310	0.0000	0.0000
0.3704	0.3320	0.0000	0.0000
0.3714	0.3331	0.0000	0.0000
0.3724	0.3341	0.0000	0.0000
0.3734	0.3352	0.0000	0.0000
0.3744	0.3362	0.0000	0.0000
0.3754	0.3373	0.0000	0.0000
0.3764	0.3383	0.0000	0.0000
0.3774	0.3394	0.0000	0.0000
0.3784	0.3405	0.0000	0.0000
0.3794	0.3415	0.0000	0.0000
0.3804	0.3426	0.0000	0.0000
0.3814	0.3437	0.0000	0.0000
0.3824	0.3447	0.0000	0.0000
0.3834	0.3458	0.0000	0.0000
0.3844	0.3469	0.0000	0.0000
0.3854	0.3480	0.0000	0.0000
0.3864	0.3491	0.0000	0.0000
0.3874	0.3502	0.0000	0.0000
0.3884	0.3513	0.0000	0.0000
0.3894	0.3524	0.0000	0.0000
0.3904	0.3535	0.0000	0.0000
0.3914	0.3546	0.0000	0.0000
0.3924	0.3557	0.0000	0.0000
0.3934	0.3568	0.0000	0.0000
0.3944	0.3579	0.0000	0.0000
0.3954	0.3591	0.0000	0.0000
0.3964	0.3602	0.0000	0.0000
0.3974	0.3613	0.0000	0.0000
0.3984	0.3624	0.0000	0.0000
0.3994	0.3636	0.0000	0.0000
0.4004	0.3647	0.0000	0.0000
0.4014	0.3659	0.0000	0.0000
0.4024	0.3670	0.0000	0.0000
0.4034	0.3682	0.0000	0.0000
0.4044	0.3693	0.0000	0.0000
0.4054	0.3705	0.0000	0.0000
0.4064	0.3716	0.0000	0.0000
0.4074	0.3728	0.0000	0.0000
0.4084	0.3740	0.0000	0.0000
0.4094	0.3751	0.0000	0.0000
0.4104	0.3763	0.0000	0.0000
0.4114	0.3775	0.0000	0.0000
0.4124	0.3787	0.0000	0.0000
0.4134	0.3799	0.0000	0.0000
0.4144	0.3811	0.0000	0.0000
0.4154	0.3822	0.0000	0.0000
0.4164	0.3834	0.0000	0.0000
0.4174	0.3847	0.0000	0.0000
0.4184	0.3859	0.0000	0.0000
0.4194	0.3871	0.0000	0.0000
0.4204	0.3883	0.0000	0.0000
0.4214	0.3895	0.0000	0.0000
0.4224	0.3907	0.0000	0.0000
0.4234	0.3920	0.0000	0.0000
0.4244	0.3932	0.0000	0.0000
0.4254	0.3944	0.0000	0.0000
0.4264	0.3957	0.0000	0.0000
0.4274	0.3969	0.0000	0.0000
0.4284	0.3982	0.0000	0.0000
0.4294	0.3994	0.0000	0.0000
0.4304	0.4007	0.0000	0.0000
0.4314	0.4019	0.0000	0.0000
0.4324	0.4032	0.0000	0.0000
0.4334	0.4045	0.0000	0.0000
0.4344	0.4057	0.0000	0.0000
0.4354	0.4070	0.0000	0.0000
0.4364	0.4083	0.0000	0.0000
0.4374	0.4096	0.0000	0.0000
0.4384	0.4109	0.0000	0.0000
0.4394	0.4122	0.0000	0.0000
0.4404	0.4135	0.0000	0.0000
0.4414	0.4148	0.0000	0.0000
0.4424	0.4161	0.0000	0.0000
0.4434	0.4174	0.0000	0.0000
0.4444	0.4187	0.0000	0.0000
0.4454	0.4200	0.0000	0.0000
0.4464	0.4214	0.0000	0.0000
0.4474	0.4227	0.0000	0.0000
0.4484	0.4240	0.0000	0.0000
0.4494	0.4254	0.0000	0.0000
0.4505	0.4267	0.0000	0.0000
0.4515	0.4281	0.0000	0.0000
0.4525	0.4294	0.0000	0.0000
0.4535	0.4308	0.0000	0.0000
0.4545	0.4322	0.0000	0.0000
0.4555	0.4335	0.0000	0.0000
0.4565	0.4349	0.0000	0.0000
0.4575	0.4363	0.0000	0.0000
0.4585	0.4377	0.0000	0.0000
0.4595	0.4391	0.0000	0.0000
0.4605	0.4405	0.0000	0.0000
0.4615	0.4419	0.0000	0.0000
0.4625	0.4433	0.0000	0.0000
0.4635	0.4447	0.0000	0.0000
0.4645	0.4461	0.0000	0.0000
0.4655	0.4475	0.0000	0.0000
0.4665	0.4490	0.0000	0.0000
0.4675	0.4504	0.0000	0.0000
0.4685	0.4518	0.0000	0.0000
0.4695	0.4533	0.0000	0.0000
0.4705	0.4547	0.0000	0.0000
0.4715	0.4562	0.0000	0.0000
0.4725	0.4576	0.0000	0.0000
0.4735	0.4591	0.0000	0.0000
0.4745	0.4606	0.0000	0.0000
0.4755	0.4621	0.0000	0.0000
0.4765	0.4635	0.0000	0.0000
0.4775	0.4650	0.0000	0.0000
0.4785	0.4665	0.0000	0.0000
0.4795	0.4680	0.0000	0.0000
0.4805	0.4695	0.0000	0.0000
0.4815	0.4710	0.0000	0.0000
0.4825	0.4726	0.0000	0.0000
0.4835	0.4741	0.0000	0.0000
0.4845	0.4756	0.0000	0.0000
0.4855	0.4771	0.0000	0.0000
0.4865	0.4787	0.0000	0.0000
0.4875	0.4802	0.0000	0.0000
0.4885	0.4818	0.0000	0.0000
0.4895	0.4833	0.0000	0.0000
0.4905	0.4849	0.0000	0.0000
0.4915	0.4865	0.0000	0.0000
0.4925	0.4881	0.0000	0.0000
0.4935	0.4896	0.0000	0.0000
0.4945	0.4912	0.0000	0.0000
0.4955	0.4928	0.0000	0.0000
0.4965	0.4944	0.0000	0.0000
0.4975	0.4960	0.0000	0.0000
0.4985	0.4976	0.0000	0.0000
0.4995	0.4993	0.0000	0.0000
0.5005	0.5009	0.0000	0.0000
0.5015	0.5025	0.0000	0.0000
0.5025	0.5041	0.0000	0.0000
0.5035	0.5057	0.0000	0.0000
0.5045	0.5073	0.0000	0.0000
0.5055	0.5089	0.0000	0.0000
0.5065	0.5105	0.0000	0.0000
0.5075	0.5121	0.0000	0.0000
0.5085	0.5137	0.0000	0.0000
0.5095	0.5152	0.0000	0.0000
0.5105	0.5168	0.0000	0.0000
0.5115	0.5184	0.0000	0.0000
0.5125	0.5199	0.0000	0.0000
0.5135	0.5214	0.0000	0.0000
0.5145	0.5230	0.0000	0.0000
0.5155	0.5245	0.0000	0.0000
0.5165	0.5260	0.0000	0.0000
0.5175	0.5276	0.0000	0.0000
0.5185	0.5291	0.0000	0.0000
0.5195	0.5306	0.0000	0.0000
0.5205	0.5321	0.0000	0.0000
0.5215	0.5336	0.0000	0.0000
0.5225	0.5351	0.0000	0.0000
0.5235	0.5366	0.0000	0.0000
0.5245	0.5381	0.0000	0.0000
0.5255	0.5395	0.0000	0.0000
0.5265	0.5410	0.0000	0.0000
0.5275	0.5425	0.0000	0.0000
0.5285	0.5439	0.0000	0.0000
0.5295	0.5454	0.0000	0.0000
0.5305	0.5468	0.0000	0.0000
0.5315	0.5483	0.0000	0.0000
0.5325	0.5497	0.0000	0.0000
0.5335	0.5511	0.0000	0.0000
0.5345	0.5526	0.0000	0.0000
0.5355	0.5540	0.0000	0.0000
0.5365	0.5554	0.0000	0.0000
0.5375	0.5568	0.0000	0.0000
0.5385	0.5582	0.0000	0.0000
0.5395	0.5596	0.0000	0.0000
0.5405	0.5610	0.0000	0.0000
0.5415	0.5624	0.0000	0.0000
0.5425	0.5638	0.0000	0.0000
0.5435	0.5652	0.0000	0.0000
0.5445	0.5665	0.0000	0.0000
0.5455	0.5679	0.0000	0.0000
0.5465	0.5693	0.0000	0.0000
0.5475	0.5706	0.0000	0.0000
0.5485	0.5720	0.0000	0.0000
0.5495	0.5733	0.0000	0.0000
0.5506	0.5747	0.0000	0.0000
0.5516	0.5760	0.0000	0.0000
0.5526	0.5774	0.0000	0.0000
0.5536	0.5787	0.0000	0.0000
0.5546	0.5800	0.0000	0.0000
0.5556	0.5814	0.0000	0.0000
0.5566	0.5827	0.0000	0.0000
0.5576	0.5840	0.0000	0.0000
0.5586	0.5853	0.0000	0.0000
0.5596	0.5866	0.0000	0.0000
0.5606	0.5879	0.0000	0.0000
0.5616	0.5892	0.0000	0.0000
0.5626	0.5905	0.0000	0.0000
0.5636	0.5918	0.0000	0.0000
0.5646	0.5930	0.0000	0.0000
0.5656	0.5943	0.0000	0.0000
0.5666	0.5956	0.0000	0.0000
0.5676	0.5969	0.0000	0.0000
0.5686	0.5981	0.0000	0.0000
0.5696	0.5994	0.0000	0.0000
0.5706	0.6006	0.0000	0.0000
0.5716	0.6019	0.0000	0.0000
0.5726	0.6031	0.0000	0.0000
0.5736	0.6044	0.0000	0.0000
0.5746	0.6056	0.0000	0.0000
0.5756	0.6069	0.0000	0.0000
0.5766	0.6081	0.0000	0.0000
0.5776	0.6093	0.0000	0.0000
0.5786	0.6105	0.0000	0.0000
0.5796	0.6118	0.0000	0.0000
0.5806	0.6130	0.0000	0.0000
0.5816	0.6142	0.0000	0.0000
0.5826	0.6154	0.0000	0.0000
0.5836	0.6166	0.0000	0.0000
0.5846	0.6178	0.0000	0.0000
0.5856	0.6190	0.0000	0.0000
0.5866	0.6202	0.0000	0.0000
0.5876	0.6214	0.0000	0.0000
0.5886	0.6225	0.0000	0.0000
0.5896	0.6237	0.0000	0.0000
0.5906	0.6249	0.0000	0.0000
0.5916	0.6261	0.0000	0.0000
0.5926	0.6272	0.0000	0.0000
0.5936	0.6284	0.0000	0.0000
0.5946	0.6296	0.0000	0.0000
0.5956	0.6307	0.0000	0.0000
0.5966	0.6319	0.0000	0.0000
0.5976	0.6330	0.0000	0.0000
0.5986	0.6342	0.0000	0.0000
0.5996	0.6353	0.0000	0.0000
0.6006	0.6364	0.0000	0.0000
0.6016	0.6376	0.0000	0.0000
0.6026	0.6387	0.0000	0.0000
0.6036	0.6398	0.0000	0.0000
0.6046	0.6410	0.0000	0.0000
0.6056	0.6421	0.0000	0.0000
0.6066	0.6432	0.0000	0.0000
0.6076	0.6443	0.0000	0.0000
0.6086	0.6454	0.0000	0.0000
0.6096	0.6465	0.0000	0.0000
0.6106	0.6476	0.0000	0.0000
0.6116	0.6487	0.0000	0.0000
0.6126	0.6498	0.0000	0.0000
0.6136	0.6509	0.0000	0.0000
0.6146	0.6520	0.0000	0.0000
0.6156	0.6531	0.0000	0.0000
0.6166	0.6542	0.0000	0.0000
0.6176	0.6553	0.0000	0.0000
0.6186	0.6563	0.0000	0.0000
0.6196	0.6574	0.0000	0.0000
0.6206	0.6585	0.0000	0.0000
0.6216	0.6596	0.0000	0.0000
0.6226	0.6606	0.0000	0.0000
0.6236	0.6617	0.0000	0.0000
0.6246	0.6627	0.0000	0.0000
0.6256	0.6638	0.0000	0.0000
0.6266	0.6648	0.0000	0.0000
0.6276	0.6659	0.0000	0.0000
0.6286	0.6669	0.0000	0.0000
0.6296	0.6680	0.0000	0.0000
0.6306	0.6690	0.0000	0.0000
0.6316	0.6700	0.0000	0.0000
0.6326	0.6711	0.0000	0.0000
0.6336	0.6721	0.0000	0.0000
0.6346	0.6731	0.0000	0.0000
0.6356	0.6742	0.0000	0.0000
0.6366	0.6752	0.0000	0.0000
0.6376	0.6762	0.0000	0.0000
0.6386	0.6772	0.0000	0.0000
0.6396	0.6782	0.0000	0.0000
0.6406	0.6792	0.0000	0.0000
0.6416	0.6802	0.0000	0.0000
0.6426	0.6812	0.0000	0.0000
0.6436	0.6822	0.0000	0.0000
0.6446	0.6832	0.0000	0.0000
0.6456	0.6842	0.0000	0.0000
0.6466	0.6852	0.0000	0.0000
0.6476	0.6862	0.0000	0.0000
0.6486	0.6872	0.0000	0.0000
0.6496	0.6882	0.0000	0.0000
0.6507	0.6892	0.0000	0.0000
0.6517	0.6901	0.0000	0.0000
0.6527	0.6911	0.0000	0.0000
0.6537	0.6921	0.0000	0.0000
0.6547	0.6931	0.0000	0.0000
0.6557	0.6940	0.0000	0.0000
0.6567	0.6950	0.0000	0.0000
0.6577	0.6960	0.0000	0.0000
0.6587	0.6969	0.0000	0.0000
0.6597	0.6979	0.0000	0.0000
0.6607	0.6988	0.0000	0.0000
0.6617	0.6998	0.0000	0.0000
0.6627	0.7007	0.0000	0.0000
0.6637	0.7017	0.0000	0.0000
0.6647	0.7026	0.0000	0.0000
0.6657	0.7036	0.0000	0.0000
0.6667	0.7045	0.0000	0.0000
0.6677	0.7054	0.0000	0.0000
0.6687	0.7064	0.0000	0.0000
0.6697	0.7073	0.0000	0.0000
0.6707	0.7082	0.0000	0.0000
0.6717	0.7092	0.0000	0.0000
0.6727	0.7101	0.0000	0.0000
0.6737	0.7110	0.0000	0.0000
0.6747	0.7119	0.0000	0.0000
0.6757	0.7128	0.0000	0.0000
0.6767	0.7138	0.0000	0.0000
0.6777	0.7147	0.0000	0.0000
0.6787	0.7156	0.0000	0.0000
0.6797	0.7165	0.0000	0.0000
0.6807	0.7174	0.0000	0.0000
0.6817	0.7183	0.0000	0.0000
0.6827	0.7192	0.0000	0.0000
0.6837	0.7201	0.0000	0.0000
0.6847	0.7210	0.0000	0.0000
0.6857	0.7219	0.0000	0.0000
0.6867	0.7228	0.0000	0.0000
0.6877	0.7237	0.0000	0.0000
0.6887	0.7245	0.0000	0.0000
0.6897	0.7254	0.0000	0.0000
0.6907	0.7263	0.0000	0.0000
0.6917	0.7272	0.0000	0.0000
0.6927	0.7281	0.0000	0.0000
0.6937	0.7289	0.0000	0.0000
0.6947	0.7298	0.0000	0.0000
0.6957	0.7307	0.0000	0.0000
0.6967	0.7316	0.0000	0.0000
0.6977	0.7324	0.0000	0.0000
0.6987	0.7333	0.0000	0.0000
0.6997	0.7341	0.0000	0.0000
0.7007	0.7350	0.0000	0.0000
0.7017	0.7359	0.0000	0.0000
0.7027	0.7367	0.0000	0.0000
0.7037	0.7376	0.0000	0.0000
0.7047	0.7384	0.0000	0.0000
0.7057	0.7393	0.0000	0.0000
0.7067	0.7401	0.0000	0.0000
0.7077	0.7410	0.0000	0.0000
0.7087	0.7418	0.0000	0.0000
0.7097	0.7427	0.0000	0.0000
0.7107	0.7435	0.0000	0.0000
0.7117	0.7443	0.0000	0.0000
0.7127	0.7452	0.0000	0.0000
0.7137	0.7460	0.0000	0.0000
0.7147	0.7468	0.0000	0.0000
0.7157	0.7477	0.0000	0.0000
0.7167	0.7485	0.0000	0.0000
0.7177	0.7493	0.0000	0.0000
0.7187	0.7501	0.0000	0.0000
0.7197	0.7510	0.0000	0.0000
0.7207	0.7518	0.0000	0.0000
0.7217	0.7526	0.0000	0.0000
0.7227	0.7534	0.0000	0.0000
0.7237	0.7542	0.0000	0.0000
0.7247	0.7550	0.0000	0.0000
0.7257	0.7559	0.0000	0.0000
0.7267	0.7567	0.0000	0.0000
0.7277	0.7575	0.0000	0.0000
0.7287	0.7583	0.0000	0.0000
0.7297	0.7591	0.0000	0.0000
0.7307	0.7599	0.0000	0.0000
0.7317	0.7607	0.0000	0.0000
0.7327	0.7615	0.0000	0.0000
0.7337	0.7623	0.0000	0.0000
0.7347	0.7631	0.0000	0.0000
0.7357	0.7639	0.0000	0.0000
0.7367	0.7647	0.0000	0.0000
0.7377	0.7655	0.0000	0.0000
0.7387	0.7662	0.0000	0.0000
0.7397	0.7670	0.0000	0.0000
0.7407	0.7678	0.0000	0.0000
0.7417	0.7686	0.0000	0.0000
0.7427	0.7694	0.0000	0.0000
0.7437	0.7702	0.0000	0.0000
0.7447	0.7709	0.0000	0.0000
0.7457	0.7717	0.0000	0.0000
0.7467	0.7725	0.0000	0.0000
0.7477	0.7733	0.0000	0.0000
0.7487	0.7740	0.0000	0.0000
0.7497	0.7748	0.0000	0.0000
0.7508	0.7756	0.0000	0.0000
0.7518	0.7763	0.0000	0.0000
0.7528	0.7771	0.0000	0.0000
0.7538	0.7779	0.0000	0.0000
0.7548	0.7786	0.0000	0.0000
0.7558	0.7794	0.0000	0.0000
0.7568	0.7801	0.0000	0.0000
0.7578	0.7809	0.0000	0.0000
0.7588	0.7816	0.0000	0.0000
0.7598	0.7824	0.0000	0.0000
0.7608	0.7831	0.0000	0.0000
0.7618	0.7839	0.0000	0.0000
0.7628	0.7846	0.0000	0.0000
0.7638	0.7854	0.0000	0.0000
0.7648	0.7861	0.0000	0.0000
0.7658	0.7869	0.0000	0.0000
0.7668	0.7876	0.0000	0.0000
0.7678	0.7884	0.0000	0.0000
0.7688	0.7891	0.0000	0.0000
0.7698	0.7898	0.0000	0.0000
0.7708	0.7906	0.0000	0.0000
0.7718	0.7913	0.0000	0.0000
0.7728	0.7921	0.0000	0.0000
0.7738	0.7928	0.0000	0.0000
0.7748	0.7935	0.0000	0.0000
0.7758	0.7942	0.0000	0.0000
0.7768	0.7950	0.0000	0.0000
0.7778	0.7957	0.0000	0.0000
0.7788	0.7964	0.0000	0.0000
0.7798	0.7971	0.0000	0.0000
0.7808	0.7979	0.0000	0.0000
0.7818	0.7986	0.0000	0.0000
0.7828	0.7993	0.0000	0.0000
0.7838	0.8000	0.0000	0.0000
0.7848	0.8007	0.0000	0.0000
0.7858	0.8015	0.0000	0.0000
0.7868	0.8022	0.0000	0.0000
0.7878	0.8029	0.0000	0.0000
0.7888	0.8036	0.0000	0.0000
0.7898	0.8043	0.0000	0.0000
0.7908	0.8050	0.0000	0.0000
0.7918	0.8057	0.0000	0.0000
0.7928	0.8064	0.0000	0.0000
0.7938	0.8071	0.0000	0.0000
0.7948	0.8078	0.0000	0.0000
0.7958	0.8085	0.0000	0.0000
0.7968	0.8092	0.0000	0.0000
0.7978	0.8099	0.0000	0.0000
0.7988	0.8106	0.0000	0.0000
0.7998	0.8113	0.0000	0.0000
0.8008	0.8120	0.0000	0.0000
0.8018	0.8127	0.0000	0.0000
0.8028	0.8134	0.0000	0.0000
0.8038	0.8141	0.0000	0.0000
0.8048	0.8148	0.0000	0.0000
0.8058	0.8155	0.0000	0.0000
0.8068	0.8162	0.0000	0.0000
0.8078	0.8169	0.0000	0.0000
0.8088	0.8176	0.0000	0.0000
0.8098	0.8183	0.0000	0.0000
0.8108	0.8189	0.0000	0.0000
0.8118	0.8196	0.0000	0.0000
0.8128	0.8203	0.0000	0.0000
0.8138	0.8210	0.0000	0.0000
0.8148	0.8217	0.0000	0.0000
0.8158	0.8223	0.0000	0.0000
0.8168	0.8230	0.0000	0.0000
0.8178	0.8237	0.0000	0.0000
0.8188	0.8244	0.0000	0.0000
0.8198	0.8250	0.0000	0.0000
0.8208	0.8257	0.0000	0.0000
0.8218	0.8264	0.0000	0.0000
0.8228	0.8271	0.0000	0.0000
0.8238	0.8277	0.0000	0.0000
0.8248	0.8284	0.0000	0.0000
0.8258	0.8291	0.0000	0.0000
0.8268	0.8297	0.0000	0.0000
0.8278	0.8304	0.0000	0.0000
0.8288	0.8311	0.0000	0.0000
0.8298	0.8317	0.0000	0.0000
0.8308	0.8324	0.0000	0.0000
0.8318	0.8330	0.0000	0.0000
0.8328	0.8337	0.0000	0.0000
0.8338	0.8344	0.0000	0.0000
0.8348	0.8350	0.0000	0.0000
0.8358	0.8357	0.0000	0.0000
0.8368	0.8363	0.0000	0.0000
0.8378	0.8370	0.0000	0.0000
0.8388	0.8376	0.0000	0.0000
0.8398	0.8383	0.0000	0.0000
0.8408	0.8389	0.0000	0.0000
0.8418	0.8396	0.0000	0.0000
0.8428	0.8402	0.0000	0.0000
0.8438	0.8409	0.0000	0.0000
0.8448	0.8415	0.0000	0.0000
0.8458	0.8422	0.0000	0.0000
0.8468	0.8428	0.0000	0.0000
0.8478	0.8435	0.0000	0.0000
0.8488	0.8441	0.0000	0.0000
0.8498	0.8448	0.0000	0.0000
0.8509	0.8454	0.0000	0.0000
0.8519	0.8460	0.0000	0.0000
0.8529	0.8467	0.0000	0.0000
0.8539	0.8473	0.0000	0.0000
0.8549	0.8480	0.0000	0.0000
0.8559	0.8486	0.0000	0.0000
0.8569	0.8492	0.0000	0.0000
0.8579	0.8499	0.0000	0.0000
0.8589	0.8505	0.0000	0.0000
0.8599	0.8511	0.0000	0.0000
0.8609	0.8518	0.0000	0.0000
0.8619	0.8524	0.0000	0.0000
0.8629	0.8530	0.0000	0.0000
0.8639	0.8537	0.0000	0.0000
0.8649	0.8543	0.0000	0.0000
0.8659	0.8549	0.0000	0.0000
0.8669	0.8556	0.0000	0.0000
0.8679	0.8562	0.0000	0.0000
0.8689	0.8568	0.0000	0.0000
0.8699	0.8574	0.0000	0.0000
0.8709	0.8581	0.0000	0.0000
0.8719	0.8587	0.0000	0.0000
0.8729	0.8593	0.0000	0.0000
0.8739	0.8599	0.0000	0.0000
0.8749	0.8605	0.0000	0.0000
0.8759	0.8612	0.0000	0.0000
0.8769	0.8618	0.0000	0.0000
0.8779	0.8624	0.0000	0.0000
0.8789	0.8630	0.0000	0.0000
0.8799	0.8636	0.0000	0.0000
0.8809	0.8643	0.0000	0.0000
0.8819	0.8649	0.0000	0.0000
0.8829	0.8655	0.0000	0.0000
0.8839	0.8661	0.0000	0.0000
0.8849	0.8667	0.0000	0.0000
0.8859	0.8673	0.0000	0.0000
0.8869	0.8679	0.0000	0.0000
0.8879	0.8686	0.0000	0.0000
0.8889	0.8692	0.0000	0.0000
0.8899	0.8698	0.0000	0.0000
0.8909	0.8704	0.0000	0.0000
0.8919	0.8710	0.0000	0.0000
0.8929	0.8716	0.0000	0.0000
0.8939	0.8722	0.0000	0.0000
0.8949	0.8728	0.0000	0.0000
0.8959	0.8734	0.0000	0.0000
0.8969	0.8740	0.0000	0.0000
0.8979	0.8746	0.0000	0.0000
0.8989	0.8752	0.0000	0.0000
0.8999	0.8758	0.0000	0.0000
0.9009	0.8764	0.0000	0.0000
0.9019	0.8770	0.0000	0.0000
0.9029	0.8776	0.0000	0.0000
0.9039	0.8782	0.0000	0.0000
0.9049	0.8788	0.0000	0.0000
0.9059	0.8794	0.0000	0.0000
0.9069	0.8800	0.0000	0.0000
0.9079	0.8806	0.0000	0.0000
0.9089	0.8812	0.0000	0.0000
0.9099	0.8818	0.0000	0.0000
0.9109	0.8824	0.0000	0.0000
0.9119	0.8830	0.0000	0.0000
0.9129	0.8836	0.0000	0.0000
0.9139	0.8842	0.0000	0.0000
0.9149	0.8848	0.0000	0.0000
0.9159	0.8854	0.0000	0.0000
0.9169	0.8860	0.0000	0.0000
0.9179	0.8866	0.0000	0.0000
0.9189	0.8872	0.0000	0.0000
0.9199	0.8878	0.0000	0.0000
0.9209	0.8884	0.0000	0.0000
0.9219	0.8889	0.0000	0.0000
0.9229	0.8895	0.0000	0.0000
0.9239	0.8901	0.0000	0.0000
0.9249	0.8907	0.0000	0.0000
0.9259	0.8913	0.0000	0.0000
0.9269	0.8919	0.0000	0.0000
0.9279	0.8925	0.0000	0.0000
0.9289	0.8931	0.0000	0.0000
0.9299	0.8936	0.0000	0.0000
0.9309	0.8942	0.0000	0.0000
0.9319	0.8948	0.0000	0.0000
0.9329	0.8954	0.0000	0.0000
0.9339	0.8960	0.0000	0.0000
0.9349	0.8966	0.0000	0.0000
0.9359	0.8971	0.0000	0.0000
0.9369	0.8977	0.0000	0.0000
0.9379	0.8983	0.0000	0.0000
0.9389	0.8989	0.0000	0.0000
0.9399	0.8995	0.0000	0.0000
0.9409	0.9000	0.0000	0.0000
0.9419	0.9006	0.0000	0.0000
0.9429	0.9012	0.0000	0.0000
0.9439	0.9018	0.0000	0.0000
0.9449	0.9024	0.0000	0.0000
0.9459	0.9029	0.0000	0.0000
0.9469	0.9035	0.0000	0.0000
0.9479	0.9041	0.0000	0.0000
0.9489	0.9047	0.0000	0.0000
0.9499	0.9052	0.0000	0.0000
0.9510	0.9058	0.0000	0.0000
0.9520	0.9064	0.0000	0.0000
0.9530	0.9070	0.0000	0.0000
0.9540	0.9075	0.0000	0.0000
0.9550	0.9081	0.0000	0.0000
0.9560	0.9087	0.0000	0.0000
0.9570	0.9093	0.0000	0.0000
0.9580	0.9098	0.0000	0.0000
0.9590	0.9104	0.0000	0.0000
0.9600	0.9110	0.0000	0.0000
0.9610	0.9116	0.0000	0.0000
0.9620	0.9121	0.0000	0.0000
0.9630	0.9127	0.0000	0.0000
0.9640	0.9133	0.0000	0.0000
0.9650	0.9138	0.0000	0.0000
0.9660	0.9144	0.0000	0.0000
0.9670	0.9150	0.0000	0.0000
0.9680	0.9156	0.0000	0.0000
0.9690	0.9161	0.0000	0.0000
0.9700	0.9167	0.0000	0.0000
0.9710	0.9173	0.0000	0.0000
0.9720	0.9178	0.0000	0.0000
0.9730	0.9184	0.0000	0.0000
0.9740	0.9190	0.0000	0.0000
0.9750	0.9195	0.0000	0.0000
0.9760	0.9201	0.0000	0.0000
0.9770	0.9207	0.0000	0.0000
0.9780	0.9212	0.0000	0.0000
0.9790	0.9218	0.0000	0.0000
0.9800	0.9224	0.0000	0.0000
0.9810	0.9229	0.0000	0.0000
0.9820	0.9235	0.0000	0.0000
0.9830	0.9241	0.0000	0.0000
0.9840	0.9246	0.0000	0.0000
0.9850	0.9252	0.0000	0.0000
0.9860	0.9258	0.0000	0.0000
0.9870	0.9263	0.0000	0.0000
0.9880	0.9269	0.0000	0.0000
0.9890	0.9275	0.0000	0.0000
0.9900	0.9280	0.0000	0.0000
0.9910	0.9286	0.0000	0.0000
0.9920	0.9292	0.0000	0.0000
0.9930	0.9297	0.0000	0.0000
0.9940	0.9303	0.0000	0.0000
0.9950	0.9309	0.0000	0.0000
0.9960	0.9314	0.0000	0.0000
0.9970	0.9320	0.0000	0.0000
0.9980	0.9326	0.0000	0.0000
0.9990	0.9331	0.0000	0.0000
1.0000	0.9337	0.0000	0.0000
0.1652
0.5005
0.8358
