0.0000	0.5633	0.0000	0.0000
0.0010	0.5634	0.0000	0.0000
0.0020	0.5636	0.0000	0.0000
0.0030	0.5638	0.0000	0.0000
0.0040	0.5639	0.0000	0.0000
0.0050	0.5641	0.0000	0.0000
0.0060	0.5643	0.0000	0.0000
0.0070	0.5644	0.0000	0.0000
0.0080	0.5646	0.0000	0.0000
0.0090	0.5648	0.0000	0.0000
0.0100	0.5649	0.0000	0.0000
0.0110	0.5651	0.0000	0.0000
0.0120	0.5653	0.0000	0.0000
0.0130	0.5654	0.0000	0.0000
0.0140	0.5656	0.0000	0.0000
0.0150	0.5658	0.0000	0.0000
0.0160	0.5659	0.0000	0.0000
0.0170	0.5661	0.0000	0.0000
0.0180	0.5663	0.0000	0.0000
0.0190	0.5664	0.0000	0.0000
0.0200	0.5666	0.0000	0.0000
0.0210	0.5668	0.0000	0.0000
0.0220	0.5669	0.0000	0.0000
0.0230	0.5671	0.0000	0.0000
0.0240	0.5673	0.0000	0.0000
0.0250	0.5675	0.0000	0.0000
0.0260	0.5676	0.0000	0.0000
0.0270	0.5678	0.0000	0.0000
0.0280	0.5680	0.0000	0.0000
0.0290	0.5681	0.0000	0.0000
0.0300	0.5683	0.0000	0.0000
0.0310	0.5685	0.0000	0.0000
0.0320	0.5687	0.0000	0.0000
0.0330	0.5688	0.0000	0.0000
0.0340	0.5690	0.0000	0.0000
0.0350	0.5692	0.0000	0.0000
0.0360	0.5694	0.0000	0.0000
0.0370	0.5695	0.0000	0.0000
0.0380	0.5697	0.0000	0.0000
0.0390	0.5699	0.0000	0.0000
0.0400	0.5701	0.0000	0.0000
0.0410	0.5702	0.0000	0.0000
0.0420	0.5704	0.0000	0.0000
0.0430	0.5706	0.0000	0.0000
0.0440	0.5708	0.0000	0.0000
0.0450	0.5709	0.0000	0.0000
0.0460	0.5711	0.0000	0.0000
0.0470	0.5713	0.0000	0.0000
0.0480	0.5715	0.0000	0.0000
0.0490	0.5717	0.0000	0.0000
0.0501	0.5718	0.0000	0.0000
0.0511	0.5720	0.0000	0.0000
0.0521	0.5722	0.0000	0.0000
0.0531	0.5724	0.0000	0.0000
0.0541	0.5726	0.0000	0.0000
0.0551	0.5727	0.0000	0.0000
0.0561	0.5729	0.0000	0.0000
0.0571	0.5731	0.0000	0.0000
0.0581	0.5733	0.0000	0.0000
0.0591	0.5735	0.0000	0.0000
0.0601	0.5736	0.0000	0.0000
0.0611	0.5738	0.0000	0.0000
0.0621	0.5740	0.0000	0.0000
0.0631	0.5742	0.0000	0.0000
0.0641	0.5744	0.0000	0.0000
0.0651	0.5746	0.0000	0.0000
0.0661	0.5748	0.0000	0.0000
0.0671	0.5749	0.0000	0.0000
0.0681	0.5751	0.0000	0.0000
0.0691	0.5753	0.0000	0.0000
0.0701	0.5755	0.0000	0.0000
0.0711	0.5757	0.0000	0.0000
0.0721	0.5759	0.0000	0.0000
0.0731	0.5761	0.0000	0.0000
0.0741	0.5762	0.0000	0.0000
0.0751	0.5764	0.0000	0.0000
0.0761	0.5766	0.0000	0.0000
0.0771	0.5768	0.0000	0.0000
0.0781	0.5770	0.0000	0.0000
0.0791	0.5772	0.0000	0.0000
0.0801	0.5774	0.0000	0.0000
0.0811	0.5776	0.0000	0.0000
0.0821	0.5778	0.0000	0.0000
0.0831	0.5779	0.0000	0.0000
0.0841	0.5781	0.0000	0.0000
0.0851	0.5783	0.0000	0.0000
0.0861	0.5785	0.0000	0.0000
0.0871	0.5787	0.0000	0.0000
0.0881	0.5789	0.0000	0.0000
0.0891	0.5791	0.0000	0.0000
0.0901	0.5793	0.0000	0.0000
0.0911	0.5795	0.0000	0.0000
0.0921	0.5797	0.0000	0.0000
0.0931	0.5799	0.0000	0.0000
0.0941	0.5801	0.0000	0.0000
0.0951	0.5803	0.0000	0.0000
0.0961	0.5804	0.0000	0.0000
0.0971	0.5806	0.0000	0.0000
0.0981	0.5808	0.0000	0.0000
0.0991	0.5810	0.0000	0.0000
0.1001	0.5812	0.0000	0.0000
0.1011	0.5814	0.0000	0.0000
0.1021	0.5816	0.0000	0.0000
0.1031	0.5818	0.0000	0.0000
0.1041	0.5820	0.0000	0.0000
0.1051	0.5822	0.0000	0.0000
0.1061	0.5824	0.0000	0.0000
0.1071	0.5826	0.0000	0.0000
0.1081	0.5828	0.0000	0.0000
0.1091	0.5830	0.0000	0.0000
0.1101	0.5832	0.0000	0.0000
0.1111	0.5834	0.0000	0.0000
0.1121	0.5836	0.0000	0.0000
0.1131	0.5838	0.0000	0.0000
0.1141	0.5840	0.0000	0.0000
0.1151	0.5842	0.0000	0.0000
0.1161	0.5844	0.0000	0.0000
0.1171	0.5846	0.0000	0.0000
0.1181	0.5848	0.0000	0.0000
0.1191	0.5850	0.0000	0.0000
0.1201	0.5852	0.0000	0.0000
0.1211	0.5854	0.0000	0.0000
0.1221	0.5856	0.0000	0.0000
0.1231	0.5858	0.0000	0.0000
0.1241	0.5860	0.0000	0.0000
0.1251	0.5862	0.0000	0.0000
0.1261	0.5864	0.0000	0.0000
0.1271	0.5866	0.0000	0.0000
0.1281	0.5868	0.0000	0.0000
0.1291	0.5870	0.0000	0.0000
0.1301	0.5873	0.0000	0.0000
0.1311	0.5875	0.0000	0.0000
0.1321	0.5877	0.0000	0.0000
0.1331	0.5879	0.0000	0.0000
0.1341	0.5881	0.0000	0.0000
0.1351	0.5883	0.0000	0.0000
0.1361	0.5885	0.0000	0.0000
0.1371	0.5887	0.0000	0.0000
0.1381	0.5889	0.0000	0.0000
0.1391	0.5891	0.0000	0.0000
0.1401	0.5893	0.0000	0.0000
0.1411	0.5895	0.0000	0.0000
0.1421	0.5897	0.0000	0.0000
0.1431	0.5900	0.0000	0.0000
0.1441	0.5902	0.0000	0.0000
0.1451	0.5904	0.0000	0.0000
0.1461	0.5906	0.0000	0.0000
0.1471	0.5908	0.0000	0.0000
0.1481	0.5910	0.0000	0.0000
0.1491	0.5912	0.0000	0.0000
0.1502	0.5914	0.0000	0.0000
0.1512	0.5916	0.0000	0.0000
0.1522	0.5919	0.0000	0.0000
0.1532	0.5921	0.0000	0.0000
0.1542	0.5923	0.0000	0.0000
0.1552	0.5925	0.0000	0.0000
0.1562	0.5927	0.0000	0.0000
0.1572	0.5929	0.0000	0.0000
0.1582	0.5931	0.0000	0.0000
0.1592	0.5933	0.0000	0.0000
0.1602	0.5936	0.0000	0.0000
0.1612	0.5938	0.0000	0.0000
0.1622	0.5940	0.0000	0.0000
0.1632	0.5942	0.0000	0.0000
0.1642	0.5944	0.0000	0.0000
0.1652	0.5946	0.0000	0.0000
0.1662	0.5949	0.0000	0.0000
0.1672	0.5951	0.0000	0.0000
0.1682	0.5953	0.0000	0.0000
0.1692	0.5955	0.0000	0.0000
0.1702	0.5957	0.0000	0.0000
0.1712	0.5959	0.0000	0.0000
0.1722	0.5962	0.0000	0.0000
0.1732	0.5964	0.0000	0.0000
0.1742	0.5966	0.0000	0.0000
0.1752	0.5968	0.0000	0.0000
0.1762	0.5970	0.0000	0.0000
0.1772	0.5972	0.0000	0.0000
0.1782	0.5975	0.0000	0.0000
0.1792	0.5977	0.0000	0.0000
0.1802	0.5979	0.0000	0.0000
0.1812	0.5981	0.0000	0.0000
0.1822	0.5983	0.0000	0.0000
0.1832	0.5986	0.0000	0.0000
0.1842	0.5988	0.0000	0.0000
0.1852	0.5990	0.0000	0.0000
0.1862	0.5992	0.0000	0.0000
0.1872	0.5994	0.0000	0.0000
0.1882	0.5997	0.0000	0.0000
0.1892	0.5999	0.0000	0.0000
0.1902	0.6001	0.0000	0.0000
0.1912	0.6003	0.0000	0.0000
0.1922	0.6006	0.0000	0.0000
0.1932	0.6008	0.0000	0.0000
0.1942	0.6010	0.0000	0.0000
0.1952	0.6012	0.0000	0.0000
0.1962	0.6015	0.0000	0.0000
0.1972	0.6017	0.0000	0.0000
0.1982	0.6019	0.0000	0.0000
0.1992	0.6021	0.0000	0.0000
0.2002	0.6024	0.0000	0.0000
0.2012	0.6026	0.0000	0.0000
0.2022	0.6028	0.0000	0.0000
0.2032	0.6030	0.0000	0.0000
0.2042	0.6033	0.0000	0.0000
0.2052	0.6035	0.0000	0.0000
0.2062	0.6037	0.0000	0.0000
0.2072	0.6039	0.0000	0.0000
0.2082	0.6042	0.0000	0.0000
0.2092	0.6044	0.0000	0.0000
0.2102	0.6046	0.0000	0.0000
0.2112	0.6048	0.0000	0.0000
0.2122	0.6051	0.0000	0.0000
0.2132	0.6053	0.0000	0.0000
0.2142	0.6055	0.0000	0.0000
0.2152	0.6058	0.0000	0.0000
0.2162	0.6060	0.0000	0.0000
0.2172	0.6062	0.0000	0.0000
0.2182	0.6064	0.0000	0.0000
0.2192	0.6067	0.0000	0.0000
0.2202	0.6069	0.0000	0.0000
0.2212	0.6071	0.0000	0.0000
0.2222	0.6074	0.0000	0.0000
0.2232	0.6076	0.0000	0.0000
0.2242	0.6078	0.0000	0.0000
0.2252	0.6080	0.0000	0.0000
0.2262	0.6083	0.0000	0.0000
0.2272	0.6085	0.0000	0.0000
0.2282	0.6087	0.0000	0.0000
0.2292	0.6090	0.0000	0.0000
0.2302	0.6092	0.0000	0.0000
0.2312	0.6094	0.0000	0.0000
0.2322	0.6097	0.0000	0.0000
0.2332	0.6099	0.0000	0.0000
0.2342	0.6101	0.0000	0.0000
0.2352	0.6104	0.0000	0.0000
0.2362	0.6106	0.0000	0.0000
0.2372	0.6108	0.0000	0.0000
0.2382	0.6111	0.0000	0.0000
0.2392	0.6113	0.0000	0.0000
0.2402	0.6115	0.0000	0.0000
0.2412	0.6118	0.0000	0.0000
0.2422	0.6120	0.0000	0.0000
0.2432	0.6122	0.0000	0.0000
0.2442	0.6125	0.0000	0.0000
0.2452	0.6127	0.0000	0.0000
0.2462	0.6129	0.0000	0.0000
0.2472	0.6132	0.0000	0.0000
0.2482	0.6134	0.0000	0.0000
0.2492	0.6136	0.0000	0.0000
0.2503	0.6139	0.0000	0.0000
0.2513	0.6141	0.0000	0.0000
0.2523	0.6143	0.0000	0.0000
0.2533	0.6146	0.0000	0.0000
0.2543	0.6148	0.0000	0.0000
0.2553	0.6150	0.0000	0.0000
0.2563	0.6153	0.0000	0.0000
0.2573	0.6155	0.0000	0.0000
0.2583	0.6158	0.0000	0.0000
0.2593	0.6160	0.0000	0.0000
0.2603	0.6162	0.0000	0.0000
0.2613	0.6165	0.0000	0.0000
0.2623	0.6167	0.0000	0.0000
0.2633	0.6169	0.0000	0.0000
0.2643	0.6172	0.0000	0.0000
0.2653	0.6174	0.0000	0.0000
0.2663	0.6176	0.0000	0.0000
0.2673	0.6179	0.0000	0.0000
0.2683	0.6181	0.0000	0.0000
0.2693	0.6184	0.0000	0.0000
0.2703	0.6186	0.0000	0.0000
0.2713	0.6188	0.0000	0.0000
0.2723	0.6191	0.0000	0.0000
0.2733	0.6193	0.0000	0.0000
0.2743	0.6195	0.0000	0.0000
0.2753	0.6198	0.0000	0.0000
0.2763	0.6200	0.0000	0.0000
0.2773	0.6203	0.0000	0.0000
0.2783	0.6205	0.0000	0.0000
0.2793	0.6207	0.0000	0.0000
0.2803	0.6210	0.0000	0.0000
0.2813	0.6212	0.0000	0.0000
0.2823	0.6215	0.0000	0.0000
0.2833	0.6217	0.0000	0.0000
0.2843	0.6219	0.0000	0.0000
0.2853	0.6222	0.0000	0.0000
0.2863	0.6224	0.0000	0.0000
0.2873	0.6226	0.0000	0.0000
0.2883	0.6229	0.0000	0.0000
0.2893	0.6231	0.0000	0.0000
0.2903	0.6234	0.0000	0.0000
0.2913	0.6236	0.0000	0.0000
0.2923	0.6238	0.0000	0.0000
0.2933	0.6241	0.0000	0.0000
0.2943	0.6243	0.0000	0.0000
0.2953	0.6246	0.0000	0.0000
0.2963	0.6248	0.0000	0.0000
0.2973	0.6250	0.0000	0.0000
0.2983	0.6253	0.0000	0.0000
0.2993	0.6255	0.0000	0.0000
0.3003	0.6258	0.0000	0.0000
0.3013	0.6260	0.0000	0.0000
0.3023	0.6262	0.0000	0.0000
0.3033	0.6265	0.0000	0.0000
0.3043	0.6267	0.0000	0.0000
0.3053	0.6270	0.0000	0.0000
0.3063	0.6272	0.0000	0.0000
0.3073	0.6274	0.0000	0.0000
0.3083	0.6277	0.0000	0.0000
0.3093	0.6279	0.0000	0.0000
0.3103	0.6282	0.0000	0.0000
0.3113	0.6284	0.0000	0.0000
0.3123	0.6286	0.0000	0.0000
0.3133	0.6289	0.0000	0.0000
0.3143	0.6291	0.0000	0.0000
0.3153	0.6294	0.0000	0.0000
0.3163	0.6296	0.0000	0.0000
0.3173	0.6298	0.0000	0.0000
0.3183	0.6301	0.0000	0.0000
0.3193	0.6303	0.0000	0.0000
0.3203	0.6306	0.0000	0.0000
0.3213	0.6308	0.0000	0.0000
0.3223	0.6310	0.0000	0.0000
0.3233	0.6313	0.0000	0.0000
0.3243	0.6315	0.0000	0.0000
0.3253	0.6317	0.0000	0.0000
0.3263	0.6320	0.0000	0.0000
0.3273	0.6322	0.0000	0.0000
0.3283	0.6325	0.0000	0.0000
0.3293	0.6327	0.0000	0.0000
0.3303	0.6329	0.0000	0.0000
0.3313	0.6332	0.0000	0.0000
0.3323	0.6334	0.0000	0.0000
0.3333	0.6337	0.0000	0.0000
0.3343	0.6339	0.0000	0.0000
0.3353	0.6341	0.0000	0.0000
0.3363	0.6344	0.0000	0.0000
0.3373	0.6346	0.0000	0.0000
0.3383	0.6349	0.0000	0.0000
0.3393	0.6351	0.0000	0.0000
0.3403	0.6353	0.0000	0.0000
0.3413	0.6356	0.0000	0.0000
0.3423	0.6358	0.0000	0.0000
0.3433	0.6360	0.0000	0.0000
0.3443	0.6363	0.0000	0.0000
0.3453	0.6365	0.0000	0.0000
0.3463	0.6368	0.0000	0.0000
0.3473	0.6370	0.0000	0.0000
0.3483	0.6372	0.0000	0.0000
0.3493	0.6375	0.0000	0.0000
0.3504	0.6377	0.0000	0.0000
0.3514	0.6379	0.0000	0.0000
0.3524	0.6382	0.0000	0.0000
0.3534	0.6384	0.0000	0.0000
0.3544	0.6386	0.0000	0.0000
0.3554	0.6389	0.0000	0.0000
0.3564	0.6391	0.0000	0.0000
0.3574	0.6394	0.0000	0.0000
0.3584	0.6396	0.0000	0.0000
0.3594	0.6398	0.0000	0.0000
0.3604	0.6401	0.0000	0.0000
0.3614	0.6403	0.0000	0.0000
0.3624	0.6405	0.0000	0.0000
0.3634	0.6408	0.0000	0.0000
0.3644	0.6410	0.0000	0.0000
0.3654	0.6412	0.0000	0.0000
0.3664	0.6415	0.0000	0.0000
0.3674	0.6417	0.0000	0.0000
0.3684	0.6419	0.0000	0.0000
0.3694	0.6422	0.0000	0.0000
0.3704	0.6424	0.0000	0.0000
0.3714	0.6426	0.0000	0.0000
0.3724	0.6429	0.0000	0.0000
0.3734	0.6431	0.0000	0.0000
0.3744	0.6433	0.0000	0.0000
0.3754	0.6436	0.0000	0.0000
0.3764	0.6438	0.0000	0.0000
0.3774	0.6440	0.0000	0.0000
0.3784	0.6442	0.0000	0.0000
0.3794	0.6445	0.0000	0.0000
0.3804	0.6447	0.0000	0.0000
0.3814	0.6449	0.0000	0.0000
0.3824	0.6452	0.0000	0.0000
0.3834	0.6454	0.0000	0.0000
0.3844	0.6456	0.0000	0.0000
0.3854	0.6459	0.0000	0.0000
0.3864	0.6461	0.0000	0.0000
0.3874	0.6463	0.0000	0.0000
0.3884	0.6465	0.0000	0.0000
0.3894	0.6468	0.0000	0.0000
0.3904	0.6470	0.0000	0.0000
0.3914	0.6472	0.0000	0.0000
0.3924	0.6474	0.0000	0.0000
0.3934	0.6477	0.0000	0.0000
0.3944	0.6479	0.0000	0.0000
0.3954	0.6481	0.0000	0.0000
0.3964	0.6483	0.0000	0.0000
0.3974	0.6486	0.0000	0.0000
0.3984	0.6488	0.0000	0.0000
0.3994	0.6490	0.0000	0.0000
0.4004	0.6492	0.0000	0.0000
0.4014	0.6495	0.0000	0.0000
0.4024	0.6497	0.0000	0.0000
0.4034	0.6499	0.0000	0.0000
0.4044	0.6501	0.0000	0.0000
0.4054	0.6503	0.0000	0.0000
0.4064	0.6506	0.0000	0.0000
0.4074	0.6508	0.0000	0.0000
0.4084	0.6510	0.0000	0.0000
0.4094	0.6512	0.0000	0.0000
0.4104	0.6514	0.0000	0.0000
0.4114	0.6517	0.0000	0.0000
0.4124	0.6519	0.0000	0.0000
0.4134	0.6521	0.0000	0.0000
0.4144	0.6523	0.0000	0.0000
0.4154	0.6525	0.0000	0.0000
0.4164	0.6527	0.0000	0.0000
0.4174	0.6530	0.0000	0.0000
0.4184	0.6532	0.0000	0.0000
0.4194	0.6534	0.0000	0.0000
0.4204	0.6536	0.0000	0.0000
0.4214	0.6538	0.0000	0.0000
0.4224	0.6540	0.0000	0.0000
0.4234	0.6542	0.0000	0.0000
0.4244	0.6544	0.0000	0.0000
0.4254	0.6547	0.0000	0.0000
0.4264	0.6549	0.0000	0.0000
0.4274	0.6551	0.0000	0.0000
0.4284	0.6553	0.0000	0.0000
0.4294	0.6555	0.0000	0.0000
0.4304	0.6557	0.0000	0.0000
0.4314	0.6559	0.0000	0.0000
0.4324	0.6561	0.0000	0.0000
0.4334	0.6563	0.0000	0.0000
0.4344	0.6565	0.0000	0.0000
0.4354	0.6567	0.0000	0.0000
0.4364	0.6569	0.0000	0.0000
0.4374	0.6571	0.0000	0.0000
0.4384	0.6573	0.0000	0.0000
0.4394	0.6575	0.0000	0.0000
0.4404	0.6577	0.0000	0.0000
0.4414	0.6579	0.0000	0.0000
0.4424	0.6581	0.0000	0.0000
0.4434	0.6583	0.0000	0.0000
0.4444	0.6585	0.0000	0.0000
0.4454	0.6587	0.0000	0.0000
0.4464	0.6589	0.0000	0.0000
0.4474	0.6591	0.0000	0.0000
0.4484	0.6593	0.0000	0.0000
0.4494	0.6595	0.0000	0.0000
0.4505	0.6597	0.0000	0.0000
0.4515	0.6599	0.0000	0.0000
0.4525	0.6601	0.0000	0.0000
0.4535	0.6603	0.0000	0.0000
0.4545	0.6605	0.0000	0.0000
0.4555	0.6606	0.0000	0.0000
0.4565	0.6608	0.0000	0.0000
0.4575	0.6610	0.0000	0.0000
0.4585	0.6612	0.0000	0.0000
0.4595	0.6614	0.0000	0.0000
0.4605	0.6616	0.0000	0.0000
0.4615	0.6618	0.0000	0.0000
0.4625	0.6619	0.0000	0.0000
0.4635	0.6621	0.0000	0.0000
0.4645	0.6623	0.0000	0.0000
0.4655	0.6625	0.0000	0.0000
0.4665	0.6627	0.0000	0.0000
0.4675	0.6628	0.0000	0.0000
0.4685	0.6630	0.0000	0.0000
0.4695	0.6632	0.0000	0.0000
0.4705	0.6634	0.0000	0.0000
0.4715	0.6635	0.0000	0.0000
0.4725	0.6637	0.0000	0.0000
0.4735	0.6639	0.0000	0.0000
0.4745	0.6641	0.0000	0.0000
0.4755	0.6642	0.0000	0.0000
0.4765	0.6644	0.0000	0.0000
0.4775	0.6646	0.0000	0.0000
0.4785	0.6647	0.0000	0.0000
0.4795	0.6649	0.0000	0.0000
0.4805	0.6651	0.0000	0.0000
0.4815	0.6652	0.0000	0.0000
0.4825	0.6654	0.0000	0.0000
0.4835	0.6655	0.0000	0.0000
0.4845	0.6657	0.0000	0.0000
0.4855	0.6659	0.0000	0.0000
0.4865	0.6660	0.0000	0.0000
0.4875	0.6662	0.0000	0.0000
0.4885	0.6663	0.0000	0.0000
0.4895	0.6665	0.0000	0.0000
0.4905	0.6666	0.0000	0.0000
0.4915	0.6668	0.0000	0.0000
0.4925	0.6669	0.0000	0.0000
0.4935	0.6671	0.0000	0.0000
0.4945	0.6672	0.0000	0.0000
0.4955	0.6674	0.0000	0.0000
0.4965	0.6675	0.0000	0.0000
0.4975	0.6677	0.0000	0.0000
0.4985	0.6678	0.0000	0.0000
0.4995	0.6680	0.0000	0.0000
0.5005	0.6678	0.0000	0.0000
0.5015	0.6672	0.0000	0.0000
0.5025	0.6667	0.0000	0.0000
0.5035	0.6662	0.0000	0.0000
0.5045	0.6657	0.0000	0.0000
0.5055	0.6652	0.0000	0.0000
0.5065	0.6647	0.0000	0.0000
0.5075	0.6642	0.0000	0.0000
0.5085	0.6638	0.0000	0.0000
0.5095	0.6633	0.0000	0.0000
0.5105	0.6629	0.0000	0.0000
0.5115	0.6624	0.0000	0.0000
0.5125	0.6620	0.0000	0.0000
0.5135	0.6615	0.0000	0.0000
0.5145	0.6611	0.0000	0.0000
0.5155	0.6607	0.0000	0.0000
0.5165	0.6603	0.0000	0.0000
0.5175	0.6599	0.0000	0.0000
0.5185	0.6595	0.0000	0.0000
0.5195	0.6591	0.0000	0.0000
0.5205	0.6587	0.0000	0.0000
0.5215	0.6584	0.0000	0.0000
0.5225	0.6580	0.0000	0.0000
0.5235	0.6576	0.0000	0.0000
0.5245	0.6573	0.0000	0.0000
0.5255	0.6569	0.0000	0.0000
0.5265	0.6566	0.0000	0.0000
0.5275	0.6563	0.0000	0.0000
0.5285	0.6560	0.0000	0.0000
0.5295	0.6556	0.0000	0.0000
0.5305	0.6553	0.0000	0.0000
0.5315	0.6550	0.0000	0.0000
0.5325	0.6547	0.0000	0.0000
0.5335	0.6544	0.0000	0.0000
0.5345	0.6542	0.0000	0.0000
0.5355	0.6539	0.0000	0.0000
0.5365	0.6536	0.0000	0.0000
0.5375	0.6534	0.0000	0.0000
0.5385	0.6531	0.0000	0.0000
0.5395	0.6528	0.0000	0.0000
0.5405	0.6526	0.0000	0.0000
0.5415	0.6524	0.0000	0.0000
0.5425	0.6521	0.0000	0.0000
0.5435	0.6519	0.0000	0.0000
0.5445	0.6517	0.0000	0.0000
0.5455	0.6515	0.0000	0.0000
0.5465	0.6513	0.0000	0.0000
0.5475	0.6511	0.0000	0.0000
0.5485	0.6509	0.0000	0.0000
0.5495	0.6507	0.0000	0.0000
0.5506	0.6505	0.0000	0.0000
0.5516	0.6503	0.0000	0.0000
0.5526	0.6501	0.0000	0.0000
0.5536	0.6500	0.0000	0.0000
0.5546	0.6498	0.0000	0.0000
0.5556	0.6497	0.0000	0.0000
0.5566	0.6495	0.0000	0.0000
0.5576	0.6494	0.0000	0.0000
0.5586	0.6492	0.0000	0.0000
0.5596	0.6491	0.0000	0.0000
0.5606	0.6490	0.0000	0.0000
0.5616	0.6489	0.0000	0.0000
0.5626	0.6487	0.0000	0.0000
0.5636	0.6486	0.0000	0.0000
0.5646	0.6485	0.0000	0.0000
0.5656	0.6484	0.0000	0.0000
0.5666	0.6483	0.0000	0.0000
0.5676	0.6483	0.0000	0.0000
0.5686	0.6482	0.0000	0.0000
0.5696	0.6481	0.0000	0.0000
0.5706	0.6480	0.0000	0.0000
0.5716	0.6480	0.0000	0.0000
0.5726	0.6479	0.0000	0.0000
0.5736	0.6478	0.0000	0.0000
0.5746	0.6478	0.0000	0.0000
0.5756	0.6477	0.0000	0.0000
0.5766	0.6477	0.0000	0.0000
0.5776	0.6477	0.0000	0.0000
0.5786	0.6476	0.0000	0.0000
0.5796	0.6476	0.0000	0.0000
0.5806	0.6476	0.0000	0.0000
0.5816	0.6476	0.0000	0.0000
0.5826	0.6476	0.0000	0.0000
0.5836	0.6475	0.0000	0.0000
0.5846	0.6475	0.0000	0.0000
0.5856	0.6475	0.0000	0.0000
0.5866	0.6476	0.0000	0.0000
0.5876	0.6476	0.0000	0.0000
0.5886	0.6476	0.0000	0.0000
0.5896	0.6476	0.0000	0.0000
0.5906	0.6476	0.0000	0.0000
0.5916	0.6477	0.0000	0.0000
0.5926	0.6477	0.0000	0.0000
0.5936	0.6477	0.0000	0.0000
0.5946	0.6478	0.0000	0.0000
0.5956	0.6478	0.0000	0.0000
0.5966	0.6479	0.0000	0.0000
0.5976	0.6479	0.0000	0.0000
0.5986	0.6480	0.0000	0.0000
0.5996	0.6481	0.0000	0.0000
0.6006	0.6481	0.0000	0.0000
0.6016	0.6482	0.0000	0.0000
0.6026	0.6483	0.0000	0.0000
0.6036	0.6484	0.0000	0.0000
0.6046	0.6485	0.0000	0.0000
0.6056	0.6486	0.0000	0.0000
0.6066	0.6487	0.0000	0.0000
0.6076	0.6488	0.0000	0.0000
0.6086	0.6489	0.0000	0.0000
0.6096	0.6490	0.0000	0.0000
0.6106	0.6491	0.0000	0.0000
0.6116	0.6492	0.0000	0.0000
0.6126	0.6493	0.0000	0.0000
0.6136	0.6494	0.0000	0.0000
0.6146	0.6496	0.0000	0.0000
0.6156	0.6497	0.0000	0.0000
0.6166	0.6498	0.0000	0.0000
0.6176	0.6500	0.0000	0.0000
0.6186	0.6501	0.0000	0.0000
0.6196	0.6503	0.0000	0.0000
0.6206	0.6504	0.0000	0.0000
0.6216	0.6506	0.0000	0.0000
0.6226	0.6507	0.0000	0.0000
0.6236	0.6509	0.0000	0.0000
0.6246	0.6511	0.0000	0.0000
0.6256	0.6512	0.0000	0.0000
0.6266	0.6514	0.0000	0.0000
0.6276	0.6516	0.0000	0.0000
0.6286	0.6518	0.0000	0.0000
0.6296	0.6519	0.0000	0.0000
0.6306	0.6521	0.0000	0.0000
0.6316	0.6523	0.0000	0.0000
0.6326	0.6525	0.0000	0.0000
0.6336	0.6527	0.0000	0.0000
0.6346	0.6529	0.0000	0.0000
0.6356	0.6531	0.0000	0.0000
0.6366	0.6533	0.0000	0.0000
0.6376	0.6536	0.0000	0.0000
0.6386	0.6538	0.0000	0.0000
0.6396	0.6540	0.0000	0.0000
0.6406	0.6542	0.0000	0.0000
0.6416	0.6544	0.0000	0.0000
0.6426	0.6547	0.0000	0.0000
0.6436	0.6549	0.0000	0.0000
0.6446	0.6551	0.0000	0.0000
0.6456	0.6554	0.0000	0.0000
0.6466	0.6556	0.0000	0.0000
0.6476	0.6559	0.0000	0.0000
0.6486	0.6561	0.0000	0.0000
0.6496	0.6564	0.0000	0.0000
0.6507	0.6566	0.0000	0.0000
0.6517	0.6569	0.0000	0.0000
0.6527	0.6571	0.0000	0.0000
0.6537	0.6574	0.0000	0.0000
0.6547	0.6577	0.0000	0.0000
0.6557	0.6579	0.0000	0.0000
0.6567	0.6582	0.0000	0.0000
0.6577	0.6585	0.0000	0.0000
0.6587	0.6588	0.0000	0.0000
0.6597	0.6591	0.0000	0.0000
0.6607	0.6593	0.0000	0.0000
0.6617	0.6596	0.0000	0.0000
0.6627	0.6599	0.0000	0.0000
0.6637	0.6602	0.0000	0.0000
0.6647	0.6605	0.0000	0.0000
0.6657	0.6608	0.0000	0.0000
0.6667	0.6611	0.0000	0.0000
0.6677	0.6614	0.0000	0.0000
0.6687	0.6617	0.0000	0.0000
0.6697	0.6620	0.0000	0.0000
0.6707	0.6624	0.0000	0.0000
0.6717	0.6627	0.0000	0.0000
0.6727	0.6630	0.0000	0.0000
0.6737	0.6633	0.0000	0.0000
0.6747	0.6636	0.0000	0.0000
0.6757	0.6640	0.0000	0.0000
0.6767	0.6643	0.0000	0.0000
0.6777	0.6646	0.0000	0.0000
0.6787	0.6650	0.0000	0.0000
0.6797	0.6653	0.0000	0.0000
0.6807	0.6656	0.0000	0.0000
0.6817	0.6660	0.0000	0.0000
0.6827	0.6663	0.0000	0.0000
0.6837	0.6667	0.0000	0.0000
0.6847	0.6670	0.0000	0.0000
0.6857	0.6674	0.0000	0.0000
0.6867	0.6677	0.0000	0.0000
0.6877	0.6681	0.0000	0.0000
0.6887	0.6685	0.0000	0.0000
0.6897	0.6688	0.0000	0.0000
0.6907	0.6692	0.0000	0.0000
0.6917	0.6696	0.0000	0.0000
0.6927	0.6699	0.0000	0.0000
0.6937	0.6703	0.0000	0.0000
0.6947	0.6707	0.0000	0.0000
0.6957	0.6711	0.0000	0.0000
0.6967	0.6714	0.0000	0.0000
0.6977	0.6718	0.0000	0.0000
0.6987	0.6722	0.0000	0.0000
0.6997	0.6726	0.0000	0.0000
0.7007	0.6730	0.0000	0.0000
0.7017	0.6734	0.0000	0.0000
0.7027	0.6738	0.0000	0.0000
0.7037	0.6742	0.0000	0.0000
0.7047	0.6746	0.0000	0.0000
0.7057	0.6750	0.0000	0.0000
0.7067	0.6754	0.0000	0.0000
0.7077	0.6758	0.0000	0.0000
0.7087	0.6762	0.0000	0.0000
0.7097	0.6766	0.0000	0.0000
0.7107	0.6770	0.0000	0.0000
0.7117	0.6774	0.0000	0.0000
0.7127	0.6778	0.0000	0.0000
0.7137	0.6782	0.0000	0.0000
0.7147	0.6786	0.0000	0.0000
0.7157	0.6791	0.0000	0.0000
0.7167	0.6795	0.0000	0.0000
0.7177	0.6799	0.0000	0.0000
0.7187	0.6803	0.0000	0.0000
0.7197	0.6808	0.0000	0.0000
0.7207	0.6812	0.0000	0.0000
0.7217	0.6816	0.0000	0.0000
0.7227	0.6821	0.0000	0.0000
0.7237	0.6825	0.0000	0.0000
0.7247	0.6829	0.0000	0.0000
0.7257	0.6834	0.0000	0.0000
0.7267	0.6838	0.0000	0.0000
0.7277	0.6843	0.0000	0.0000
0.7287	0.6847	0.0000	0.0000
0.7297	0.6852	0.0000	0.0000
0.7307	0.6856	0.0000	0.0000
0.7317	0.6861	0.0000	0.0000
0.7327	0.6865	0.0000	0.0000
0.7337	0.6870	0.0000	0.0000
0.7347	0.6874	0.0000	0.0000
0.7357	0.6879	0.0000	0.0000
0.7367	0.6884	0.0000	0.0000
0.7377	0.6888	0.0000	0.0000
0.7387	0.6893	0.0000	0.0000
0.7397	0.6897	0.0000	0.0000
0.7407	0.6902	0.0000	0.0000
0.7417	0.6907	0.0000	0.0000
0.7427	0.6912	0.0000	0.0000
0.7437	0.6916	0.0000	0.0000
0.7447	0.6921	0.0000	0.0000
0.7457	0.6926	0.0000	0.0000
0.7467	0.6930	0.0000	0.0000
0.7477	0.6935	0.0000	0.0000
0.7487	0.6940	0.0000	0.0000
0.7497	0.6945	0.0000	0.0000
0.7508	0.6950	0.0000	0.0000
0.7518	0.6955	0.0000	0.0000
0.7528	0.6959	0.0000	0.0000
0.7538	0.6964	0.0000	0.0000
0.7548	0.6969	0.0000	0.0000
0.7558	0.6974	0.0000	0.0000
0.7568	0.6979	0.0000	0.0000
0.7578	0.6984	0.0000	0.0000
0.7588	0.6989	0.0000	0.0000
0.7598	0.6994	0.0000	0.0000
0.7608	0.6999	0.0000	0.0000
0.7618	0.7004	0.0000	0.0000
0.7628	0.7009	0.0000	0.0000
0.7638	0.7014	0.0000	0.0000
0.7648	0.7019	0.0000	0.0000
0.7658	0.7024	0.0000	0.0000
0.7668	0.7029	0.0000	0.0000
0.7678	0.7034	0.0000	0.0000
0.7688	0.7039	0.0000	0.0000
0.7698	0.7044	0.0000	0.0000
0.7708	0.7049	0.0000	0.0000
0.7718	0.7055	0.0000	0.0000
0.7728	0.7060	0.0000	0.0000
0.7738	0.7065	0.0000	0.0000
0.7748	0.7070	0.0000	0.0000
0.7758	0.7075	0.0000	0.0000
0.7768	0.7080	0.0000	0.0000
0.7778	0.7086	0.0000	0.0000
0.7788	0.7091	0.0000	0.0000
0.7798	0.7096	0.0000	0.0000
0.7808	0.7101	0.0000	0.0000
0.7818	0.7107	0.0000	0.0000
0.7828	0.7112	0.0000	0.0000
0.7838	0.7117	0.0000	0.0000
0.7848	0.7123	0.0000	0.0000
0.7858	0.7128	0.0000	0.0000
0.7868	0.7133	0.0000	0.0000
0.7878	0.7138	0.0000	0.0000
0.7888	0.7144	0.0000	0.0000
0.7898	0.7149	0.0000	0.0000
0.7908	0.7155	0.0000	0.0000
0.7918	0.7160	0.0000	0.0000
0.7928	0.7165	0.0000	0.0000
0.7938	0.7171	0.0000	0.0000
0.7948	0.7176	0.0000	0.0000
0.7958	0.7181	0.0000	0.0000
0.7968	0.7187	0.0000	0.0000
0.7978	0.7192	0.0000	0.0000
0.7988	0.7198	0.0000	0.0000
0.7998	0.7203	0.0000	0.0000
0.8008	0.7209	0.0000	0.0000
0.8018	0.7214	0.0000	0.0000
0.8028	0.7220	0.0000	0.0000
0.8038	0.7225	0.0000	0.0000
0.8048	0.7231	0.0000	0.0000
0.8058	0.7236	0.0000	0.0000
0.8068	0.7242	0.0000	0.0000
0.8078	0.7247	0.0000	0.0000
0.8088	0.7253	0.0000	0.0000
0.8098	0.7258	0.0000	0.0000
0.8108	0.7264	0.0000	0.0000
0.8118	0.7269	0.0000	0.0000
0.8128	0.7275	0.0000	0.0000
0.8138	0.7281	0.0000	0.0000
0.8148	0.7286	0.0000	0.0000
0.8158	0.7292	0.0000	0.0000
0.8168	0.7297	0.0000	0.0000
0.8178	0.7303	0.0000	0.0000
0.8188	0.7309	0.0000	0.0000
0.8198	0.7314	0.0000	0.0000
0.8208	0.7320	0.0000	0.0000
0.8218	0.7326	0.0000	0.0000
0.8228	0.7331	0.0000	0.0000
0.8238	0.7337	0.0000	0.0000
0.8248	0.7343	0.0000	0.0000
0.8258	0.7348	0.0000	0.0000
0.8268	0.7354	0.0000	0.0000
0.8278	0.7360	0.0000	0.0000
0.8288	0.7365	0.0000	0.0000
0.8298	0.7371	0.0000	0.0000
0.8308	0.7377	0.0000	0.0000
0.8318	0.7383	0.0000	0.0000
0.8328	0.7388	0.0000	0.0000
0.8338	0.7394	0.0000	0.0000
0.8348	0.7400	0.0000	0.0000
0.8358	0.7406	0.0000	0.0000
0.8368	0.7411	0.0000	0.0000
0.8378	0.7417	0.0000	0.0000
0.8388	0.7423	0.0000	0.0000
0.8398	0.7429	0.0000	0.0000
0.8408	0.7434	0.0000	0.0000
0.8418	0.7440	0.0000	0.0000
0.8428	0.7446	0.0000	0.0000
0.8438	0.7452	0.0000	0.0000
0.8448	0.7458	0.0000	0.0000
0.8458	0.7463	0.0000	0.0000
0.8468	0.7469	0.0000	0.0000
0.8478	0.7475	0.0000	0.0000
0.8488	0.7481	0.0000	0.0000
0.8498	0.7487	0.0000	0.0000
0.8509	0.7493	0.0000	0.0000
0.8519	0.7498	0.0000	0.0000
0.8529	0.7504	0.0000	0.0000
0.8539	0.7510	0.0000	0.0000
0.8549	0.7516	0.0000	0.0000
0.8559	0.7522	0.0000	0.0000
0.8569	0.7528	0.0000	0.0000
0.8579	0.7534	0.0000	0.0000
0.8589	0.7540	0.0000	0.0000
0.8599	0.7545	0.0000	0.0000
0.8609	0.7551	0.0000	0.0000
0.8619	0.7557	0.0000	0.0000
0.8629	0.7563	0.0000	0.0000
0.8639	0.7569	0.0000	0.0000
0.8649	0.7575	0.0000	0.0000
0.8659	0.7581	0.0000	0.0000
0.8669	0.7587	0.0000	0.0000
0.8679	0.7593	0.0000	0.0000
0.8689	0.7599	0.0000	0.0000
0.8699	0.7605	0.0000	0.0000
0.8709	0.7610	0.0000	0.0000
0.8719	0.7616	0.0000	0.0000
0.8729	0.7622	0.0000	0.0000
0.8739	0.7628	0.0000	0.0000
0.8749	0.7634	0.0000	0.0000
0.8759	0.7640	0.0000	0.0000
0.8769	0.7646	0.0000	0.0000
0.8779	0.7652	0.0000	0.0000
0.8789	0.7658	0.0000	0.0000
0.8799	0.7664	0.0000	0.0000
0.8809	0.7670	0.0000	0.0000
0.8819	0.7676	0.0000	0.0000
0.8829	0.7682	0.0000	0.0000
0.8839	0.7688	0.0000	0.0000
0.8849	0.7694	0.0000	0.0000
0.8859	0.7700	0.0000	0.0000
0.8869	0.7706	0.0000	0.0000
0.8879	0.7712	0.0000	0.0000
0.8889	0.7718	0.0000	0.0000
0.8899	0.7724	0.0000	0.0000
0.8909	0.7730	0.0000	0.0000
0.8919	0.7736	0.0000	0.0000
0.8929	0.7742	0.0000	0.0000
0.8939	0.7748	0.0000	0.0000
0.8949	0.7754	0.0000	0.0000
0.8959	0.7760	0.0000	0.0000
0.8969	0.7766	0.0000	0.0000
0.8979	0.7772	0.0000	0.0000
0.8989	0.7778	0.0000	0.0000
0.8999	0.7784	0.0000	0.0000
0.9009	0.7790	0.0000	0.0000
0.9019	0.7796	0.0000	0.0000
0.9029	0.7802	0.0000	0.0000
0.9039	0.7808	0.0000	0.0000
0.9049	0.7814	0.0000	0.0000
0.9059	0.7820	0.0000	0.0000
0.9069	0.7826	0.0000	0.0000
0.9079	0.7832	0.0000	0.0000
0.9089	0.7838	0.0000	0.0000
0.9099	0.7844	0.0000	0.0000
0.9109	0.7850	0.0000	0.0000
0.9119	0.7856	0.0000	0.0000
0.9129	0.7862	0.0000	0.0000
0.9139	0.7868	0.0000	0.0000
0.9149	0.7874	0.0000	0.0000
0.9159	0.7880	0.0000	0.0000
0.9169	0.7886	0.0000	0.0000
0.9179	0.7892	0.0000	0.0000
0.9189	0.7898	0.0000	0.0000
0.9199	0.7904	0.0000	0.0000
0.9209	0.7910	0.0000	0.0000
0.9219	0.7916	0.0000	0.0000
0.9229	0.7922	0.0000	0.0000
0.9239	0.7928	0.0000	0.0000
0.9249	0.7934	0.0000	0.0000
0.9259	0.7940	0.0000	0.0000
0.9269	0.7946	0.0000	0.0000
0.9279	0.7952	0.0000	0.0000
0.9289	0.7958	0.0000	0.0000
0.9299	0.7964	0.0000	0.0000
0.9309	0.7970	0.0000	0.0000
0.9319	0.7976	0.0000	0.0000
0.9329	0.7982	0.0000	0.0000
0.9339	0.7988	0.0000	0.0000
0.9349	0.7994	0.0000	0.0000
0.9359	0.8000	0.0000	0.0000
0.9369	0.8006	0.0000	0.0000
0.9379	0.8012	0.0000	0.0000
0.9389	0.8018	0.0000	0.0000
0.9399	0.8023	0.0000	0.0000
0.9409	0.8029	0.0000	0.0000
0.9419	0.8035	0.0000	0.0000
0.9429	0.8041	0.0000	0.0000
0.9439	0.8047	0.0000	0.0000
0.9449	0.8053	0.0000	0.0000
0.9459	0.8059	0.0000	0.0000
0.9469	0.8065	0.0000	0.0000
0.9479	0.8071	0.0000	0.0000
0.9489	0.8077	0.0000	0.0000
0.9499	0.8083	0.0000	0.0000
0.9510	0.8089	0.0000	0.0000
0.9520	0.8095	0.0000	0.0000
0.9530	0.8101	0.0000	0.0000
0.9540	0.8107	0.0000	0.0000
0.9550	0.8113	0.0000	0.0000
0.9560	0.8119	0.0000	0.0000
0.9570	0.8125	0.0000	0.0000
0.9580	0.8131	0.0000	0.0000
0.9590	0.8136	0.0000	0.0000
0.9600	0.8142	0.0000	0.0000
0.9610	0.8148	0.0000	0.0000
0.9620	0.8154	0.0000	0.0000
0.9630	0.8160	0.0000	0.0000
0.9640	0.8166	0.0000	0.0000
0.9650	0.8172	0.0000	0.0000
0.9660	0.8178	0.0000	0.0000
0.9670	0.8184	0.0000	0.0000
0.9680	0.8189	0.0000	0.0000
0.9690	0.8195	0.0000	0.0000
0.9700	0.8201	0.0000	0.0000
0.9710	0.8207	0.0000	0.0000
0.9720	0.8213	0.0000	0.0000
0.9730	0.8219	0.0000	0.0000
0.9740	0.8225	0.0000	0.0000
0.9750	0.8230	0.0000	0.0000
0.9760	0.8236	0.0000	0.0000
0.9770	0.8242	0.0000	0.0000
0.9780	0.8248	0.0000	0.0000
0.9790	0.8254	0.0000	0.0000
0.9800	0.8260	0.0000	0.0000
0.9810	0.8265	0.0000	0.0000
0.9820	0.8271	0.0000	0.0000
0.9830	0.8277	0.0000	0.0000
0.9840	0.8283	0.0000	0.0000
0.9850	0.8288	0.0000	0.0000
0.9860	0.8294	0.0000	0.0000
0.9870	0.8300	0.0000	0.0000
0.9880	0.8306	0.0000	0.0000
0.9890	0.8311	0.0000	0.0000
0.9900	0.8317	0.0000	0.0000
0.9910	0.8323	0.0000	0.0000
0.9920	0.8329	0.0000	0.0000
0.9930	0.8334	0.0000	0.0000
0.9940	0.8340	0.0000	0.0000
0.9950	0.8346	0.0000	0.0000
0.9960	0.8351	0.0000	0.0000
0.9970	0.8357	0.0000	0.0000
0.9980	0.8363	0.0000	0.0000
0.9990	0.8368	0.0000	0.0000
1.0000	0.8374	0.0000	0.0000
0.6597
