0.0000	0.5335	0.0000	0.0000
0.0010	0.5336	0.0000	0.0000
0.0020	0.5337	0.0000	0.0000
0.0030	0.5339	0.0000	0.0000
0.0040	0.5340	0.0000	0.0000
0.0050	0.5341	0.0000	0.0000
0.0060	0.5343	0.0000	0.0000
0.0070	0.5344	0.0000	0.0000
0.0080	0.5345	0.0000	0.0000
0.0090	0.5347	0.0000	0.0000
0.0100	0.5348	0.0000	0.0000
0.0110	0.5350	0.0000	0.0000
0.0120	0.5351	0.0000	0.0000
0.0130	0.5352	0.0000	0.0000
0.0140	0.5354	0.0000	0.0000
0.0150	0.5355	0.0000	0.0000
0.0160	0.5356	0.0000	0.0000
0.0170	0.5358	0.0000	0.0000
0.0180	0.5359	0.0000	0.0000
0.0190	0.5361	0.0000	0.0000
0.0200	0.5362	0.0000	0.0000
0.0210	0.5363	0.0000	0.0000
0.0220	0.5365	0.0000	0.0000
0.0230	0.5366	0.0000	0.0000
0.0240	0.5368	0.0000	0.0000
0.0250	0.5369	0.0000	0.0000
0.0260	0.5370	0.0000	0.0000
0.0270	0.5372	0.0000	0.0000
0.0280	0.5373	0.0000	0.0000
0.0290	0.5375	0.0000	0.0000
0.0300	0.5376	0.0000	0.0000
0.0310	0.5377	0.0000	0.0000
0.0320	0.5379	0.0000	0.0000
0.0330	0.5380	0.0000	0.0000
0.0340	0.5382	0.0000	0.0000
0.0350	0.5383	0.0000	0.0000
0.0360	0.5385	0.0000	0.0000
0.0370	0.5386	0.0000	0.0000
0.0380	0.5387	0.0000	0.0000
0.0390	0.5389	0.0000	0.0000
0.0400	0.5390	0.0000	0.0000
0.0410	0.5392	0.0000	0.0000
0.0420	0.5393	0.0000	0.0000
0.0430	0.5395	0.0000	0.0000
0.0440	0.5396	0.0000	0.0000
0.0450	0.5398	0.0000	0.0000
0.0460	0.5399	0.0000	0.0000
0.0470	0.5400	0.0000	0.0000
0.0480	0.5402	0.0000	0.0000
0.0490	0.5403	0.0000	0.0000
0.0501	0.5405	0.0000	0.0000
0.0511	0.5406	0.0000	0.0000
0.0521	0.5408	0.0000	0.0000
0.0531	0.5409	0.0000	0.0000
0.0541	0.5411	0.0000	0.0000
0.0551	0.5412	0.0000	0.0000
0.0561	0.5414	0.0000	0.0000
0.0571	0.5415	0.0000	0.0000
0.0581	0.5417	0.0000	0.0000
0.0591	0.5418	0.0000	0.0000
0.0601	0.5420	0.0000	0.0000
0.0611	0.5421	0.0000	0.0000
0.0621	0.5423	0.0000	0.0000
0.0631	0.5424	0.0000	0.0000
0.0641	0.5426	0.0000	0.0000
0.0651	0.5427	0.0000	0.0000
0.0661	0.5429	0.0000	0.0000
0.0671	0.5430	0.0000	0.0000
0.0681	0.5432	0.0000	0.0000
0.0691	0.5434	0.0000	0.0000
0.0701	0.5435	0.0000	0.0000
0.0711	0.5437	0.0000	0.0000
0.0721	0.5438	0.0000	0.0000
0.0731	0.5440	0.0000	0.0000
0.0741	0.5441	0.0000	0.0000
0.0751	0.5443	0.0000	0.0000
0.0761	0.5444	0.0000	0.0000
0.0771	0.5446	0.0000	0.0000
0.0781	0.5447	0.0000	0.0000
0.0791	0.5449	0.0000	0.0000
0.0801	0.5451	0.0000	0.0000
0.0811	0.5452	0.0000	0.0000
0.0821	0.5454	0.0000	0.0000
0.0831	0.5455	0.0000	0.0000
0.0841	0.5457	0.0000	0.0000
0.0851	0.5459	0.0000	0.0000
0.0861	0.5460	0.0000	0.0000
0.0871	0.5462	0.0000	0.0000
0.0881	0.5463	0.0000	0.0000
0.0891	0.5465	0.0000	0.0000
0.0901	0.5467	0.0000	0.0000
0.0911	0.5468	0.0000	0.0000
0.0921	0.5470	0.0000	0.0000
0.0931	0.5471	0.0000	0.0000
0.0941	0.5473	0.0000	0.0000
0.0951	0.5475	0.0000	0.0000
0.0961	0.5476	0.0000	0.0000
0.0971	0.5478	0.0000	0.0000
0.0981	0.5479	0.0000	0.0000
0.0991	0.5481	0.0000	0.0000
0.1001	0.5483	0.0000	0.0000
0.1011	0.5484	0.0000	0.0000
0.1021	0.5486	0.0000	0.0000
0.1031	0.5488	0.0000	0.0000
0.1041	0.5489	0.0000	0.0000
0.1051	0.5491	0.0000	0.0000
0.1061	0.5493	0.0000	0.0000
0.1071	0.5494	0.0000	0.0000
0.1081	0.5496	0.0000	0.0000
0.1091	0.5498	0.0000	0.0000
0.1101	0.5499	0.0000	0.0000
0.1111	0.5501	0.0000	0.0000
0.1121	0.5503	0.0000	0.0000
0.1131	0.5504	0.0000	0.0000
0.1141	0.5506	0.0000	0.0000
0.1151	0.5508	0.0000	0.0000
0.1161	0.5510	0.0000	0.0000
0.1171	0.5511	0.0000	0.0000
0.1181	0.5513	0.0000	0.0000
0.1191	0.5515	0.0000	0.0000
0.1201	0.5516	0.0000	0.0000
0.1211	0.5518	0.0000	0.0000
0.1221	0.5520	0.0000	0.0000
0.1231	0.5521	0.0000	0.0000
0.1241	0.5523	0.0000	0.0000
0.1251	0.5525	0.0000	0.0000
0.1261	0.5527	0.0000	0.0000
0.1271	0.5528	0.0000	0.0000
0.1281	0.5530	0.0000	0.0000
0.1291	0.5532	0.0000	0.0000
0.1301	0.5534	0.0000	0.0000
0.1311	0.5535	0.0000	0.0000
0.1321	0.5537	0.0000	0.0000
0.1331	0.5539	0.0000	0.0000
0.1341	0.5541	0.0000	0.0000
0.1351	0.5542	0.0000	0.0000
0.1361	0.5544	0.0000	0.0000
0.1371	0.5546	0.0000	0.0000
0.1381	0.5548	0.0000	0.0000
0.1391	0.5550	0.0000	0.0000
0.1401	0.5551	0.0000	0.0000
0.1411	0.5553	0.0000	0.0000
0.1421	0.5555	0.0000	0.0000
0.1431	0.5557	0.0000	0.0000
0.1441	0.5559	0.0000	0.0000
0.1451	0.5560	0.0000	0.0000
0.1461	0.5562	0.0000	0.0000
0.1471	0.5564	0.0000	0.0000
0.1481	0.5566	0.0000	0.0000
0.1491	0.5568	0.0000	0.0000
0.1502	0.5569	0.0000	0.0000
0.1512	0.5571	0.0000	0.0000
0.1522	0.5573	0.0000	0.0000
0.1532	0.5575	0.0000	0.0000
0.1542	0.5577	0.0000	0.0000
0.1552	0.5579	0.0000	0.0000
0.1562	0.5581	0.0000	0.0000
0.1572	0.5582	0.0000	0.0000
0.1582	0.5584	0.0000	0.0000
0.1592	0.5586	0.0000	0.0000
0.1602	0.5588	0.0000	0.0000
0.1612	0.5590	0.0000	0.0000
0.1622	0.5592	0.0000	0.0000
0.1632	0.5594	0.0000	0.0000
0.1642	0.5595	0.0000	0.0000
0.1652	0.5597	0.0000	0.0000
0.1662	0.5599	0.0000	0.0000
0.1672	0.5601	0.0000	0.0000
0.1682	0.5603	0.0000	0.0000
0.1692	0.5605	0.0000	0.0000
0.1702	0.5607	0.0000	0.0000
0.1712	0.5609	0.0000	0.0000
0.1722	0.5611	0.0000	0.0000
0.1732	0.5613	0.0000	0.0000
0.1742	0.5615	0.0000	0.0000
0.1752	0.5616	0.0000	0.0000
0.1762	0.5618	0.0000	0.0000
0.1772	0.5620	0.0000	0.0000
0.1782	0.5622	0.0000	0.0000
0.1792	0.5624	0.0000	0.0000
0.1802	0.5626	0.0000	0.0000
0.1812	0.5628	0.0000	0.0000
0.1822	0.5630	0.0000	0.0000
0.1832	0.5632	0.0000	0.0000
0.1842	0.5634	0.0000	0.0000
0.1852	0.5636	0.0000	0.0000
0.1862	0.5638	0.0000	0.0000
0.1872	0.5640	0.0000	0.0000
0.1882	0.5642	0.0000	0.0000
0.1892	0.5644	0.0000	0.0000
0.1902	0.5646	0.0000	0.0000
0.1912	0.5648	0.0000	0.0000
0.1922	0.5650	0.0000	0.0000
0.1932	0.5652	0.0000	0.0000
0.1942	0.5654	0.0000	0.0000
0.1952	0.5656	0.0000	0.0000
0.1962	0.5658	0.0000	0.0000
0.1972	0.5660	0.0000	0.0000
0.1982	0.5662	0.0000	0.0000
0.1992	0.5664	0.0000	0.0000
0.2002	0.5666	0.0000	0.0000
0.2012	0.5668	0.0000	0.0000
0.2022	0.5670	0.0000	0.0000
0.2032	0.5672	0.0000	0.0000
0.2042	0.5674	0.0000	0.0000
0.2052	0.5676	0.0000	0.0000
0.2062	0.5678	0.0000	0.0000
0.2072	0.5680	0.0000	0.0000
0.2082	0.5682	0.0000	0.0000
0.2092	0.5685	0.0000	0.0000
0.2102	0.5687	0.0000	0.0000
0.2112	0.5689	0.0000	0.0000
0.2122	0.5691	0.0000	0.0000
0.2132	0.5693	0.0000	0.0000
0.2142	0.5695	0.0000	0.0000
0.2152	0.5697	0.0000	0.0000
0.2162	0.5699	0.0000	0.0000
0.2172	0.5701	0.0000	0.0000
0.2182	0.5703	0.0000	0.0000
0.2192	0.5705	0.0000	0.0000
0.2202	0.5708	0.0000	0.0000
0.2212	0.5710	0.0000	0.0000
0.2222	0.5712	0.0000	0.0000
0.2232	0.5714	0.0000	0.0000
0.2242	0.5716	0.0000	0.0000
0.2252	0.5718	0.0000	0.0000
0.2262	0.5720	0.0000	0.0000
0.2272	0.5723	0.0000	0.0000
0.2282	0.5725	0.0000	0.0000
0.2292	0.5727	0.0000	0.0000
0.2302	0.5729	0.0000	0.0000
0.2312	0.5731	0.0000	0.0000
0.2322	0.5733	0.0000	0.0000
0.2332	0.5736	0.0000	0.0000
0.2342	0.5738	0.0000	0.0000
0.2352	0.5740	0.0000	0.0000
0.2362	0.5742	0.0000	0.0000
0.2372	0.5744	0.0000	0.0000
0.2382	0.5747	0.0000	0.0000
0.2392	0.5749	0.0000	0.0000
0.2402	0.5751	0.0000	0.0000
0.2412	0.5753	0.0000	0.0000
0.2422	0.5755	0.0000	0.0000
0.2432	0.5758	0.0000	0.0000
0.2442	0.5760	0.0000	0.0000
0.2452	0.5762	0.0000	0.0000
0.2462	0.5764	0.0000	0.0000
0.2472	0.5767	0.0000	0.0000
0.2482	0.5769	0.0000	0.0000
0.2492	0.5771	0.0000	0.0000
0.2503	0.5773	0.0000	0.0000
0.2513	0.5776	0.0000	0.0000
0.2523	0.5778	0.0000	0.0000
0.2533	0.5780	0.0000	0.0000
0.2543	0.5782	0.0000	0.0000
0.2553	0.5785	0.0000	0.0000
0.2563	0.5787	0.0000	0.0000
0.2573	0.5789	0.0000	0.0000
0.2583	0.5791	0.0000	0.0000
0.2593	0.5794	0.0000	0.0000
0.2603	0.5796	0.0000	0.0000
0.2613	0.5798	0.0000	0.0000
0.2623	0.5801	0.0000	0.0000
0.2633	0.5803	0.0000	0.0000
0.2643	0.5805	0.0000	0.0000
0.2653	0.5808	0.0000	0.0000
0.2663	0.5810	0.0000	0.0000
0.2673	0.5812	0.0000	0.0000
0.2683	0.5815	0.0000	0.0000
0.2693	0.5817	0.0000	0.0000
0.2703	0.5819	0.0000	0.0000
0.2713	0.5822	0.0000	0.0000
0.2723	0.5824	0.0000	0.0000
0.2733	0.5826	0.0000	0.0000
0.2743	0.5829	0.0000	0.0000
0.2753	0.5831	0.0000	0.0000
0.2763	0.5833	0.0000	0.0000
0.2773	0.5836	0.0000	0.0000
0.2783	0.5838	0.0000	0.0000
0.2793	0.5840	0.0000	0.0000
0.2803	0.5843	0.0000	0.0000
0.2813	0.5845	0.0000	0.0000
0.2823	0.5848	0.0000	0.0000
0.2833	0.5850	0.0000	0.0000
0.2843	0.5852	0.0000	0.0000
0.2853	0.5855	0.0000	0.0000
0.2863	0.5857	0.0000	0.0000
0.2873	0.5860	0.0000	0.0000
0.2883	0.5862	0.0000	0.0000
0.2893	0.5865	0.0000	0.0000
0.2903	0.5867	0.0000	0.0000
0.2913	0.5869	0.0000	0.0000
0.2923	0.5872	0.0000	0.0000
0.2933	0.5874	0.0000	0.0000
0.2943	0.5877	0.0000	0.0000
0.2953	0.5879	0.0000	0.0000
0.2963	0.5882	0.0000	0.0000
0.2973	0.5884	0.0000	0.0000
0.2983	0.5887	0.0000	0.0000
0.2993	0.5889	0.0000	0.0000
0.3003	0.5891	0.0000	0.0000
0.3013	0.5894	0.0000	0.0000
0.3023	0.5896	0.0000	0.0000
0.3033	0.5899	0.0000	0.0000
0.3043	0.5901	0.0000	0.0000
0.3053	0.5904	0.0000	0.0000
0.3063	0.5906	0.0000	0.0000
0.3073	0.5909	0.0000	0.0000
0.3083	0.5911	0.0000	0.0000
0.3093	0.5914	0.0000	0.0000
0.3103	0.5916	0.0000	0.0000
0.3113	0.5919	0.0000	0.0000
0.3123	0.5921	0.0000	0.0000
0.3133	0.5924	0.0000	0.0000
0.3143	0.5927	0.0000	0.0000
0.3153	0.5929	0.0000	0.0000
0.3163	0.5932	0.0000	0.0000
0.3173	0.5934	0.0000	0.0000
0.3183	0.5937	0.0000	0.0000
0.3193	0.5939	0.0000	0.0000
0.3203	0.5942	0.0000	0.0000
0.3213	0.5944	0.0000	0.0000
0.3223	0.5947	0.0000	0.0000
0.3233	0.5950	0.0000	0.0000
0.3243	0.5952	0.0000	0.0000
0.3253	0.5955	0.0000	0.0000
0.3263	0.5957	0.0000	0.0000
0.3273	0.5960	0.0000	0.0000
0.3283	0.5962	0.0000	0.0000
0.3293	0.5965	0.0000	0.0000
0.3303	0.5968	0.0000	0.0000
0.3313	0.5970	0.0000	0.0000
0.3323	0.5973	0.0000	0.0000
0.3333	0.5975	0.0000	0.0000
0.3343	0.5978	0.0000	0.0000
0.3353	0.5981	0.0000	0.0000
0.3363	0.5983	0.0000	0.0000
0.3373	0.5986	0.0000	0.0000
0.3383	0.5989	0.0000	0.0000
0.3393	0.5991	0.0000	0.0000
0.3403	0.5994	0.0000	0.0000
0.3413	0.5996	0.0000	0.0000
0.3423	0.5999	0.0000	0.0000
0.3433	0.6002	0.0000	0.0000
0.3443	0.6004	0.0000	0.0000
0.3453	0.6007	0.0000	0.0000
0.3463	0.6010	0.0000	0.0000
0.3473	0.6012	0.0000	0.0000
0.3483	0.6015	0.0000	0.0000
0.3493	0.6018	0.0000	0.0000
0.3504	0.6020	0.0000	0.0000
0.3514	0.6023	0.0000	0.0000
0.3524	0.6026	0.0000	0.0000
0.3534	0.6028	0.0000	0.0000
0.3544	0.6031	0.0000	0.0000
0.3554	0.6034	0.0000	0.0000
0.3564	0.6037	0.0000	0.0000
0.3574	0.6039	0.0000	0.0000
0.3584	0.6042	0.0000	0.0000
0.3594	0.6045	0.0000	0.0000
0.3604	0.6047	0.0000	0.0000
0.3614	0.6050	0.0000	0.0000
0.3624	0.6053	0.0000	0.0000
0.3634	0.6056	0.0000	0.0000
0.3644	0.6058	0.0000	0.0000
0.3654	0.6061	0.0000	0.0000
0.3664	0.6064	0.0000	0.0000
0.3674	0.6066	0.0000	0.0000
0.3684	0.6069	0.0000	0.0000
0.3694	0.6072	0.0000	0.0000
0.3704	0.6075	0.0000	0.0000
0.3714	0.6077	0.0000	0.0000
0.3724	0.6080	0.0000	0.0000
0.3734	0.6083	0.0000	0.0000
0.3744	0.6086	0.0000	0.0000
0.3754	0.6088	0.0000	0.0000
0.3764	0.6091	0.0000	0.0000
0.3774	0.6094	0.0000	0.0000
0.3784	0.6097	0.0000	0.0000
0.3794	0.6100	0.0000	0.0000
0.3804	0.6102	0.0000	0.0000
0.3814	0.6105	0.0000	0.0000
0.3824	0.6108	0.0000	0.0000
0.3834	0.6111	0.0000	0.0000
0.3844	0.6114	0.0000	0.0000
0.3854	0.6116	0.0000	0.0000
0.3864	0.6119	0.0000	0.0000
0.3874	0.6122	0.0000	0.0000
0.3884	0.6125	0.0000	0.0000
0.3894	0.6128	0.0000	0.0000
0.3904	0.6130	0.0000	0.0000
0.3914	0.6133	0.0000	0.0000
0.3924	0.6136	0.0000	0.0000
0.3934	0.6139	0.0000	0.0000
0.3944	0.6142	0.0000	0.0000
0.3954	0.6144	0.0000	0.0000
0.3964	0.6147	0.0000	0.0000
0.3974	0.6150	0.0000	0.0000
0.3984	0.6153	0.0000	0.0000
0.3994	0.6156	0.0000	0.0000
0.4004	0.6159	0.0000	0.0000
0.4014	0.6161	0.0000	0.0000
0.4024	0.6164	0.0000	0.0000
0.4034	0.6167	0.0000	0.0000
0.4044	0.6170	0.0000	0.0000
0.4054	0.6173	0.0000	0.0000
0.4064	0.6176	0.0000	0.0000
0.4074	0.6179	0.0000	0.0000
0.4084	0.6181	0.0000	0.0000
0.4094	0.6184	0.0000	0.0000
0.4104	0.6187	0.0000	0.0000
0.4114	0.6190	0.0000	0.0000
0.4124	0.6193	0.0000	0.0000
0.4134	0.6196	0.0000	0.0000
0.4144	0.6199	0.0000	0.0000
0.4154	0.6201	0.0000	0.0000
0.4164	0.6204	0.0000	0.0000
0.4174	0.6207	0.0000	0.0000
0.4184	0.6210	0.0000	0.0000
0.4194	0.6213	0.0000	0.0000
0.4204	0.6216	0.0000	0.0000
0.4214	0.6219	0.0000	0.0000
0.4224	0.6222	0.0000	0.0000
0.4234	0.6225	0.0000	0.0000
0.4244	0.6227	0.0000	0.0000
0.4254	0.6230	0.0000	0.0000
0.4264	0.6233	0.0000	0.0000
0.4274	0.6236	0.0000	0.0000
0.4284	0.6239	0.0000	0.0000
0.4294	0.6242	0.0000	0.0000
0.4304	0.6245	0.0000	0.0000
0.4314	0.6248	0.0000	0.0000
0.4324	0.6251	0.0000	0.0000
0.4334	0.6253	0.0000	0.0000
0.4344	0.6256	0.0000	0.0000
0.4354	0.6259	0.0000	0.0000
0.4364	0.6262	0.0000	0.0000
0.4374	0.6265	0.0000	0.0000
0.4384	0.6268	0.0000	0.0000
0.4394	0.6271	0.0000	0.0000
0.4404	0.6274	0.0000	0.0000
0.4414	0.6277	0.0000	0.0000
0.4424	0.6280	0.0000	0.0000
0.4434	0.6283	0.0000	0.0000
0.4444	0.6285	0.0000	0.0000
0.4454	0.6288	0.0000	0.0000
0.4464	0.6291	0.0000	0.0000
0.4474	0.6294	0.0000	0.0000
0.4484	0.6297	0.0000	0.0000
0.4494	0.6300	0.0000	0.0000
0.4505	0.6303	0.0000	0.0000
0.4515	0.6306	0.0000	0.0000
0.4525	0.6309	0.0000	0.0000
0.4535	0.6312	0.0000	0.0000
0.4545	0.6315	0.0000	0.0000
0.4555	0.6318	0.0000	0.0000
0.4565	0.6321	0.0000	0.0000
0.4575	0.6323	0.0000	0.0000
0.4585	0.6326	0.0000	0.0000
0.4595	0.6329	0.0000	0.0000
0.4605	0.6332	0.0000	0.0000
0.4615	0.6335	0.0000	0.0000
0.4625	0.6338	0.0000	0.0000
0.4635	0.6341	0.0000	0.0000
0.4645	0.6344	0.0000	0.0000
0.4655	0.6347	0.0000	0.0000
0.4665	0.6350	0.0000	0.0000
0.4675	0.6353	0.0000	0.0000
0.4685	0.6356	0.0000	0.0000
0.4695	0.6358	0.0000	0.0000
0.4705	0.6361	0.0000	0.0000
0.4715	0.6364	0.0000	0.0000
0.4725	0.6367	0.0000	0.0000
0.4735	0.6370	0.0000	0.0000
0.4745	0.6373	0.0000	0.0000
0.4755	0.6376	0.0000	0.0000
0.4765	0.6379	0.0000	0.0000
0.4775	0.6382	0.0000	0.0000
0.4785	0.6385	0.0000	0.0000
0.4795	0.6388	0.0000	0.0000
0.4805	0.6390	0.0000	0.0000
0.4815	0.6393	0.0000	0.0000
0.4825	0.6396	0.0000	0.0000
0.4835	0.6399	0.0000	0.0000
0.4845	0.6402	0.0000	0.0000
0.4855	0.6405	0.0000	0.0000
0.4865	0.6408	0.0000	0.0000
0.4875	0.6411	0.0000	0.0000
0.4885	0.6414	0.0000	0.0000
0.4895	0.6416	0.0000	0.0000
0.4905	0.6419	0.0000	0.0000
0.4915	0.6422	0.0000	0.0000
0.4925	0.6425	0.0000	0.0000
0.4935	0.6428	0.0000	0.0000
0.4945	0.6431	0.0000	0.0000
0.4955	0.6434	0.0000	0.0000
0.4965	0.6437	0.0000	0.0000
0.4975	0.6439	0.0000	0.0000
0.4985	0.6442	0.0000	0.0000
0.4995	0.6445	0.0000	0.0000
0.5005	0.6445	0.0000	0.0000
0.5015	0.6442	0.0000	0.0000
0.5025	0.6439	0.0000	0.0000
0.5035	0.6437	0.0000	0.0000
0.5045	0.6434	0.0000	0.0000
0.5055	0.6432	0.0000	0.0000
0.5065	0.6429	0.0000	0.0000
0.5075	0.6427	0.0000	0.0000
0.5085	0.6424	0.0000	0.0000
0.5095	0.6422	0.0000	0.0000
0.5105	0.6420	0.0000	0.0000
0.5115	0.6418	0.0000	0.0000
0.5125	0.6416	0.0000	0.0000
0.5135	0.6414	0.0000	0.0000
0.5145	0.6412	0.0000	0.0000
0.5155	0.6410	0.0000	0.0000
0.5165	0.6408	0.0000	0.0000
0.5175	0.6406	0.0000	0.0000
0.5185	0.6405	0.0000	0.0000
0.5195	0.6403	0.0000	0.0000
0.5205	0.6402	0.0000	0.0000
0.5215	0.6400	0.0000	0.0000
0.5225	0.6399	0.0000	0.0000
0.5235	0.6398	0.0000	0.0000
0.5245	0.6396	0.0000	0.0000
0.5255	0.6395	0.0000	0.0000
0.5265	0.6394	0.0000	0.0000
0.5275	0.6393	0.0000	0.0000
0.5285	0.6392	0.0000	0.0000
0.5295	0.6391	0.0000	0.0000
0.5305	0.6390	0.0000	0.0000
0.5315	0.6389	0.0000	0.0000
0.5325	0.6389	0.0000	0.0000
0.5335	0.6388	0.0000	0.0000
0.5345	0.6387	0.0000	0.0000
0.5355	0.6387	0.0000	0.0000
0.5365	0.6386	0.0000	0.0000
0.5375	0.6386	0.0000	0.0000
0.5385	0.6386	0.0000	0.0000
0.5395	0.6385	0.0000	0.0000
0.5405	0.6385	0.0000	0.0000
0.5415	0.6385	0.0000	0.0000
0.5425	0.6385	0.0000	0.0000
0.5435	0.6385	0.0000	0.0000
0.5445	0.6385	0.0000	0.0000
0.5455	0.6385	0.0000	0.0000
0.5465	0.6385	0.0000	0.0000
0.5475	0.6385	0.0000	0.0000
0.5485	0.6385	0.0000	0.0000
0.5495	0.6385	0.0000	0.0000
0.5506	0.6386	0.0000	0.0000
0.5516	0.6386	0.0000	0.0000
0.5526	0.6387	0.0000	0.0000
0.5536	0.6387	0.0000	0.0000
0.5546	0.6388	0.0000	0.0000
0.5556	0.6388	0.0000	0.0000
0.5566	0.6389	0.0000	0.0000
0.5576	0.6389	0.0000	0.0000
0.5586	0.6390	0.0000	0.0000
0.5596	0.6391	0.0000	0.0000
0.5606	0.6392	0.0000	0.0000
0.5616	0.6393	0.0000	0.0000
0.5626	0.6394	0.0000	0.0000
0.5636	0.6395	0.0000	0.0000
0.5646	0.6396	0.0000	0.0000
0.5656	0.6397	0.0000	0.0000
0.5666	0.6398	0.0000	0.0000
0.5676	0.6399	0.0000	0.0000
0.5686	0.6400	0.0000	0.0000
0.5696	0.6402	0.0000	0.0000
0.5706	0.6403	0.0000	0.0000
0.5716	0.6404	0.0000	0.0000
0.5726	0.6406	0.0000	0.0000
0.5736	0.6407	0.0000	0.0000
0.5746	0.6409	0.0000	0.0000
0.5756	0.6410	0.0000	0.0000
0.5766	0.6412	0.0000	0.0000
0.5776	0.6414	0.0000	0.0000
0.5786	0.6415	0.0000	0.0000
0.5796	0.6417	0.0000	0.0000
0.5806	0.6419	0.0000	0.0000
0.5816	0.6421	0.0000	0.0000
0.5826	0.6422	0.0000	0.0000
0.5836	0.6424	0.0000	0.0000
0.5846	0.6426	0.0000	0.0000
0.5856	0.6428	0.0000	0.0000
0.5866	0.6430	0.0000	0.0000
0.5876	0.6433	0.0000	0.0000
0.5886	0.6435	0.0000	0.0000
0.5896	0.6437	0.0000	0.0000
0.5906	0.6439	0.0000	0.0000
0.5916	0.6441	0.0000	0.0000
0.5926	0.6444	0.0000	0.0000
0.5936	0.6446	0.0000	0.0000
0.5946	0.6448	0.0000	0.0000
0.5956	0.6451	0.0000	0.0000
0.5966	0.6453	0.0000	0.0000
0.5976	0.6456	0.0000	0.0000
0.5986	0.6458	0.0000	0.0000
0.5996	0.6461	0.0000	0.0000
0.6006	0.6463	0.0000	0.0000
0.6016	0.6466	0.0000	0.0000
0.6026	0.6469	0.0000	0.0000
0.6036	0.6471	0.0000	0.0000
0.6046	0.6474	0.0000	0.0000
0.6056	0.6477	0.0000	0.0000
0.6066	0.6480	0.0000	0.0000
0.6076	0.6483	0.0000	0.0000
0.6086	0.6486	0.0000	0.0000
0.6096	0.6489	0.0000	0.0000
0.6106	0.6492	0.0000	0.0000
0.6116	0.6495	0.0000	0.0000
0.6126	0.6498	0.0000	0.0000
0.6136	0.6501	0.0000	0.0000
0.6146	0.6504	0.0000	0.0000
0.6156	0.6507	0.0000	0.0000
0.6166	0.6510	0.0000	0.0000
0.6176	0.6513	0.0000	0.0000
0.6186	0.6517	0.0000	0.0000
0.6196	0.6520	0.0000	0.0000
0.6206	0.6523	0.0000	0.0000
0.6216	0.6527	0.0000	0.0000
0.6226	0.6530	0.0000	0.0000
0.6236	0.6533	0.0000	0.0000
0.6246	0.6537	0.0000	0.0000
0.6256	0.6540	0.0000	0.0000
0.6266	0.6544	0.0000	0.0000
0.6276	0.6547	0.0000	0.0000
0.6286	0.6551	0.0000	0.0000
0.6296	0.6555	0.0000	0.0000
0.6306	0.6558	0.0000	0.0000
0.6316	0.6562	0.0000	0.0000
0.6326	0.6566	0.0000	0.0000
0.6336	0.6569	0.0000	0.0000
0.6346	0.6573	0.0000	0.0000
0.6356	0.6577	0.0000	0.0000
0.6366	0.6581	0.0000	0.0000
0.6376	0.6585	0.0000	0.0000
0.6386	0.6588	0.0000	0.0000
0.6396	0.6592	0.0000	0.0000
0.6406	0.6596	0.0000	0.0000
0.6416	0.6600	0.0000	0.0000
0.6426	0.6604	0.0000	0.0000
0.6436	0.6608	0.0000	0.0000
0.6446	0.6612	0.0000	0.0000
0.6456	0.6616	0.0000	0.0000
0.6466	0.6620	0.0000	0.0000
0.6476	0.6625	0.0000	0.0000
0.6486	0.6629	0.0000	0.0000
0.6496	0.6633	0.0000	0.0000
0.6507	0.6637	0.0000	0.0000
0.6517	0.6641	0.0000	0.0000
0.6527	0.6646	0.0000	0.0000
0.6537	0.6650	0.0000	0.0000
0.6547	0.6654	0.0000	0.0000
0.6557	0.6659	0.0000	0.0000
0.6567	0.6663	0.0000	0.0000
0.6577	0.6667	0.0000	0.0000
0.6587	0.6672	0.0000	0.0000
0.6597	0.6676	0.0000	0.0000
0.6607	0.6681	0.0000	0.0000
0.6617	0.6685	0.0000	0.0000
0.6627	0.6690	0.0000	0.0000
0.6637	0.6694	0.0000	0.0000
0.6647	0.6699	0.0000	0.0000
0.6657	0.6703	0.0000	0.0000
0.6667	0.6708	0.0000	0.0000
0.6677	0.6713	0.0000	0.0000
0.6687	0.6717	0.0000	0.0000
0.6697	0.6722	0.0000	0.0000
0.6707	0.6727	0.0000	0.0000
0.6717	0.6731	0.0000	0.0000
0.6727	0.6736	0.0000	0.0000
0.6737	0.6741	0.0000	0.0000
0.6747	0.6746	0.0000	0.0000
0.6757	0.6750	0.0000	0.0000
0.6767	0.6755	0.0000	0.0000
0.6777	0.6760	0.0000	0.0000
0.6787	0.6765	0.0000	0.0000
0.6797	0.6770	0.0000	0.0000
0.6807	0.6775	0.0000	0.0000
0.6817	0.6780	0.0000	0.0000
0.6827	0.6785	0.0000	0.0000
0.6837	0.6789	0.0000	0.0000
0.6847	0.6794	0.0000	0.0000
0.6857	0.6799	0.0000	0.0000
0.6867	0.6804	0.0000	0.0000
0.6877	0.6810	0.0000	0.0000
0.6887	0.6815	0.0000	0.0000
0.6897	0.6820	0.0000	0.0000
0.6907	0.6825	0.0000	0.0000
0.6917	0.6830	0.0000	0.0000
0.6927	0.6835	0.0000	0.0000
0.6937	0.6840	0.0000	0.0000
0.6947	0.6845	0.0000	0.0000
0.6957	0.6851	0.0000	0.0000
0.6967	0.6856	0.0000	0.0000
0.6977	0.6861	0.0000	0.0000
0.6987	0.6866	0.0000	0.0000
0.6997	0.6872	0.0000	0.0000
0.7007	0.6877	0.0000	0.0000
0.7017	0.6882	0.0000	0.0000
0.7027	0.6887	0.0000	0.0000
0.7037	0.6893	0.0000	0.0000
0.7047	0.6898	0.0000	0.0000
0.7057	0.6903	0.0000	0.0000
0.7067	0.6909	0.0000	0.0000
0.7077	0.6914	0.0000	0.0000
0.7087	0.6920	0.0000	0.0000
0.7097	0.6925	0.0000	0.0000
0.7107	0.6930	0.0000	0.0000
0.7117	0.6936	0.0000	0.0000
0.7127	0.6941	0.0000	0.0000
0.7137	0.6947	0.0000	0.0000
0.7147	0.6952	0.0000	0.0000
0.7157	0.6958	0.0000	0.0000
0.7167	0.6963	0.0000	0.0000
0.7177	0.6969	0.0000	0.0000
0.7187	0.6975	0.0000	0.0000
0.7197	0.6980	0.0000	0.0000
0.7207	0.6986	0.0000	0.0000
0.7217	0.6991	0.0000	0.0000
0.7227	0.6997	0.0000	0.0000
0.7237	0.7003	0.0000	0.0000
0.7247	0.7008	0.0000	0.0000
0.7257	0.7014	0.0000	0.0000
0.7267	0.7019	0.0000	0.0000
0.7277	0.7025	0.0000	0.0000
0.7287	0.7031	0.0000	0.0000
0.7297	0.7037	0.0000	0.0000
0.7307	0.7042	0.0000	0.0000
0.7317	0.7048	0.0000	0.0000
0.7327	0.7054	0.0000	0.0000
0.7337	0.7060	0.0000	0.0000
0.7347	0.7065	0.0000	0.0000
0.7357	0.7071	0.0000	0.0000
0.7367	0.7077	0.0000	0.0000
0.7377	0.7083	0.0000	0.0000
0.7387	0.7088	0.0000	0.0000
0.7397	0.7094	0.0000	0.0000
0.7407	0.7100	0.0000	0.0000
0.7417	0.7106	0.0000	0.0000
0.7427	0.7112	0.0000	0.0000
0.7437	0.7118	0.0000	0.0000
0.7447	0.7124	0.0000	0.0000
0.7457	0.7129	0.0000	0.0000
0.7467	0.7135	0.0000	0.0000
0.7477	0.7141	0.0000	0.0000
0.7487	0.7147	0.0000	0.0000
0.7497	0.7153	0.0000	0.0000
0.7508	0.7159	0.0000	0.0000
0.7518	0.7165	0.0000	0.0000
0.7528	0.7171	0.0000	0.0000
0.7538	0.7177	0.0000	0.0000
0.7548	0.7183	0.0000	0.0000
0.7558	0.7189	0.0000	0.0000
0.7568	0.7195	0.0000	0.0000
0.7578	0.7201	0.0000	0.0000
0.7588	0.7207	0.0000	0.0000
0.7598	0.7213	0.0000	0.0000
0.7608	0.7219	0.0000	0.0000
0.7618	0.7225	0.0000	0.0000
0.7628	0.7231	0.0000	0.0000
0.7638	0.7237	0.0000	0.0000
0.7648	0.7243	0.0000	0.0000
0.7658	0.7249	0.0000	0.0000
0.7668	0.7255	0.0000	0.0000
0.7678	0.7261	0.0000	0.0000
0.7688	0.7267	0.0000	0.0000
0.7698	0.7274	0.0000	0.0000
0.7708	0.7280	0.0000	0.0000
0.7718	0.7286	0.0000	0.0000
0.7728	0.7292	0.0000	0.0000
0.7738	0.7298	0.0000	0.0000
0.7748	0.7304	0.0000	0.0000
0.7758	0.7310	0.0000	0.0000
0.7768	0.7316	0.0000	0.0000
0.7778	0.7323	0.0000	0.0000
0.7788	0.7329	0.0000	0.0000
0.7798	0.7335	0.0000	0.0000
0.7808	0.7341	0.0000	0.0000
0.7818	0.7347	0.0000	0.0000
0.7828	0.7353	0.0000	0.0000
0.7838	0.7360	0.0000	0.0000
0.7848	0.7366	0.0000	0.0000
0.7858	0.7372	0.0000	0.0000
0.7868	0.7378	0.0000	0.0000
0.7878	0.7384	0.0000	0.0000
0.7888	0.7391	0.0000	0.0000
0.7898	0.7397	0.0000	0.0000
0.7908	0.7403	0.0000	0.0000
0.7918	0.7409	0.0000	0.0000
0.7928	0.7416	0.0000	0.0000
0.7938	0.7422	0.0000	0.0000
0.7948	0.7428	0.0000	0.0000
0.7958	0.7434	0.0000	0.0000
0.7968	0.7441	0.0000	0.0000
0.7978	0.7447	0.0000	0.0000
0.7988	0.7453	0.0000	0.0000
0.7998	0.7459	0.0000	0.0000
0.8008	0.7466	0.0000	0.0000
0.8018	0.7472	0.0000	0.0000
0.8028	0.7478	0.0000	0.0000
0.8038	0.7484	0.0000	0.0000
0.8048	0.7491	0.0000	0.0000
0.8058	0.7497	0.0000	0.0000
0.8068	0.7503	0.0000	0.0000
0.8078	0.7510	0.0000	0.0000
0.8088	0.7516	0.0000	0.0000
0.8098	0.7522	0.0000	0.0000
0.8108	0.7528	0.0000	0.0000
0.8118	0.7535	0.0000	0.0000
0.8128	0.7541	0.0000	0.0000
0.8138	0.7547	0.0000	0.0000
0.8148	0.7554	0.0000	0.0000
0.8158	0.7560	0.0000	0.0000
0.8168	0.7566	0.0000	0.0000
0.8178	0.7573	0.0000	0.0000
0.8188	0.7579	0.0000	0.0000
0.8198	0.7585	0.0000	0.0000
0.8208	0.7592	0.0000	0.0000
0.8218	0.7598	0.0000	0.0000
0.8228	0.7604	0.0000	0.0000
0.8238	0.7611	0.0000	0.0000
0.8248	0.7617	0.0000	0.0000
0.8258	0.7623	0.0000	0.0000
0.8268	0.7630	0.0000	0.0000
0.8278	0.7636	0.0000	0.0000
0.8288	0.7642	0.0000	0.0000
0.8298	0.7649	0.0000	0.0000
0.8308	0.7655	0.0000	0.0000
0.8318	0.7661	0.0000	0.0000
0.8328	0.7668	0.0000	0.0000
0.8338	0.7674	0.0000	0.0000
0.8348	0.7680	0.0000	0.0000
0.8358	0.7687	0.0000	0.0000
0.8368	0.7693	0.0000	0.0000
0.8378	0.7699	0.0000	0.0000
0.8388	0.7706	0.0000	0.0000
0.8398	0.7712	0.0000	0.0000
0.8408	0.7718	0.0000	0.0000
0.8418	0.7725	0.0000	0.0000
0.8428	0.7731	0.0000	0.0000
0.8438	0.7737	0.0000	0.0000
0.8448	0.7744	0.0000	0.0000
0.8458	0.7750	0.0000	0.0000
0.8468	0.7756	0.0000	0.0000
0.8478	0.7763	0.0000	0.0000
0.8488	0.7769	0.0000	0.0000
0.8498	0.7775	0.0000	0.0000
0.8509	0.7782	0.0000	0.0000
0.8519	0.7788	0.0000	0.0000
0.8529	0.7794	0.0000	0.0000
0.8539	0.7801	0.0000	0.0000
0.8549	0.7807	0.0000	0.0000
0.8559	0.7813	0.0000	0.0000
0.8569	0.7820	0.0000	0.0000
0.8579	0.7826	0.0000	0.0000
0.8589	0.7832	0.0000	0.0000
0.8599	0.7838	0.0000	0.0000
0.8609	0.7845	0.0000	0.0000
0.8619	0.7851	0.0000	0.0000
0.8629	0.7857	0.0000	0.0000
0.8639	0.7864	0.0000	0.0000
0.8649	0.7870	0.0000	0.0000
0.8659	0.7876	0.0000	0.0000
0.8669	0.7883	0.0000	0.0000
0.8679	0.7889	0.0000	0.0000
0.8689	0.7895	0.0000	0.0000
0.8699	0.7901	0.0000	0.0000
0.8709	0.7908	0.0000	0.0000
0.8719	0.7914	0.0000	0.0000
0.8729	0.7920	0.0000	0.0000
0.8739	0.7927	0.0000	0.0000
0.8749	0.7933	0.0000	0.0000
0.8759	0.7939	0.0000	0.0000
0.8769	0.7945	0.0000	0.0000
0.8779	0.7952	0.0000	0.0000
0.8789	0.7958	0.0000	0.0000
0.8799	0.7964	0.0000	0.0000
0.8809	0.7970	0.0000	0.0000
0.8819	0.7977	0.0000	0.0000
0.8829	0.7983	0.0000	0.0000
0.8839	0.7989	0.0000	0.0000
0.8849	0.7995	0.0000	0.0000
0.8859	0.8002	0.0000	0.0000
0.8869	0.8008	0.0000	0.0000
0.8879	0.8014	0.0000	0.0000
0.8889	0.8020	0.0000	0.0000
0.8899	0.8027	0.0000	0.0000
0.8909	0.8033	0.0000	0.0000
0.8919	0.8039	0.0000	0.0000
0.8929	0.8045	0.0000	0.0000
0.8939	0.8051	0.0000	0.0000
0.8949	0.8058	0.0000	0.0000
0.8959	0.8064	0.0000	0.0000
0.8969	0.8070	0.0000	0.0000
0.8979	0.8076	0.0000	0.0000
0.8989	0.8082	0.0000	0.0000
0.8999	0.8089	0.0000	0.0000
0.9009	0.8095	0.0000	0.0000
0.9019	0.8101	0.0000	0.0000
0.9029	0.8107	0.0000	0.0000
0.9039	0.8113	0.0000	0.0000
0.9049	0.8119	0.0000	0.0000
0.9059	0.8125	0.0000	0.0000
0.9069	0.8132	0.0000	0.0000
0.9079	0.8138	0.0000	0.0000
0.9089	0.8144	0.0000	0.0000
0.9099	0.8150	0.0000	0.0000
0.9109	0.8156	0.0000	0.0000
0.9119	0.8162	0.0000	0.0000
0.9129	0.8168	0.0000	0.0000
0.9139	0.8174	0.0000	0.0000
0.9149	0.8180	0.0000	0.0000
0.9159	0.8187	0.0000	0.0000
0.9169	0.8193	0.0000	0.0000
0.9179	0.8199	0.0000	0.0000
0.9189	0.8205	0.0000	0.0000
0.9199	0.8211	0.0000	0.0000
0.9209	0.8217	0.0000	0.0000
0.9219	0.8223	0.0000	0.0000
0.9229	0.8229	0.0000	0.0000
0.9239	0.8235	0.0000	0.0000
0.9249	0.8241	0.0000	0.0000
0.9259	0.8247	0.0000	0.0000
0.9269	0.8253	0.0000	0.0000
0.9279	0.8259	0.0000	0.0000
0.9289	0.8265	0.0000	0.0000
0.9299	0.8271	0.0000	0.0000
0.9309	0.8277	0.0000	0.0000
0.9319	0.8283	0.0000	0.0000
0.9329	0.8289	0.0000	0.0000
0.9339	0.8295	0.0000	0.0000
0.9349	0.8301	0.0000	0.0000
0.9359	0.8307	0.0000	0.0000
0.9369	0.8313	0.0000	0.0000
0.9379	0.8319	0.0000	0.0000
0.9389	0.8325	0.0000	0.0000
0.9399	0.8330	0.0000	0.0000
0.9409	0.8336	0.0000	0.0000
0.9419	0.8342	0.0000	0.0000
0.9429	0.8348	0.0000	0.0000
0.9439	0.8354	0.0000	0.0000
0.9449	0.8360	0.0000	0.0000
0.9459	0.8366	0.0000	0.0000
0.9469	0.8372	0.0000	0.0000
0.9479	0.8377	0.0000	0.0000
0.9489	0.8383	0.0000	0.0000
0.9499	0.8389	0.0000	0.0000
0.9510	0.8395	0.0000	0.0000
0.9520	0.8401	0.0000	0.0000
0.9530	0.8407	0.0000	0.0000
0.9540	0.8412	0.0000	0.0000
0.9550	0.8418	0.0000	0.0000
0.9560	0.8424	0.0000	0.0000
0.9570	0.8430	0.0000	0.0000
0.9580	0.8435	0.0000	0.0000
0.9590	0.8441	0.0000	0.0000
0.9600	0.8447	0.0000	0.0000
0.9610	0.8453	0.0000	0.0000
0.9620	0.8458	0.0000	0.0000
0.9630	0.8464	0.0000	0.0000
0.9640	0.8470	0.0000	0.0000
0.9650	0.8476	0.0000	0.0000
0.9660	0.8481	0.0000	0.0000
0.9670	0.8487	0.0000	0.0000
0.9680	0.8493	0.0000	0.0000
0.9690	0.8498	0.0000	0.0000
0.9700	0.8504	0.0000	0.0000
0.9710	0.8510	0.0000	0.0000
0.9720	0.8515	0.0000	0.0000
0.9730	0.8521	0.0000	0.0000
0.9740	0.8526	0.0000	0.0000
0.9750	0.8532	0.0000	0.0000
0.9760	0.8538	0.0000	0.0000
0.9770	0.8543	0.0000	0.0000
0.9780	0.8549	0.0000	0.0000
0.9790	0.8554	0.0000	0.0000
0.9800	0.8560	0.0000	0.0000
0.9810	0.8565	0.0000	0.0000
0.9820	0.8571	0.0000	0.0000
0.9830	0.8576	0.0000	0.0000
0.9840	0.8582	0.0000	0.0000
0.9850	0.8587	0.0000	0.0000
0.9860	0.8593	0.0000	0.0000
0.9870	0.8598	0.0000	0.0000
0.9880	0.8604	0.0000	0.0000
0.9890	0.8609	0.0000	0.0000
0.9900	0.8615	0.0000	0.0000
0.9910	0.8620	0.0000	0.0000
0.9920	0.8626	0.0000	0.0000
0.9930	0.8631	0.0000	0.0000
0.9940	0.8637	0.0000	0.0000
0.9950	0.8642	0.0000	0.0000
0.9960	0.8647	0.0000	0.0000
0.9970	0.8653	0.0000	0.0000
0.9980	0.8658	0.0000	0.0000
0.9990	0.8663	0.0000	0.0000
1.0000	0.8669	0.0000	0.0000
0.6747
