0.0000	0.5312	0.0000	0.0000
0.0010	0.5313	0.0000	0.0000
0.0020	0.5315	0.0000	0.0000
0.0030	0.5316	0.0000	0.0000
0.0040	0.5317	0.0000	0.0000
0.0050	0.5319	0.0000	0.0000
0.0060	0.5320	0.0000	0.0000
0.0070	0.5321	0.0000	0.0000
0.0080	0.5323	0.0000	0.0000
0.0090	0.5324	0.0000	0.0000
0.0100	0.5325	0.0000	0.0000
0.0110	0.5327	0.0000	0.0000
0.0120	0.5328	0.0000	0.0000
0.0130	0.5329	0.0000	0.0000
0.0140	0.5331	0.0000	0.0000
0.0150	0.5332	0.0000	0.0000
0.0160	0.5333	0.0000	0.0000
0.0170	0.5335	0.0000	0.0000
0.0180	0.5336	0.0000	0.0000
0.0190	0.5337	0.0000	0.0000
0.0200	0.5339	0.0000	0.0000
0.0210	0.5340	0.0000	0.0000
0.0220	0.5342	0.0000	0.0000
0.0230	0.5343	0.0000	0.0000
0.0240	0.5344	0.0000	0.0000
0.0250	0.5346	0.0000	0.0000
0.0260	0.5347	0.0000	0.0000
0.0270	0.5348	0.0000	0.0000
0.0280	0.5350	0.0000	0.0000
0.0290	0.5351	0.0000	0.0000
0.0300	0.5353	0.0000	0.0000
0.0310	0.5354	0.0000	0.0000
0.0320	0.5355	0.0000	0.0000
0.0330	0.5357	0.0000	0.0000
0.0340	0.5358	0.0000	0.0000
0.0350	0.5360	0.0000	0.0000
0.0360	0.5361	0.0000	0.0000
0.0370	0.5363	0.0000	0.0000
0.0380	0.5364	0.0000	0.0000
0.0390	0.5365	0.0000	0.0000
0.0400	0.5367	0.0000	0.0000
0.0410	0.5368	0.0000	0.0000
0.0420	0.5370	0.0000	0.0000
0.0430	0.5371	0.0000	0.0000
0.0440	0.5373	0.0000	0.0000
0.0450	0.5374	0.0000	0.0000
0.0460	0.5375	0.0000	0.0000
0.0470	0.5377	0.0000	0.0000
0.0480	0.5378	0.0000	0.0000
0.0490	0.5380	0.0000	0.0000
0.0501	0.5381	0.0000	0.0000
0.0511	0.5383	0.0000	0.0000
0.0521	0.5384	0.0000	0.0000
0.0531	0.5386	0.0000	0.0000
0.0541	0.5387	0.0000	0.0000
0.0551	0.5389	0.0000	0.0000
0.0561	0.5390	0.0000	0.0000
0.0571	0.5392	0.0000	0.0000
0.0581	0.5393	0.0000	0.0000
0.0591	0.5395	0.0000	0.0000
0.0601	0.5396	0.0000	0.0000
0.0611	0.5397	0.0000	0.0000
0.0621	0.5399	0.0000	0.0000
0.0631	0.5400	0.0000	0.0000
0.0641	0.5402	0.0000	0.0000
0.0651	0.5404	0.0000	0.0000
0.0661	0.5405	0.0000	0.0000
0.0671	0.5407	0.0000	0.0000
0.0681	0.5408	0.0000	0.0000
0.0691	0.5410	0.0000	0.0000
0.0701	0.5411	0.0000	0.0000
0.0711	0.5413	0.0000	0.0000
0.0721	0.5414	0.0000	0.0000
0.0731	0.5416	0.0000	0.0000
0.0741	0.5417	0.0000	0.0000
0.0751	0.5419	0.0000	0.0000
0.0761	0.5420	0.0000	0.0000
0.0771	0.5422	0.0000	0.0000
0.0781	0.5423	0.0000	0.0000
0.0791	0.5425	0.0000	0.0000
0.0801	0.5426	0.0000	0.0000
0.0811	0.5428	0.0000	0.0000
0.0821	0.5430	0.0000	0.0000
0.0831	0.5431	0.0000	0.0000
0.0841	0.5433	0.0000	0.0000
0.0851	0.5434	0.0000	0.0000
0.0861	0.5436	0.0000	0.0000
0.0871	0.5437	0.0000	0.0000
0.0881	0.5439	0.0000	0.0000
0.0891	0.5441	0.0000	0.0000
0.0901	0.5442	0.0000	0.0000
0.0911	0.5444	0.0000	0.0000
0.0921	0.5445	0.0000	0.0000
0.0931	0.5447	0.0000	0.0000
0.0941	0.5449	0.0000	0.0000
0.0951	0.5450	0.0000	0.0000
0.0961	0.5452	0.0000	0.0000
0.0971	0.5453	0.0000	0.0000
0.0981	0.5455	0.0000	0.0000
0.0991	0.5457	0.0000	0.0000
0.1001	0.5458	0.0000	0.0000
0.1011	0.5460	0.0000	0.0000
0.1021	0.5462	0.0000	0.0000
0.1031	0.5463	0.0000	0.0000
0.1041	0.5465	0.0000	0.0000
0.1051	0.5466	0.0000	0.0000
0.1061	0.5468	0.0000	0.0000
0.1071	0.5470	0.0000	0.0000
0.1081	0.5471	0.0000	0.0000
0.1091	0.5473	0.0000	0.0000
0.1101	0.5475	0.0000	0.0000
0.1111	0.5476	0.0000	0.0000
0.1121	0.5478	0.0000	0.0000
0.1131	0.5480	0.0000	0.0000
0.1141	0.5481	0.0000	0.0000
0.1151	0.5483	0.0000	0.0000
0.1161	0.5485	0.0000	0.0000
0.1171	0.5486	0.0000	0.0000
0.1181	0.5488	0.0000	0.0000
0.1191	0.5490	0.0000	0.0000
0.1201	0.5491	0.0000	0.0000
0.1211	0.5493	0.0000	0.0000
0.1221	0.5495	0.0000	0.0000
0.1231	0.5497	0.0000	0.0000
0.1241	0.5498	0.0000	0.0000
0.1251	0.5500	0.0000	0.0000
0.1261	0.5502	0.0000	0.0000
0.1271	0.5503	0.0000	0.0000
0.1281	0.5505	0.0000	0.0000
0.1291	0.5507	0.0000	0.0000
0.1301	0.5509	0.0000	0.0000
0.1311	0.5510	0.0000	0.0000
0.1321	0.5512	0.0000	0.0000
0.1331	0.5514	0.0000	0.0000
0.1341	0.5516	0.0000	0.0000
0.1351	0.5517	0.0000	0.0000
0.1361	0.5519	0.0000	0.0000
0.1371	0.5521	0.0000	0.0000
0.1381	0.5523	0.0000	0.0000
0.1391	0.5524	0.0000	0.0000
0.1401	0.5526	0.0000	0.0000
0.1411	0.5528	0.0000	0.0000
0.1421	0.5530	0.0000	0.0000
0.1431	0.5531	0.0000	0.0000
0.1441	0.5533	0.0000	0.0000
0.1451	0.5535	0.0000	0.0000
0.1461	0.5537	0.0000	0.0000
0.1471	0.5539	0.0000	0.0000
0.1481	0.5540	0.0000	0.0000
0.1491	0.5542	0.0000	0.0000
0.1502	0.5544	0.0000	0.0000
0.1512	0.5546	0.0000	0.0000
0.1522	0.5548	0.0000	0.0000
0.1532	0.5550	0.0000	0.0000
0.1542	0.5551	0.0000	0.0000
0.1552	0.5553	0.0000	0.0000
0.1562	0.5555	0.0000	0.0000
0.1572	0.5557	0.0000	0.0000
0.1582	0.5559	0.0000	0.0000
0.1592	0.5561	0.0000	0.0000
0.1602	0.5562	0.0000	0.0000
0.1612	0.5564	0.0000	0.0000
0.1622	0.5566	0.0000	0.0000
0.1632	0.5568	0.0000	0.0000
0.1642	0.5570	0.0000	0.0000
0.1652	0.5572	0.0000	0.0000
0.1662	0.5574	0.0000	0.0000
0.1672	0.5575	0.0000	0.0000
0.1682	0.5577	0.0000	0.0000
0.1692	0.5579	0.0000	0.0000
0.1702	0.5581	0.0000	0.0000
0.1712	0.5583	0.0000	0.0000
0.1722	0.5585	0.0000	0.0000
0.1732	0.5587	0.0000	0.0000
0.1742	0.5589	0.0000	0.0000
0.1752	0.5591	0.0000	0.0000
0.1762	0.5593	0.0000	0.0000
0.1772	0.5594	0.0000	0.0000
0.1782	0.5596	0.0000	0.0000
0.1792	0.5598	0.0000	0.0000
0.1802	0.5600	0.0000	0.0000
0.1812	0.5602	0.0000	0.0000
0.1822	0.5604	0.0000	0.0000
0.1832	0.5606	0.0000	0.0000
0.1842	0.5608	0.0000	0.0000
0.1852	0.5610	0.0000	0.0000
0.1862	0.5612	0.0000	0.0000
0.1872	0.5614	0.0000	0.0000
0.1882	0.5616	0.0000	0.0000
0.1892	0.5618	0.0000	0.0000
0.1902	0.5620	0.0000	0.0000
0.1912	0.5622	0.0000	0.0000
0.1922	0.5624	0.0000	0.0000
0.1932	0.5626	0.0000	0.0000
0.1942	0.5628	0.0000	0.0000
0.1952	0.5630	0.0000	0.0000
0.1962	0.5632	0.0000	0.0000
0.1972	0.5634	0.0000	0.0000
0.1982	0.5636	0.0000	0.0000
0.1992	0.5638	0.0000	0.0000
0.2002	0.5640	0.0000	0.0000
0.2012	0.5642	0.0000	0.0000
0.2022	0.5644	0.0000	0.0000
0.2032	0.5646	0.0000	0.0000
0.2042	0.5648	0.0000	0.0000
0.2052	0.5650	0.0000	0.0000
0.2062	0.5652	0.0000	0.0000
0.2072	0.5654	0.0000	0.0000
0.2082	0.5656	0.0000	0.0000
0.2092	0.5658	0.0000	0.0000
0.2102	0.5660	0.0000	0.0000
0.2112	0.5662	0.0000	0.0000
0.2122	0.5664	0.0000	0.0000
0.2132	0.5666	0.0000	0.0000
0.2142	0.5668	0.0000	0.0000
0.2152	0.5670	0.0000	0.0000
0.2162	0.5673	0.0000	0.0000
0.2172	0.5675	0.0000	0.0000
0.2182	0.5677	0.0000	0.0000
0.2192	0.5679	0.0000	0.0000
0.2202	0.5681	0.0000	0.0000
0.2212	0.5683	0.0000	0.0000
0.2222	0.5685	0.0000	0.0000
0.2232	0.5687	0.0000	0.0000
0.2242	0.5689	0.0000	0.0000
0.2252	0.5692	0.0000	0.0000
0.2262	0.5694	0.0000	0.0000
0.2272	0.5696	0.0000	0.0000
0.2282	0.5698	0.0000	0.0000
0.2292	0.5700	0.0000	0.0000
0.2302	0.5702	0.0000	0.0000
0.2312	0.5704	0.0000	0.0000
0.2322	0.5707	0.0000	0.0000
0.2332	0.5709	0.0000	0.0000
0.2342	0.5711	0.0000	0.0000
0.2352	0.5713	0.0000	0.0000
0.2362	0.5715	0.0000	0.0000
0.2372	0.5717	0.0000	0.0000
0.2382	0.5720	0.0000	0.0000
0.2392	0.5722	0.0000	0.0000
0.2402	0.5724	0.0000	0.0000
0.2412	0.5726	0.0000	0.0000
0.2422	0.5728	0.0000	0.0000
0.2432	0.5731	0.0000	0.0000
0.2442	0.5733	0.0000	0.0000
0.2452	0.5735	0.0000	0.0000
0.2462	0.5737	0.0000	0.0000
0.2472	0.5739	0.0000	0.0000
0.2482	0.5742	0.0000	0.0000
0.2492	0.5744	0.0000	0.0000
0.2503	0.5746	0.0000	0.0000
0.2513	0.5748	0.0000	0.0000
0.2523	0.5751	0.0000	0.0000
0.2533	0.5753	0.0000	0.0000
0.2543	0.5755	0.0000	0.0000
0.2553	0.5757	0.0000	0.0000
0.2563	0.5760	0.0000	0.0000
0.2573	0.5762	0.0000	0.0000
0.2583	0.5764	0.0000	0.0000
0.2593	0.5767	0.0000	0.0000
0.2603	0.5769	0.0000	0.0000
0.2613	0.5771	0.0000	0.0000
0.2623	0.5773	0.0000	0.0000
0.2633	0.5776	0.0000	0.0000
0.2643	0.5778	0.0000	0.0000
0.2653	0.5780	0.0000	0.0000
0.2663	0.5783	0.0000	0.0000
0.2673	0.5785	0.0000	0.0000
0.2683	0.5787	0.0000	0.0000
0.2693	0.5790	0.0000	0.0000
0.2703	0.5792	0.0000	0.0000
0.2713	0.5794	0.0000	0.0000
0.2723	0.5797	0.0000	0.0000
0.2733	0.5799	0.0000	0.0000
0.2743	0.5801	0.0000	0.0000
0.2753	0.5804	0.0000	0.0000
0.2763	0.5806	0.0000	0.0000
0.2773	0.5808	0.0000	0.0000
0.2783	0.5811	0.0000	0.0000
0.2793	0.5813	0.0000	0.0000
0.2803	0.5816	0.0000	0.0000
0.2813	0.5818	0.0000	0.0000
0.2823	0.5820	0.0000	0.0000
0.2833	0.5823	0.0000	0.0000
0.2843	0.5825	0.0000	0.0000
0.2853	0.5828	0.0000	0.0000
0.2863	0.5830	0.0000	0.0000
0.2873	0.5832	0.0000	0.0000
0.2883	0.5835	0.0000	0.0000
0.2893	0.5837	0.0000	0.0000
0.2903	0.5840	0.0000	0.0000
0.2913	0.5842	0.0000	0.0000
0.2923	0.5844	0.0000	0.0000
0.2933	0.5847	0.0000	0.0000
0.2943	0.5849	0.0000	0.0000
0.2953	0.5852	0.0000	0.0000
0.2963	0.5854	0.0000	0.0000
0.2973	0.5857	0.0000	0.0000
0.2983	0.5859	0.0000	0.0000
0.2993	0.5862	0.0000	0.0000
0.3003	0.5864	0.0000	0.0000
0.3013	0.5867	0.0000	0.0000
0.3023	0.5869	0.0000	0.0000
0.3033	0.5872	0.0000	0.0000
0.3043	0.5874	0.0000	0.0000
0.3053	0.5877	0.0000	0.0000
0.3063	0.5879	0.0000	0.0000
0.3073	0.5882	0.0000	0.0000
0.3083	0.5884	0.0000	0.0000
0.3093	0.5887	0.0000	0.0000
0.3103	0.5889	0.0000	0.0000
0.3113	0.5892	0.0000	0.0000
0.3123	0.5894	0.0000	0.0000
0.3133	0.5897	0.0000	0.0000
0.3143	0.5899	0.0000	0.0000
0.3153	0.5902	0.0000	0.0000
0.3163	0.5904	0.0000	0.0000
0.3173	0.5907	0.0000	0.0000
0.3183	0.5909	0.0000	0.0000
0.3193	0.5912	0.0000	0.0000
0.3203	0.5914	0.0000	0.0000
0.3213	0.5917	0.0000	0.0000
0.3223	0.5920	0.0000	0.0000
0.3233	0.5922	0.0000	0.0000
0.3243	0.5925	0.0000	0.0000
0.3253	0.5927	0.0000	0.0000
0.3263	0.5930	0.0000	0.0000
0.3273	0.5933	0.0000	0.0000
0.3283	0.5935	0.0000	0.0000
0.3293	0.5938	0.0000	0.0000
0.3303	0.5940	0.0000	0.0000
0.3313	0.5943	0.0000	0.0000
0.3323	0.5946	0.0000	0.0000
0.3333	0.5948	0.0000	0.0000
0.3343	0.5951	0.0000	0.0000
0.3353	0.5953	0.0000	0.0000
0.3363	0.5956	0.0000	0.0000
0.3373	0.5959	0.0000	0.0000
0.3383	0.5961	0.0000	0.0000
0.3393	0.5964	0.0000	0.0000
0.3403	0.5967	0.0000	0.0000
0.3413	0.5969	0.0000	0.0000
0.3423	0.5972	0.0000	0.0000
0.3433	0.5975	0.0000	0.0000
0.3443	0.5977	0.0000	0.0000
0.3453	0.5980	0.0000	0.0000
0.3463	0.5983	0.0000	0.0000
0.3473	0.5985	0.0000	0.0000
0.3483	0.5988	0.0000	0.0000
0.3493	0.5991	0.0000	0.0000
0.3504	0.5993	0.0000	0.0000
0.3514	0.5996	0.0000	0.0000
0.3524	0.5999	0.0000	0.0000
0.3534	0.6001	0.0000	0.0000
0.3544	0.6004	0.0000	0.0000
0.3554	0.6007	0.0000	0.0000
0.3564	0.6010	0.0000	0.0000
0.3574	0.6012	0.0000	0.0000
0.3584	0.6015	0.0000	0.0000
0.3594	0.6018	0.0000	0.0000
0.3604	0.6020	0.0000	0.0000
0.3614	0.6023	0.0000	0.0000
0.3624	0.6026	0.0000	0.0000
0.3634	0.6029	0.0000	0.0000
0.3644	0.6031	0.0000	0.0000
0.3654	0.6034	0.0000	0.0000
0.3664	0.6037	0.0000	0.0000
0.3674	0.6040	0.0000	0.0000
0.3684	0.6042	0.0000	0.0000
0.3694	0.6045	0.0000	0.0000
0.3704	0.6048	0.0000	0.0000
0.3714	0.6051	0.0000	0.0000
0.3724	0.6053	0.0000	0.0000
0.3734	0.6056	0.0000	0.0000
0.3744	0.6059	0.0000	0.0000
0.3754	0.6062	0.0000	0.0000
0.3764	0.6065	0.0000	0.0000
0.3774	0.6067	0.0000	0.0000
0.3784	0.6070	0.0000	0.0000
0.3794	0.6073	0.0000	0.0000
0.3804	0.6076	0.0000	0.0000
0.3814	0.6079	0.0000	0.0000
0.3824	0.6081	0.0000	0.0000
0.3834	0.6084	0.0000	0.0000
0.3844	0.6087	0.0000	0.0000
0.3854	0.6090	0.0000	0.0000
0.3864	0.6093	0.0000	0.0000
0.3874	0.6096	0.0000	0.0000
0.3884	0.6098	0.0000	0.0000
0.3894	0.6101	0.0000	0.0000
0.3904	0.6104	0.0000	0.0000
0.3914	0.6107	0.0000	0.0000
0.3924	0.6110	0.0000	0.0000
0.3934	0.6113	0.0000	0.0000
0.3944	0.6115	0.0000	0.0000
0.3954	0.6118	0.0000	0.0000
0.3964	0.6121	0.0000	0.0000
0.3974	0.6124	0.0000	0.0000
0.3984	0.6127	0.0000	0.0000
0.3994	0.6130	0.0000	0.0000
0.4004	0.6133	0.0000	0.0000
0.4014	0.6135	0.0000	0.0000
0.4024	0.6138	0.0000	0.0000
0.4034	0.6141	0.0000	0.0000
0.4044	0.6144	0.0000	0.0000
0.4054	0.6147	0.0000	0.0000
0.4064	0.6150	0.0000	0.0000
0.4074	0.6153	0.0000	0.0000
0.4084	0.6156	0.0000	0.0000
0.4094	0.6159	0.0000	0.0000
0.4104	0.6161	0.0000	0.0000
0.4114	0.6164	0.0000	0.0000
0.4124	0.6167	0.0000	0.0000
0.4134	0.6170	0.0000	0.0000
0.4144	0.6173	0.0000	0.0000
0.4154	0.6176	0.0000	0.0000
0.4164	0.6179	0.0000	0.0000
0.4174	0.6182	0.0000	0.0000
0.4184	0.6185	0.0000	0.0000
0.4194	0.6188	0.0000	0.0000
0.4204	0.6191	0.0000	0.0000
0.4214	0.6194	0.0000	0.0000
0.4224	0.6196	0.0000	0.0000
0.4234	0.6199	0.0000	0.0000
0.4244	0.6202	0.0000	0.0000
0.4254	0.6205	0.0000	0.0000
0.4264	0.6208	0.0000	0.0000
0.4274	0.6211	0.0000	0.0000
0.4284	0.6214	0.0000	0.0000
0.4294	0.6217	0.0000	0.0000
0.4304	0.6220	0.0000	0.0000
0.4314	0.6223	0.0000	0.0000
0.4324	0.6226	0.0000	0.0000
0.4334	0.6229	0.0000	0.0000
0.4344	0.6232	0.0000	0.0000
0.4354	0.6235	0.0000	0.0000
0.4364	0.6238	0.0000	0.0000
0.4374	0.6241	0.0000	0.0000
0.4384	0.6244	0.0000	0.0000
0.4394	0.6247	0.0000	0.0000
0.4404	0.6250	0.0000	0.0000
0.4414	0.6252	0.0000	0.0000
0.4424	0.6255	0.0000	0.0000
0.4434	0.6258	0.0000	0.0000
0.4444	0.6261	0.0000	0.0000
0.4454	0.6264	0.0000	0.0000
0.4464	0.6267	0.0000	0.0000
0.4474	0.6270	0.0000	0.0000
0.4484	0.6273	0.0000	0.0000
0.4494	0.6276	0.0000	0.0000
0.4505	0.6279	0.0000	0.0000
0.4515	0.6282	0.0000	0.0000
0.4525	0.6285	0.0000	0.0000
0.4535	0.6288	0.0000	0.0000
0.4545	0.6291	0.0000	0.0000
0.4555	0.6294	0.0000	0.0000
0.4565	0.6297	0.0000	0.0000
0.4575	0.6300	0.0000	0.0000
0.4585	0.6303	0.0000	0.0000
0.4595	0.6306	0.0000	0.0000
0.4605	0.6309	0.0000	0.0000
0.4615	0.6312	0.0000	0.0000
0.4625	0.6315	0.0000	0.0000
0.4635	0.6318	0.0000	0.0000
0.4645	0.6321	0.0000	0.0000
0.4655	0.6324	0.0000	0.0000
0.4665	0.6327	0.0000	0.0000
0.4675	0.6330	0.0000	0.0000
0.4685	0.6333	0.0000	0.0000
0.4695	0.6336	0.0000	0.0000
0.4705	0.6339	0.0000	0.0000
0.4715	0.6342	0.0000	0.0000
0.4725	0.6345	0.0000	0.0000
0.4735	0.6348	0.0000	0.0000
0.4745	0.6351	0.0000	0.0000
0.4755	0.6354	0.0000	0.0000
0.4765	0.6357	0.0000	0.0000
0.4775	0.6360	0.0000	0.0000
0.4785	0.6363	0.0000	0.0000
0.4795	0.6366	0.0000	0.0000
0.4805	0.6369	0.0000	0.0000
0.4815	0.6371	0.0000	0.0000
0.4825	0.6374	0.0000	0.0000
0.4835	0.6377	0.0000	0.0000
0.4845	0.6380	0.0000	0.0000
0.4855	0.6383	0.0000	0.0000
0.4865	0.6386	0.0000	0.0000
0.4875	0.6389	0.0000	0.0000
0.4885	0.6392	0.0000	0.0000
0.4895	0.6395	0.0000	0.0000
0.4905	0.6398	0.0000	0.0000
0.4915	0.6401	0.0000	0.0000
0.4925	0.6404	0.0000	0.0000
0.4935	0.6407	0.0000	0.0000
0.4945	0.6410	0.0000	0.0000
0.4955	0.6413	0.0000	0.0000
0.4965	0.6416	0.0000	0.0000
0.4975	0.6419	0.0000	0.0000
0.4985	0.6422	0.0000	0.0000
0.4995	0.6425	0.0000	0.0000
0.5005	0.6425	0.0000	0.0000
0.5015	0.6422	0.0000	0.0000
0.5025	0.6419	0.0000	0.0000
0.5035	0.6417	0.0000	0.0000
0.5045	0.6414	0.0000	0.0000
0.5055	0.6412	0.0000	0.0000
0.5065	0.6410	0.0000	0.0000
0.5075	0.6407	0.0000	0.0000
0.5085	0.6405	0.0000	0.0000
0.5095	0.6403	0.0000	0.0000
0.5105	0.6401	0.0000	0.0000
0.5115	0.6399	0.0000	0.0000
0.5125	0.6397	0.0000	0.0000
0.5135	0.6395	0.0000	0.0000
0.5145	0.6394	0.0000	0.0000
0.5155	0.6392	0.0000	0.0000
0.5165	0.6390	0.0000	0.0000
0.5175	0.6389	0.0000	0.0000
0.5185	0.6387	0.0000	0.0000
0.5195	0.6386	0.0000	0.0000
0.5205	0.6385	0.0000	0.0000
0.5215	0.6383	0.0000	0.0000
0.5225	0.6382	0.0000	0.0000
0.5235	0.6381	0.0000	0.0000
0.5245	0.6380	0.0000	0.0000
0.5255	0.6379	0.0000	0.0000
0.5265	0.6378	0.0000	0.0000
0.5275	0.6377	0.0000	0.0000
0.5285	0.6376	0.0000	0.0000
0.5295	0.6375	0.0000	0.0000
0.5305	0.6375	0.0000	0.0000
0.5315	0.6374	0.0000	0.0000
0.5325	0.6373	0.0000	0.0000
0.5335	0.6373	0.0000	0.0000
0.5345	0.6373	0.0000	0.0000
0.5355	0.6372	0.0000	0.0000
0.5365	0.6372	0.0000	0.0000
0.5375	0.6371	0.0000	0.0000
0.5385	0.6371	0.0000	0.0000
0.5395	0.6371	0.0000	0.0000
0.5405	0.6371	0.0000	0.0000
0.5415	0.6371	0.0000	0.0000
0.5425	0.6371	0.0000	0.0000
0.5435	0.6371	0.0000	0.0000
0.5445	0.6371	0.0000	0.0000
0.5455	0.6371	0.0000	0.0000
0.5465	0.6372	0.0000	0.0000
0.5475	0.6372	0.0000	0.0000
0.5485	0.6372	0.0000	0.0000
0.5495	0.6373	0.0000	0.0000
0.5506	0.6373	0.0000	0.0000
0.5516	0.6374	0.0000	0.0000
0.5526	0.6374	0.0000	0.0000
0.5536	0.6375	0.0000	0.0000
0.5546	0.6375	0.0000	0.0000
0.5556	0.6376	0.0000	0.0000
0.5566	0.6377	0.0000	0.0000
0.5576	0.6378	0.0000	0.0000
0.5586	0.6379	0.0000	0.0000
0.5596	0.6380	0.0000	0.0000
0.5606	0.6381	0.0000	0.0000
0.5616	0.6382	0.0000	0.0000
0.5626	0.6383	0.0000	0.0000
0.5636	0.6384	0.0000	0.0000
0.5646	0.6385	0.0000	0.0000
0.5656	0.6386	0.0000	0.0000
0.5666	0.6388	0.0000	0.0000
0.5676	0.6389	0.0000	0.0000
0.5686	0.6390	0.0000	0.0000
0.5696	0.6392	0.0000	0.0000
0.5706	0.6393	0.0000	0.0000
0.5716	0.6395	0.0000	0.0000
0.5726	0.6396	0.0000	0.0000
0.5736	0.6398	0.0000	0.0000
0.5746	0.6400	0.0000	0.0000
0.5756	0.6401	0.0000	0.0000
0.5766	0.6403	0.0000	0.0000
0.5776	0.6405	0.0000	0.0000
0.5786	0.6407	0.0000	0.0000
0.5796	0.6408	0.0000	0.0000
0.5806	0.6410	0.0000	0.0000
0.5816	0.6412	0.0000	0.0000
0.5826	0.6414	0.0000	0.0000
0.5836	0.6416	0.0000	0.0000
0.5846	0.6419	0.0000	0.0000
0.5856	0.6421	0.0000	0.0000
0.5866	0.6423	0.0000	0.0000
0.5876	0.6425	0.0000	0.0000
0.5886	0.6427	0.0000	0.0000
0.5896	0.6430	0.0000	0.0000
0.5906	0.6432	0.0000	0.0000
0.5916	0.6434	0.0000	0.0000
0.5926	0.6437	0.0000	0.0000
0.5936	0.6439	0.0000	0.0000
0.5946	0.6442	0.0000	0.0000
0.5956	0.6444	0.0000	0.0000
0.5966	0.6447	0.0000	0.0000
0.5976	0.6450	0.0000	0.0000
0.5986	0.6452	0.0000	0.0000
0.5996	0.6455	0.0000	0.0000
0.6006	0.6458	0.0000	0.0000
0.6016	0.6460	0.0000	0.0000
0.6026	0.6463	0.0000	0.0000
0.6036	0.6466	0.0000	0.0000
0.6046	0.6469	0.0000	0.0000
0.6056	0.6472	0.0000	0.0000
0.6066	0.6475	0.0000	0.0000
0.6076	0.6478	0.0000	0.0000
0.6086	0.6481	0.0000	0.0000
0.6096	0.6484	0.0000	0.0000
0.6106	0.6487	0.0000	0.0000
0.6116	0.6490	0.0000	0.0000
0.6126	0.6493	0.0000	0.0000
0.6136	0.6497	0.0000	0.0000
0.6146	0.6500	0.0000	0.0000
0.6156	0.6503	0.0000	0.0000
0.6166	0.6506	0.0000	0.0000
0.6176	0.6510	0.0000	0.0000
0.6186	0.6513	0.0000	0.0000
0.6196	0.6517	0.0000	0.0000
0.6206	0.6520	0.0000	0.0000
0.6216	0.6524	0.0000	0.0000
0.6226	0.6527	0.0000	0.0000
0.6236	0.6531	0.0000	0.0000
0.6246	0.6534	0.0000	0.0000
0.6256	0.6538	0.0000	0.0000
0.6266	0.6541	0.0000	0.0000
0.6276	0.6545	0.0000	0.0000
0.6286	0.6549	0.0000	0.0000
0.6296	0.6552	0.0000	0.0000
0.6306	0.6556	0.0000	0.0000
0.6316	0.6560	0.0000	0.0000
0.6326	0.6564	0.0000	0.0000
0.6336	0.6568	0.0000	0.0000
0.6346	0.6572	0.0000	0.0000
0.6356	0.6575	0.0000	0.0000
0.6366	0.6579	0.0000	0.0000
0.6376	0.6583	0.0000	0.0000
0.6386	0.6587	0.0000	0.0000
0.6396	0.6591	0.0000	0.0000
0.6406	0.6595	0.0000	0.0000
0.6416	0.6600	0.0000	0.0000
0.6426	0.6604	0.0000	0.0000
0.6436	0.6608	0.0000	0.0000
0.6446	0.6612	0.0000	0.0000
0.6456	0.6616	0.0000	0.0000
0.6466	0.6620	0.0000	0.0000
0.6476	0.6625	0.0000	0.0000
0.6486	0.6629	0.0000	0.0000
0.6496	0.6633	0.0000	0.0000
0.6507	0.6637	0.0000	0.0000
0.6517	0.6642	0.0000	0.0000
0.6527	0.6646	0.0000	0.0000
0.6537	0.6651	0.0000	0.0000
0.6547	0.6655	0.0000	0.0000
0.6557	0.6659	0.0000	0.0000
0.6567	0.6664	0.0000	0.0000
0.6577	0.6668	0.0000	0.0000
0.6587	0.6673	0.0000	0.0000
0.6597	0.6678	0.0000	0.0000
0.6607	0.6682	0.0000	0.0000
0.6617	0.6687	0.0000	0.0000
0.6627	0.6691	0.0000	0.0000
0.6637	0.6696	0.0000	0.0000
0.6647	0.6701	0.0000	0.0000
0.6657	0.6705	0.0000	0.0000
0.6667	0.6710	0.0000	0.0000
0.6677	0.6715	0.0000	0.0000
0.6687	0.6719	0.0000	0.0000
0.6697	0.6724	0.0000	0.0000
0.6707	0.6729	0.0000	0.0000
0.6717	0.6734	0.0000	0.0000
0.6727	0.6739	0.0000	0.0000
0.6737	0.6744	0.0000	0.0000
0.6747	0.6748	0.0000	0.0000
0.6757	0.6753	0.0000	0.0000
0.6767	0.6758	0.0000	0.0000
0.6777	0.6763	0.0000	0.0000
0.6787	0.6768	0.0000	0.0000
0.6797	0.6773	0.0000	0.0000
0.6807	0.6778	0.0000	0.0000
0.6817	0.6783	0.0000	0.0000
0.6827	0.6788	0.0000	0.0000
0.6837	0.6793	0.0000	0.0000
0.6847	0.6798	0.0000	0.0000
0.6857	0.6804	0.0000	0.0000
0.6867	0.6809	0.0000	0.0000
0.6877	0.6814	0.0000	0.0000
0.6887	0.6819	0.0000	0.0000
0.6897	0.6824	0.0000	0.0000
0.6907	0.6829	0.0000	0.0000
0.6917	0.6835	0.0000	0.0000
0.6927	0.6840	0.0000	0.0000
0.6937	0.6845	0.0000	0.0000
0.6947	0.6850	0.0000	0.0000
0.6957	0.6856	0.0000	0.0000
0.6967	0.6861	0.0000	0.0000
0.6977	0.6866	0.0000	0.0000
0.6987	0.6872	0.0000	0.0000
0.6997	0.6877	0.0000	0.0000
0.7007	0.6882	0.0000	0.0000
0.7017	0.6888	0.0000	0.0000
0.7027	0.6893	0.0000	0.0000
0.7037	0.6899	0.0000	0.0000
0.7047	0.6904	0.0000	0.0000
0.7057	0.6909	0.0000	0.0000
0.7067	0.6915	0.0000	0.0000
0.7077	0.6920	0.0000	0.0000
0.7087	0.6926	0.0000	0.0000
0.7097	0.6931	0.0000	0.0000
0.7107	0.6937	0.0000	0.0000
0.7117	0.6942	0.0000	0.0000
0.7127	0.6948	0.0000	0.0000
0.7137	0.6954	0.0000	0.0000
0.7147	0.6959	0.0000	0.0000
0.7157	0.6965	0.0000	0.0000
0.7167	0.6970	0.0000	0.0000
0.7177	0.6976	0.0000	0.0000
0.7187	0.6982	0.0000	0.0000
0.7197	0.6987	0.0000	0.0000
0.7207	0.6993	0.0000	0.0000
0.7217	0.6999	0.0000	0.0000
0.7227	0.7004	0.0000	0.0000
0.7237	0.7010	0.0000	0.0000
0.7247	0.7016	0.0000	0.0000
0.7257	0.7022	0.0000	0.0000
0.7267	0.7027	0.0000	0.0000
0.7277	0.7033	0.0000	0.0000
0.7287	0.7039	0.0000	0.0000
0.7297	0.7045	0.0000	0.0000
0.7307	0.7051	0.0000	0.0000
0.7317	0.7056	0.0000	0.0000
0.7327	0.7062	0.0000	0.0000
0.7337	0.7068	0.0000	0.0000
0.7347	0.7074	0.0000	0.0000
0.7357	0.7080	0.0000	0.0000
0.7367	0.7086	0.0000	0.0000
0.7377	0.7091	0.0000	0.0000
0.7387	0.7097	0.0000	0.0000
0.7397	0.7103	0.0000	0.0000
0.7407	0.7109	0.0000	0.0000
0.7417	0.7115	0.0000	0.0000
0.7427	0.7121	0.0000	0.0000
0.7437	0.7127	0.0000	0.0000
0.7447	0.7133	0.0000	0.0000
0.7457	0.7139	0.0000	0.0000
0.7467	0.7145	0.0000	0.0000
0.7477	0.7151	0.0000	0.0000
0.7487	0.7157	0.0000	0.0000
0.7497	0.7163	0.0000	0.0000
0.7508	0.7169	0.0000	0.0000
0.7518	0.7175	0.0000	0.0000
0.7528	0.7181	0.0000	0.0000
0.7538	0.7187	0.0000	0.0000
0.7548	0.7193	0.0000	0.0000
0.7558	0.7199	0.0000	0.0000
0.7568	0.7205	0.0000	0.0000
0.7578	0.7211	0.0000	0.0000
0.7588	0.7217	0.0000	0.0000
0.7598	0.7223	0.0000	0.0000
0.7608	0.7230	0.0000	0.0000
0.7618	0.7236	0.0000	0.0000
0.7628	0.7242	0.0000	0.0000
0.7638	0.7248	0.0000	0.0000
0.7648	0.7254	0.0000	0.0000
0.7658	0.7260	0.0000	0.0000
0.7668	0.7266	0.0000	0.0000
0.7678	0.7272	0.0000	0.0000
0.7688	0.7279	0.0000	0.0000
0.7698	0.7285	0.0000	0.0000
0.7708	0.7291	0.0000	0.0000
0.7718	0.7297	0.0000	0.0000
0.7728	0.7303	0.0000	0.0000
0.7738	0.7310	0.0000	0.0000
0.7748	0.7316	0.0000	0.0000
0.7758	0.7322	0.0000	0.0000
0.7768	0.7328	0.0000	0.0000
0.7778	0.7334	0.0000	0.0000
0.7788	0.7341	0.0000	0.0000
0.7798	0.7347	0.0000	0.0000
0.7808	0.7353	0.0000	0.0000
0.7818	0.7359	0.0000	0.0000
0.7828	0.7366	0.0000	0.0000
0.7838	0.7372	0.0000	0.0000
0.7848	0.7378	0.0000	0.0000
0.7858	0.7384	0.0000	0.0000
0.7868	0.7391	0.0000	0.0000
0.7878	0.7397	0.0000	0.0000
0.7888	0.7403	0.0000	0.0000
0.7898	0.7409	0.0000	0.0000
0.7908	0.7416	0.0000	0.0000
0.7918	0.7422	0.0000	0.0000
0.7928	0.7428	0.0000	0.0000
0.7938	0.7435	0.0000	0.0000
0.7948	0.7441	0.0000	0.0000
0.7958	0.7447	0.0000	0.0000
0.7968	0.7453	0.0000	0.0000
0.7978	0.7460	0.0000	0.0000
0.7988	0.7466	0.0000	0.0000
0.7998	0.7472	0.0000	0.0000
0.8008	0.7479	0.0000	0.0000
0.8018	0.7485	0.0000	0.0000
0.8028	0.7491	0.0000	0.0000
0.8038	0.7498	0.0000	0.0000
0.8048	0.7504	0.0000	0.0000
0.8058	0.7510	0.0000	0.0000
0.8068	0.7517	0.0000	0.0000
0.8078	0.7523	0.0000	0.0000
0.8088	0.7529	0.0000	0.0000
0.8098	0.7536	0.0000	0.0000
0.8108	0.7542	0.0000	0.0000
0.8118	0.7548	0.0000	0.0000
0.8128	0.7555	0.0000	0.0000
0.8138	0.7561	0.0000	0.0000
0.8148	0.7568	0.0000	0.0000
0.8158	0.7574	0.0000	0.0000
0.8168	0.7580	0.0000	0.0000
0.8178	0.7587	0.0000	0.0000
0.8188	0.7593	0.0000	0.0000
0.8198	0.7599	0.0000	0.0000
0.8208	0.7606	0.0000	0.0000
0.8218	0.7612	0.0000	0.0000
0.8228	0.7618	0.0000	0.0000
0.8238	0.7625	0.0000	0.0000
0.8248	0.7631	0.0000	0.0000
0.8258	0.7638	0.0000	0.0000
0.8268	0.7644	0.0000	0.0000
0.8278	0.7650	0.0000	0.0000
0.8288	0.7657	0.0000	0.0000
0.8298	0.7663	0.0000	0.0000
0.8308	0.7669	0.0000	0.0000
0.8318	0.7676	0.0000	0.0000
0.8328	0.7682	0.0000	0.0000
0.8338	0.7689	0.0000	0.0000
0.8348	0.7695	0.0000	0.0000
0.8358	0.7701	0.0000	0.0000
0.8368	0.7708	0.0000	0.0000
0.8378	0.7714	0.0000	0.0000
0.8388	0.7720	0.0000	0.0000
0.8398	0.7727	0.0000	0.0000
0.8408	0.7733	0.0000	0.0000
0.8418	0.7740	0.0000	0.0000
0.8428	0.7746	0.0000	0.0000
0.8438	0.7752	0.0000	0.0000
0.8448	0.7759	0.0000	0.0000
0.8458	0.7765	0.0000	0.0000
0.8468	0.7771	0.0000	0.0000
0.8478	0.7778	0.0000	0.0000
0.8488	0.7784	0.0000	0.0000
0.8498	0.7790	0.0000	0.0000
0.8509	0.7797	0.0000	0.0000
0.8519	0.7803	0.0000	0.0000
0.8529	0.7810	0.0000	0.0000
0.8539	0.7816	0.0000	0.0000
0.8549	0.7822	0.0000	0.0000
0.8559	0.7829	0.0000	0.0000
0.8569	0.7835	0.0000	0.0000
0.8579	0.7841	0.0000	0.0000
0.8589	0.7848	0.0000	0.0000
0.8599	0.7854	0.0000	0.0000
0.8609	0.7860	0.0000	0.0000
0.8619	0.7867	0.0000	0.0000
0.8629	0.7873	0.0000	0.0000
0.8639	0.7879	0.0000	0.0000
0.8649	0.7886	0.0000	0.0000
0.8659	0.7892	0.0000	0.0000
0.8669	0.7898	0.0000	0.0000
0.8679	0.7905	0.0000	0.0000
0.8689	0.7911	0.0000	0.0000
0.8699	0.7917	0.0000	0.0000
0.8709	0.7924	0.0000	0.0000
0.8719	0.7930	0.0000	0.0000
0.8729	0.7936	0.0000	0.0000
0.8739	0.7942	0.0000	0.0000
0.8749	0.7949	0.0000	0.0000
0.8759	0.7955	0.0000	0.0000
0.8769	0.7961	0.0000	0.0000
0.8779	0.7968	0.0000	0.0000
0.8789	0.7974	0.0000	0.0000
0.8799	0.7980	0.0000	0.0000
0.8809	0.7986	0.0000	0.0000
0.8819	0.7993	0.0000	0.0000
0.8829	0.7999	0.0000	0.0000
0.8839	0.8005	0.0000	0.0000
0.8849	0.8012	0.0000	0.0000
0.8859	0.8018	0.0000	0.0000
0.8869	0.8024	0.0000	0.0000
0.8879	0.8030	0.0000	0.0000
0.8889	0.8036	0.0000	0.0000
0.8899	0.8043	0.0000	0.0000
0.8909	0.8049	0.0000	0.0000
0.8919	0.8055	0.0000	0.0000
0.8929	0.8061	0.0000	0.0000
0.8939	0.8068	0.0000	0.0000
0.8949	0.8074	0.0000	0.0000
0.8959	0.8080	0.0000	0.0000
0.8969	0.8086	0.0000	0.0000
0.8979	0.8092	0.0000	0.0000
0.8989	0.8099	0.0000	0.0000
0.8999	0.8105	0.0000	0.0000
0.9009	0.8111	0.0000	0.0000
0.9019	0.8117	0.0000	0.0000
0.9029	0.8123	0.0000	0.0000
0.9039	0.8129	0.0000	0.0000
0.9049	0.8136	0.0000	0.0000
0.9059	0.8142	0.0000	0.0000
0.9069	0.8148	0.0000	0.0000
0.9079	0.8154	0.0000	0.0000
0.9089	0.8160	0.0000	0.0000
0.9099	0.8166	0.0000	0.0000
0.9109	0.8172	0.0000	0.0000
0.9119	0.8178	0.0000	0.0000
0.9129	0.8185	0.0000	0.0000
0.9139	0.8191	0.0000	0.0000
0.9149	0.8197	0.0000	0.0000
0.9159	0.8203	0.0000	0.0000
0.9169	0.8209	0.0000	0.0000
0.9179	0.8215	0.0000	0.0000
0.9189	0.8221	0.0000	0.0000
0.9199	0.8227	0.0000	0.0000
0.9209	0.8233	0.0000	0.0000
0.9219	0.8239	0.0000	0.0000
0.9229	0.8245	0.0000	0.0000
0.9239	0.8251	0.0000	0.0000
0.9249	0.8257	0.0000	0.0000
0.9259	0.8263	0.0000	0.0000
0.9269	0.8269	0.0000	0.0000
0.9279	0.8275	0.0000	0.0000
0.9289	0.8281	0.0000	0.0000
0.9299	0.8287	0.0000	0.0000
0.9309	0.8293	0.0000	0.0000
0.9319	0.8299	0.0000	0.0000
0.9329	0.8305	0.0000	0.0000
0.9339	0.8311	0.0000	0.0000
0.9349	0.8317	0.0000	0.0000
0.9359	0.8323	0.0000	0.0000
0.9369	0.8329	0.0000	0.0000
0.9379	0.8335	0.0000	0.0000
0.9389	0.8341	0.0000	0.0000
0.9399	0.8347	0.0000	0.0000
0.9409	0.8353	0.0000	0.0000
0.9419	0.8358	0.0000	0.0000
0.9429	0.8364	0.0000	0.0000
0.9439	0.8370	0.0000	0.0000
0.9449	0.8376	0.0000	0.0000
0.9459	0.8382	0.0000	0.0000
0.9469	0.8388	0.0000	0.0000
0.9479	0.8394	0.0000	0.0000
0.9489	0.8399	0.0000	0.0000
0.9499	0.8405	0.0000	0.0000
0.9510	0.8411	0.0000	0.0000
0.9520	0.8417	0.0000	0.0000
0.9530	0.8423	0.0000	0.0000
0.9540	0.8428	0.0000	0.0000
0.9550	0.8434	0.0000	0.0000
0.9560	0.8440	0.0000	0.0000
0.9570	0.8446	0.0000	0.0000
0.9580	0.8451	0.0000	0.0000
0.9590	0.8457	0.0000	0.0000
0.9600	0.8463	0.0000	0.0000
0.9610	0.8469	0.0000	0.0000
0.9620	0.8474	0.0000	0.0000
0.9630	0.8480	0.0000	0.0000
0.9640	0.8486	0.0000	0.0000
0.9650	0.8491	0.0000	0.0000
0.9660	0.8497	0.0000	0.0000
0.9670	0.8503	0.0000	0.0000
0.9680	0.8508	0.0000	0.0000
0.9690	0.8514	0.0000	0.0000
0.9700	0.8520	0.0000	0.0000
0.9710	0.8525	0.0000	0.0000
0.9720	0.8531	0.0000	0.0000
0.9730	0.8536	0.0000	0.0000
0.9740	0.8542	0.0000	0.0000
0.9750	0.8548	0.0000	0.0000
0.9760	0.8553	0.0000	0.0000
0.9770	0.8559	0.0000	0.0000
0.9780	0.8564	0.0000	0.0000
0.9790	0.8570	0.0000	0.0000
0.9800	0.8575	0.0000	0.0000
0.9810	0.8581	0.0000	0.0000
0.9820	0.8586	0.0000	0.0000
0.9830	0.8592	0.0000	0.0000
0.9840	0.8597	0.0000	0.0000
0.9850	0.8603	0.0000	0.0000
0.9860	0.8608	0.0000	0.0000
0.9870	0.8614	0.0000	0.0000
0.9880	0.8619	0.0000	0.0000
0.9890	0.8625	0.0000	0.0000
0.9900	0.8630	0.0000	0.0000
0.9910	0.8636	0.0000	0.0000
0.9920	0.8641	0.0000	0.0000
0.9930	0.8646	0.0000	0.0000
0.9940	0.8652	0.0000	0.0000
0.9950	0.8657	0.0000	0.0000
0.9960	0.8662	0.0000	0.0000
0.9970	0.8668	0.0000	0.0000
0.9980	0.8673	0.0000	0.0000
0.9990	0.8679	0.0000	0.0000
1.0000	0.8684	0.0000	0.0000
0.6757
