0.0000	0.3422	0.0000	0.0000
0.0010	0.3426	0.0000	0.0000
0.0020	0.3429	0.0000	0.0000
0.0030	0.3433	0.0000	0.0000
0.0040	0.3436	0.0000	0.0000
0.0050	0.3440	0.0000	0.0000
0.0060	0.3443	0.0000	0.0000
0.0070	0.3446	0.0000	0.0000
0.0080	0.3450	0.0000	0.0000
0.0090	0.3453	0.0000	0.0000
0.0100	0.3457	0.0000	0.0000
0.0110	0.3460	0.0000	0.0000
0.0120	0.3464	0.0000	0.0000
0.0130	0.3467	0.0000	0.0000
0.0140	0.3471	0.0000	0.0000
0.0150	0.3474	0.0000	0.0000
0.0160	0.3478	0.0000	0.0000
0.0170	0.3481	0.0000	0.0000
0.0180	0.3485	0.0000	0.0000
0.0190	0.3488	0.0000	0.0000
0.0200	0.3492	0.0000	0.0000
0.0210	0.3496	0.0000	0.0000
0.0220	0.3499	0.0000	0.0000
0.0230	0.3503	0.0000	0.0000
0.0240	0.3506	0.0000	0.0000
0.0250	0.3510	0.0000	0.0000
0.0260	0.3513	0.0000	0.0000
0.0270	0.3517	0.0000	0.0000
0.0280	0.3521	0.0000	0.0000
0.0290	0.3524	0.0000	0.0000
0.0300	0.3528	0.0000	0.0000
0.0310	0.3531	0.0000	0.0000
0.0320	0.3535	0.0000	0.0000
0.0330	0.3539	0.0000	0.0000
0.0340	0.3542	0.0000	0.0000
0.0350	0.3546	0.0000	0.0000
0.0360	0.3550	0.0000	0.0000
0.0370	0.3553	0.0000	0.0000
0.0380	0.3557	0.0000	0.0000
0.0390	0.3560	0.0000	0.0000
0.0400	0.3564	0.0000	0.0000
0.0410	0.3568	0.0000	0.0000
0.0420	0.3571	0.0000	0.0000
0.0430	0.3575	0.0000	0.0000
0.0440	0.3579	0.0000	0.0000
0.0450	0.3583	0.0000	0.0000
0.0460	0.3586	0.0000	0.0000
0.0470	0.3590	0.0000	0.0000
0.0480	0.3594	0.0000	0.0000
0.0490	0.3597	0.0000	0.0000
0.0501	0.3601	0.0000	0.0000
0.0511	0.3605	0.0000	0.0000
0.0521	0.3608	0.0000	0.0000
0.0531	0.3612	0.0000	0.0000
0.0541	0.3616	0.0000	0.0000
0.0551	0.3620	0.0000	0.0000
0.0561	0.3623	0.0000	0.0000
0.0571	0.3627	0.0000	0.0000
0.0581	0.3631	0.0000	0.0000
0.0591	0.3635	0.0000	0.0000
0.0601	0.3638	0.0000	0.0000
0.0611	0.3642	0.0000	0.0000
0.0621	0.3646	0.0000	0.0000
0.0631	0.3650	0.0000	0.0000
0.0641	0.3654	0.0000	0.0000
0.0651	0.3657	0.0000	0.0000
0.0661	0.3661	0.0000	0.0000
0.0671	0.3665	0.0000	0.0000
0.0681	0.3669	0.0000	0.0000
0.0691	0.3672	0.0000	0.0000
0.0701	0.3676	0.0000	0.0000
0.0711	0.3680	0.0000	0.0000
0.0721	0.3684	0.0000	0.0000
0.0731	0.3688	0.0000	0.0000
0.0741	0.3692	0.0000	0.0000
0.0751	0.3695	0.0000	0.0000
0.0761	0.3699	0.0000	0.0000
0.0771	0.3703	0.0000	0.0000
0.0781	0.3707	0.0000	0.0000
0.0791	0.3711	0.0000	0.0000
0.0801	0.3715	0.0000	0.0000
0.0811	0.3718	0.0000	0.0000
0.0821	0.3722	0.0000	0.0000
0.0831	0.3726	0.0000	0.0000
0.0841	0.3730	0.0000	0.0000
0.0851	0.3734	0.0000	0.0000
0.0861	0.3738	0.0000	0.0000
0.0871	0.3742	0.0000	0.0000
0.0881	0.3746	0.0000	0.0000
0.0891	0.3749	0.0000	0.0000
0.0901	0.3753	0.0000	0.0000
0.0911	0.3757	0.0000	0.0000
0.0921	0.3761	0.0000	0.0000
0.0931	0.3765	0.0000	0.0000
0.0941	0.3769	0.0000	0.0000
0.0951	0.3773	0.0000	0.0000
0.0961	0.3777	0.0000	0.0000
0.0971	0.3781	0.0000	0.0000
0.0981	0.3785	0.0000	0.0000
0.0991	0.3788	0.0000	0.0000
0.1001	0.3792	0.0000	0.0000
0.1011	0.3796	0.0000	0.0000
0.1021	0.3800	0.0000	0.0000
0.1031	0.3804	0.0000	0.0000
0.1041	0.3808	0.0000	0.0000
0.1051	0.3812	0.0000	0.0000
0.1061	0.3816	0.0000	0.0000
0.1071	0.3820	0.0000	0.0000
0.1081	0.3824	0.0000	0.0000
0.1091	0.3828	0.0000	0.0000
0.1101	0.3832	0.0000	0.0000
0.1111	0.3836	0.0000	0.0000
0.1121	0.3840	0.0000	0.0000
0.1131	0.3844	0.0000	0.0000
0.1141	0.3848	0.0000	0.0000
0.1151	0.3852	0.0000	0.0000
0.1161	0.3856	0.0000	0.0000
0.1171	0.3860	0.0000	0.0000
0.1181	0.3863	0.0000	0.0000
0.1191	0.3867	0.0000	0.0000
0.1201	0.3871	0.0000	0.0000
0.1211	0.3875	0.0000	0.0000
0.1221	0.3879	0.0000	0.0000
0.1231	0.3883	0.0000	0.0000
0.1241	0.3887	0.0000	0.0000
0.1251	0.3891	0.0000	0.0000
0.1261	0.3895	0.0000	0.0000
0.1271	0.3899	0.0000	0.0000
0.1281	0.3903	0.0000	0.0000
0.1291	0.3907	0.0000	0.0000
0.1301	0.3911	0.0000	0.0000
0.1311	0.3915	0.0000	0.0000
0.1321	0.3919	0.0000	0.0000
0.1331	0.3923	0.0000	0.0000
0.1341	0.3927	0.0000	0.0000
0.1351	0.3931	0.0000	0.0000
0.1361	0.3935	0.0000	0.0000
0.1371	0.3939	0.0000	0.0000
0.1381	0.3943	0.0000	0.0000
0.1391	0.3948	0.0000	0.0000
0.1401	0.3952	0.0000	0.0000
0.1411	0.3956	0.0000	0.0000
0.1421	0.3960	0.0000	0.0000
0.1431	0.3964	0.0000	0.0000
0.1441	0.3968	0.0000	0.0000
0.1451	0.3972	0.0000	0.0000
0.1461	0.3976	0.0000	0.0000
0.1471	0.3980	0.0000	0.0000
0.1481	0.3984	0.0000	0.0000
0.1491	0.3988	0.0000	0.0000
0.1502	0.3992	0.0000	0.0000
0.1512	0.3996	0.0000	0.0000
0.1522	0.4000	0.0000	0.0000
0.1532	0.4004	0.0000	0.0000
0.1542	0.4008	0.0000	0.0000
0.1552	0.4012	0.0000	0.0000
0.1562	0.4016	0.0000	0.0000
0.1572	0.4020	0.0000	0.0000
0.1582	0.4024	0.0000	0.0000
0.1592	0.4028	0.0000	0.0000
0.1602	0.4032	0.0000	0.0000
0.1612	0.4036	0.0000	0.0000
0.1622	0.4040	0.0000	0.0000
0.1632	0.4044	0.0000	0.0000
0.1642	0.4049	0.0000	0.0000
0.1652	0.4053	0.0000	0.0000
0.1662	0.4057	0.0000	0.0000
0.1672	0.4061	0.0000	0.0000
0.1682	0.4065	0.0000	0.0000
0.1692	0.4069	0.0000	0.0000
0.1702	0.4073	0.0000	0.0000
0.1712	0.4077	0.0000	0.0000
0.1722	0.4081	0.0000	0.0000
0.1732	0.4085	0.0000	0.0000
0.1742	0.4089	0.0000	0.0000
0.1752	0.4093	0.0000	0.0000
0.1762	0.4097	0.0000	0.0000
0.1772	0.4101	0.0000	0.0000
0.1782	0.4105	0.0000	0.0000
0.1792	0.4109	0.0000	0.0000
0.1802	0.4113	0.0000	0.0000
0.1812	0.4118	0.0000	0.0000
0.1822	0.4122	0.0000	0.0000
0.1832	0.4126	0.0000	0.0000
0.1842	0.4130	0.0000	0.0000
0.1852	0.4134	0.0000	0.0000
0.1862	0.4138	0.0000	0.0000
0.1872	0.4142	0.0000	0.0000
0.1882	0.4146	0.0000	0.0000
0.1892	0.4150	0.0000	0.0000
0.1902	0.4154	0.0000	0.0000
0.1912	0.4158	0.0000	0.0000
0.1922	0.4162	0.0000	0.0000
0.1932	0.4166	0.0000	0.0000
0.1942	0.4170	0.0000	0.0000
0.1952	0.4174	0.0000	0.0000
0.1962	0.4178	0.0000	0.0000
0.1972	0.4182	0.0000	0.0000
0.1982	0.4187	0.0000	0.0000
0.1992	0.4191	0.0000	0.0000
0.2002	0.4195	0.0000	0.0000
0.2012	0.4199	0.0000	0.0000
0.2022	0.4203	0.0000	0.0000
0.2032	0.4207	0.0000	0.0000
0.2042	0.4211	0.0000	0.0000
0.2052	0.4215	0.0000	0.0000
0.2062	0.4219	0.0000	0.0000
0.2072	0.4223	0.0000	0.0000
0.2082	0.4227	0.0000	0.0000
0.2092	0.4231	0.0000	0.0000
0.2102	0.4235	0.0000	0.0000
0.2112	0.4239	0.0000	0.0000
0.2122	0.4243	0.0000	0.0000
0.2132	0.4247	0.0000	0.0000
0.2142	0.4251	0.0000	0.0000
0.2152	0.4255	0.0000	0.0000
0.2162	0.4259	0.0000	0.0000
0.2172	0.4263	0.0000	0.0000
0.2182	0.4267	0.0000	0.0000
0.2192	0.4271	0.0000	0.0000
0.2202	0.4275	0.0000	0.0000
0.2212	0.4279	0.0000	0.0000
0.2222	0.4283	0.0000	0.0000
0.2232	0.4287	0.0000	0.0000
0.2242	0.4291	0.0000	0.0000
0.2252	0.4295	0.0000	0.0000
0.2262	0.4299	0.0000	0.0000
0.2272	0.4303	0.0000	0.0000
0.2282	0.4307	0.0000	0.0000
0.2292	0.4311	0.0000	0.0000
0.2302	0.4315	0.0000	0.0000
0.2312	0.4319	0.0000	0.0000
0.2322	0.4323	0.0000	0.0000
0.2332	0.4327	0.0000	0.0000
0.2342	0.4331	0.0000	0.0000
0.2352	0.4335	0.0000	0.0000
0.2362	0.4339	0.0000	0.0000
0.2372	0.4343	0.0000	0.0000
0.2382	0.4347	0.0000	0.0000
0.2392	0.4351	0.0000	0.0000
0.2402	0.4355	0.0000	0.0000
0.2412	0.4359	0.0000	0.0000
0.2422	0.4363	0.0000	0.0000
0.2432	0.4367	0.0000	0.0000
0.2442	0.4371	0.0000	0.0000
0.2452	0.4375	0.0000	0.0000
0.2462	0.4379	0.0000	0.0000
0.2472	0.4383	0.0000	0.0000
0.2482	0.4387	0.0000	0.0000
0.2492	0.4391	0.0000	0.0000
0.2503	0.4395	0.0000	0.0000
0.2513	0.4399	0.0000	0.0000
0.2523	0.4403	0.0000	0.0000
0.2533	0.4406	0.0000	0.0000
0.2543	0.4410	0.0000	0.0000
0.2553	0.4414	0.0000	0.0000
0.2563	0.4418	0.0000	0.0000
0.2573	0.4422	0.0000	0.0000
0.2583	0.4426	0.0000	0.0000
0.2593	0.4430	0.0000	0.0000
0.2603	0.4434	0.0000	0.0000
0.2613	0.4438	0.0000	0.0000
0.2623	0.4442	0.0000	0.0000
0.2633	0.4445	0.0000	0.0000
0.2643	0.4449	0.0000	0.0000
0.2653	0.4453	0.0000	0.0000
0.2663	0.4457	0.0000	0.0000
0.2673	0.4461	0.0000	0.0000
0.2683	0.4465	0.0000	0.0000
0.2693	0.4469	0.0000	0.0000
0.2703	0.4472	0.0000	0.0000
0.2713	0.4476	0.0000	0.0000
0.2723	0.4480	0.0000	0.0000
0.2733	0.4484	0.0000	0.0000
0.2743	0.4488	0.0000	0.0000
0.2753	0.4491	0.0000	0.0000
0.2763	0.4495	0.0000	0.0000
0.2773	0.4499	0.0000	0.0000
0.2783	0.4503	0.0000	0.0000
0.2793	0.4507	0.0000	0.0000
0.2803	0.4510	0.0000	0.0000
0.2813	0.4514	0.0000	0.0000
0.2823	0.4518	0.0000	0.0000
0.2833	0.4522	0.0000	0.0000
0.2843	0.4526	0.0000	0.0000
0.2853	0.4529	0.0000	0.0000
0.2863	0.4533	0.0000	0.0000
0.2873	0.4537	0.0000	0.0000
0.2883	0.4540	0.0000	0.0000
0.2893	0.4544	0.0000	0.0000
0.2903	0.4548	0.0000	0.0000
0.2913	0.4552	0.0000	0.0000
0.2923	0.4555	0.0000	0.0000
0.2933	0.4559	0.0000	0.0000
0.2943	0.4563	0.0000	0.0000
0.2953	0.4566	0.0000	0.0000
0.2963	0.4570	0.0000	0.0000
0.2973	0.4574	0.0000	0.0000
0.2983	0.4577	0.0000	0.0000
0.2993	0.4581	0.0000	0.0000
0.3003	0.4585	0.0000	0.0000
0.3013	0.4588	0.0000	0.0000
0.3023	0.4592	0.0000	0.0000
0.3033	0.4596	0.0000	0.0000
0.3043	0.4599	0.0000	0.0000
0.3053	0.4603	0.0000	0.0000
0.3063	0.4606	0.0000	0.0000
0.3073	0.4610	0.0000	0.0000
0.3083	0.4614	0.0000	0.0000
0.3093	0.4617	0.0000	0.0000
0.3103	0.4621	0.0000	0.0000
0.3113	0.4624	0.0000	0.0000
0.3123	0.4628	0.0000	0.0000
0.3133	0.4631	0.0000	0.0000
0.3143	0.4635	0.0000	0.0000
0.3153	0.4638	0.0000	0.0000
0.3163	0.4642	0.0000	0.0000
0.3173	0.4645	0.0000	0.0000
0.3183	0.4649	0.0000	0.0000
0.3193	0.4652	0.0000	0.0000
0.3203	0.4656	0.0000	0.0000
0.3213	0.4659	0.0000	0.0000
0.3223	0.4663	0.0000	0.0000
0.3233	0.4666	0.0000	0.0000
0.3243	0.4670	0.0000	0.0000
0.3253	0.4673	0.0000	0.0000
0.3263	0.4676	0.0000	0.0000
0.3273	0.4680	0.0000	0.0000
0.3283	0.4683	0.0000	0.0000
0.3293	0.4687	0.0000	0.0000
0.3303	0.4690	0.0000	0.0000
0.3313	0.4693	0.0000	0.0000
0.3323	0.4697	0.0000	0.0000
0.3333	0.4700	0.0000	0.0000
0.3343	0.4703	0.0000	0.0000
0.3353	0.4707	0.0000	0.0000
0.3363	0.4710	0.0000	0.0000
0.3373	0.4713	0.0000	0.0000
0.3383	0.4717	0.0000	0.0000
0.3393	0.4720	0.0000	0.0000
0.3403	0.4723	0.0000	0.0000
0.3413	0.4726	0.0000	0.0000
0.3423	0.4730	0.0000	0.0000
0.3433	0.4733	0.0000	0.0000
0.3443	0.4736	0.0000	0.0000
0.3453	0.4739	0.0000	0.0000
0.3463	0.4742	0.0000	0.0000
0.3473	0.4746	0.0000	0.0000
0.3483	0.4749	0.0000	0.0000
0.3493	0.4752	0.0000	0.0000
0.3504	0.4755	0.0000	0.0000
0.3514	0.4758	0.0000	0.0000
0.3524	0.4761	0.0000	0.0000
0.3534	0.4764	0.0000	0.0000
0.3544	0.4767	0.0000	0.0000
0.3554	0.4771	0.0000	0.0000
0.3564	0.4774	0.0000	0.0000
0.3574	0.4777	0.0000	0.0000
0.3584	0.4780	0.0000	0.0000
0.3594	0.4783	0.0000	0.0000
0.3604	0.4786	0.0000	0.0000
0.3614	0.4789	0.0000	0.0000
0.3624	0.4792	0.0000	0.0000
0.3634	0.4795	0.0000	0.0000
0.3644	0.4798	0.0000	0.0000
0.3654	0.4801	0.0000	0.0000
0.3664	0.4803	0.0000	0.0000
0.3674	0.4806	0.0000	0.0000
0.3684	0.4809	0.0000	0.0000
0.3694	0.4812	0.0000	0.0000
0.3704	0.4815	0.0000	0.0000
0.3714	0.4818	0.0000	0.0000
0.3724	0.4821	0.0000	0.0000
0.3734	0.4824	0.0000	0.0000
0.3744	0.4826	0.0000	0.0000
0.3754	0.4829	0.0000	0.0000
0.3764	0.4832	0.0000	0.0000
0.3774	0.4835	0.0000	0.0000
0.3784	0.4837	0.0000	0.0000
0.3794	0.4840	0.0000	0.0000
0.3804	0.4843	0.0000	0.0000
0.3814	0.4845	0.0000	0.0000
0.3824	0.4848	0.0000	0.0000
0.3834	0.4851	0.0000	0.0000
0.3844	0.4853	0.0000	0.0000
0.3854	0.4856	0.0000	0.0000
0.3864	0.4859	0.0000	0.0000
0.3874	0.4861	0.0000	0.0000
0.3884	0.4864	0.0000	0.0000
0.3894	0.4866	0.0000	0.0000
0.3904	0.4869	0.0000	0.0000
0.3914	0.4871	0.0000	0.0000
0.3924	0.4874	0.0000	0.0000
0.3934	0.4876	0.0000	0.0000
0.3944	0.4879	0.0000	0.0000
0.3954	0.4881	0.0000	0.0000
0.3964	0.4884	0.0000	0.0000
0.3974	0.4886	0.0000	0.0000
0.3984	0.4889	0.0000	0.0000
0.3994	0.4891	0.0000	0.0000
0.4004	0.4893	0.0000	0.0000
0.4014	0.4896	0.0000	0.0000
0.4024	0.4898	0.0000	0.0000
0.4034	0.4900	0.0000	0.0000
0.4044	0.4902	0.0000	0.0000
0.4054	0.4905	0.0000	0.0000
0.4064	0.4907	0.0000	0.0000
0.4074	0.4909	0.0000	0.0000
0.4084	0.4911	0.0000	0.0000
0.4094	0.4914	0.0000	0.0000
0.4104	0.4916	0.0000	0.0000
0.4114	0.4918	0.0000	0.0000
0.4124	0.4920	0.0000	0.0000
0.4134	0.4922	0.0000	0.0000
0.4144	0.4924	0.0000	0.0000
0.4154	0.4926	0.0000	0.0000
0.4164	0.4928	0.0000	0.0000
0.4174	0.4930	0.0000	0.0000
0.4184	0.4932	0.0000	0.0000
0.4194	0.4934	0.0000	0.0000
0.4204	0.4936	0.0000	0.0000
0.4214	0.4938	0.0000	0.0000
0.4224	0.4940	0.0000	0.0000
0.4234	0.4942	0.0000	0.0000
0.4244	0.4943	0.0000	0.0000
0.4254	0.4945	0.0000	0.0000
0.4264	0.4947	0.0000	0.0000
0.4274	0.4949	0.0000	0.0000
0.4284	0.4951	0.0000	0.0000
0.4294	0.4952	0.0000	0.0000
0.4304	0.4954	0.0000	0.0000
0.4314	0.4956	0.0000	0.0000
0.4324	0.4957	0.0000	0.0000
0.4334	0.4959	0.0000	0.0000
0.4344	0.4960	0.0000	0.0000
0.4354	0.4962	0.0000	0.0000
0.4364	0.4964	0.0000	0.0000
0.4374	0.4965	0.0000	0.0000
0.4384	0.4967	0.0000	0.0000
0.4394	0.4968	0.0000	0.0000
0.4404	0.4969	0.0000	0.0000
0.4414	0.4971	0.0000	0.0000
0.4424	0.4972	0.0000	0.0000
0.4434	0.4974	0.0000	0.0000
0.4444	0.4975	0.0000	0.0000
0.4454	0.4976	0.0000	0.0000
0.4464	0.4978	0.0000	0.0000
0.4474	0.4979	0.0000	0.0000
0.4484	0.4980	0.0000	0.0000
0.4494	0.4981	0.0000	0.0000
0.4505	0.4982	0.0000	0.0000
0.4515	0.4983	0.0000	0.0000
0.4525	0.4985	0.0000	0.0000
0.4535	0.4986	0.0000	0.0000
0.4545	0.4987	0.0000	0.0000
0.4555	0.4988	0.0000	0.0000
0.4565	0.4989	0.0000	0.0000
0.4575	0.4990	0.0000	0.0000
0.4585	0.4991	0.0000	0.0000
0.4595	0.4991	0.0000	0.0000
0.4605	0.4992	0.0000	0.0000
0.4615	0.4993	0.0000	0.0000
0.4625	0.4994	0.0000	0.0000
0.4635	0.4995	0.0000	0.0000
0.4645	0.4995	0.0000	0.0000
0.4655	0.4996	0.0000	0.0000
0.4665	0.4997	0.0000	0.0000
0.4675	0.4997	0.0000	0.0000
0.4685	0.4998	0.0000	0.0000
0.4695	0.4999	0.0000	0.0000
0.4705	0.4999	0.0000	0.0000
0.4715	0.5000	0.0000	0.0000
0.4725	0.5000	0.0000	0.0000
0.4735	0.5000	0.0000	0.0000
0.4745	0.5001	0.0000	0.0000
0.4755	0.5001	0.0000	0.0000
0.4765	0.5002	0.0000	0.0000
0.4775	0.5002	0.0000	0.0000
0.4785	0.5002	0.0000	0.0000
0.4795	0.5002	0.0000	0.0000
0.4805	0.5003	0.0000	0.0000
0.4815	0.5003	0.0000	0.0000
0.4825	0.5003	0.0000	0.0000
0.4835	0.5003	0.0000	0.0000
0.4845	0.5003	0.0000	0.0000
0.4855	0.5003	0.0000	0.0000
0.4865	0.5003	0.0000	0.0000
0.4875	0.5003	0.0000	0.0000
0.4885	0.5003	0.0000	0.0000
0.4895	0.5003	0.0000	0.0000
0.4905	0.5002	0.0000	0.0000
0.4915	0.5002	0.0000	0.0000
0.4925	0.5002	0.0000	0.0000
0.4935	0.5002	0.0000	0.0000
0.4945	0.5001	0.0000	0.0000
0.4955	0.5001	0.0000	0.0000
0.4965	0.5000	0.0000	0.0000
0.4975	0.5000	0.0000	0.0000
0.4985	0.4999	0.0000	0.0000
0.4995	0.4999	0.0000	0.0000
0.5005	0.4998	0.0000	0.0000
0.5015	0.4998	0.0000	0.0000
0.5025	0.4997	0.0000	0.0000
0.5035	0.4997	0.0000	0.0000
0.5045	0.4996	0.0000	0.0000
0.5055	0.4996	0.0000	0.0000
0.5065	0.4996	0.0000	0.0000
0.5075	0.4995	0.0000	0.0000
0.5085	0.4995	0.0000	0.0000
0.5095	0.4995	0.0000	0.0000
0.5105	0.4995	0.0000	0.0000
0.5115	0.4994	0.0000	0.0000
0.5125	0.4994	0.0000	0.0000
0.5135	0.4994	0.0000	0.0000
0.5145	0.4994	0.0000	0.0000
0.5155	0.4994	0.0000	0.0000
0.5165	0.4994	0.0000	0.0000
0.5175	0.4994	0.0000	0.0000
0.5185	0.4995	0.0000	0.0000
0.5195	0.4995	0.0000	0.0000
0.5205	0.4995	0.0000	0.0000
0.5215	0.4995	0.0000	0.0000
0.5225	0.4995	0.0000	0.0000
0.5235	0.4996	0.0000	0.0000
0.5245	0.4996	0.0000	0.0000
0.5255	0.4996	0.0000	0.0000
0.5265	0.4997	0.0000	0.0000
0.5275	0.4997	0.0000	0.0000
0.5285	0.4998	0.0000	0.0000
0.5295	0.4998	0.0000	0.0000
0.5305	0.4999	0.0000	0.0000
0.5315	0.4999	0.0000	0.0000
0.5325	0.5000	0.0000	0.0000
0.5335	0.5001	0.0000	0.0000
0.5345	0.5001	0.0000	0.0000
0.5355	0.5002	0.0000	0.0000
0.5365	0.5003	0.0000	0.0000
0.5375	0.5004	0.0000	0.0000
0.5385	0.5004	0.0000	0.0000
0.5395	0.5005	0.0000	0.0000
0.5405	0.5006	0.0000	0.0000
0.5415	0.5007	0.0000	0.0000
0.5425	0.5008	0.0000	0.0000
0.5435	0.5009	0.0000	0.0000
0.5445	0.5010	0.0000	0.0000
0.5455	0.5011	0.0000	0.0000
0.5465	0.5012	0.0000	0.0000
0.5475	0.5013	0.0000	0.0000
0.5485	0.5014	0.0000	0.0000
0.5495	0.5015	0.0000	0.0000
0.5506	0.5017	0.0000	0.0000
0.5516	0.5018	0.0000	0.0000
0.5526	0.5019	0.0000	0.0000
0.5536	0.5020	0.0000	0.0000
0.5546	0.5021	0.0000	0.0000
0.5556	0.5023	0.0000	0.0000
0.5566	0.5024	0.0000	0.0000
0.5576	0.5026	0.0000	0.0000
0.5586	0.5027	0.0000	0.0000
0.5596	0.5028	0.0000	0.0000
0.5606	0.5030	0.0000	0.0000
0.5616	0.5031	0.0000	0.0000
0.5626	0.5033	0.0000	0.0000
0.5636	0.5034	0.0000	0.0000
0.5646	0.5036	0.0000	0.0000
0.5656	0.5037	0.0000	0.0000
0.5666	0.5039	0.0000	0.0000
0.5676	0.5041	0.0000	0.0000
0.5686	0.5042	0.0000	0.0000
0.5696	0.5044	0.0000	0.0000
0.5706	0.5046	0.0000	0.0000
0.5716	0.5048	0.0000	0.0000
0.5726	0.5049	0.0000	0.0000
0.5736	0.5051	0.0000	0.0000
0.5746	0.5053	0.0000	0.0000
0.5756	0.5055	0.0000	0.0000
0.5766	0.5057	0.0000	0.0000
0.5776	0.5058	0.0000	0.0000
0.5786	0.5060	0.0000	0.0000
0.5796	0.5062	0.0000	0.0000
0.5806	0.5064	0.0000	0.0000
0.5816	0.5066	0.0000	0.0000
0.5826	0.5068	0.0000	0.0000
0.5836	0.5070	0.0000	0.0000
0.5846	0.5072	0.0000	0.0000
0.5856	0.5074	0.0000	0.0000
0.5866	0.5076	0.0000	0.0000
0.5876	0.5078	0.0000	0.0000
0.5886	0.5081	0.0000	0.0000
0.5896	0.5083	0.0000	0.0000
0.5906	0.5085	0.0000	0.0000
0.5916	0.5087	0.0000	0.0000
0.5926	0.5089	0.0000	0.0000
0.5936	0.5092	0.0000	0.0000
0.5946	0.5094	0.0000	0.0000
0.5956	0.5096	0.0000	0.0000
0.5966	0.5098	0.0000	0.0000
0.5976	0.5101	0.0000	0.0000
0.5986	0.5103	0.0000	0.0000
0.5996	0.5105	0.0000	0.0000
0.6006	0.5108	0.0000	0.0000
0.6016	0.5110	0.0000	0.0000
0.6026	0.5113	0.0000	0.0000
0.6036	0.5115	0.0000	0.0000
0.6046	0.5117	0.0000	0.0000
0.6056	0.5120	0.0000	0.0000
0.6066	0.5122	0.0000	0.0000
0.6076	0.5125	0.0000	0.0000
0.6086	0.5127	0.0000	0.0000
0.6096	0.5130	0.0000	0.0000
0.6106	0.5133	0.0000	0.0000
0.6116	0.5135	0.0000	0.0000
0.6126	0.5138	0.0000	0.0000
0.6136	0.5140	0.0000	0.0000
0.6146	0.5143	0.0000	0.0000
0.6156	0.5146	0.0000	0.0000
0.6166	0.5148	0.0000	0.0000
0.6176	0.5151	0.0000	0.0000
0.6186	0.5154	0.0000	0.0000
0.6196	0.5156	0.0000	0.0000
0.6206	0.5159	0.0000	0.0000
0.6216	0.5162	0.0000	0.0000
0.6226	0.5165	0.0000	0.0000
0.6236	0.5167	0.0000	0.0000
0.6246	0.5170	0.0000	0.0000
0.6256	0.5173	0.0000	0.0000
0.6266	0.5176	0.0000	0.0000
0.6276	0.5179	0.0000	0.0000
0.6286	0.5181	0.0000	0.0000
0.6296	0.5184	0.0000	0.0000
0.6306	0.5187	0.0000	0.0000
0.6316	0.5190	0.0000	0.0000
0.6326	0.5193	0.0000	0.0000
0.6336	0.5196	0.0000	0.0000
0.6346	0.5199	0.0000	0.0000
0.6356	0.5202	0.0000	0.0000
0.6366	0.5205	0.0000	0.0000
0.6376	0.5208	0.0000	0.0000
0.6386	0.5211	0.0000	0.0000
0.6396	0.5214	0.0000	0.0000
0.6406	0.5217	0.0000	0.0000
0.6416	0.5220	0.0000	0.0000
0.6426	0.5223	0.0000	0.0000
0.6436	0.5226	0.0000	0.0000
0.6446	0.5229	0.0000	0.0000
0.6456	0.5232	0.0000	0.0000
0.6466	0.5235	0.0000	0.0000
0.6476	0.5239	0.0000	0.0000
0.6486	0.5242	0.0000	0.0000
0.6496	0.5245	0.0000	0.0000
0.6507	0.5248	0.0000	0.0000
0.6517	0.5251	0.0000	0.0000
0.6527	0.5254	0.0000	0.0000
0.6537	0.5258	0.0000	0.0000
0.6547	0.5261	0.0000	0.0000
0.6557	0.5264	0.0000	0.0000
0.6567	0.5267	0.0000	0.0000
0.6577	0.5271	0.0000	0.0000
0.6587	0.5274	0.0000	0.0000
0.6597	0.5277	0.0000	0.0000
0.6607	0.5280	0.0000	0.0000
0.6617	0.5284	0.0000	0.0000
0.6627	0.5287	0.0000	0.0000
0.6637	0.5290	0.0000	0.0000
0.6647	0.5294	0.0000	0.0000
0.6657	0.5297	0.0000	0.0000
0.6667	0.5300	0.0000	0.0000
0.6677	0.5304	0.0000	0.0000
0.6687	0.5307	0.0000	0.0000
0.6697	0.5310	0.0000	0.0000
0.6707	0.5314	0.0000	0.0000
0.6717	0.5317	0.0000	0.0000
0.6727	0.5321	0.0000	0.0000
0.6737	0.5324	0.0000	0.0000
0.6747	0.5328	0.0000	0.0000
0.6757	0.5331	0.0000	0.0000
0.6767	0.5334	0.0000	0.0000
0.6777	0.5338	0.0000	0.0000
0.6787	0.5341	0.0000	0.0000
0.6797	0.5345	0.0000	0.0000
0.6807	0.5348	0.0000	0.0000
0.6817	0.5352	0.0000	0.0000
0.6827	0.5355	0.0000	0.0000
0.6837	0.5359	0.0000	0.0000
0.6847	0.5362	0.0000	0.0000
0.6857	0.5366	0.0000	0.0000
0.6867	0.5370	0.0000	0.0000
0.6877	0.5373	0.0000	0.0000
0.6887	0.5377	0.0000	0.0000
0.6897	0.5380	0.0000	0.0000
0.6907	0.5384	0.0000	0.0000
0.6917	0.5387	0.0000	0.0000
0.6927	0.5391	0.0000	0.0000
0.6937	0.5395	0.0000	0.0000
0.6947	0.5398	0.0000	0.0000
0.6957	0.5402	0.0000	0.0000
0.6967	0.5406	0.0000	0.0000
0.6977	0.5409	0.0000	0.0000
0.6987	0.5413	0.0000	0.0000
0.6997	0.5416	0.0000	0.0000
0.7007	0.5420	0.0000	0.0000
0.7017	0.5424	0.0000	0.0000
0.7027	0.5427	0.0000	0.0000
0.7037	0.5431	0.0000	0.0000
0.7047	0.5435	0.0000	0.0000
0.7057	0.5439	0.0000	0.0000
0.7067	0.5442	0.0000	0.0000
0.7077	0.5446	0.0000	0.0000
0.7087	0.5450	0.0000	0.0000
0.7097	0.5453	0.0000	0.0000
0.7107	0.5457	0.0000	0.0000
0.7117	0.5461	0.0000	0.0000
0.7127	0.5465	0.0000	0.0000
0.7137	0.5468	0.0000	0.0000
0.7147	0.5472	0.0000	0.0000
0.7157	0.5476	0.0000	0.0000
0.7167	0.5480	0.0000	0.0000
0.7177	0.5484	0.0000	0.0000
0.7187	0.5487	0.0000	0.0000
0.7197	0.5491	0.0000	0.0000
0.7207	0.5495	0.0000	0.0000
0.7217	0.5499	0.0000	0.0000
0.7227	0.5503	0.0000	0.0000
0.7237	0.5506	0.0000	0.0000
0.7247	0.5510	0.0000	0.0000
0.7257	0.5514	0.0000	0.0000
0.7267	0.5518	0.0000	0.0000
0.7277	0.5522	0.0000	0.0000
0.7287	0.5526	0.0000	0.0000
0.7297	0.5529	0.0000	0.0000
0.7307	0.5533	0.0000	0.0000
0.7317	0.5537	0.0000	0.0000
0.7327	0.5541	0.0000	0.0000
0.7337	0.5545	0.0000	0.0000
0.7347	0.5549	0.0000	0.0000
0.7357	0.5553	0.0000	0.0000
0.7367	0.5557	0.0000	0.0000
0.7377	0.5560	0.0000	0.0000
0.7387	0.5564	0.0000	0.0000
0.7397	0.5568	0.0000	0.0000
0.7407	0.5572	0.0000	0.0000
0.7417	0.5576	0.0000	0.0000
0.7427	0.5580	0.0000	0.0000
0.7437	0.5584	0.0000	0.0000
0.7447	0.5588	0.0000	0.0000
0.7457	0.5592	0.0000	0.0000
0.7467	0.5596	0.0000	0.0000
0.7477	0.5600	0.0000	0.0000
0.7487	0.5604	0.0000	0.0000
0.7497	0.5608	0.0000	0.0000
0.7508	0.5612	0.0000	0.0000
0.7518	0.5616	0.0000	0.0000
0.7528	0.5619	0.0000	0.0000
0.7538	0.5623	0.0000	0.0000
0.7548	0.5627	0.0000	0.0000
0.7558	0.5631	0.0000	0.0000
0.7568	0.5635	0.0000	0.0000
0.7578	0.5639	0.0000	0.0000
0.7588	0.5643	0.0000	0.0000
0.7598	0.5647	0.0000	0.0000
0.7608	0.5651	0.0000	0.0000
0.7618	0.5655	0.0000	0.0000
0.7628	0.5659	0.0000	0.0000
0.7638	0.5663	0.0000	0.0000
0.7648	0.5667	0.0000	0.0000
0.7658	0.5671	0.0000	0.0000
0.7668	0.5675	0.0000	0.0000
0.7678	0.5679	0.0000	0.0000
0.7688	0.5683	0.0000	0.0000
0.7698	0.5687	0.0000	0.0000
0.7708	0.5691	0.0000	0.0000
0.7718	0.5695	0.0000	0.0000
0.7728	0.5699	0.0000	0.0000
0.7738	0.5703	0.0000	0.0000
0.7748	0.5707	0.0000	0.0000
0.7758	0.5711	0.0000	0.0000
0.7768	0.5715	0.0000	0.0000
0.7778	0.5720	0.0000	0.0000
0.7788	0.5724	0.0000	0.0000
0.7798	0.5728	0.0000	0.0000
0.7808	0.5732	0.0000	0.0000
0.7818	0.5736	0.0000	0.0000
0.7828	0.5740	0.0000	0.0000
0.7838	0.5744	0.0000	0.0000
0.7848	0.5748	0.0000	0.0000
0.7858	0.5752	0.0000	0.0000
0.7868	0.5756	0.0000	0.0000
0.7878	0.5760	0.0000	0.0000
0.7888	0.5764	0.0000	0.0000
0.7898	0.5768	0.0000	0.0000
0.7908	0.5772	0.0000	0.0000
0.7918	0.5776	0.0000	0.0000
0.7928	0.5780	0.0000	0.0000
0.7938	0.5784	0.0000	0.0000
0.7948	0.5788	0.0000	0.0000
0.7958	0.5792	0.0000	0.0000
0.7968	0.5797	0.0000	0.0000
0.7978	0.5801	0.0000	0.0000
0.7988	0.5805	0.0000	0.0000
0.7998	0.5809	0.0000	0.0000
0.8008	0.5813	0.0000	0.0000
0.8018	0.5817	0.0000	0.0000
0.8028	0.5821	0.0000	0.0000
0.8038	0.5825	0.0000	0.0000
0.8048	0.5829	0.0000	0.0000
0.8058	0.5833	0.0000	0.0000
0.8068	0.5837	0.0000	0.0000
0.8078	0.5841	0.0000	0.0000
0.8088	0.5845	0.0000	0.0000
0.8098	0.5849	0.0000	0.0000
0.8108	0.5854	0.0000	0.0000
0.8118	0.5858	0.0000	0.0000
0.8128	0.5862	0.0000	0.0000
0.8138	0.5866	0.0000	0.0000
0.8148	0.5870	0.0000	0.0000
0.8158	0.5874	0.0000	0.0000
0.8168	0.5878	0.0000	0.0000
0.8178	0.5882	0.0000	0.0000
0.8188	0.5886	0.0000	0.0000
0.8198	0.5890	0.0000	0.0000
0.8208	0.5894	0.0000	0.0000
0.8218	0.5898	0.0000	0.0000
0.8228	0.5903	0.0000	0.0000
0.8238	0.5907	0.0000	0.0000
0.8248	0.5911	0.0000	0.0000
0.8258	0.5915	0.0000	0.0000
0.8268	0.5919	0.0000	0.0000
0.8278	0.5923	0.0000	0.0000
0.8288	0.5927	0.0000	0.0000
0.8298	0.5931	0.0000	0.0000
0.8308	0.5935	0.0000	0.0000
0.8318	0.5939	0.0000	0.0000
0.8328	0.5943	0.0000	0.0000
0.8338	0.5947	0.0000	0.0000
0.8348	0.5951	0.0000	0.0000
0.8358	0.5956	0.0000	0.0000
0.8368	0.5960	0.0000	0.0000
0.8378	0.5964	0.0000	0.0000
0.8388	0.5968	0.0000	0.0000
0.8398	0.5972	0.0000	0.0000
0.8408	0.5976	0.0000	0.0000
0.8418	0.5980	0.0000	0.0000
0.8428	0.5984	0.0000	0.0000
0.8438	0.5988	0.0000	0.0000
0.8448	0.5992	0.0000	0.0000
0.8458	0.5996	0.0000	0.0000
0.8468	0.6000	0.0000	0.0000
0.8478	0.6004	0.0000	0.0000
0.8488	0.6008	0.0000	0.0000
0.8498	0.6012	0.0000	0.0000
0.8509	0.6016	0.0000	0.0000
0.8519	0.6021	0.0000	0.0000
0.8529	0.6025	0.0000	0.0000
0.8539	0.6029	0.0000	0.0000
0.8549	0.6033	0.0000	0.0000
0.8559	0.6037	0.0000	0.0000
0.8569	0.6041	0.0000	0.0000
0.8579	0.6045	0.0000	0.0000
0.8589	0.6049	0.0000	0.0000
0.8599	0.6053	0.0000	0.0000
0.8609	0.6057	0.0000	0.0000
0.8619	0.6061	0.0000	0.0000
0.8629	0.6065	0.0000	0.0000
0.8639	0.6069	0.0000	0.0000
0.8649	0.6073	0.0000	0.0000
0.8659	0.6077	0.0000	0.0000
0.8669	0.6081	0.0000	0.0000
0.8679	0.6085	0.0000	0.0000
0.8689	0.6089	0.0000	0.0000
0.8699	0.6093	0.0000	0.0000
0.8709	0.6097	0.0000	0.0000
0.8719	0.6101	0.0000	0.0000
0.8729	0.6105	0.0000	0.0000
0.8739	0.6109	0.0000	0.0000
0.8749	0.6113	0.0000	0.0000
0.8759	0.6117	0.0000	0.0000
0.8769	0.6121	0.0000	0.0000
0.8779	0.6125	0.0000	0.0000
0.8789	0.6129	0.0000	0.0000
0.8799	0.6133	0.0000	0.0000
0.8809	0.6137	0.0000	0.0000
0.8819	0.6141	0.0000	0.0000
0.8829	0.6145	0.0000	0.0000
0.8839	0.6149	0.0000	0.0000
0.8849	0.6153	0.0000	0.0000
0.8859	0.6157	0.0000	0.0000
0.8869	0.6161	0.0000	0.0000
0.8879	0.6165	0.0000	0.0000
0.8889	0.6169	0.0000	0.0000
0.8899	0.6173	0.0000	0.0000
0.8909	0.6177	0.0000	0.0000
0.8919	0.6181	0.0000	0.0000
0.8929	0.6185	0.0000	0.0000
0.8939	0.6189	0.0000	0.0000
0.8949	0.6193	0.0000	0.0000
0.8959	0.6197	0.0000	0.0000
0.8969	0.6201	0.0000	0.0000
0.8979	0.6205	0.0000	0.0000
0.8989	0.6209	0.0000	0.0000
0.8999	0.6213	0.0000	0.0000
0.9009	0.6217	0.0000	0.0000
0.9019	0.6220	0.0000	0.0000
0.9029	0.6224	0.0000	0.0000
0.9039	0.6228	0.0000	0.0000
0.9049	0.6232	0.0000	0.0000
0.9059	0.6236	0.0000	0.0000
0.9069	0.6240	0.0000	0.0000
0.9079	0.6244	0.0000	0.0000
0.9089	0.6248	0.0000	0.0000
0.9099	0.6252	0.0000	0.0000
0.9109	0.6256	0.0000	0.0000
0.9119	0.6260	0.0000	0.0000
0.9129	0.6263	0.0000	0.0000
0.9139	0.6267	0.0000	0.0000
0.9149	0.6271	0.0000	0.0000
0.9159	0.6275	0.0000	0.0000
0.9169	0.6279	0.0000	0.0000
0.9179	0.6283	0.0000	0.0000
0.9189	0.6287	0.0000	0.0000
0.9199	0.6291	0.0000	0.0000
0.9209	0.6294	0.0000	0.0000
0.9219	0.6298	0.0000	0.0000
0.9229	0.6302	0.0000	0.0000
0.9239	0.6306	0.0000	0.0000
0.9249	0.6310	0.0000	0.0000
0.9259	0.6314	0.0000	0.0000
0.9269	0.6317	0.0000	0.0000
0.9279	0.6321	0.0000	0.0000
0.9289	0.6325	0.0000	0.0000
0.9299	0.6329	0.0000	0.0000
0.9309	0.6333	0.0000	0.0000
0.9319	0.6337	0.0000	0.0000
0.9329	0.6340	0.0000	0.0000
0.9339	0.6344	0.0000	0.0000
0.9349	0.6348	0.0000	0.0000
0.9359	0.6352	0.0000	0.0000
0.9369	0.6356	0.0000	0.0000
0.9379	0.6359	0.0000	0.0000
0.9389	0.6363	0.0000	0.0000
0.9399	0.6367	0.0000	0.0000
0.9409	0.6371	0.0000	0.0000
0.9419	0.6374	0.0000	0.0000
0.9429	0.6378	0.0000	0.0000
0.9439	0.6382	0.0000	0.0000
0.9449	0.6386	0.0000	0.0000
0.9459	0.6389	0.0000	0.0000
0.9469	0.6393	0.0000	0.0000
0.9479	0.6397	0.0000	0.0000
0.9489	0.6401	0.0000	0.0000
0.9499	0.6404	0.0000	0.0000
0.9510	0.6408	0.0000	0.0000
0.9520	0.6412	0.0000	0.0000
0.9530	0.6415	0.0000	0.0000
0.9540	0.6419	0.0000	0.0000
0.9550	0.6423	0.0000	0.0000
0.9560	0.6427	0.0000	0.0000
0.9570	0.6430	0.0000	0.0000
0.9580	0.6434	0.0000	0.0000
0.9590	0.6438	0.0000	0.0000
0.9600	0.6441	0.0000	0.0000
0.9610	0.6445	0.0000	0.0000
0.9620	0.6449	0.0000	0.0000
0.9630	0.6452	0.0000	0.0000
0.9640	0.6456	0.0000	0.0000
0.9650	0.6460	0.0000	0.0000
0.9660	0.6463	0.0000	0.0000
0.9670	0.6467	0.0000	0.0000
0.9680	0.6470	0.0000	0.0000
0.9690	0.6474	0.0000	0.0000
0.9700	0.6478	0.0000	0.0000
0.9710	0.6481	0.0000	0.0000
0.9720	0.6485	0.0000	0.0000
0.9730	0.6488	0.0000	0.0000
0.9740	0.6492	0.0000	0.0000
0.9750	0.6496	0.0000	0.0000
0.9760	0.6499	0.0000	0.0000
0.9770	0.6503	0.0000	0.0000
0.9780	0.6506	0.0000	0.0000
0.9790	0.6510	0.0000	0.0000
0.9800	0.6513	0.0000	0.0000
0.9810	0.6517	0.0000	0.0000
0.9820	0.6521	0.0000	0.0000
0.9830	0.6524	0.0000	0.0000
0.9840	0.6528	0.0000	0.0000
0.9850	0.6531	0.0000	0.0000
0.9860	0.6535	0.0000	0.0000
0.9870	0.6538	0.0000	0.0000
0.9880	0.6542	0.0000	0.0000
0.9890	0.6545	0.0000	0.0000
0.9900	0.6549	0.0000	0.0000
0.9910	0.6552	0.0000	0.0000
0.9920	0.6556	0.0000	0.0000
0.9930	0.6559	0.0000	0.0000
0.9940	0.6563	0.0000	0.0000
0.9950	0.6566	0.0000	0.0000
0.9960	0.6570	0.0000	0.0000
0.9970	0.6573	0.0000	0.0000
0.9980	0.6576	0.0000	0.0000
0.9990	0.6580	0.0000	0.0000
1.0000	0.6583	0.0000	0.0000
0.5005
