0.0000	0.3093	0.0000	0.0000
0.0010	0.3096	0.0000	0.0000
0.0020	0.3100	0.0000	0.0000
0.0030	0.3103	0.0000	0.0000
0.0040	0.3106	0.0000	0.0000
0.0050	0.3109	0.0000	0.0000
0.0060	0.3112	0.0000	0.0000
0.0070	0.3115	0.0000	0.0000
0.0080	0.3118	0.0000	0.0000
0.0090	0.3121	0.0000	0.0000
0.0100	0.3125	0.0000	0.0000
0.0110	0.3128	0.0000	0.0000
0.0120	0.3131	0.0000	0.0000
0.0130	0.3134	0.0000	0.0000
0.0140	0.3137	0.0000	0.0000
0.0150	0.3140	0.0000	0.0000
0.0160	0.3144	0.0000	0.0000
0.0170	0.3147	0.0000	0.0000
0.0180	0.3150	0.0000	0.0000
0.0190	0.3153	0.0000	0.0000
0.0200	0.3156	0.0000	0.0000
0.0210	0.3160	0.0000	0.0000
0.0220	0.3163	0.0000	0.0000
0.0230	0.3166	0.0000	0.0000
0.0240	0.3169	0.0000	0.0000
0.0250	0.3172	0.0000	0.0000
0.0260	0.3176	0.0000	0.0000
0.0270	0.3179	0.0000	0.0000
0.0280	0.3182	0.0000	0.0000
0.0290	0.3185	0.0000	0.0000
0.0300	0.3189	0.0000	0.0000
0.0310	0.3192	0.0000	0.0000
0.0320	0.3195	0.0000	0.0000
0.0330	0.3199	0.0000	0.0000
0.0340	0.3202	0.0000	0.0000
0.0350	0.3205	0.0000	0.0000
0.0360	0.3209	0.0000	0.0000
0.0370	0.3212	0.0000	0.0000
0.0380	0.3215	0.0000	0.0000
0.0390	0.3218	0.0000	0.0000
0.0400	0.3222	0.0000	0.0000
0.0410	0.3225	0.0000	0.0000
0.0420	0.3229	0.0000	0.0000
0.0430	0.3232	0.0000	0.0000
0.0440	0.3235	0.0000	0.0000
0.0450	0.3239	0.0000	0.0000
0.0460	0.3242	0.0000	0.0000
0.0470	0.3245	0.0000	0.0000
0.0480	0.3249	0.0000	0.0000
0.0490	0.3252	0.0000	0.0000
0.0501	0.3256	0.0000	0.0000
0.0511	0.3259	0.0000	0.0000
0.0521	0.3262	0.0000	0.0000
0.0531	0.3266	0.0000	0.0000
0.0541	0.3269	0.0000	0.0000
0.0551	0.3273	0.0000	0.0000
0.0561	0.3276	0.0000	0.0000
0.0571	0.3280	0.0000	0.0000
0.0581	0.3283	0.0000	0.0000
0.0591	0.3286	0.0000	0.0000
0.0601	0.3290	0.0000	0.0000
0.0611	0.3293	0.0000	0.0000
0.0621	0.3297	0.0000	0.0000
0.0631	0.3300	0.0000	0.0000
0.0641	0.3304	0.0000	0.0000
0.0651	0.3307	0.0000	0.0000
0.0661	0.3311	0.0000	0.0000
0.0671	0.3314	0.0000	0.0000
0.0681	0.3318	0.0000	0.0000
0.0691	0.3321	0.0000	0.0000
0.0701	0.3325	0.0000	0.0000
0.0711	0.3329	0.0000	0.0000
0.0721	0.3332	0.0000	0.0000
0.0731	0.3336	0.0000	0.0000
0.0741	0.3339	0.0000	0.0000
0.0751	0.3343	0.0000	0.0000
0.0761	0.3346	0.0000	0.0000
0.0771	0.3350	0.0000	0.0000
0.0781	0.3354	0.0000	0.0000
0.0791	0.3357	0.0000	0.0000
0.0801	0.3361	0.0000	0.0000
0.0811	0.3364	0.0000	0.0000
0.0821	0.3368	0.0000	0.0000
0.0831	0.3372	0.0000	0.0000
0.0841	0.3375	0.0000	0.0000
0.0851	0.3379	0.0000	0.0000
0.0861	0.3382	0.0000	0.0000
0.0871	0.3386	0.0000	0.0000
0.0881	0.3390	0.0000	0.0000
0.0891	0.3393	0.0000	0.0000
0.0901	0.3397	0.0000	0.0000
0.0911	0.3401	0.0000	0.0000
0.0921	0.3404	0.0000	0.0000
0.0931	0.3408	0.0000	0.0000
0.0941	0.3412	0.0000	0.0000
0.0951	0.3416	0.0000	0.0000
0.0961	0.3419	0.0000	0.0000
0.0971	0.3423	0.0000	0.0000
0.0981	0.3427	0.0000	0.0000
0.0991	0.3430	0.0000	0.0000
0.1001	0.3434	0.0000	0.0000
0.1011	0.3438	0.0000	0.0000
0.1021	0.3442	0.0000	0.0000
0.1031	0.3445	0.0000	0.0000
0.1041	0.3449	0.0000	0.0000
0.1051	0.3453	0.0000	0.0000
0.1061	0.3457	0.0000	0.0000
0.1071	0.3460	0.0000	0.0000
0.1081	0.3464	0.0000	0.0000
0.1091	0.3468	0.0000	0.0000
0.1101	0.3472	0.0000	0.0000
0.1111	0.3476	0.0000	0.0000
0.1121	0.3479	0.0000	0.0000
0.1131	0.3483	0.0000	0.0000
0.1141	0.3487	0.0000	0.0000
0.1151	0.3491	0.0000	0.0000
0.1161	0.3495	0.0000	0.0000
0.1171	0.3498	0.0000	0.0000
0.1181	0.3502	0.0000	0.0000
0.1191	0.3506	0.0000	0.0000
0.1201	0.3510	0.0000	0.0000
0.1211	0.3514	0.0000	0.0000
0.1221	0.3518	0.0000	0.0000
0.1231	0.3522	0.0000	0.0000
0.1241	0.3525	0.0000	0.0000
0.1251	0.3529	0.0000	0.0000
0.1261	0.3533	0.0000	0.0000
0.1271	0.3537	0.0000	0.0000
0.1281	0.3541	0.0000	0.0000
0.1291	0.3545	0.0000	0.0000
0.1301	0.3549	0.0000	0.0000
0.1311	0.3553	0.0000	0.0000
0.1321	0.3557	0.0000	0.0000
0.1331	0.3561	0.0000	0.0000
0.1341	0.3565	0.0000	0.0000
0.1351	0.3569	0.0000	0.0000
0.1361	0.3572	0.0000	0.0000
0.1371	0.3576	0.0000	0.0000
0.1381	0.3580	0.0000	0.0000
0.1391	0.3584	0.0000	0.0000
0.1401	0.3588	0.0000	0.0000
0.1411	0.3592	0.0000	0.0000
0.1421	0.3596	0.0000	0.0000
0.1431	0.3600	0.0000	0.0000
0.1441	0.3604	0.0000	0.0000
0.1451	0.3608	0.0000	0.0000
0.1461	0.3612	0.0000	0.0000
0.1471	0.3616	0.0000	0.0000
0.1481	0.3620	0.0000	0.0000
0.1491	0.3624	0.0000	0.0000
0.1502	0.3628	0.0000	0.0000
0.1512	0.3632	0.0000	0.0000
0.1522	0.3636	0.0000	0.0000
0.1532	0.3641	0.0000	0.0000
0.1542	0.3645	0.0000	0.0000
0.1552	0.3649	0.0000	0.0000
0.1562	0.3653	0.0000	0.0000
0.1572	0.3657	0.0000	0.0000
0.1582	0.3661	0.0000	0.0000
0.1592	0.3665	0.0000	0.0000
0.1602	0.3669	0.0000	0.0000
0.1612	0.3673	0.0000	0.0000
0.1622	0.3677	0.0000	0.0000
0.1632	0.3681	0.0000	0.0000
0.1642	0.3685	0.0000	0.0000
0.1652	0.3689	0.0000	0.0000
0.1662	0.3694	0.0000	0.0000
0.1672	0.3698	0.0000	0.0000
0.1682	0.3702	0.0000	0.0000
0.1692	0.3706	0.0000	0.0000
0.1702	0.3710	0.0000	0.0000
0.1712	0.3714	0.0000	0.0000
0.1722	0.3718	0.0000	0.0000
0.1732	0.3723	0.0000	0.0000
0.1742	0.3727	0.0000	0.0000
0.1752	0.3731	0.0000	0.0000
0.1762	0.3735	0.0000	0.0000
0.1772	0.3739	0.0000	0.0000
0.1782	0.3743	0.0000	0.0000
0.1792	0.3747	0.0000	0.0000
0.1802	0.3752	0.0000	0.0000
0.1812	0.3756	0.0000	0.0000
0.1822	0.3760	0.0000	0.0000
0.1832	0.3764	0.0000	0.0000
0.1842	0.3768	0.0000	0.0000
0.1852	0.3773	0.0000	0.0000
0.1862	0.3777	0.0000	0.0000
0.1872	0.3781	0.0000	0.0000
0.1882	0.3785	0.0000	0.0000
0.1892	0.3790	0.0000	0.0000
0.1902	0.3794	0.0000	0.0000
0.1912	0.3798	0.0000	0.0000
0.1922	0.3802	0.0000	0.0000
0.1932	0.3806	0.0000	0.0000
0.1942	0.3811	0.0000	0.0000
0.1952	0.3815	0.0000	0.0000
0.1962	0.3819	0.0000	0.0000
0.1972	0.3823	0.0000	0.0000
0.1982	0.3828	0.0000	0.0000
0.1992	0.3832	0.0000	0.0000
0.2002	0.3836	0.0000	0.0000
0.2012	0.3841	0.0000	0.0000
0.2022	0.3845	0.0000	0.0000
0.2032	0.3849	0.0000	0.0000
0.2042	0.3853	0.0000	0.0000
0.2052	0.3858	0.0000	0.0000
0.2062	0.3862	0.0000	0.0000
0.2072	0.3866	0.0000	0.0000
0.2082	0.3871	0.0000	0.0000
0.2092	0.3875	0.0000	0.0000
0.2102	0.3879	0.0000	0.0000
0.2112	0.3884	0.0000	0.0000
0.2122	0.3888	0.0000	0.0000
0.2132	0.3892	0.0000	0.0000
0.2142	0.3896	0.0000	0.0000
0.2152	0.3901	0.0000	0.0000
0.2162	0.3905	0.0000	0.0000
0.2172	0.3909	0.0000	0.0000
0.2182	0.3914	0.0000	0.0000
0.2192	0.3918	0.0000	0.0000
0.2202	0.3923	0.0000	0.0000
0.2212	0.3927	0.0000	0.0000
0.2222	0.3931	0.0000	0.0000
0.2232	0.3936	0.0000	0.0000
0.2242	0.3940	0.0000	0.0000
0.2252	0.3944	0.0000	0.0000
0.2262	0.3949	0.0000	0.0000
0.2272	0.3953	0.0000	0.0000
0.2282	0.3957	0.0000	0.0000
0.2292	0.3962	0.0000	0.0000
0.2302	0.3966	0.0000	0.0000
0.2312	0.3971	0.0000	0.0000
0.2322	0.3975	0.0000	0.0000
0.2332	0.3979	0.0000	0.0000
0.2342	0.3984	0.0000	0.0000
0.2352	0.3988	0.0000	0.0000
0.2362	0.3992	0.0000	0.0000
0.2372	0.3997	0.0000	0.0000
0.2382	0.4001	0.0000	0.0000
0.2392	0.4006	0.0000	0.0000
0.2402	0.4010	0.0000	0.0000
0.2412	0.4014	0.0000	0.0000
0.2422	0.4019	0.0000	0.0000
0.2432	0.4023	0.0000	0.0000
0.2442	0.4028	0.0000	0.0000
0.2452	0.4032	0.0000	0.0000
0.2462	0.4037	0.0000	0.0000
0.2472	0.4041	0.0000	0.0000
0.2482	0.4045	0.0000	0.0000
0.2492	0.4050	0.0000	0.0000
0.2503	0.4054	0.0000	0.0000
0.2513	0.4059	0.0000	0.0000
0.2523	0.4063	0.0000	0.0000
0.2533	0.4068	0.0000	0.0000
0.2543	0.4072	0.0000	0.0000
0.2553	0.4076	0.0000	0.0000
0.2563	0.4081	0.0000	0.0000
0.2573	0.4085	0.0000	0.0000
0.2583	0.4090	0.0000	0.0000
0.2593	0.4094	0.0000	0.0000
0.2603	0.4099	0.0000	0.0000
0.2613	0.4103	0.0000	0.0000
0.2623	0.4107	0.0000	0.0000
0.2633	0.4112	0.0000	0.0000
0.2643	0.4116	0.0000	0.0000
0.2653	0.4121	0.0000	0.0000
0.2663	0.4125	0.0000	0.0000
0.2673	0.4130	0.0000	0.0000
0.2683	0.4134	0.0000	0.0000
0.2693	0.4139	0.0000	0.0000
0.2703	0.4143	0.0000	0.0000
0.2713	0.4148	0.0000	0.0000
0.2723	0.4152	0.0000	0.0000
0.2733	0.4156	0.0000	0.0000
0.2743	0.4161	0.0000	0.0000
0.2753	0.4165	0.0000	0.0000
0.2763	0.4170	0.0000	0.0000
0.2773	0.4174	0.0000	0.0000
0.2783	0.4179	0.0000	0.0000
0.2793	0.4183	0.0000	0.0000
0.2803	0.4188	0.0000	0.0000
0.2813	0.4192	0.0000	0.0000
0.2823	0.4197	0.0000	0.0000
0.2833	0.4201	0.0000	0.0000
0.2843	0.4206	0.0000	0.0000
0.2853	0.4210	0.0000	0.0000
0.2863	0.4214	0.0000	0.0000
0.2873	0.4219	0.0000	0.0000
0.2883	0.4223	0.0000	0.0000
0.2893	0.4228	0.0000	0.0000
0.2903	0.4232	0.0000	0.0000
0.2913	0.4237	0.0000	0.0000
0.2923	0.4241	0.0000	0.0000
0.2933	0.4246	0.0000	0.0000
0.2943	0.4250	0.0000	0.0000
0.2953	0.4255	0.0000	0.0000
0.2963	0.4259	0.0000	0.0000
0.2973	0.4263	0.0000	0.0000
0.2983	0.4268	0.0000	0.0000
0.2993	0.4272	0.0000	0.0000
0.3003	0.4277	0.0000	0.0000
0.3013	0.4281	0.0000	0.0000
0.3023	0.4286	0.0000	0.0000
0.3033	0.4290	0.0000	0.0000
0.3043	0.4295	0.0000	0.0000
0.3053	0.4299	0.0000	0.0000
0.3063	0.4304	0.0000	0.0000
0.3073	0.4308	0.0000	0.0000
0.3083	0.4312	0.0000	0.0000
0.3093	0.4317	0.0000	0.0000
0.3103	0.4321	0.0000	0.0000
0.3113	0.4326	0.0000	0.0000
0.3123	0.4330	0.0000	0.0000
0.3133	0.4335	0.0000	0.0000
0.3143	0.4339	0.0000	0.0000
0.3153	0.4343	0.0000	0.0000
0.3163	0.4348	0.0000	0.0000
0.3173	0.4352	0.0000	0.0000
0.3183	0.4357	0.0000	0.0000
0.3193	0.4361	0.0000	0.0000
0.3203	0.4366	0.0000	0.0000
0.3213	0.4370	0.0000	0.0000
0.3223	0.4374	0.0000	0.0000
0.3233	0.4379	0.0000	0.0000
0.3243	0.4383	0.0000	0.0000
0.3253	0.4388	0.0000	0.0000
0.3263	0.4392	0.0000	0.0000
0.3273	0.4396	0.0000	0.0000
0.3283	0.4401	0.0000	0.0000
0.3293	0.4405	0.0000	0.0000
0.3303	0.4410	0.0000	0.0000
0.3313	0.4414	0.0000	0.0000
0.3323	0.4418	0.0000	0.0000
0.3333	0.4423	0.0000	0.0000
0.3343	0.4427	0.0000	0.0000
0.3353	0.4431	0.0000	0.0000
0.3363	0.4436	0.0000	0.0000
0.3373	0.4440	0.0000	0.0000
0.3383	0.4444	0.0000	0.0000
0.3393	0.4449	0.0000	0.0000
0.3403	0.4453	0.0000	0.0000
0.3413	0.4458	0.0000	0.0000
0.3423	0.4462	0.0000	0.0000
0.3433	0.4466	0.0000	0.0000
0.3443	0.4471	0.0000	0.0000
0.3453	0.4475	0.0000	0.0000
0.3463	0.4479	0.0000	0.0000
0.3473	0.4483	0.0000	0.0000
0.3483	0.4488	0.0000	0.0000
0.3493	0.4492	0.0000	0.0000
0.3504	0.4496	0.0000	0.0000
0.3514	0.4501	0.0000	0.0000
0.3524	0.4505	0.0000	0.0000
0.3534	0.4509	0.0000	0.0000
0.3544	0.4514	0.0000	0.0000
0.3554	0.4518	0.0000	0.0000
0.3564	0.4522	0.0000	0.0000
0.3574	0.4526	0.0000	0.0000
0.3584	0.4531	0.0000	0.0000
0.3594	0.4535	0.0000	0.0000
0.3604	0.4539	0.0000	0.0000
0.3614	0.4543	0.0000	0.0000
0.3624	0.4547	0.0000	0.0000
0.3634	0.4552	0.0000	0.0000
0.3644	0.4556	0.0000	0.0000
0.3654	0.4560	0.0000	0.0000
0.3664	0.4564	0.0000	0.0000
0.3674	0.4568	0.0000	0.0000
0.3684	0.4573	0.0000	0.0000
0.3694	0.4577	0.0000	0.0000
0.3704	0.4581	0.0000	0.0000
0.3714	0.4585	0.0000	0.0000
0.3724	0.4589	0.0000	0.0000
0.3734	0.4593	0.0000	0.0000
0.3744	0.4598	0.0000	0.0000
0.3754	0.4602	0.0000	0.0000
0.3764	0.4606	0.0000	0.0000
0.3774	0.4610	0.0000	0.0000
0.3784	0.4614	0.0000	0.0000
0.3794	0.4618	0.0000	0.0000
0.3804	0.4622	0.0000	0.0000
0.3814	0.4626	0.0000	0.0000
0.3824	0.4630	0.0000	0.0000
0.3834	0.4634	0.0000	0.0000
0.3844	0.4639	0.0000	0.0000
0.3854	0.4643	0.0000	0.0000
0.3864	0.4647	0.0000	0.0000
0.3874	0.4651	0.0000	0.0000
0.3884	0.4655	0.0000	0.0000
0.3894	0.4659	0.0000	0.0000
0.3904	0.4663	0.0000	0.0000
0.3914	0.4667	0.0000	0.0000
0.3924	0.4671	0.0000	0.0000
0.3934	0.4675	0.0000	0.0000
0.3944	0.4678	0.0000	0.0000
0.3954	0.4682	0.0000	0.0000
0.3964	0.4686	0.0000	0.0000
0.3974	0.4690	0.0000	0.0000
0.3984	0.4694	0.0000	0.0000
0.3994	0.4698	0.0000	0.0000
0.4004	0.4702	0.0000	0.0000
0.4014	0.4706	0.0000	0.0000
0.4024	0.4710	0.0000	0.0000
0.4034	0.4714	0.0000	0.0000
0.4044	0.4717	0.0000	0.0000
0.4054	0.4721	0.0000	0.0000
0.4064	0.4725	0.0000	0.0000
0.4074	0.4729	0.0000	0.0000
0.4084	0.4733	0.0000	0.0000
0.4094	0.4736	0.0000	0.0000
0.4104	0.4740	0.0000	0.0000
0.4114	0.4744	0.0000	0.0000
0.4124	0.4748	0.0000	0.0000
0.4134	0.4751	0.0000	0.0000
0.4144	0.4755	0.0000	0.0000
0.4154	0.4759	0.0000	0.0000
0.4164	0.4762	0.0000	0.0000
0.4174	0.4766	0.0000	0.0000
0.4184	0.4770	0.0000	0.0000
0.4194	0.4773	0.0000	0.0000
0.4204	0.4777	0.0000	0.0000
0.4214	0.4781	0.0000	0.0000
0.4224	0.4784	0.0000	0.0000
0.4234	0.4788	0.0000	0.0000
0.4244	0.4791	0.0000	0.0000
0.4254	0.4795	0.0000	0.0000
0.4264	0.4798	0.0000	0.0000
0.4274	0.4802	0.0000	0.0000
0.4284	0.4805	0.0000	0.0000
0.4294	0.4809	0.0000	0.0000
0.4304	0.4812	0.0000	0.0000
0.4314	0.4816	0.0000	0.0000
0.4324	0.4819	0.0000	0.0000
0.4334	0.4823	0.0000	0.0000
0.4344	0.4826	0.0000	0.0000
0.4354	0.4830	0.0000	0.0000
0.4364	0.4833	0.0000	0.0000
0.4374	0.4836	0.0000	0.0000
0.4384	0.4840	0.0000	0.0000
0.4394	0.4843	0.0000	0.0000
0.4404	0.4846	0.0000	0.0000
0.4414	0.4849	0.0000	0.0000
0.4424	0.4853	0.0000	0.0000
0.4434	0.4856	0.0000	0.0000
0.4444	0.4859	0.0000	0.0000
0.4454	0.4862	0.0000	0.0000
0.4464	0.4866	0.0000	0.0000
0.4474	0.4869	0.0000	0.0000
0.4484	0.4872	0.0000	0.0000
0.4494	0.4875	0.0000	0.0000
0.4505	0.4878	0.0000	0.0000
0.4515	0.4881	0.0000	0.0000
0.4525	0.4884	0.0000	0.0000
0.4535	0.4887	0.0000	0.0000
0.4545	0.4890	0.0000	0.0000
0.4555	0.4893	0.0000	0.0000
0.4565	0.4896	0.0000	0.0000
0.4575	0.4899	0.0000	0.0000
0.4585	0.4902	0.0000	0.0000
0.4595	0.4905	0.0000	0.0000
0.4605	0.4908	0.0000	0.0000
0.4615	0.4911	0.0000	0.0000
0.4625	0.4914	0.0000	0.0000
0.4635	0.4917	0.0000	0.0000
0.4645	0.4919	0.0000	0.0000
0.4655	0.4922	0.0000	0.0000
0.4665	0.4925	0.0000	0.0000
0.4675	0.4928	0.0000	0.0000
0.4685	0.4930	0.0000	0.0000
0.4695	0.4933	0.0000	0.0000
0.4705	0.4936	0.0000	0.0000
0.4715	0.4938	0.0000	0.0000
0.4725	0.4941	0.0000	0.0000
0.4735	0.4944	0.0000	0.0000
0.4745	0.4946	0.0000	0.0000
0.4755	0.4949	0.0000	0.0000
0.4765	0.4951	0.0000	0.0000
0.4775	0.4954	0.0000	0.0000
0.4785	0.4956	0.0000	0.0000
0.4795	0.4959	0.0000	0.0000
0.4805	0.4961	0.0000	0.0000
0.4815	0.4963	0.0000	0.0000
0.4825	0.4966	0.0000	0.0000
0.4835	0.4968	0.0000	0.0000
0.4845	0.4970	0.0000	0.0000
0.4855	0.4973	0.0000	0.0000
0.4865	0.4975	0.0000	0.0000
0.4875	0.4977	0.0000	0.0000
0.4885	0.4979	0.0000	0.0000
0.4895	0.4981	0.0000	0.0000
0.4905	0.4983	0.0000	0.0000
0.4915	0.4986	0.0000	0.0000
0.4925	0.4988	0.0000	0.0000
0.4935	0.4990	0.0000	0.0000
0.4945	0.4992	0.0000	0.0000
0.4955	0.4994	0.0000	0.0000
0.4965	0.4996	0.0000	0.0000
0.4975	0.4997	0.0000	0.0000
0.4985	0.4999	0.0000	0.0000
0.4995	0.5001	0.0000	0.0000
0.5005	0.5003	0.0000	0.0000
0.5015	0.5005	0.0000	0.0000
0.5025	0.5007	0.0000	0.0000
0.5035	0.5009	0.0000	0.0000
0.5045	0.5010	0.0000	0.0000
0.5055	0.5012	0.0000	0.0000
0.5065	0.5014	0.0000	0.0000
0.5075	0.5016	0.0000	0.0000
0.5085	0.5019	0.0000	0.0000
0.5095	0.5021	0.0000	0.0000
0.5105	0.5023	0.0000	0.0000
0.5115	0.5025	0.0000	0.0000
0.5125	0.5027	0.0000	0.0000
0.5135	0.5029	0.0000	0.0000
0.5145	0.5031	0.0000	0.0000
0.5155	0.5034	0.0000	0.0000
0.5165	0.5036	0.0000	0.0000
0.5175	0.5038	0.0000	0.0000
0.5185	0.5041	0.0000	0.0000
0.5195	0.5043	0.0000	0.0000
0.5205	0.5045	0.0000	0.0000
0.5215	0.5048	0.0000	0.0000
0.5225	0.5050	0.0000	0.0000
0.5235	0.5053	0.0000	0.0000
0.5245	0.5055	0.0000	0.0000
0.5255	0.5058	0.0000	0.0000
0.5265	0.5060	0.0000	0.0000
0.5275	0.5063	0.0000	0.0000
0.5285	0.5066	0.0000	0.0000
0.5295	0.5068	0.0000	0.0000
0.5305	0.5071	0.0000	0.0000
0.5315	0.5074	0.0000	0.0000
0.5325	0.5076	0.0000	0.0000
0.5335	0.5079	0.0000	0.0000
0.5345	0.5082	0.0000	0.0000
0.5355	0.5085	0.0000	0.0000
0.5365	0.5087	0.0000	0.0000
0.5375	0.5090	0.0000	0.0000
0.5385	0.5093	0.0000	0.0000
0.5395	0.5096	0.0000	0.0000
0.5405	0.5099	0.0000	0.0000
0.5415	0.5102	0.0000	0.0000
0.5425	0.5105	0.0000	0.0000
0.5435	0.5108	0.0000	0.0000
0.5445	0.5111	0.0000	0.0000
0.5455	0.5114	0.0000	0.0000
0.5465	0.5117	0.0000	0.0000
0.5475	0.5120	0.0000	0.0000
0.5485	0.5123	0.0000	0.0000
0.5495	0.5126	0.0000	0.0000
0.5506	0.5129	0.0000	0.0000
0.5516	0.5132	0.0000	0.0000
0.5526	0.5135	0.0000	0.0000
0.5536	0.5138	0.0000	0.0000
0.5546	0.5142	0.0000	0.0000
0.5556	0.5145	0.0000	0.0000
0.5566	0.5148	0.0000	0.0000
0.5576	0.5151	0.0000	0.0000
0.5586	0.5155	0.0000	0.0000
0.5596	0.5158	0.0000	0.0000
0.5606	0.5161	0.0000	0.0000
0.5616	0.5165	0.0000	0.0000
0.5626	0.5168	0.0000	0.0000
0.5636	0.5171	0.0000	0.0000
0.5646	0.5175	0.0000	0.0000
0.5656	0.5178	0.0000	0.0000
0.5666	0.5181	0.0000	0.0000
0.5676	0.5185	0.0000	0.0000
0.5686	0.5188	0.0000	0.0000
0.5696	0.5192	0.0000	0.0000
0.5706	0.5195	0.0000	0.0000
0.5716	0.5199	0.0000	0.0000
0.5726	0.5202	0.0000	0.0000
0.5736	0.5206	0.0000	0.0000
0.5746	0.5209	0.0000	0.0000
0.5756	0.5213	0.0000	0.0000
0.5766	0.5216	0.0000	0.0000
0.5776	0.5220	0.0000	0.0000
0.5786	0.5224	0.0000	0.0000
0.5796	0.5227	0.0000	0.0000
0.5806	0.5231	0.0000	0.0000
0.5816	0.5235	0.0000	0.0000
0.5826	0.5238	0.0000	0.0000
0.5836	0.5242	0.0000	0.0000
0.5846	0.5246	0.0000	0.0000
0.5856	0.5249	0.0000	0.0000
0.5866	0.5253	0.0000	0.0000
0.5876	0.5257	0.0000	0.0000
0.5886	0.5261	0.0000	0.0000
0.5896	0.5264	0.0000	0.0000
0.5906	0.5268	0.0000	0.0000
0.5916	0.5272	0.0000	0.0000
0.5926	0.5276	0.0000	0.0000
0.5936	0.5279	0.0000	0.0000
0.5946	0.5283	0.0000	0.0000
0.5956	0.5287	0.0000	0.0000
0.5966	0.5291	0.0000	0.0000
0.5976	0.5295	0.0000	0.0000
0.5986	0.5299	0.0000	0.0000
0.5996	0.5303	0.0000	0.0000
0.6006	0.5307	0.0000	0.0000
0.6016	0.5310	0.0000	0.0000
0.6026	0.5314	0.0000	0.0000
0.6036	0.5318	0.0000	0.0000
0.6046	0.5322	0.0000	0.0000
0.6056	0.5326	0.0000	0.0000
0.6066	0.5330	0.0000	0.0000
0.6076	0.5334	0.0000	0.0000
0.6086	0.5338	0.0000	0.0000
0.6096	0.5342	0.0000	0.0000
0.6106	0.5346	0.0000	0.0000
0.6116	0.5350	0.0000	0.0000
0.6126	0.5354	0.0000	0.0000
0.6136	0.5358	0.0000	0.0000
0.6146	0.5362	0.0000	0.0000
0.6156	0.5366	0.0000	0.0000
0.6166	0.5370	0.0000	0.0000
0.6176	0.5375	0.0000	0.0000
0.6186	0.5379	0.0000	0.0000
0.6196	0.5383	0.0000	0.0000
0.6206	0.5387	0.0000	0.0000
0.6216	0.5391	0.0000	0.0000
0.6226	0.5395	0.0000	0.0000
0.6236	0.5399	0.0000	0.0000
0.6246	0.5403	0.0000	0.0000
0.6256	0.5407	0.0000	0.0000
0.6266	0.5412	0.0000	0.0000
0.6276	0.5416	0.0000	0.0000
0.6286	0.5420	0.0000	0.0000
0.6296	0.5424	0.0000	0.0000
0.6306	0.5428	0.0000	0.0000
0.6316	0.5433	0.0000	0.0000
0.6326	0.5437	0.0000	0.0000
0.6336	0.5441	0.0000	0.0000
0.6346	0.5445	0.0000	0.0000
0.6356	0.5449	0.0000	0.0000
0.6366	0.5454	0.0000	0.0000
0.6376	0.5458	0.0000	0.0000
0.6386	0.5462	0.0000	0.0000
0.6396	0.5466	0.0000	0.0000
0.6406	0.5471	0.0000	0.0000
0.6416	0.5475	0.0000	0.0000
0.6426	0.5479	0.0000	0.0000
0.6436	0.5483	0.0000	0.0000
0.6446	0.5488	0.0000	0.0000
0.6456	0.5492	0.0000	0.0000
0.6466	0.5496	0.0000	0.0000
0.6476	0.5501	0.0000	0.0000
0.6486	0.5505	0.0000	0.0000
0.6496	0.5509	0.0000	0.0000
0.6507	0.5514	0.0000	0.0000
0.6517	0.5518	0.0000	0.0000
0.6527	0.5522	0.0000	0.0000
0.6537	0.5527	0.0000	0.0000
0.6547	0.5531	0.0000	0.0000
0.6557	0.5535	0.0000	0.0000
0.6567	0.5540	0.0000	0.0000
0.6577	0.5544	0.0000	0.0000
0.6587	0.5548	0.0000	0.0000
0.6597	0.5553	0.0000	0.0000
0.6607	0.5557	0.0000	0.0000
0.6617	0.5561	0.0000	0.0000
0.6627	0.5566	0.0000	0.0000
0.6637	0.5570	0.0000	0.0000
0.6647	0.5575	0.0000	0.0000
0.6657	0.5579	0.0000	0.0000
0.6667	0.5583	0.0000	0.0000
0.6677	0.5588	0.0000	0.0000
0.6687	0.5592	0.0000	0.0000
0.6697	0.5597	0.0000	0.0000
0.6707	0.5601	0.0000	0.0000
0.6717	0.5605	0.0000	0.0000
0.6727	0.5610	0.0000	0.0000
0.6737	0.5614	0.0000	0.0000
0.6747	0.5619	0.0000	0.0000
0.6757	0.5623	0.0000	0.0000
0.6767	0.5627	0.0000	0.0000
0.6777	0.5632	0.0000	0.0000
0.6787	0.5636	0.0000	0.0000
0.6797	0.5641	0.0000	0.0000
0.6807	0.5645	0.0000	0.0000
0.6817	0.5650	0.0000	0.0000
0.6827	0.5654	0.0000	0.0000
0.6837	0.5659	0.0000	0.0000
0.6847	0.5663	0.0000	0.0000
0.6857	0.5667	0.0000	0.0000
0.6867	0.5672	0.0000	0.0000
0.6877	0.5676	0.0000	0.0000
0.6887	0.5681	0.0000	0.0000
0.6897	0.5685	0.0000	0.0000
0.6907	0.5690	0.0000	0.0000
0.6917	0.5694	0.0000	0.0000
0.6927	0.5699	0.0000	0.0000
0.6937	0.5703	0.0000	0.0000
0.6947	0.5708	0.0000	0.0000
0.6957	0.5712	0.0000	0.0000
0.6967	0.5717	0.0000	0.0000
0.6977	0.5721	0.0000	0.0000
0.6987	0.5725	0.0000	0.0000
0.6997	0.5730	0.0000	0.0000
0.7007	0.5734	0.0000	0.0000
0.7017	0.5739	0.0000	0.0000
0.7027	0.5743	0.0000	0.0000
0.7037	0.5748	0.0000	0.0000
0.7047	0.5752	0.0000	0.0000
0.7057	0.5757	0.0000	0.0000
0.7067	0.5761	0.0000	0.0000
0.7077	0.5766	0.0000	0.0000
0.7087	0.5770	0.0000	0.0000
0.7097	0.5775	0.0000	0.0000
0.7107	0.5779	0.0000	0.0000
0.7117	0.5784	0.0000	0.0000
0.7127	0.5788	0.0000	0.0000
0.7137	0.5793	0.0000	0.0000
0.7147	0.5797	0.0000	0.0000
0.7157	0.5802	0.0000	0.0000
0.7167	0.5806	0.0000	0.0000
0.7177	0.5811	0.0000	0.0000
0.7187	0.5815	0.0000	0.0000
0.7197	0.5820	0.0000	0.0000
0.7207	0.5824	0.0000	0.0000
0.7217	0.5829	0.0000	0.0000
0.7227	0.5833	0.0000	0.0000
0.7237	0.5838	0.0000	0.0000
0.7247	0.5842	0.0000	0.0000
0.7257	0.5846	0.0000	0.0000
0.7267	0.5851	0.0000	0.0000
0.7277	0.5855	0.0000	0.0000
0.7287	0.5860	0.0000	0.0000
0.7297	0.5864	0.0000	0.0000
0.7307	0.5869	0.0000	0.0000
0.7317	0.5873	0.0000	0.0000
0.7327	0.5878	0.0000	0.0000
0.7337	0.5882	0.0000	0.0000
0.7347	0.5887	0.0000	0.0000
0.7357	0.5891	0.0000	0.0000
0.7367	0.5896	0.0000	0.0000
0.7377	0.5900	0.0000	0.0000
0.7387	0.5905	0.0000	0.0000
0.7397	0.5909	0.0000	0.0000
0.7407	0.5914	0.0000	0.0000
0.7417	0.5918	0.0000	0.0000
0.7427	0.5923	0.0000	0.0000
0.7437	0.5927	0.0000	0.0000
0.7447	0.5931	0.0000	0.0000
0.7457	0.5936	0.0000	0.0000
0.7467	0.5940	0.0000	0.0000
0.7477	0.5945	0.0000	0.0000
0.7487	0.5949	0.0000	0.0000
0.7497	0.5954	0.0000	0.0000
0.7508	0.5958	0.0000	0.0000
0.7518	0.5963	0.0000	0.0000
0.7528	0.5967	0.0000	0.0000
0.7538	0.5972	0.0000	0.0000
0.7548	0.5976	0.0000	0.0000
0.7558	0.5980	0.0000	0.0000
0.7568	0.5985	0.0000	0.0000
0.7578	0.5989	0.0000	0.0000
0.7588	0.5994	0.0000	0.0000
0.7598	0.5998	0.0000	0.0000
0.7608	0.6003	0.0000	0.0000
0.7618	0.6007	0.0000	0.0000
0.7628	0.6011	0.0000	0.0000
0.7638	0.6016	0.0000	0.0000
0.7648	0.6020	0.0000	0.0000
0.7658	0.6025	0.0000	0.0000
0.7668	0.6029	0.0000	0.0000
0.7678	0.6033	0.0000	0.0000
0.7688	0.6038	0.0000	0.0000
0.7698	0.6042	0.0000	0.0000
0.7708	0.6047	0.0000	0.0000
0.7718	0.6051	0.0000	0.0000
0.7728	0.6055	0.0000	0.0000
0.7738	0.6060	0.0000	0.0000
0.7748	0.6064	0.0000	0.0000
0.7758	0.6069	0.0000	0.0000
0.7768	0.6073	0.0000	0.0000
0.7778	0.6077	0.0000	0.0000
0.7788	0.6082	0.0000	0.0000
0.7798	0.6086	0.0000	0.0000
0.7808	0.6091	0.0000	0.0000
0.7818	0.6095	0.0000	0.0000
0.7828	0.6099	0.0000	0.0000
0.7838	0.6104	0.0000	0.0000
0.7848	0.6108	0.0000	0.0000
0.7858	0.6112	0.0000	0.0000
0.7868	0.6117	0.0000	0.0000
0.7878	0.6121	0.0000	0.0000
0.7888	0.6125	0.0000	0.0000
0.7898	0.6130	0.0000	0.0000
0.7908	0.6134	0.0000	0.0000
0.7918	0.6138	0.0000	0.0000
0.7928	0.6143	0.0000	0.0000
0.7938	0.6147	0.0000	0.0000
0.7948	0.6151	0.0000	0.0000
0.7958	0.6156	0.0000	0.0000
0.7968	0.6160	0.0000	0.0000
0.7978	0.6164	0.0000	0.0000
0.7988	0.6169	0.0000	0.0000
0.7998	0.6173	0.0000	0.0000
0.8008	0.6177	0.0000	0.0000
0.8018	0.6181	0.0000	0.0000
0.8028	0.6186	0.0000	0.0000
0.8038	0.6190	0.0000	0.0000
0.8048	0.6194	0.0000	0.0000
0.8058	0.6198	0.0000	0.0000
0.8068	0.6203	0.0000	0.0000
0.8078	0.6207	0.0000	0.0000
0.8088	0.6211	0.0000	0.0000
0.8098	0.6216	0.0000	0.0000
0.8108	0.6220	0.0000	0.0000
0.8118	0.6224	0.0000	0.0000
0.8128	0.6228	0.0000	0.0000
0.8138	0.6232	0.0000	0.0000
0.8148	0.6237	0.0000	0.0000
0.8158	0.6241	0.0000	0.0000
0.8168	0.6245	0.0000	0.0000
0.8178	0.6249	0.0000	0.0000
0.8188	0.6254	0.0000	0.0000
0.8198	0.6258	0.0000	0.0000
0.8208	0.6262	0.0000	0.0000
0.8218	0.6266	0.0000	0.0000
0.8228	0.6270	0.0000	0.0000
0.8238	0.6275	0.0000	0.0000
0.8248	0.6279	0.0000	0.0000
0.8258	0.6283	0.0000	0.0000
0.8268	0.6287	0.0000	0.0000
0.8278	0.6291	0.0000	0.0000
0.8288	0.6295	0.0000	0.0000
0.8298	0.6300	0.0000	0.0000
0.8308	0.6304	0.0000	0.0000
0.8318	0.6308	0.0000	0.0000
0.8328	0.6312	0.0000	0.0000
0.8338	0.6316	0.0000	0.0000
0.8348	0.6320	0.0000	0.0000
0.8358	0.6324	0.0000	0.0000
0.8368	0.6329	0.0000	0.0000
0.8378	0.6333	0.0000	0.0000
0.8388	0.6337	0.0000	0.0000
0.8398	0.6341	0.0000	0.0000
0.8408	0.6345	0.0000	0.0000
0.8418	0.6349	0.0000	0.0000
0.8428	0.6353	0.0000	0.0000
0.8438	0.6357	0.0000	0.0000
0.8448	0.6361	0.0000	0.0000
0.8458	0.6365	0.0000	0.0000
0.8468	0.6369	0.0000	0.0000
0.8478	0.6374	0.0000	0.0000
0.8488	0.6378	0.0000	0.0000
0.8498	0.6382	0.0000	0.0000
0.8509	0.6386	0.0000	0.0000
0.8519	0.6390	0.0000	0.0000
0.8529	0.6394	0.0000	0.0000
0.8539	0.6398	0.0000	0.0000
0.8549	0.6402	0.0000	0.0000
0.8559	0.6406	0.0000	0.0000
0.8569	0.6410	0.0000	0.0000
0.8579	0.6414	0.0000	0.0000
0.8589	0.6418	0.0000	0.0000
0.8599	0.6422	0.0000	0.0000
0.8609	0.6426	0.0000	0.0000
0.8619	0.6430	0.0000	0.0000
0.8629	0.6434	0.0000	0.0000
0.8639	0.6438	0.0000	0.0000
0.8649	0.6442	0.0000	0.0000
0.8659	0.6446	0.0000	0.0000
0.8669	0.6450	0.0000	0.0000
0.8679	0.6454	0.0000	0.0000
0.8689	0.6458	0.0000	0.0000
0.8699	0.6461	0.0000	0.0000
0.8709	0.6465	0.0000	0.0000
0.8719	0.6469	0.0000	0.0000
0.8729	0.6473	0.0000	0.0000
0.8739	0.6477	0.0000	0.0000
0.8749	0.6481	0.0000	0.0000
0.8759	0.6485	0.0000	0.0000
0.8769	0.6489	0.0000	0.0000
0.8779	0.6493	0.0000	0.0000
0.8789	0.6497	0.0000	0.0000
0.8799	0.6500	0.0000	0.0000
0.8809	0.6504	0.0000	0.0000
0.8819	0.6508	0.0000	0.0000
0.8829	0.6512	0.0000	0.0000
0.8839	0.6516	0.0000	0.0000
0.8849	0.6520	0.0000	0.0000
0.8859	0.6524	0.0000	0.0000
0.8869	0.6527	0.0000	0.0000
0.8879	0.6531	0.0000	0.0000
0.8889	0.6535	0.0000	0.0000
0.8899	0.6539	0.0000	0.0000
0.8909	0.6543	0.0000	0.0000
0.8919	0.6546	0.0000	0.0000
0.8929	0.6550	0.0000	0.0000
0.8939	0.6554	0.0000	0.0000
0.8949	0.6558	0.0000	0.0000
0.8959	0.6562	0.0000	0.0000
0.8969	0.6565	0.0000	0.0000
0.8979	0.6569	0.0000	0.0000
0.8989	0.6573	0.0000	0.0000
0.8999	0.6577	0.0000	0.0000
0.9009	0.6580	0.0000	0.0000
0.9019	0.6584	0.0000	0.0000
0.9029	0.6588	0.0000	0.0000
0.9039	0.6592	0.0000	0.0000
0.9049	0.6595	0.0000	0.0000
0.9059	0.6599	0.0000	0.0000
0.9069	0.6603	0.0000	0.0000
0.9079	0.6606	0.0000	0.0000
0.9089	0.6610	0.0000	0.0000
0.9099	0.6614	0.0000	0.0000
0.9109	0.6617	0.0000	0.0000
0.9119	0.6621	0.0000	0.0000
0.9129	0.6625	0.0000	0.0000
0.9139	0.6628	0.0000	0.0000
0.9149	0.6632	0.0000	0.0000
0.9159	0.6636	0.0000	0.0000
0.9169	0.6639	0.0000	0.0000
0.9179	0.6643	0.0000	0.0000
0.9189	0.6647	0.0000	0.0000
0.9199	0.6650	0.0000	0.0000
0.9209	0.6654	0.0000	0.0000
0.9219	0.6658	0.0000	0.0000
0.9229	0.6661	0.0000	0.0000
0.9239	0.6665	0.0000	0.0000
0.9249	0.6668	0.0000	0.0000
0.9259	0.6672	0.0000	0.0000
0.9269	0.6675	0.0000	0.0000
0.9279	0.6679	0.0000	0.0000
0.9289	0.6683	0.0000	0.0000
0.9299	0.6686	0.0000	0.0000
0.9309	0.6690	0.0000	0.0000
0.9319	0.6693	0.0000	0.0000
0.9329	0.6697	0.0000	0.0000
0.9339	0.6700	0.0000	0.0000
0.9349	0.6704	0.0000	0.0000
0.9359	0.6707	0.0000	0.0000
0.9369	0.6711	0.0000	0.0000
0.9379	0.6714	0.0000	0.0000
0.9389	0.6718	0.0000	0.0000
0.9399	0.6721	0.0000	0.0000
0.9409	0.6725	0.0000	0.0000
0.9419	0.6728	0.0000	0.0000
0.9429	0.6732	0.0000	0.0000
0.9439	0.6735	0.0000	0.0000
0.9449	0.6739	0.0000	0.0000
0.9459	0.6742	0.0000	0.0000
0.9469	0.6746	0.0000	0.0000
0.9479	0.6749	0.0000	0.0000
0.9489	0.6752	0.0000	0.0000
0.9499	0.6756	0.0000	0.0000
0.9510	0.6759	0.0000	0.0000
0.9520	0.6763	0.0000	0.0000
0.9530	0.6766	0.0000	0.0000
0.9540	0.6769	0.0000	0.0000
0.9550	0.6773	0.0000	0.0000
0.9560	0.6776	0.0000	0.0000
0.9570	0.6780	0.0000	0.0000
0.9580	0.6783	0.0000	0.0000
0.9590	0.6786	0.0000	0.0000
0.9600	0.6790	0.0000	0.0000
0.9610	0.6793	0.0000	0.0000
0.9620	0.6796	0.0000	0.0000
0.9630	0.6800	0.0000	0.0000
0.9640	0.6803	0.0000	0.0000
0.9650	0.6806	0.0000	0.0000
0.9660	0.6810	0.0000	0.0000
0.9670	0.6813	0.0000	0.0000
0.9680	0.6816	0.0000	0.0000
0.9690	0.6820	0.0000	0.0000
0.9700	0.6823	0.0000	0.0000
0.9710	0.6826	0.0000	0.0000
0.9720	0.6829	0.0000	0.0000
0.9730	0.6833	0.0000	0.0000
0.9740	0.6836	0.0000	0.0000
0.9750	0.6839	0.0000	0.0000
0.9760	0.6843	0.0000	0.0000
0.9770	0.6846	0.0000	0.0000
0.9780	0.6849	0.0000	0.0000
0.9790	0.6852	0.0000	0.0000
0.9800	0.6855	0.0000	0.0000
0.9810	0.6859	0.0000	0.0000
0.9820	0.6862	0.0000	0.0000
0.9830	0.6865	0.0000	0.0000
0.9840	0.6868	0.0000	0.0000
0.9850	0.6872	0.0000	0.0000
0.9860	0.6875	0.0000	0.0000
0.9870	0.6878	0.0000	0.0000
0.9880	0.6881	0.0000	0.0000
0.9890	0.6884	0.0000	0.0000
0.9900	0.6887	0.0000	0.0000
0.9910	0.6891	0.0000	0.0000
0.9920	0.6894	0.0000	0.0000
0.9930	0.6897	0.0000	0.0000
0.9940	0.6900	0.0000	0.0000
0.9950	0.6903	0.0000	0.0000
0.9960	0.6906	0.0000	0.0000
0.9970	0.6909	0.0000	0.0000
0.9980	0.6912	0.0000	0.0000
0.9990	0.6916	0.0000	0.0000
1.0000	0.6919	0.0000	0.0000
0.5005
