0.0000	0.2861	0.0000	0.0000
0.0010	0.2864	0.0000	0.0000
0.0020	0.2867	0.0000	0.0000
0.0030	0.2870	0.0000	0.0000
0.0040	0.2872	0.0000	0.0000
0.0050	0.2875	0.0000	0.0000
0.0060	0.2878	0.0000	0.0000
0.0070	0.2881	0.0000	0.0000
0.0080	0.2884	0.0000	0.0000
0.0090	0.2887	0.0000	0.0000
0.0100	0.2890	0.0000	0.0000
0.0110	0.2893	0.0000	0.0000
0.0120	0.2896	0.0000	0.0000
0.0130	0.2899	0.0000	0.0000
0.0140	0.2902	0.0000	0.0000
0.0150	0.2904	0.0000	0.0000
0.0160	0.2907	0.0000	0.0000
0.0170	0.2910	0.0000	0.0000
0.0180	0.2913	0.0000	0.0000
0.0190	0.2916	0.0000	0.0000
0.0200	0.2919	0.0000	0.0000
0.0210	0.2922	0.0000	0.0000
0.0220	0.2925	0.0000	0.0000
0.0230	0.2928	0.0000	0.0000
0.0240	0.2931	0.0000	0.0000
0.0250	0.2934	0.0000	0.0000
0.0260	0.2937	0.0000	0.0000
0.0270	0.2940	0.0000	0.0000
0.0280	0.2943	0.0000	0.0000
0.0290	0.2946	0.0000	0.0000
0.0300	0.2949	0.0000	0.0000
0.0310	0.2952	0.0000	0.0000
0.0320	0.2955	0.0000	0.0000
0.0330	0.2958	0.0000	0.0000
0.0340	0.2961	0.0000	0.0000
0.0350	0.2965	0.0000	0.0000
0.0360	0.2968	0.0000	0.0000
0.0370	0.2971	0.0000	0.0000
0.0380	0.2974	0.0000	0.0000
0.0390	0.2977	0.0000	0.0000
0.0400	0.2980	0.0000	0.0000
0.0410	0.2983	0.0000	0.0000
0.0420	0.2986	0.0000	0.0000
0.0430	0.2989	0.0000	0.0000
0.0440	0.2992	0.0000	0.0000
0.0450	0.2996	0.0000	0.0000
0.0460	0.2999	0.0000	0.0000
0.0470	0.3002	0.0000	0.0000
0.0480	0.3005	0.0000	0.0000
0.0490	0.3008	0.0000	0.0000
0.0501	0.3011	0.0000	0.0000
0.0511	0.3014	0.0000	0.0000
0.0521	0.3018	0.0000	0.0000
0.0531	0.3021	0.0000	0.0000
0.0541	0.3024	0.0000	0.0000
0.0551	0.3027	0.0000	0.0000
0.0561	0.3030	0.0000	0.0000
0.0571	0.3034	0.0000	0.0000
0.0581	0.3037	0.0000	0.0000
0.0591	0.3040	0.0000	0.0000
0.0601	0.3043	0.0000	0.0000
0.0611	0.3046	0.0000	0.0000
0.0621	0.3050	0.0000	0.0000
0.0631	0.3053	0.0000	0.0000
0.0641	0.3056	0.0000	0.0000
0.0651	0.3059	0.0000	0.0000
0.0661	0.3063	0.0000	0.0000
0.0671	0.3066	0.0000	0.0000
0.0681	0.3069	0.0000	0.0000
0.0691	0.3073	0.0000	0.0000
0.0701	0.3076	0.0000	0.0000
0.0711	0.3079	0.0000	0.0000
0.0721	0.3083	0.0000	0.0000
0.0731	0.3086	0.0000	0.0000
0.0741	0.3089	0.0000	0.0000
0.0751	0.3092	0.0000	0.0000
0.0761	0.3096	0.0000	0.0000
0.0771	0.3099	0.0000	0.0000
0.0781	0.3103	0.0000	0.0000
0.0791	0.3106	0.0000	0.0000
0.0801	0.3109	0.0000	0.0000
0.0811	0.3113	0.0000	0.0000
0.0821	0.3116	0.0000	0.0000
0.0831	0.3119	0.0000	0.0000
0.0841	0.3123	0.0000	0.0000
0.0851	0.3126	0.0000	0.0000
0.0861	0.3130	0.0000	0.0000
0.0871	0.3133	0.0000	0.0000
0.0881	0.3136	0.0000	0.0000
0.0891	0.3140	0.0000	0.0000
0.0901	0.3143	0.0000	0.0000
0.0911	0.3147	0.0000	0.0000
0.0921	0.3150	0.0000	0.0000
0.0931	0.3154	0.0000	0.0000
0.0941	0.3157	0.0000	0.0000
0.0951	0.3161	0.0000	0.0000
0.0961	0.3164	0.0000	0.0000
0.0971	0.3168	0.0000	0.0000
0.0981	0.3171	0.0000	0.0000
0.0991	0.3175	0.0000	0.0000
0.1001	0.3178	0.0000	0.0000
0.1011	0.3182	0.0000	0.0000
0.1021	0.3185	0.0000	0.0000
0.1031	0.3189	0.0000	0.0000
0.1041	0.3192	0.0000	0.0000
0.1051	0.3196	0.0000	0.0000
0.1061	0.3199	0.0000	0.0000
0.1071	0.3203	0.0000	0.0000
0.1081	0.3206	0.0000	0.0000
0.1091	0.3210	0.0000	0.0000
0.1101	0.3214	0.0000	0.0000
0.1111	0.3217	0.0000	0.0000
0.1121	0.3221	0.0000	0.0000
0.1131	0.3224	0.0000	0.0000
0.1141	0.3228	0.0000	0.0000
0.1151	0.3232	0.0000	0.0000
0.1161	0.3235	0.0000	0.0000
0.1171	0.3239	0.0000	0.0000
0.1181	0.3243	0.0000	0.0000
0.1191	0.3246	0.0000	0.0000
0.1201	0.3250	0.0000	0.0000
0.1211	0.3254	0.0000	0.0000
0.1221	0.3257	0.0000	0.0000
0.1231	0.3261	0.0000	0.0000
0.1241	0.3265	0.0000	0.0000
0.1251	0.3268	0.0000	0.0000
0.1261	0.3272	0.0000	0.0000
0.1271	0.3276	0.0000	0.0000
0.1281	0.3279	0.0000	0.0000
0.1291	0.3283	0.0000	0.0000
0.1301	0.3287	0.0000	0.0000
0.1311	0.3291	0.0000	0.0000
0.1321	0.3294	0.0000	0.0000
0.1331	0.3298	0.0000	0.0000
0.1341	0.3302	0.0000	0.0000
0.1351	0.3306	0.0000	0.0000
0.1361	0.3310	0.0000	0.0000
0.1371	0.3313	0.0000	0.0000
0.1381	0.3317	0.0000	0.0000
0.1391	0.3321	0.0000	0.0000
0.1401	0.3325	0.0000	0.0000
0.1411	0.3329	0.0000	0.0000
0.1421	0.3332	0.0000	0.0000
0.1431	0.3336	0.0000	0.0000
0.1441	0.3340	0.0000	0.0000
0.1451	0.3344	0.0000	0.0000
0.1461	0.3348	0.0000	0.0000
0.1471	0.3352	0.0000	0.0000
0.1481	0.3356	0.0000	0.0000
0.1491	0.3360	0.0000	0.0000
0.1502	0.3363	0.0000	0.0000
0.1512	0.3367	0.0000	0.0000
0.1522	0.3371	0.0000	0.0000
0.1532	0.3375	0.0000	0.0000
0.1542	0.3379	0.0000	0.0000
0.1552	0.3383	0.0000	0.0000
0.1562	0.3387	0.0000	0.0000
0.1572	0.3391	0.0000	0.0000
0.1582	0.3395	0.0000	0.0000
0.1592	0.3399	0.0000	0.0000
0.1602	0.3403	0.0000	0.0000
0.1612	0.3407	0.0000	0.0000
0.1622	0.3411	0.0000	0.0000
0.1632	0.3415	0.0000	0.0000
0.1642	0.3419	0.0000	0.0000
0.1652	0.3423	0.0000	0.0000
0.1662	0.3427	0.0000	0.0000
0.1672	0.3431	0.0000	0.0000
0.1682	0.3435	0.0000	0.0000
0.1692	0.3439	0.0000	0.0000
0.1702	0.3443	0.0000	0.0000
0.1712	0.3447	0.0000	0.0000
0.1722	0.3451	0.0000	0.0000
0.1732	0.3455	0.0000	0.0000
0.1742	0.3459	0.0000	0.0000
0.1752	0.3463	0.0000	0.0000
0.1762	0.3468	0.0000	0.0000
0.1772	0.3472	0.0000	0.0000
0.1782	0.3476	0.0000	0.0000
0.1792	0.3480	0.0000	0.0000
0.1802	0.3484	0.0000	0.0000
0.1812	0.3488	0.0000	0.0000
0.1822	0.3492	0.0000	0.0000
0.1832	0.3497	0.0000	0.0000
0.1842	0.3501	0.0000	0.0000
0.1852	0.3505	0.0000	0.0000
0.1862	0.3509	0.0000	0.0000
0.1872	0.3513	0.0000	0.0000
0.1882	0.3518	0.0000	0.0000
0.1892	0.3522	0.0000	0.0000
0.1902	0.3526	0.0000	0.0000
0.1912	0.3530	0.0000	0.0000
0.1922	0.3534	0.0000	0.0000
0.1932	0.3539	0.0000	0.0000
0.1942	0.3543	0.0000	0.0000
0.1952	0.3547	0.0000	0.0000
0.1962	0.3551	0.0000	0.0000
0.1972	0.3556	0.0000	0.0000
0.1982	0.3560	0.0000	0.0000
0.1992	0.3564	0.0000	0.0000
0.2002	0.3569	0.0000	0.0000
0.2012	0.3573	0.0000	0.0000
0.2022	0.3577	0.0000	0.0000
0.2032	0.3582	0.0000	0.0000
0.2042	0.3586	0.0000	0.0000
0.2052	0.3590	0.0000	0.0000
0.2062	0.3595	0.0000	0.0000
0.2072	0.3599	0.0000	0.0000
0.2082	0.3603	0.0000	0.0000
0.2092	0.3608	0.0000	0.0000
0.2102	0.3612	0.0000	0.0000
0.2112	0.3616	0.0000	0.0000
0.2122	0.3621	0.0000	0.0000
0.2132	0.3625	0.0000	0.0000
0.2142	0.3630	0.0000	0.0000
0.2152	0.3634	0.0000	0.0000
0.2162	0.3638	0.0000	0.0000
0.2172	0.3643	0.0000	0.0000
0.2182	0.3647	0.0000	0.0000
0.2192	0.3652	0.0000	0.0000
0.2202	0.3656	0.0000	0.0000
0.2212	0.3661	0.0000	0.0000
0.2222	0.3665	0.0000	0.0000
0.2232	0.3670	0.0000	0.0000
0.2242	0.3674	0.0000	0.0000
0.2252	0.3679	0.0000	0.0000
0.2262	0.3683	0.0000	0.0000
0.2272	0.3688	0.0000	0.0000
0.2282	0.3692	0.0000	0.0000
0.2292	0.3697	0.0000	0.0000
0.2302	0.3701	0.0000	0.0000
0.2312	0.3706	0.0000	0.0000
0.2322	0.3710	0.0000	0.0000
0.2332	0.3715	0.0000	0.0000
0.2342	0.3719	0.0000	0.0000
0.2352	0.3724	0.0000	0.0000
0.2362	0.3728	0.0000	0.0000
0.2372	0.3733	0.0000	0.0000
0.2382	0.3738	0.0000	0.0000
0.2392	0.3742	0.0000	0.0000
0.2402	0.3747	0.0000	0.0000
0.2412	0.3751	0.0000	0.0000
0.2422	0.3756	0.0000	0.0000
0.2432	0.3761	0.0000	0.0000
0.2442	0.3765	0.0000	0.0000
0.2452	0.3770	0.0000	0.0000
0.2462	0.3775	0.0000	0.0000
0.2472	0.3779	0.0000	0.0000
0.2482	0.3784	0.0000	0.0000
0.2492	0.3789	0.0000	0.0000
0.2503	0.3793	0.0000	0.0000
0.2513	0.3798	0.0000	0.0000
0.2523	0.3803	0.0000	0.0000
0.2533	0.3807	0.0000	0.0000
0.2543	0.3812	0.0000	0.0000
0.2553	0.3817	0.0000	0.0000
0.2563	0.3821	0.0000	0.0000
0.2573	0.3826	0.0000	0.0000
0.2583	0.3831	0.0000	0.0000
0.2593	0.3836	0.0000	0.0000
0.2603	0.3840	0.0000	0.0000
0.2613	0.3845	0.0000	0.0000
0.2623	0.3850	0.0000	0.0000
0.2633	0.3855	0.0000	0.0000
0.2643	0.3859	0.0000	0.0000
0.2653	0.3864	0.0000	0.0000
0.2663	0.3869	0.0000	0.0000
0.2673	0.3874	0.0000	0.0000
0.2683	0.3879	0.0000	0.0000
0.2693	0.3883	0.0000	0.0000
0.2703	0.3888	0.0000	0.0000
0.2713	0.3893	0.0000	0.0000
0.2723	0.3898	0.0000	0.0000
0.2733	0.3903	0.0000	0.0000
0.2743	0.3907	0.0000	0.0000
0.2753	0.3912	0.0000	0.0000
0.2763	0.3917	0.0000	0.0000
0.2773	0.3922	0.0000	0.0000
0.2783	0.3927	0.0000	0.0000
0.2793	0.3932	0.0000	0.0000
0.2803	0.3937	0.0000	0.0000
0.2813	0.3941	0.0000	0.0000
0.2823	0.3946	0.0000	0.0000
0.2833	0.3951	0.0000	0.0000
0.2843	0.3956	0.0000	0.0000
0.2853	0.3961	0.0000	0.0000
0.2863	0.3966	0.0000	0.0000
0.2873	0.3971	0.0000	0.0000
0.2883	0.3976	0.0000	0.0000
0.2893	0.3981	0.0000	0.0000
0.2903	0.3986	0.0000	0.0000
0.2913	0.3990	0.0000	0.0000
0.2923	0.3995	0.0000	0.0000
0.2933	0.4000	0.0000	0.0000
0.2943	0.4005	0.0000	0.0000
0.2953	0.4010	0.0000	0.0000
0.2963	0.4015	0.0000	0.0000
0.2973	0.4020	0.0000	0.0000
0.2983	0.4025	0.0000	0.0000
0.2993	0.4030	0.0000	0.0000
0.3003	0.4035	0.0000	0.0000
0.3013	0.4040	0.0000	0.0000
0.3023	0.4045	0.0000	0.0000
0.3033	0.4050	0.0000	0.0000
0.3043	0.4055	0.0000	0.0000
0.3053	0.4060	0.0000	0.0000
0.3063	0.4065	0.0000	0.0000
0.3073	0.4070	0.0000	0.0000
0.3083	0.4075	0.0000	0.0000
0.3093	0.4080	0.0000	0.0000
0.3103	0.4085	0.0000	0.0000
0.3113	0.4090	0.0000	0.0000
0.3123	0.4095	0.0000	0.0000
0.3133	0.4100	0.0000	0.0000
0.3143	0.4105	0.0000	0.0000
0.3153	0.4110	0.0000	0.0000
0.3163	0.4115	0.0000	0.0000
0.3173	0.4120	0.0000	0.0000
0.3183	0.4126	0.0000	0.0000
0.3193	0.4131	0.0000	0.0000
0.3203	0.4136	0.0000	0.0000
0.3213	0.4141	0.0000	0.0000
0.3223	0.4146	0.0000	0.0000
0.3233	0.4151	0.0000	0.0000
0.3243	0.4156	0.0000	0.0000
0.3253	0.4161	0.0000	0.0000
0.3263	0.4166	0.0000	0.0000
0.3273	0.4171	0.0000	0.0000
0.3283	0.4176	0.0000	0.0000
0.3293	0.4181	0.0000	0.0000
0.3303	0.4187	0.0000	0.0000
0.3313	0.4192	0.0000	0.0000
0.3323	0.4197	0.0000	0.0000
0.3333	0.4202	0.0000	0.0000
0.3343	0.4207	0.0000	0.0000
0.3353	0.4212	0.0000	0.0000
0.3363	0.4217	0.0000	0.0000
0.3373	0.4222	0.0000	0.0000
0.3383	0.4227	0.0000	0.0000
0.3393	0.4233	0.0000	0.0000
0.3403	0.4238	0.0000	0.0000
0.3413	0.4243	0.0000	0.0000
0.3423	0.4248	0.0000	0.0000
0.3433	0.4253	0.0000	0.0000
0.3443	0.4258	0.0000	0.0000
0.3453	0.4263	0.0000	0.0000
0.3463	0.4268	0.0000	0.0000
0.3473	0.4274	0.0000	0.0000
0.3483	0.4279	0.0000	0.0000
0.3493	0.4284	0.0000	0.0000
0.3504	0.4289	0.0000	0.0000
0.3514	0.4294	0.0000	0.0000
0.3524	0.4299	0.0000	0.0000
0.3534	0.4304	0.0000	0.0000
0.3544	0.4310	0.0000	0.0000
0.3554	0.4315	0.0000	0.0000
0.3564	0.4320	0.0000	0.0000
0.3574	0.4325	0.0000	0.0000
0.3584	0.4330	0.0000	0.0000
0.3594	0.4335	0.0000	0.0000
0.3604	0.4341	0.0000	0.0000
0.3614	0.4346	0.0000	0.0000
0.3624	0.4351	0.0000	0.0000
0.3634	0.4356	0.0000	0.0000
0.3644	0.4361	0.0000	0.0000
0.3654	0.4366	0.0000	0.0000
0.3664	0.4371	0.0000	0.0000
0.3674	0.4377	0.0000	0.0000
0.3684	0.4382	0.0000	0.0000
0.3694	0.4387	0.0000	0.0000
0.3704	0.4392	0.0000	0.0000
0.3714	0.4397	0.0000	0.0000
0.3724	0.4402	0.0000	0.0000
0.3734	0.4408	0.0000	0.0000
0.3744	0.4413	0.0000	0.0000
0.3754	0.4418	0.0000	0.0000
0.3764	0.4423	0.0000	0.0000
0.3774	0.4428	0.0000	0.0000
0.3784	0.4433	0.0000	0.0000
0.3794	0.4438	0.0000	0.0000
0.3804	0.4444	0.0000	0.0000
0.3814	0.4449	0.0000	0.0000
0.3824	0.4454	0.0000	0.0000
0.3834	0.4459	0.0000	0.0000
0.3844	0.4464	0.0000	0.0000
0.3854	0.4469	0.0000	0.0000
0.3864	0.4474	0.0000	0.0000
0.3874	0.4480	0.0000	0.0000
0.3884	0.4485	0.0000	0.0000
0.3894	0.4490	0.0000	0.0000
0.3904	0.4495	0.0000	0.0000
0.3914	0.4500	0.0000	0.0000
0.3924	0.4505	0.0000	0.0000
0.3934	0.4510	0.0000	0.0000
0.3944	0.4515	0.0000	0.0000
0.3954	0.4520	0.0000	0.0000
0.3964	0.4526	0.0000	0.0000
0.3974	0.4531	0.0000	0.0000
0.3984	0.4536	0.0000	0.0000
0.3994	0.4541	0.0000	0.0000
0.4004	0.4546	0.0000	0.0000
0.4014	0.4551	0.0000	0.0000
0.4024	0.4556	0.0000	0.0000
0.4034	0.4561	0.0000	0.0000
0.4044	0.4566	0.0000	0.0000
0.4054	0.4571	0.0000	0.0000
0.4064	0.4576	0.0000	0.0000
0.4074	0.4581	0.0000	0.0000
0.4084	0.4586	0.0000	0.0000
0.4094	0.4591	0.0000	0.0000
0.4104	0.4596	0.0000	0.0000
0.4114	0.4602	0.0000	0.0000
0.4124	0.4607	0.0000	0.0000
0.4134	0.4612	0.0000	0.0000
0.4144	0.4617	0.0000	0.0000
0.4154	0.4622	0.0000	0.0000
0.4164	0.4627	0.0000	0.0000
0.4174	0.4632	0.0000	0.0000
0.4184	0.4637	0.0000	0.0000
0.4194	0.4642	0.0000	0.0000
0.4204	0.4646	0.0000	0.0000
0.4214	0.4651	0.0000	0.0000
0.4224	0.4656	0.0000	0.0000
0.4234	0.4661	0.0000	0.0000
0.4244	0.4666	0.0000	0.0000
0.4254	0.4671	0.0000	0.0000
0.4264	0.4676	0.0000	0.0000
0.4274	0.4681	0.0000	0.0000
0.4284	0.4686	0.0000	0.0000
0.4294	0.4691	0.0000	0.0000
0.4304	0.4696	0.0000	0.0000
0.4314	0.4701	0.0000	0.0000
0.4324	0.4706	0.0000	0.0000
0.4334	0.4710	0.0000	0.0000
0.4344	0.4715	0.0000	0.0000
0.4354	0.4720	0.0000	0.0000
0.4364	0.4725	0.0000	0.0000
0.4374	0.4730	0.0000	0.0000
0.4384	0.4735	0.0000	0.0000
0.4394	0.4739	0.0000	0.0000
0.4404	0.4744	0.0000	0.0000
0.4414	0.4749	0.0000	0.0000
0.4424	0.4754	0.0000	0.0000
0.4434	0.4758	0.0000	0.0000
0.4444	0.4763	0.0000	0.0000
0.4454	0.4768	0.0000	0.0000
0.4464	0.4773	0.0000	0.0000
0.4474	0.4777	0.0000	0.0000
0.4484	0.4782	0.0000	0.0000
0.4494	0.4787	0.0000	0.0000
0.4505	0.4791	0.0000	0.0000
0.4515	0.4796	0.0000	0.0000
0.4525	0.4801	0.0000	0.0000
0.4535	0.4805	0.0000	0.0000
0.4545	0.4810	0.0000	0.0000
0.4555	0.4815	0.0000	0.0000
0.4565	0.4819	0.0000	0.0000
0.4575	0.4824	0.0000	0.0000
0.4585	0.4828	0.0000	0.0000
0.4595	0.4833	0.0000	0.0000
0.4605	0.4837	0.0000	0.0000
0.4615	0.4842	0.0000	0.0000
0.4625	0.4846	0.0000	0.0000
0.4635	0.4851	0.0000	0.0000
0.4645	0.4855	0.0000	0.0000
0.4655	0.4860	0.0000	0.0000
0.4665	0.4864	0.0000	0.0000
0.4675	0.4869	0.0000	0.0000
0.4685	0.4873	0.0000	0.0000
0.4695	0.4878	0.0000	0.0000
0.4705	0.4882	0.0000	0.0000
0.4715	0.4886	0.0000	0.0000
0.4725	0.4891	0.0000	0.0000
0.4735	0.4895	0.0000	0.0000
0.4745	0.4899	0.0000	0.0000
0.4755	0.4904	0.0000	0.0000
0.4765	0.4908	0.0000	0.0000
0.4775	0.4912	0.0000	0.0000
0.4785	0.4916	0.0000	0.0000
0.4795	0.4921	0.0000	0.0000
0.4805	0.4925	0.0000	0.0000
0.4815	0.4929	0.0000	0.0000
0.4825	0.4933	0.0000	0.0000
0.4835	0.4937	0.0000	0.0000
0.4845	0.4941	0.0000	0.0000
0.4855	0.4945	0.0000	0.0000
0.4865	0.4950	0.0000	0.0000
0.4875	0.4954	0.0000	0.0000
0.4885	0.4958	0.0000	0.0000
0.4895	0.4962	0.0000	0.0000
0.4905	0.4966	0.0000	0.0000
0.4915	0.4970	0.0000	0.0000
0.4925	0.4974	0.0000	0.0000
0.4935	0.4978	0.0000	0.0000
0.4945	0.4981	0.0000	0.0000
0.4955	0.4985	0.0000	0.0000
0.4965	0.4989	0.0000	0.0000
0.4975	0.4993	0.0000	0.0000
0.4985	0.4997	0.0000	0.0000
0.4995	0.5001	0.0000	0.0000
0.5005	0.5004	0.0000	0.0000
0.5015	0.5008	0.0000	0.0000
0.5025	0.5012	0.0000	0.0000
0.5035	0.5016	0.0000	0.0000
0.5045	0.5020	0.0000	0.0000
0.5055	0.5023	0.0000	0.0000
0.5065	0.5027	0.0000	0.0000
0.5075	0.5031	0.0000	0.0000
0.5085	0.5035	0.0000	0.0000
0.5095	0.5039	0.0000	0.0000
0.5105	0.5043	0.0000	0.0000
0.5115	0.5047	0.0000	0.0000
0.5125	0.5051	0.0000	0.0000
0.5135	0.5055	0.0000	0.0000
0.5145	0.5059	0.0000	0.0000
0.5155	0.5063	0.0000	0.0000
0.5165	0.5067	0.0000	0.0000
0.5175	0.5072	0.0000	0.0000
0.5185	0.5076	0.0000	0.0000
0.5195	0.5080	0.0000	0.0000
0.5205	0.5084	0.0000	0.0000
0.5215	0.5088	0.0000	0.0000
0.5225	0.5093	0.0000	0.0000
0.5235	0.5097	0.0000	0.0000
0.5245	0.5101	0.0000	0.0000
0.5255	0.5105	0.0000	0.0000
0.5265	0.5110	0.0000	0.0000
0.5275	0.5114	0.0000	0.0000
0.5285	0.5118	0.0000	0.0000
0.5295	0.5123	0.0000	0.0000
0.5305	0.5127	0.0000	0.0000
0.5315	0.5131	0.0000	0.0000
0.5325	0.5136	0.0000	0.0000
0.5335	0.5140	0.0000	0.0000
0.5345	0.5145	0.0000	0.0000
0.5355	0.5149	0.0000	0.0000
0.5365	0.5154	0.0000	0.0000
0.5375	0.5158	0.0000	0.0000
0.5385	0.5163	0.0000	0.0000
0.5395	0.5167	0.0000	0.0000
0.5405	0.5172	0.0000	0.0000
0.5415	0.5176	0.0000	0.0000
0.5425	0.5181	0.0000	0.0000
0.5435	0.5185	0.0000	0.0000
0.5445	0.5190	0.0000	0.0000
0.5455	0.5195	0.0000	0.0000
0.5465	0.5199	0.0000	0.0000
0.5475	0.5204	0.0000	0.0000
0.5485	0.5209	0.0000	0.0000
0.5495	0.5213	0.0000	0.0000
0.5506	0.5218	0.0000	0.0000
0.5516	0.5223	0.0000	0.0000
0.5526	0.5227	0.0000	0.0000
0.5536	0.5232	0.0000	0.0000
0.5546	0.5237	0.0000	0.0000
0.5556	0.5241	0.0000	0.0000
0.5566	0.5246	0.0000	0.0000
0.5576	0.5251	0.0000	0.0000
0.5586	0.5256	0.0000	0.0000
0.5596	0.5260	0.0000	0.0000
0.5606	0.5265	0.0000	0.0000
0.5616	0.5270	0.0000	0.0000
0.5626	0.5275	0.0000	0.0000
0.5636	0.5280	0.0000	0.0000
0.5646	0.5285	0.0000	0.0000
0.5656	0.5289	0.0000	0.0000
0.5666	0.5294	0.0000	0.0000
0.5676	0.5299	0.0000	0.0000
0.5686	0.5304	0.0000	0.0000
0.5696	0.5309	0.0000	0.0000
0.5706	0.5314	0.0000	0.0000
0.5716	0.5319	0.0000	0.0000
0.5726	0.5324	0.0000	0.0000
0.5736	0.5328	0.0000	0.0000
0.5746	0.5333	0.0000	0.0000
0.5756	0.5338	0.0000	0.0000
0.5766	0.5343	0.0000	0.0000
0.5776	0.5348	0.0000	0.0000
0.5786	0.5353	0.0000	0.0000
0.5796	0.5358	0.0000	0.0000
0.5806	0.5363	0.0000	0.0000
0.5816	0.5368	0.0000	0.0000
0.5826	0.5373	0.0000	0.0000
0.5836	0.5378	0.0000	0.0000
0.5846	0.5383	0.0000	0.0000
0.5856	0.5388	0.0000	0.0000
0.5866	0.5393	0.0000	0.0000
0.5876	0.5398	0.0000	0.0000
0.5886	0.5403	0.0000	0.0000
0.5896	0.5408	0.0000	0.0000
0.5906	0.5413	0.0000	0.0000
0.5916	0.5418	0.0000	0.0000
0.5926	0.5423	0.0000	0.0000
0.5936	0.5428	0.0000	0.0000
0.5946	0.5433	0.0000	0.0000
0.5956	0.5438	0.0000	0.0000
0.5966	0.5443	0.0000	0.0000
0.5976	0.5449	0.0000	0.0000
0.5986	0.5454	0.0000	0.0000
0.5996	0.5459	0.0000	0.0000
0.6006	0.5464	0.0000	0.0000
0.6016	0.5469	0.0000	0.0000
0.6026	0.5474	0.0000	0.0000
0.6036	0.5479	0.0000	0.0000
0.6046	0.5484	0.0000	0.0000
0.6056	0.5489	0.0000	0.0000
0.6066	0.5494	0.0000	0.0000
0.6076	0.5500	0.0000	0.0000
0.6086	0.5505	0.0000	0.0000
0.6096	0.5510	0.0000	0.0000
0.6106	0.5515	0.0000	0.0000
0.6116	0.5520	0.0000	0.0000
0.6126	0.5525	0.0000	0.0000
0.6136	0.5530	0.0000	0.0000
0.6146	0.5535	0.0000	0.0000
0.6156	0.5541	0.0000	0.0000
0.6166	0.5546	0.0000	0.0000
0.6176	0.5551	0.0000	0.0000
0.6186	0.5556	0.0000	0.0000
0.6196	0.5561	0.0000	0.0000
0.6206	0.5566	0.0000	0.0000
0.6216	0.5571	0.0000	0.0000
0.6226	0.5577	0.0000	0.0000
0.6236	0.5582	0.0000	0.0000
0.6246	0.5587	0.0000	0.0000
0.6256	0.5592	0.0000	0.0000
0.6266	0.5597	0.0000	0.0000
0.6276	0.5602	0.0000	0.0000
0.6286	0.5607	0.0000	0.0000
0.6296	0.5613	0.0000	0.0000
0.6306	0.5618	0.0000	0.0000
0.6316	0.5623	0.0000	0.0000
0.6326	0.5628	0.0000	0.0000
0.6336	0.5633	0.0000	0.0000
0.6346	0.5638	0.0000	0.0000
0.6356	0.5644	0.0000	0.0000
0.6366	0.5649	0.0000	0.0000
0.6376	0.5654	0.0000	0.0000
0.6386	0.5659	0.0000	0.0000
0.6396	0.5664	0.0000	0.0000
0.6406	0.5669	0.0000	0.0000
0.6416	0.5675	0.0000	0.0000
0.6426	0.5680	0.0000	0.0000
0.6436	0.5685	0.0000	0.0000
0.6446	0.5690	0.0000	0.0000
0.6456	0.5695	0.0000	0.0000
0.6466	0.5700	0.0000	0.0000
0.6476	0.5705	0.0000	0.0000
0.6486	0.5711	0.0000	0.0000
0.6496	0.5716	0.0000	0.0000
0.6507	0.5721	0.0000	0.0000
0.6517	0.5726	0.0000	0.0000
0.6527	0.5731	0.0000	0.0000
0.6537	0.5736	0.0000	0.0000
0.6547	0.5741	0.0000	0.0000
0.6557	0.5747	0.0000	0.0000
0.6567	0.5752	0.0000	0.0000
0.6577	0.5757	0.0000	0.0000
0.6587	0.5762	0.0000	0.0000
0.6597	0.5767	0.0000	0.0000
0.6607	0.5772	0.0000	0.0000
0.6617	0.5777	0.0000	0.0000
0.6627	0.5783	0.0000	0.0000
0.6637	0.5788	0.0000	0.0000
0.6647	0.5793	0.0000	0.0000
0.6657	0.5798	0.0000	0.0000
0.6667	0.5803	0.0000	0.0000
0.6677	0.5808	0.0000	0.0000
0.6687	0.5813	0.0000	0.0000
0.6697	0.5818	0.0000	0.0000
0.6707	0.5824	0.0000	0.0000
0.6717	0.5829	0.0000	0.0000
0.6727	0.5834	0.0000	0.0000
0.6737	0.5839	0.0000	0.0000
0.6747	0.5844	0.0000	0.0000
0.6757	0.5849	0.0000	0.0000
0.6767	0.5854	0.0000	0.0000
0.6777	0.5859	0.0000	0.0000
0.6787	0.5864	0.0000	0.0000
0.6797	0.5869	0.0000	0.0000
0.6807	0.5874	0.0000	0.0000
0.6817	0.5879	0.0000	0.0000
0.6827	0.5885	0.0000	0.0000
0.6837	0.5890	0.0000	0.0000
0.6847	0.5895	0.0000	0.0000
0.6857	0.5900	0.0000	0.0000
0.6867	0.5905	0.0000	0.0000
0.6877	0.5910	0.0000	0.0000
0.6887	0.5915	0.0000	0.0000
0.6897	0.5920	0.0000	0.0000
0.6907	0.5925	0.0000	0.0000
0.6917	0.5930	0.0000	0.0000
0.6927	0.5935	0.0000	0.0000
0.6937	0.5940	0.0000	0.0000
0.6947	0.5945	0.0000	0.0000
0.6957	0.5950	0.0000	0.0000
0.6967	0.5955	0.0000	0.0000
0.6977	0.5960	0.0000	0.0000
0.6987	0.5965	0.0000	0.0000
0.6997	0.5970	0.0000	0.0000
0.7007	0.5975	0.0000	0.0000
0.7017	0.5980	0.0000	0.0000
0.7027	0.5985	0.0000	0.0000
0.7037	0.5990	0.0000	0.0000
0.7047	0.5995	0.0000	0.0000
0.7057	0.6000	0.0000	0.0000
0.7067	0.6005	0.0000	0.0000
0.7077	0.6010	0.0000	0.0000
0.7087	0.6015	0.0000	0.0000
0.7097	0.6020	0.0000	0.0000
0.7107	0.6025	0.0000	0.0000
0.7117	0.6030	0.0000	0.0000
0.7127	0.6034	0.0000	0.0000
0.7137	0.6039	0.0000	0.0000
0.7147	0.6044	0.0000	0.0000
0.7157	0.6049	0.0000	0.0000
0.7167	0.6054	0.0000	0.0000
0.7177	0.6059	0.0000	0.0000
0.7187	0.6064	0.0000	0.0000
0.7197	0.6069	0.0000	0.0000
0.7207	0.6074	0.0000	0.0000
0.7217	0.6079	0.0000	0.0000
0.7227	0.6083	0.0000	0.0000
0.7237	0.6088	0.0000	0.0000
0.7247	0.6093	0.0000	0.0000
0.7257	0.6098	0.0000	0.0000
0.7267	0.6103	0.0000	0.0000
0.7277	0.6108	0.0000	0.0000
0.7287	0.6112	0.0000	0.0000
0.7297	0.6117	0.0000	0.0000
0.7307	0.6122	0.0000	0.0000
0.7317	0.6127	0.0000	0.0000
0.7327	0.6132	0.0000	0.0000
0.7337	0.6137	0.0000	0.0000
0.7347	0.6141	0.0000	0.0000
0.7357	0.6146	0.0000	0.0000
0.7367	0.6151	0.0000	0.0000
0.7377	0.6156	0.0000	0.0000
0.7387	0.6160	0.0000	0.0000
0.7397	0.6165	0.0000	0.0000
0.7407	0.6170	0.0000	0.0000
0.7417	0.6175	0.0000	0.0000
0.7427	0.6179	0.0000	0.0000
0.7437	0.6184	0.0000	0.0000
0.7447	0.6189	0.0000	0.0000
0.7457	0.6194	0.0000	0.0000
0.7467	0.6198	0.0000	0.0000
0.7477	0.6203	0.0000	0.0000
0.7487	0.6208	0.0000	0.0000
0.7497	0.6212	0.0000	0.0000
0.7508	0.6217	0.0000	0.0000
0.7518	0.6222	0.0000	0.0000
0.7528	0.6226	0.0000	0.0000
0.7538	0.6231	0.0000	0.0000
0.7548	0.6236	0.0000	0.0000
0.7558	0.6240	0.0000	0.0000
0.7568	0.6245	0.0000	0.0000
0.7578	0.6250	0.0000	0.0000
0.7588	0.6254	0.0000	0.0000
0.7598	0.6259	0.0000	0.0000
0.7608	0.6264	0.0000	0.0000
0.7618	0.6268	0.0000	0.0000
0.7628	0.6273	0.0000	0.0000
0.7638	0.6277	0.0000	0.0000
0.7648	0.6282	0.0000	0.0000
0.7658	0.6287	0.0000	0.0000
0.7668	0.6291	0.0000	0.0000
0.7678	0.6296	0.0000	0.0000
0.7688	0.6300	0.0000	0.0000
0.7698	0.6305	0.0000	0.0000
0.7708	0.6309	0.0000	0.0000
0.7718	0.6314	0.0000	0.0000
0.7728	0.6318	0.0000	0.0000
0.7738	0.6323	0.0000	0.0000
0.7748	0.6327	0.0000	0.0000
0.7758	0.6332	0.0000	0.0000
0.7768	0.6336	0.0000	0.0000
0.7778	0.6341	0.0000	0.0000
0.7788	0.6345	0.0000	0.0000
0.7798	0.6350	0.0000	0.0000
0.7808	0.6354	0.0000	0.0000
0.7818	0.6359	0.0000	0.0000
0.7828	0.6363	0.0000	0.0000
0.7838	0.6368	0.0000	0.0000
0.7848	0.6372	0.0000	0.0000
0.7858	0.6376	0.0000	0.0000
0.7868	0.6381	0.0000	0.0000
0.7878	0.6385	0.0000	0.0000
0.7888	0.6390	0.0000	0.0000
0.7898	0.6394	0.0000	0.0000
0.7908	0.6399	0.0000	0.0000
0.7918	0.6403	0.0000	0.0000
0.7928	0.6407	0.0000	0.0000
0.7938	0.6412	0.0000	0.0000
0.7948	0.6416	0.0000	0.0000
0.7958	0.6420	0.0000	0.0000
0.7968	0.6425	0.0000	0.0000
0.7978	0.6429	0.0000	0.0000
0.7988	0.6433	0.0000	0.0000
0.7998	0.6438	0.0000	0.0000
0.8008	0.6442	0.0000	0.0000
0.8018	0.6446	0.0000	0.0000
0.8028	0.6451	0.0000	0.0000
0.8038	0.6455	0.0000	0.0000
0.8048	0.6459	0.0000	0.0000
0.8058	0.6463	0.0000	0.0000
0.8068	0.6468	0.0000	0.0000
0.8078	0.6472	0.0000	0.0000
0.8088	0.6476	0.0000	0.0000
0.8098	0.6480	0.0000	0.0000
0.8108	0.6485	0.0000	0.0000
0.8118	0.6489	0.0000	0.0000
0.8128	0.6493	0.0000	0.0000
0.8138	0.6497	0.0000	0.0000
0.8148	0.6501	0.0000	0.0000
0.8158	0.6506	0.0000	0.0000
0.8168	0.6510	0.0000	0.0000
0.8178	0.6514	0.0000	0.0000
0.8188	0.6518	0.0000	0.0000
0.8198	0.6522	0.0000	0.0000
0.8208	0.6526	0.0000	0.0000
0.8218	0.6531	0.0000	0.0000
0.8228	0.6535	0.0000	0.0000
0.8238	0.6539	0.0000	0.0000
0.8248	0.6543	0.0000	0.0000
0.8258	0.6547	0.0000	0.0000
0.8268	0.6551	0.0000	0.0000
0.8278	0.6555	0.0000	0.0000
0.8288	0.6559	0.0000	0.0000
0.8298	0.6563	0.0000	0.0000
0.8308	0.6568	0.0000	0.0000
0.8318	0.6572	0.0000	0.0000
0.8328	0.6576	0.0000	0.0000
0.8338	0.6580	0.0000	0.0000
0.8348	0.6584	0.0000	0.0000
0.8358	0.6588	0.0000	0.0000
0.8368	0.6592	0.0000	0.0000
0.8378	0.6596	0.0000	0.0000
0.8388	0.6600	0.0000	0.0000
0.8398	0.6604	0.0000	0.0000
0.8408	0.6608	0.0000	0.0000
0.8418	0.6612	0.0000	0.0000
0.8428	0.6616	0.0000	0.0000
0.8438	0.6620	0.0000	0.0000
0.8448	0.6624	0.0000	0.0000
0.8458	0.6628	0.0000	0.0000
0.8468	0.6632	0.0000	0.0000
0.8478	0.6635	0.0000	0.0000
0.8488	0.6639	0.0000	0.0000
0.8498	0.6643	0.0000	0.0000
0.8509	0.6647	0.0000	0.0000
0.8519	0.6651	0.0000	0.0000
0.8529	0.6655	0.0000	0.0000
0.8539	0.6659	0.0000	0.0000
0.8549	0.6663	0.0000	0.0000
0.8559	0.6667	0.0000	0.0000
0.8569	0.6671	0.0000	0.0000
0.8579	0.6674	0.0000	0.0000
0.8589	0.6678	0.0000	0.0000
0.8599	0.6682	0.0000	0.0000
0.8609	0.6686	0.0000	0.0000
0.8619	0.6690	0.0000	0.0000
0.8629	0.6694	0.0000	0.0000
0.8639	0.6697	0.0000	0.0000
0.8649	0.6701	0.0000	0.0000
0.8659	0.6705	0.0000	0.0000
0.8669	0.6709	0.0000	0.0000
0.8679	0.6712	0.0000	0.0000
0.8689	0.6716	0.0000	0.0000
0.8699	0.6720	0.0000	0.0000
0.8709	0.6724	0.0000	0.0000
0.8719	0.6728	0.0000	0.0000
0.8729	0.6731	0.0000	0.0000
0.8739	0.6735	0.0000	0.0000
0.8749	0.6739	0.0000	0.0000
0.8759	0.6742	0.0000	0.0000
0.8769	0.6746	0.0000	0.0000
0.8779	0.6750	0.0000	0.0000
0.8789	0.6753	0.0000	0.0000
0.8799	0.6757	0.0000	0.0000
0.8809	0.6761	0.0000	0.0000
0.8819	0.6765	0.0000	0.0000
0.8829	0.6768	0.0000	0.0000
0.8839	0.6772	0.0000	0.0000
0.8849	0.6775	0.0000	0.0000
0.8859	0.6779	0.0000	0.0000
0.8869	0.6783	0.0000	0.0000
0.8879	0.6786	0.0000	0.0000
0.8889	0.6790	0.0000	0.0000
0.8899	0.6794	0.0000	0.0000
0.8909	0.6797	0.0000	0.0000
0.8919	0.6801	0.0000	0.0000
0.8929	0.6804	0.0000	0.0000
0.8939	0.6808	0.0000	0.0000
0.8949	0.6811	0.0000	0.0000
0.8959	0.6815	0.0000	0.0000
0.8969	0.6819	0.0000	0.0000
0.8979	0.6822	0.0000	0.0000
0.8989	0.6826	0.0000	0.0000
0.8999	0.6829	0.0000	0.0000
0.9009	0.6833	0.0000	0.0000
0.9019	0.6836	0.0000	0.0000
0.9029	0.6840	0.0000	0.0000
0.9039	0.6843	0.0000	0.0000
0.9049	0.6847	0.0000	0.0000
0.9059	0.6850	0.0000	0.0000
0.9069	0.6854	0.0000	0.0000
0.9079	0.6857	0.0000	0.0000
0.9089	0.6861	0.0000	0.0000
0.9099	0.6864	0.0000	0.0000
0.9109	0.6868	0.0000	0.0000
0.9119	0.6871	0.0000	0.0000
0.9129	0.6874	0.0000	0.0000
0.9139	0.6878	0.0000	0.0000
0.9149	0.6881	0.0000	0.0000
0.9159	0.6885	0.0000	0.0000
0.9169	0.6888	0.0000	0.0000
0.9179	0.6891	0.0000	0.0000
0.9189	0.6895	0.0000	0.0000
0.9199	0.6898	0.0000	0.0000
0.9209	0.6902	0.0000	0.0000
0.9219	0.6905	0.0000	0.0000
0.9229	0.6908	0.0000	0.0000
0.9239	0.6912	0.0000	0.0000
0.9249	0.6915	0.0000	0.0000
0.9259	0.6918	0.0000	0.0000
0.9269	0.6922	0.0000	0.0000
0.9279	0.6925	0.0000	0.0000
0.9289	0.6928	0.0000	0.0000
0.9299	0.6932	0.0000	0.0000
0.9309	0.6935	0.0000	0.0000
0.9319	0.6938	0.0000	0.0000
0.9329	0.6942	0.0000	0.0000
0.9339	0.6945	0.0000	0.0000
0.9349	0.6948	0.0000	0.0000
0.9359	0.6951	0.0000	0.0000
0.9369	0.6955	0.0000	0.0000
0.9379	0.6958	0.0000	0.0000
0.9389	0.6961	0.0000	0.0000
0.9399	0.6964	0.0000	0.0000
0.9409	0.6968	0.0000	0.0000
0.9419	0.6971	0.0000	0.0000
0.9429	0.6974	0.0000	0.0000
0.9439	0.6977	0.0000	0.0000
0.9449	0.6981	0.0000	0.0000
0.9459	0.6984	0.0000	0.0000
0.9469	0.6987	0.0000	0.0000
0.9479	0.6990	0.0000	0.0000
0.9489	0.6993	0.0000	0.0000
0.9499	0.6997	0.0000	0.0000
0.9510	0.7000	0.0000	0.0000
0.9520	0.7003	0.0000	0.0000
0.9530	0.7006	0.0000	0.0000
0.9540	0.7009	0.0000	0.0000
0.9550	0.7012	0.0000	0.0000
0.9560	0.7015	0.0000	0.0000
0.9570	0.7019	0.0000	0.0000
0.9580	0.7022	0.0000	0.0000
0.9590	0.7025	0.0000	0.0000
0.9600	0.7028	0.0000	0.0000
0.9610	0.7031	0.0000	0.0000
0.9620	0.7034	0.0000	0.0000
0.9630	0.7037	0.0000	0.0000
0.9640	0.7040	0.0000	0.0000
0.9650	0.7043	0.0000	0.0000
0.9660	0.7046	0.0000	0.0000
0.9670	0.7050	0.0000	0.0000
0.9680	0.7053	0.0000	0.0000
0.9690	0.7056	0.0000	0.0000
0.9700	0.7059	0.0000	0.0000
0.9710	0.7062	0.0000	0.0000
0.9720	0.7065	0.0000	0.0000
0.9730	0.7068	0.0000	0.0000
0.9740	0.7071	0.0000	0.0000
0.9750	0.7074	0.0000	0.0000
0.9760	0.7077	0.0000	0.0000
0.9770	0.7080	0.0000	0.0000
0.9780	0.7083	0.0000	0.0000
0.9790	0.7086	0.0000	0.0000
0.9800	0.7089	0.0000	0.0000
0.9810	0.7092	0.0000	0.0000
0.9820	0.7095	0.0000	0.0000
0.9830	0.7098	0.0000	0.0000
0.9840	0.7101	0.0000	0.0000
0.9850	0.7104	0.0000	0.0000
0.9860	0.7107	0.0000	0.0000
0.9870	0.7110	0.0000	0.0000
0.9880	0.7112	0.0000	0.0000
0.9890	0.7115	0.0000	0.0000
0.9900	0.7118	0.0000	0.0000
0.9910	0.7121	0.0000	0.0000
0.9920	0.7124	0.0000	0.0000
0.9930	0.7127	0.0000	0.0000
0.9940	0.7130	0.0000	0.0000
0.9950	0.7133	0.0000	0.0000
0.9960	0.7136	0.0000	0.0000
0.9970	0.7139	0.0000	0.0000
0.9980	0.7142	0.0000	0.0000
0.9990	0.7144	0.0000	0.0000
1.0000	0.7147	0.0000	0.0000
0.5005
